c CNF generator v0.9
p cnf 50 50
-39 -12 -7 0
7 22 13 0
40 14 -25 0
11 28 -50 0
23 -6 32 0
47 20 -21 0
43 -35 -45 0
28 23 -25 0
-31 39 15 0
25 24 -42 0
-8 -32 4 0
45 -10 8 0
4 -47 -44 0
15 25 41 0
43 11 48 0
-35 -12 -48 0
32 -23 36 0
-14 -50 19 0
-39 47 -1 0
-34 -25 -10 0
-50 18 40 0
-48 -14 32 0
23 5 -43 0
-9 -44 -40 0
48 4 38 0
34 -34 35 0
38 -22 14 0
-31 30 23 0
-20 35 30 0
-6 -48 44 0
-18 -39 -39 0
-16 -25 30 0
-42 25 -27 0
-24 40 26 0
-9 -43 -3 0
16 -45 -7 0
14 40 4 0
-24 -34 43 0
19 40 10 0
-10 33 -25 0
50 41 -10 0
33 29 38 0
-33 -6 -2 0
40 -4 -5 0
-39 30 -11 0
46 -8 25 0
22 37 -1 0
30 26 -18 0
50 7 4 0
-45 -22 -20 0
