c CNF generator v0.9
p cnf 50 50
-41 50 -13 0
-50 -12 -2 0
-22 17 -49 0
15 -45 -23 0
-36 -50 -41 0
40 -49 -35 0
39 19 -42 0
-34 13 -36 0
-13 -26 44 0
21 49 12 0
-34 -28 31 0
11 1 7 0
3 36 50 0
-9 12 -36 0
35 11 -39 0
31 -33 -11 0
-10 -10 7 0
21 -1 -1 0
-37 44 -18 0
-22 -7 44 0
45 -20 -15 0
-19 34 47 0
-30 23 -38 0
45 10 9 0
3 -21 -34 0
36 48 -46 0
48 -42 6 0
-26 5 12 0
9 -38 -44 0
1 -50 -27 0
-16 -19 -38 0
3 6 40 0
29 -45 -50 0
4 34 43 0
40 -36 -2 0
27 -31 6 0
23 -39 37 0
48 -15 -47 0
37 22 38 0
-15 16 39 0
-18 29 23 0
-23 44 -17 0
-34 33 -48 0
1 38 38 0
-18 17 -38 0
18 -16 40 0
25 -11 36 0
-50 -24 -17 0
7 10 20 0
-37 -6 35 0
