c CNF generator v0.9
p cnf 50 50
33 -7 -35 0
-43 -32 -27 0
5 6 42 0
-41 -16 20 0
42 -2 1 0
-41 -15 35 0
-13 9 27 0
-43 21 40 0
33 -27 3 0
41 45 19 0
43 -12 1 0
38 35 -44 0
-10 -31 33 0
-2 -30 -4 0
1 31 46 0
-1 4 -39 0
-38 -28 47 0
-22 -25 25 0
31 50 -33 0
-48 -1 -44 0
-12 -33 4 0
29 -38 -15 0
50 40 -41 0
-10 31 3 0
-24 25 -43 0
41 25 32 0
-17 38 -29 0
-17 -45 3 0
49 -26 11 0
-36 45 9 0
-6 -44 -31 0
44 -46 -15 0
-34 -2 -2 0
22 -18 -22 0
27 44 -25 0
-10 -25 50 0
-29 17 34 0
41 -41 -13 0
41 38 -31 0
-19 37 -14 0
-11 48 34 0
39 42 46 0
-7 -43 -13 0
28 37 -31 0
-31 -17 7 0
-24 -1 -22 0
-35 30 -10 0
38 -10 -41 0
32 4 -21 0
-9 -38 31 0
