c CNF generator v0.9
p cnf 50 50
-8 -35 -1 0
-15 8 -46 0
25 -45 -14 0
-34 33 -34 0
22 -2 20 0
42 -49 50 0
-13 -21 -25 0
6 -20 -17 0
41 -50 -3 0
-14 -34 12 0
43 -20 -47 0
20 39 15 0
1 -32 33 0
41 -23 -11 0
-28 16 27 0
-17 26 35 0
-29 6 -37 0
-44 -30 2 0
37 -33 -7 0
-18 32 20 0
-2 50 -48 0
-41 43 -43 0
-32 -23 -24 0
5 -49 -15 0
50 -41 -40 0
-23 37 22 0
20 46 -37 0
-28 -12 -50 0
-47 -16 9 0
-28 -36 -26 0
48 32 -15 0
10 -6 10 0
-12 32 31 0
14 -1 -20 0
23 38 45 0
-36 -29 -39 0
33 -50 -45 0
5 -33 -25 0
-14 1 48 0
-48 -4 -2 0
-42 33 29 0
15 23 -29 0
-25 -41 -21 0
21 3 38 0
28 -41 -32 0
24 16 41 0
38 16 -25 0
13 28 -15 0
24 49 -17 0
-3 34 -30 0
