c CNF generator v0.9
p cnf 50 50
2 39 -49 0
-45 39 5 0
3 16 43 0
-24 -10 5 0
17 -40 40 0
-19 -31 -8 0
46 -28 35 0
48 -3 -23 0
-36 -6 8 0
4 21 -1 0
-35 7 23 0
-39 9 -2 0
47 1 -38 0
15 -14 49 0
45 -37 48 0
-26 -21 -36 0
-35 41 -11 0
-13 -5 -3 0
45 -10 41 0
-13 49 33 0
16 25 -46 0
-12 -32 23 0
4 8 3 0
32 -27 2 0
30 5 38 0
40 -5 46 0
27 -39 39 0
-32 -41 -3 0
-43 -49 -4 0
-11 -26 38 0
2 -47 -50 0
-10 -44 37 0
6 24 18 0
-22 -33 39 0
26 -43 9 0
-25 30 27 0
-18 -28 11 0
44 -23 29 0
29 37 20 0
19 28 22 0
-46 -28 -45 0
50 15 -15 0
-33 -8 19 0
44 -11 -34 0
-18 -36 -8 0
46 31 -38 0
-47 -44 1 0
-9 27 35 0
13 -24 -24 0
-41 -46 -3 0
