c CNF generator v0.9
p cnf 50 50
2 -49 -30 0
24 34 -39 0
42 31 30 0
-14 30 25 0
-27 -12 6 0
47 -21 -5 0
-46 -26 25 0
16 13 19 0
-38 38 25 0
15 -6 27 0
26 36 -8 0
25 12 46 0
-14 31 19 0
-7 13 14 0
32 -14 6 0
-31 44 -33 0
-50 2 -18 0
29 -27 25 0
2 10 47 0
32 -38 -36 0
39 -49 -3 0
-25 10 50 0
49 35 -1 0
48 -4 15 0
-4 -36 49 0
46 8 31 0
10 -47 44 0
-16 -13 45 0
-37 -12 -47 0
41 -37 27 0
-4 41 -32 0
44 -2 21 0
12 -6 41 0
5 35 -43 0
21 -1 -33 0
13 -18 -50 0
-41 34 6 0
24 17 45 0
42 17 33 0
-29 38 6 0
42 31 11 0
30 -37 3 0
21 3 29 0
-31 10 18 0
45 -46 7 0
19 -40 -38 0
37 -29 -9 0
39 27 13 0
-48 9 18 0
10 12 14 0
