c CNF generator v0.9
p cnf 50 50
-5 -14 15 0
-28 -19 -38 0
-17 40 49 0
-5 -19 9 0
-14 -11 32 0
7 -13 -18 0
-46 -2 40 0
-17 -33 20 0
31 40 -29 0
-1 -16 38 0
-11 3 35 0
-25 10 -17 0
-18 -1 -48 0
11 -46 -42 0
16 -19 2 0
32 -47 -24 0
-39 -42 -5 0
11 -3 -44 0
49 17 49 0
-45 2 -31 0
-48 -20 28 0
44 39 -31 0
34 -20 -20 0
27 -44 -34 0
16 -3 -33 0
-47 -8 43 0
14 11 2 0
9 43 44 0
-40 -18 -9 0
-33 -32 22 0
-12 19 -4 0
-34 -42 39 0
11 50 -6 0
17 -39 36 0
-43 34 4 0
45 -18 25 0
-40 -40 10 0
-40 -45 25 0
32 -34 -46 0
21 50 12 0
-40 -37 29 0
1 48 -39 0
22 -41 6 0
-40 -19 18 0
4 -8 -8 0
-31 44 -9 0
32 47 37 0
30 -30 6 0
-38 -38 16 0
9 3 6 0
