c CNF generator v0.9
p cnf 50 50
20 -13 50 0
-22 8 16 0
-34 -29 -6 0
2 -33 6 0
-19 37 4 0
-9 17 -39 0
3 -7 -30 0
-29 -20 -17 0
10 14 -17 0
-17 31 45 0
50 29 45 0
-44 -21 -49 0
23 22 -27 0
39 -18 -15 0
10 -25 28 0
36 -11 4 0
-18 -48 -48 0
-3 9 15 0
47 -34 30 0
25 -28 -13 0
-30 44 -27 0
46 -12 9 0
-32 -36 14 0
-30 -5 -1 0
-25 -50 -43 0
-31 31 33 0
-1 14 -38 0
23 25 27 0
25 15 42 0
7 39 -16 0
-3 -48 -24 0
21 -48 -46 0
-18 -34 17 0
-15 -12 36 0
-10 -47 30 0
31 9 -6 0
22 16 36 0
-11 -17 -40 0
-34 29 -19 0
29 10 4 0
-11 42 34 0
24 -45 36 0
14 -11 4 0
34 33 50 0
-33 30 2 0
-29 -19 -41 0
-20 -34 49 0
48 19 25 0
16 -16 36 0
13 13 47 0
