c CNF generator v0.9
p cnf 50 50
23 -24 -34 0
-23 26 17 0
-37 -12 39 0
41 6 -25 0
36 -34 47 0
10 -40 -31 0
-18 23 -32 0
1 -5 -9 0
42 -17 13 0
27 20 7 0
-34 2 9 0
9 -10 33 0
21 -43 -37 0
-9 -5 -38 0
-42 -23 21 0
9 -44 45 0
37 23 35 0
34 15 50 0
-31 18 -16 0
-5 35 46 0
-1 -12 34 0
9 7 7 0
-26 12 37 0
-36 44 -28 0
-49 -41 -36 0
40 -27 -41 0
40 42 45 0
33 -17 38 0
-31 -13 -13 0
17 -3 47 0
9 15 48 0
-36 -39 -2 0
-29 10 36 0
8 -8 46 0
-36 31 35 0
33 31 -49 0
-2 -44 15 0
1 32 -29 0
39 -46 -11 0
36 -49 -30 0
19 2 -8 0
-40 -11 50 0
2 7 -15 0
43 48 -32 0
47 -2 -10 0
-5 -40 46 0
-38 -6 4 0
30 -9 36 0
2 27 -19 0
-24 9 -7 0
