c CNF generator v0.9
p cnf 50 50
4 -23 -1 0
-18 -7 5 0
7 40 -9 0
-14 -28 12 0
3 -27 -21 0
2 23 4 0
37 -3 4 0
6 -8 22 0
7 13 -18 0
-36 29 -10 0
2 39 49 0
-49 -45 18 0
38 -32 -18 0
7 34 -24 0
-29 -22 -37 0
-32 48 15 0
-41 -29 44 0
7 5 16 0
-11 -5 23 0
50 -21 17 0
-11 10 -43 0
-28 -9 -14 0
37 40 -18 0
-35 48 -26 0
-31 -14 -20 0
-30 -40 16 0
14 31 -21 0
27 27 -1 0
44 -38 -6 0
-28 34 -15 0
27 15 -21 0
49 32 -12 0
25 28 -39 0
4 43 14 0
-4 -37 30 0
26 -34 -46 0
21 41 5 0
-41 -13 35 0
48 7 41 0
-38 -29 13 0
-32 -48 -13 0
-5 28 22 0
-45 -42 -21 0
45 39 -45 0
36 23 48 0
-48 -25 34 0
-45 25 22 0
27 -31 42 0
12 34 -12 0
48 12 28 0
