c CNF generator v0.9
p cnf 50 50
46 -35 8 0
39 -42 -6 0
-26 -13 -42 0
-33 26 -17 0
46 -14 -20 0
33 11 29 0
-41 35 -18 0
-9 -25 -3 0
-4 -5 -6 0
-49 -16 -43 0
-33 -36 -33 0
-39 -23 -33 0
24 -15 3 0
-39 45 33 0
-36 19 -13 0
27 43 -22 0
-40 4 15 0
50 -50 46 0
45 -23 22 0
-27 -8 18 0
49 4 9 0
28 -21 -50 0
-18 14 22 0
44 -4 30 0
-40 6 -41 0
-37 -2 -44 0
23 28 -27 0
8 38 20 0
31 7 48 0
-3 47 -6 0
-14 -27 -47 0
43 23 -41 0
-20 -25 3 0
30 -42 -21 0
-19 -47 -23 0
-20 7 35 0
15 11 47 0
29 21 27 0
38 -25 -27 0
4 22 -3 0
20 36 34 0
-42 -15 -23 0
50 41 26 0
-2 40 -19 0
-8 -2 10 0
-14 43 -8 0
-30 -43 48 0
33 27 11 0
-31 -3 47 0
17 25 13 0
