c CNF generator v0.9
p cnf 50 50
-2 15 -23 0
-17 -14 -13 0
-27 -24 -33 0
-48 -37 33 0
-20 41 -43 0
37 6 -26 0
-36 -23 -38 0
-27 41 -14 0
7 35 -6 0
16 20 -7 0
47 17 -20 0
16 11 -11 0
33 6 25 0
-44 -3 -17 0
-27 20 -31 0
-44 -29 3 0
-27 15 46 0
-13 -3 -28 0
26 -26 21 0
43 -20 41 0
42 -39 -50 0
22 30 2 0
-45 -33 -27 0
46 27 17 0
-43 -6 -35 0
-26 37 -21 0
-16 -45 -41 0
39 25 5 0
26 46 -6 0
-22 -26 25 0
7 5 -8 0
9 5 22 0
32 25 42 0
36 24 5 0
-14 45 -31 0
-35 -23 -33 0
-3 2 16 0
-31 12 -16 0
-35 -48 7 0
15 33 31 0
37 27 35 0
-14 14 49 0
-31 10 14 0
-43 38 2 0
-30 -37 -9 0
27 24 20 0
-41 39 -45 0
40 31 -28 0
-46 -48 17 0
17 -14 10 0
