c CNF generator v0.9
p cnf 50 50
16 -34 -49 0
-28 -47 -43 0
33 24 26 0
-47 -32 -41 0
31 -24 -45 0
-44 -19 -40 0
35 28 48 0
26 -29 23 0
-35 42 26 0
-47 -38 26 0
23 -20 -45 0
-8 19 3 0
8 1 21 0
18 -2 47 0
-5 10 46 0
-25 -13 -47 0
-17 -50 -15 0
47 8 6 0
9 -24 47 0
26 -44 -48 0
-21 10 -24 0
2 -24 16 0
28 10 -14 0
-10 11 -7 0
-26 50 17 0
-29 19 -45 0
-22 -2 46 0
25 25 -23 0
21 23 -30 0
30 42 -21 0
46 -45 -31 0
-26 5 37 0
-37 48 50 0
46 -11 4 0
-41 -49 -4 0
-16 -46 20 0
-48 42 46 0
16 26 12 0
-23 -40 22 0
39 2 46 0
22 2 -26 0
-26 8 33 0
33 10 12 0
28 -36 40 0
40 -25 11 0
-3 -17 -4 0
-30 49 19 0
1 -18 -47 0
-33 -7 16 0
42 -1 -17 0
