c CNF generator v0.9
p cnf 50 50
-8 34 32 0
-34 7 -49 0
27 -12 -37 0
9 -16 46 0
-19 -26 10 0
-16 -24 50 0
-7 24 22 0
4 -27 -9 0
44 33 -46 0
-16 -44 34 0
34 50 -10 0
46 17 -21 0
-11 6 18 0
-47 37 -25 0
21 -43 -15 0
50 -15 1 0
-33 19 -35 0
-25 -23 -31 0
-15 22 -25 0
37 -37 -25 0
38 -24 16 0
32 35 -36 0
-41 -47 12 0
-8 -8 11 0
-19 -12 -46 0
-34 27 -41 0
7 -9 41 0
24 -29 23 0
-18 -5 -3 0
8 -1 -4 0
29 5 -3 0
6 -40 38 0
-45 -2 10 0
-44 -38 -35 0
-27 -6 47 0
36 44 28 0
8 13 -42 0
-22 44 -35 0
-48 48 -43 0
32 -20 19 0
-1 49 1 0
-32 27 18 0
-39 7 -33 0
-23 -35 -17 0
-44 -12 14 0
-24 -45 46 0
1 -11 41 0
-22 22 1 0
-20 17 -3 0
35 -21 -20 0
