c CNF generator v0.9
p cnf 50 50
-15 17 -28 0
5 -36 -43 0
3 7 -11 0
-16 42 7 0
6 19 24 0
35 -44 23 0
-17 -19 -2 0
37 13 -44 0
14 26 -10 0
14 33 -21 0
-12 21 -12 0
-26 27 37 0
-27 13 14 0
-30 31 29 0
-20 49 3 0
-2 -27 -27 0
9 -9 -36 0
-48 37 -9 0
1 34 -48 0
-49 -34 36 0
21 20 6 0
-26 2 -16 0
25 -39 -47 0
-43 4 -49 0
14 -50 45 0
26 43 -43 0
-30 14 -3 0
20 41 -13 0
28 -1 50 0
36 20 -3 0
-14 -17 33 0
-23 47 4 0
-3 19 -49 0
38 -1 37 0
6 -22 4 0
-32 -18 30 0
7 -4 2 0
23 15 -11 0
19 -24 -21 0
-31 -46 -43 0
30 22 -8 0
23 -43 21 0
-28 -12 -39 0
17 5 8 0
35 -24 25 0
-19 -41 7 0
48 -5 35 0
-49 -37 -22 0
21 -11 22 0
37 -43 6 0
