c CNF generator v0.9
p cnf 50 50
47 29 -48 0
-12 42 -9 0
23 4 -46 0
36 1 24 0
-49 -40 37 0
28 -43 -23 0
-25 -41 -26 0
42 10 3 0
-25 27 -46 0
27 -40 29 0
-9 -20 -14 0
-31 44 7 0
47 19 -48 0
-13 44 24 0
22 -46 9 0
-37 23 -21 0
14 -20 37 0
-19 -18 49 0
19 -20 43 0
42 -49 36 0
27 -50 -21 0
39 -39 22 0
15 29 -44 0
19 40 -25 0
-42 -10 5 0
40 -33 -10 0
11 7 2 0
-30 -37 -33 0
43 -30 7 0
-14 -41 49 0
-10 26 -13 0
24 -36 -14 0
10 19 -31 0
7 -33 25 0
-4 -23 41 0
-20 36 -30 0
-46 40 -38 0
44 -37 18 0
-9 35 -47 0
-28 15 48 0
17 -10 -36 0
2 -7 22 0
-7 -44 6 0
22 43 5 0
30 6 2 0
13 47 -35 0
-28 -10 6 0
-7 49 27 0
40 42 24 0
-9 17 21 0
