c CNF generator v0.9
p cnf 50 50
14 19 -3 0
-21 -17 -5 0
-14 -27 -46 0
6 33 -17 0
-32 46 -34 0
-24 -31 -50 0
16 50 -41 0
14 -1 -21 0
35 1 7 0
46 -28 -24 0
-30 -32 -37 0
45 42 42 0
-45 17 44 0
-35 -9 -29 0
-49 -7 -5 0
-13 -30 3 0
-30 14 -18 0
20 -47 -28 0
-36 -17 -46 0
-24 -11 -28 0
-47 -50 32 0
40 -44 -9 0
-5 9 -16 0
-14 15 -42 0
23 -16 24 0
8 -8 -19 0
12 25 -40 0
-16 47 44 0
43 39 2 0
-37 -2 -45 0
22 37 6 0
5 21 22 0
-5 -37 -12 0
3 -34 -11 0
-34 -29 -11 0
31 6 7 0
45 -50 14 0
-6 41 2 0
43 -46 -41 0
32 -19 22 0
-10 45 43 0
-19 30 22 0
26 -23 -36 0
-41 35 30 0
7 -31 24 0
-45 -37 10 0
45 28 25 0
-4 35 37 0
49 -24 47 0
-28 44 -44 0
