c CNF generator v0.9
p cnf 50 50
-3 -14 -8 0
8 -6 -49 0
-3 44 -8 0
50 34 -36 0
-2 7 20 0
47 30 -50 0
-13 -49 31 0
42 -24 35 0
-37 2 11 0
-28 -45 -12 0
15 23 19 0
3 44 46 0
-7 -19 -13 0
-1 -38 -3 0
39 -32 -23 0
-41 -37 33 0
44 -45 -29 0
23 1 -3 0
-32 -46 43 0
46 43 -42 0
-9 -18 49 0
-7 31 -19 0
42 -48 40 0
29 41 43 0
-47 12 38 0
-50 -11 -50 0
16 23 -10 0
47 21 -7 0
-24 -32 -25 0
27 -35 -50 0
-37 31 15 0
-19 42 -37 0
-33 -8 47 0
-3 17 -27 0
-8 -23 41 0
27 7 46 0
-42 -5 -29 0
5 16 -2 0
39 29 -27 0
-48 -8 26 0
19 1 16 0
29 -49 15 0
32 31 -14 0
34 -47 -45 0
24 10 -44 0
2 49 -47 0
-30 13 44 0
9 -31 -30 0
-33 3 -38 0
16 26 -25 0
