c CNF generator v0.9
p cnf 50 50
-50 29 49 0
26 -12 -27 0
-29 24 29 0
-28 -36 15 0
1 -25 -42 0
-11 48 -21 0
30 1 -38 0
-24 49 -19 0
43 30 14 0
8 20 -12 0
14 32 -20 0
-32 22 15 0
-2 -8 36 0
39 49 -44 0
39 -47 8 0
24 -21 -35 0
28 13 -16 0
-48 17 -38 0
-15 49 36 0
-5 13 -32 0
-4 37 38 0
-47 35 -29 0
44 41 35 0
-16 -26 -7 0
32 -21 -10 0
28 -30 -50 0
-5 -46 -14 0
-47 48 14 0
-50 -37 -27 0
47 14 27 0
-15 34 29 0
32 -22 45 0
-37 -50 23 0
18 -27 37 0
-7 -45 5 0
-27 -44 2 0
-26 18 -38 0
38 -10 37 0
50 -18 41 0
-19 -34 -34 0
21 32 37 0
3 -31 -15 0
-8 2 -37 0
-37 -17 -50 0
-48 13 -45 0
50 22 -40 0
-25 38 -42 0
-39 40 37 0
-50 23 34 0
-33 49 26 0
