c CNF generator v0.9
p cnf 50 50
-3 -49 -38 0
6 -41 47 0
-18 33 5 0
-19 -41 -41 0
11 -12 -9 0
-44 -4 -37 0
48 -16 -25 0
-22 -50 38 0
-2 5 -48 0
-47 -9 42 0
39 -3 -20 0
-48 -34 1 0
-47 -15 20 0
-17 24 44 0
-40 -31 -45 0
-7 -9 29 0
40 14 36 0
20 -19 46 0
-25 -35 5 0
24 -48 18 0
7 49 -2 0
26 -29 -5 0
-5 -32 25 0
-45 13 19 0
-27 50 -26 0
-24 -25 38 0
-35 5 -15 0
44 -29 4 0
-18 4 9 0
2 15 8 0
-2 -20 20 0
28 36 -25 0
-24 17 -39 0
-21 48 -31 0
-27 -48 -28 0
41 -17 -42 0
-10 -45 25 0
27 31 37 0
-50 22 7 0
-24 -45 -30 0
37 -5 22 0
-47 6 -33 0
9 -41 26 0
-22 9 -27 0
-38 -5 11 0
48 13 -41 0
29 32 29 0
-47 -31 43 0
43 -39 -31 0
-45 18 -18 0
