c CNF generator v0.9
p cnf 50 50
-47 -9 22 0
-29 -20 -45 0
44 49 30 0
-13 -9 33 0
14 -11 32 0
3 -47 -28 0
-28 -50 12 0
28 44 22 0
-11 36 -3 0
-46 -30 1 0
13 48 20 0
45 12 -24 0
-50 -7 15 0
14 6 -44 0
4 44 27 0
-35 -45 -45 0
21 -29 48 0
-17 -26 -19 0
36 18 -26 0
40 -13 -21 0
-28 -20 33 0
1 37 9 0
-10 9 27 0
-44 -35 17 0
47 26 2 0
21 -18 -6 0
-18 -24 -5 0
43 -3 13 0
7 47 -6 0
48 25 7 0
43 -11 -45 0
22 38 19 0
36 8 -4 0
-20 -28 -48 0
-49 -18 -12 0
-14 -3 -17 0
26 -24 -29 0
37 -32 -11 0
12 32 -3 0
-23 -20 -1 0
42 -19 7 0
-32 6 9 0
48 -49 -46 0
-14 45 -43 0
50 -23 35 0
4 -33 -22 0
-23 15 48 0
35 50 35 0
18 47 41 0
24 -43 -30 0
