c CNF generator v0.9
p cnf 50 50
-35 17 -43 0
37 48 -27 0
17 -33 -11 0
45 -24 -14 0
-16 -4 -34 0
31 -15 1 0
35 46 -23 0
3 26 -42 0
8 -12 14 0
-3 -14 48 0
23 -22 -11 0
-43 31 43 0
8 -50 46 0
-42 22 9 0
-19 32 -39 0
-34 -20 43 0
35 46 -39 0
-10 21 -1 0
42 -39 15 0
-45 28 41 0
46 -29 50 0
-32 -45 8 0
-28 34 5 0
-37 23 -5 0
-41 49 5 0
-47 29 21 0
-27 13 -41 0
12 46 -28 0
35 -7 -17 0
-10 1 6 0
-9 11 27 0
30 -9 -50 0
7 13 5 0
38 -29 -24 0
9 -25 -4 0
31 -16 41 0
17 -47 42 0
47 -28 50 0
-27 17 30 0
-9 -43 -33 0
-18 32 -38 0
4 27 -38 0
25 2 -49 0
29 -22 -41 0
47 5 -11 0
34 -20 -21 0
48 6 -27 0
29 27 8 0
6 -2 36 0
23 24 49 0
