c CNF generator v0.9
p cnf 50 50
-46 6 -49 0
-9 42 8 0
10 -13 2 0
-9 -13 6 0
9 -23 -13 0
5 -31 47 0
43 12 -19 0
-48 -35 25 0
21 -10 11 0
8 13 -32 0
-23 8 44 0
24 38 21 0
-3 35 -11 0
46 -16 -35 0
19 49 20 0
-6 -13 18 0
-5 -31 -3 0
36 4 25 0
4 -39 47 0
41 -4 50 0
22 -9 -45 0
45 -49 -23 0
-27 -46 -3 0
-50 -24 -35 0
-29 24 -2 0
-11 27 15 0
44 14 20 0
8 -50 25 0
-13 -32 36 0
19 14 39 0
7 -32 44 0
24 30 13 0
30 -47 2 0
-50 10 -15 0
-7 17 11 0
23 10 28 0
17 -12 -22 0
44 -38 -30 0
14 38 48 0
9 25 -30 0
1 -42 14 0
46 29 33 0
-43 24 -49 0
11 11 48 0
40 -12 46 0
-14 -14 -39 0
-31 -47 -6 0
25 -7 22 0
-33 46 -19 0
1 22 -4 0
