c CNF generator v0.9
p cnf 50 50
28 -16 2 0
-33 -21 31 0
6 24 -4 0
29 -4 -29 0
-41 14 -27 0
-1 -27 2 0
33 -4 -11 0
35 -50 -50 0
23 12 40 0
-44 -18 10 0
-19 -47 -45 0
-25 24 12 0
2 -11 -28 0
21 17 -14 0
-36 27 46 0
-34 2 9 0
-33 21 3 0
32 -5 31 0
1 14 -8 0
-28 -17 -4 0
34 47 -1 0
1 -30 -17 0
50 23 14 0
32 -47 -47 0
31 14 41 0
-29 -10 28 0
-37 28 -38 0
21 23 23 0
-19 30 -34 0
-1 -16 47 0
-27 -8 -22 0
-4 -48 4 0
25 -28 20 0
-4 49 23 0
31 -18 -34 0
17 -9 -50 0
50 -35 -14 0
28 -33 7 0
49 -48 -39 0
-8 -17 -41 0
38 35 9 0
23 36 28 0
-28 -44 2 0
9 -23 -34 0
-11 8 -22 0
28 44 12 0
-14 2 48 0
-9 30 19 0
40 43 32 0
-20 49 -40 0
