c CNF generator v0.9
p cnf 50 229
-43 13 -38 0
-29 -15 9 0
-46 -3 -44 0
16 19 1 0
6 -27 -20 0
-21 19 47 0
14 -6 18 0
10 27 -30 0
-39 7 -10 0
-47 30 -5 0
1 8 -10 0
-40 11 43 0
-6 37 30 0
-30 -14 -36 0
17 27 18 0
21 -27 -8 0
15 -7 -45 0
-17 -33 37 0
-30 -36 -47 0
-16 -31 -36 0
46 -15 16 0
-23 -45 -8 0
-41 47 -43 0
-47 39 -21 0
33 -44 -43 0
17 18 -48 0
-20 -8 20 0
10 -18 33 0
-45 -14 -3 0
-23 38 35 0
-19 -40 31 0
1 5 3 0
32 3 34 0
-8 -15 33 0
-19 29 11 0
26 -21 -47 0
-48 49 -14 0
-49 -28 -44 0
5 -19 24 0
-15 3 47 0
-13 -24 -1 0
6 -1 34 0
36 -2 -15 0
-18 -18 10 0
45 23 19 0
-45 -4 -21 0
-50 13 5 0
-20 -15 -29 0
3 -8 48 0
3 44 34 0
-7 -33 28 0
40 27 -12 0
35 -22 -45 0
49 45 -41 0
-11 13 44 0
-27 -29 -47 0
-32 23 -18 0
19 23 43 0
-21 -4 -20 0
50 39 31 0
14 -44 1 0
-37 -15 39 0
-49 2 -12 0
26 -28 -30 0
-20 -46 29 0
-23 48 -8 0
-19 -7 -13 0
-16 19 -27 0
44 14 -16 0
15 -31 18 0
29 3 8 0
2 -36 5 0
19 -25 41 0
-47 39 -20 0
-43 -35 -14 0
49 27 -29 0
5 33 -5 0
-15 -41 8 0
45 -17 -16 0
7 -27 -48 0
-20 36 -34 0
10 7 41 0
-33 7 42 0
31 -47 9 0
-6 -39 -33 0
12 29 -42 0
-35 48 23 0
29 -19 -19 0
-7 -23 33 0
-22 48 -24 0
8 -50 4 0
-15 18 36 0
16 -5 28 0
25 8 32 0
-36 -28 -40 0
47 -6 -43 0
13 11 25 0
36 -40 -18 0
-40 19 -46 0
-24 19 48 0
20 30 19 0
-43 -47 -5 0
26 27 24 0
-1 -46 -19 0
29 6 12 0
12 39 32 0
-28 25 -27 0
45 -26 -11 0
-48 -37 46 0
-30 -29 -31 0
21 -45 -24 0
-37 31 29 0
9 -46 -44 0
-14 -45 17 0
14 -32 43 0
-23 49 47 0
-47 34 -28 0
-8 41 -35 0
-8 -34 32 0
-47 -13 2 0
6 -2 20 0
2 1 11 0
36 -30 -20 0
26 -46 -15 0
-11 3 21 0
-21 19 -25 0
-34 10 11 0
13 14 14 0
29 -2 -25 0
5 20 -34 0
1 17 44 0
-50 -6 -29 0
45 -23 -22 0
10 -48 -17 0
-44 -20 32 0
14 48 -5 0
-47 -47 -11 0
7 -41 -18 0
16 -4 -36 0
24 -23 -30 0
8 -45 24 0
24 7 35 0
41 48 20 0
-37 -11 -42 0
21 -8 50 0
23 -14 6 0
-9 18 33 0
-28 16 -12 0
33 -11 11 0
4 48 40 0
-15 35 25 0
5 -9 -3 0
34 -49 -31 0
-37 -48 43 0
-5 -8 -50 0
11 5 -46 0
44 -15 -5 0
-27 -16 -34 0
-38 22 -49 0
-20 -42 -10 0
37 -4 3 0
-4 23 -32 0
41 48 21 0
-50 14 47 0
43 -9 -4 0
42 -24 -24 0
-17 22 34 0
18 -29 7 0
-28 -13 22 0
31 33 -43 0
-33 40 -3 0
5 33 -28 0
-42 -34 45 0
43 -31 16 0
4 22 -18 0
-41 29 -2 0
-22 -14 -6 0
-7 34 -44 0
-9 -34 47 0
-48 20 -13 0
-50 -19 19 0
-7 49 1 0
49 5 6 0
-48 25 11 0
-13 -46 8 0
46 7 -20 0
-1 39 34 0
-45 30 45 0
45 -17 38 0
-47 -19 -19 0
-7 -2 -30 0
6 -41 -47 0
39 24 13 0
-25 -18 -46 0
42 -30 20 0
-48 -41 -26 0
38 -20 5 0
-39 33 47 0
50 38 -11 0
-22 -33 7 0
-44 -38 -12 0
18 -41 -32 0
-1 24 7 0
22 32 47 0
-32 -22 -38 0
-8 -14 -14 0
16 -28 33 0
29 41 -30 0
25 -12 -24 0
48 6 -38 0
41 35 -29 0
39 9 18 0
44 43 28 0
26 -35 43 0
14 45 -24 0
-17 -6 -5 0
7 25 -43 0
-27 -8 -4 0
2 -31 9 0
-40 6 42 0
50 29 27 0
-40 -36 -43 0
-19 -40 1 0
-35 13 -47 0
-39 18 18 0
-19 36 13 0
-20 1 -35 0
-11 41 18 0
40 -41 -12 0
