c CNF generator v0.9
p cnf 50 229
-23 -13 -40 0
-23 -39 -24 0
17 27 -43 0
32 46 10 0
-10 33 -16 0
33 23 7 0
-37 16 38 0
21 6 41 0
15 29 -24 0
32 -3 21 0
-27 -5 15 0
-13 -32 -46 0
8 21 3 0
-30 16 -20 0
19 28 5 0
6 39 -40 0
-39 42 6 0
8 -21 -38 0
12 50 -16 0
-29 37 -45 0
-34 49 -2 0
20 -10 -16 0
-1 16 37 0
28 -36 -24 0
10 -32 -7 0
47 -50 -37 0
-4 -22 44 0
44 39 -34 0
-36 8 34 0
-44 46 37 0
-22 16 -11 0
19 10 -28 0
29 49 -11 0
2 -44 -16 0
-41 -4 -28 0
25 -41 -1 0
49 -7 46 0
-16 9 17 0
-43 -33 21 0
-1 -48 -43 0
4 -14 -25 0
-42 -24 -19 0
-35 -38 49 0
11 -47 14 0
-13 -22 34 0
-23 -46 41 0
23 42 26 0
-23 -41 -20 0
34 15 12 0
39 6 17 0
28 1 -32 0
33 -34 -9 0
-34 2 -43 0
-3 -25 -30 0
-46 -24 44 0
35 7 -3 0
-40 26 39 0
-23 -2 -47 0
29 -6 -19 0
37 -36 23 0
-41 -33 36 0
27 20 -30 0
41 -21 7 0
27 -20 -28 0
8 1 43 0
15 26 45 0
-40 4 -8 0
-44 -30 -32 0
-41 -46 -3 0
-32 44 21 0
-28 41 -11 0
-5 2 -47 0
24 9 16 0
2 -29 12 0
-11 2 49 0
-43 -14 -27 0
11 50 -22 0
-48 -29 -28 0
-24 -23 -21 0
11 2 38 0
-30 -25 -4 0
39 -26 34 0
-31 5 -37 0
7 -8 -16 0
-4 -17 -30 0
-35 -46 27 0
-11 32 -21 0
42 27 -19 0
5 -16 32 0
15 39 -36 0
26 -33 -35 0
-42 -42 33 0
26 -3 5 0
4 25 32 0
32 -38 -50 0
17 17 -14 0
-20 6 -30 0
12 37 -29 0
17 15 46 0
36 -11 30 0
-10 3 3 0
9 -43 -48 0
30 -39 -34 0
11 30 15 0
38 4 45 0
-40 -26 -50 0
22 -14 -34 0
-16 -9 -42 0
-35 -41 -45 0
-23 42 -50 0
-24 -46 -8 0
34 -29 11 0
38 -3 -10 0
24 -40 36 0
-43 -17 19 0
12 23 48 0
46 -26 -49 0
33 -41 36 0
-38 6 -3 0
-43 -19 37 0
-23 -30 -41 0
43 -22 9 0
13 -17 6 0
21 43 -18 0
36 46 46 0
15 -30 32 0
47 -6 -34 0
-4 5 24 0
-41 -5 16 0
12 45 5 0
43 -15 -40 0
-17 -14 -30 0
-37 -41 40 0
-47 48 -40 0
-25 -33 -10 0
35 45 -4 0
39 -14 3 0
-48 -10 10 0
-16 5 -43 0
-13 37 -10 0
31 39 -7 0
30 21 -21 0
-9 -25 -5 0
18 -41 7 0
-4 -24 -40 0
49 21 9 0
-44 -26 -30 0
-14 3 -37 0
-33 -50 -16 0
18 50 45 0
-37 -48 -20 0
50 47 34 0
18 -20 -6 0
-4 10 -46 0
25 -21 35 0
12 -39 -19 0
9 -1 -11 0
-40 9 -18 0
-10 -22 41 0
-4 -22 -9 0
42 -44 47 0
21 -36 44 0
11 43 36 0
17 -46 -49 0
8 25 -40 0
10 21 26 0
-18 -21 -46 0
-23 7 -21 0
-34 47 -28 0
-41 -34 12 0
-50 23 -42 0
-29 7 -37 0
21 9 -42 0
-33 -9 -24 0
-19 28 -15 0
21 15 36 0
31 -14 -35 0
-33 29 13 0
-18 -42 -4 0
-43 -5 9 0
37 -37 34 0
1 29 -29 0
49 42 -32 0
-41 23 -40 0
47 -39 35 0
-26 -32 7 0
48 -21 36 0
29 48 24 0
42 -19 -16 0
-9 6 -18 0
-43 -1 48 0
-33 38 44 0
15 38 -45 0
21 -11 50 0
35 35 50 0
-9 27 -29 0
41 -10 30 0
7 49 -43 0
-11 -45 37 0
-5 -10 13 0
37 50 34 0
4 -41 -32 0
-21 -49 42 0
21 2 -50 0
-22 -21 26 0
-46 -18 -31 0
46 2 -26 0
31 -49 3 0
-28 2 47 0
-44 10 -20 0
-30 -32 29 0
-18 45 -25 0
-34 33 -19 0
40 -29 -27 0
-42 3 41 0
34 -45 -11 0
42 -37 -14 0
-35 -31 20 0
3 -17 25 0
14 4 -41 0
15 -23 -14 0
29 -33 14 0
-16 30 9 0
-26 -24 -26 0
-50 -40 21 0
-48 12 5 0
-32 -27 -48 0
-29 15 43 0
2 14 10 0
