c CNF generator v0.9
p cnf 50 229
21 33 20 0
-3 14 -16 0
-21 27 -10 0
2 -22 -43 0
3 6 -45 0
-21 -16 21 0
-34 19 -20 0
29 22 -47 0
31 -37 -47 0
-38 -35 8 0
42 15 -48 0
-18 -1 -26 0
26 36 -16 0
-39 34 32 0
27 -22 2 0
28 -5 30 0
16 21 17 0
-20 8 10 0
-48 -21 -24 0
-22 -31 2 0
-40 26 -1 0
19 4 -8 0
-28 48 49 0
-41 22 45 0
-17 -25 44 0
31 -19 -24 0
6 26 -45 0
-30 49 23 0
23 20 4 0
-48 -6 37 0
-31 -41 -23 0
14 39 -29 0
-43 -31 21 0
-37 5 -50 0
21 -49 -9 0
16 14 12 0
13 -21 12 0
30 -20 41 0
-33 29 -15 0
-9 38 -34 0
49 -43 4 0
-39 37 -9 0
-6 -42 26 0
-48 -14 -25 0
29 32 -48 0
-7 -34 -12 0
-15 40 -18 0
1 -31 -34 0
-38 -46 7 0
-9 22 -30 0
28 23 40 0
-11 -10 11 0
42 20 -6 0
-16 6 25 0
15 -26 -42 0
1 28 -4 0
11 -44 31 0
25 -32 50 0
9 38 35 0
-22 -12 -20 0
-44 -23 32 0
46 -11 44 0
-25 -25 10 0
32 -22 19 0
-27 -8 44 0
46 33 -21 0
-23 -12 -30 0
24 1 5 0
-44 -10 -26 0
-2 -14 2 0
40 29 37 0
40 -38 15 0
14 27 12 0
-41 -48 23 0
38 -33 -26 0
16 -41 27 0
-12 24 2 0
-45 -33 5 0
-47 16 2 0
-50 -27 -10 0
28 -30 -32 0
-10 -18 -9 0
-41 4 -21 0
2 -41 40 0
-30 -36 -44 0
21 -16 32 0
-11 38 -23 0
-30 -14 -31 0
16 13 -19 0
2 -6 -46 0
24 -43 -1 0
-7 -7 44 0
-33 -20 7 0
9 -20 -1 0
48 -39 -46 0
-24 -46 19 0
5 -36 -7 0
-38 8 -45 0
-14 6 47 0
41 41 -23 0
6 -34 -18 0
21 24 -34 0
24 -36 -36 0
22 -34 10 0
-50 7 35 0
12 -50 34 0
28 -21 -14 0
-10 -12 38 0
-1 14 -23 0
-50 37 7 0
-21 30 22 0
49 -17 2 0
2 13 37 0
-30 28 -31 0
45 -10 15 0
-2 -39 8 0
42 37 46 0
39 -14 -48 0
36 -2 -28 0
-38 37 -12 0
23 -14 -36 0
4 12 -13 0
28 -50 23 0
-28 -40 -23 0
19 11 -16 0
11 39 -44 0
20 14 -43 0
-50 -19 31 0
16 43 -26 0
27 12 -42 0
-3 13 -26 0
41 6 50 0
-27 4 -22 0
-8 37 -22 0
41 -48 -39 0
-47 -45 38 0
15 11 -44 0
40 45 -13 0
-34 20 -44 0
-12 45 -13 0
45 34 -48 0
6 10 -25 0
-17 20 -38 0
-6 -26 -30 0
43 -43 34 0
-46 -20 -49 0
2 35 33 0
43 -6 49 0
-16 2 -22 0
50 36 11 0
45 -27 35 0
-47 36 3 0
-6 20 10 0
29 -20 15 0
-19 -50 45 0
-5 -49 -46 0
-38 -13 40 0
-15 -3 3 0
32 44 21 0
38 -47 -38 0
6 44 25 0
39 -43 3 0
-30 47 -2 0
-18 21 -39 0
-29 -4 21 0
-25 21 9 0
-45 -50 20 0
35 -47 -33 0
3 1 -26 0
44 -4 -9 0
-42 -44 10 0
38 -38 26 0
-49 -1 -15 0
-34 -41 23 0
18 25 -26 0
13 30 -27 0
-44 -19 34 0
-43 8 11 0
47 -8 -29 0
-39 -8 5 0
35 13 -17 0
9 -36 37 0
-16 -19 -27 0
47 -25 45 0
-35 49 49 0
-11 -39 36 0
-4 22 26 0
-19 10 -1 0
36 -16 21 0
-19 -28 44 0
-20 29 20 0
4 41 -44 0
-49 -49 -47 0
-35 -23 18 0
-12 -46 -37 0
-27 6 -25 0
-29 -28 -28 0
-30 -20 11 0
36 21 30 0
-28 -30 -10 0
12 -46 -48 0
2 -15 8 0
-20 36 45 0
-16 -32 2 0
-18 -23 41 0
48 -36 -7 0
2 11 -8 0
-26 -11 29 0
41 -47 2 0
-17 11 -45 0
-30 4 -15 0
-37 5 -34 0
17 -48 36 0
23 36 -38 0
-41 -12 24 0
33 16 -34 0
49 -15 -7 0
43 -40 -41 0
-33 -38 38 0
-46 40 -11 0
3 -16 41 0
36 40 -23 0
19 -13 -48 0
30 19 -28 0
19 14 38 0
-29 -15 16 0
29 -37 34 0
-18 5 -28 0
-27 -26 -10 0
