c CNF generator v0.9
p cnf 50 229
-8 42 -38 0
-12 24 49 0
-8 -48 13 0
-47 -49 5 0
-26 -40 -39 0
12 -19 20 0
-32 26 11 0
-43 -48 -11 0
1 -38 47 0
-45 -19 -49 0
-1 2 -9 0
45 8 14 0
-28 16 24 0
13 5 -48 0
30 -14 -35 0
-5 3 6 0
-42 12 -22 0
7 -27 10 0
-32 19 -19 0
-13 -13 -50 0
18 -40 -28 0
-43 -39 13 0
-34 -50 -15 0
-21 34 44 0
-45 38 44 0
14 -45 10 0
29 8 30 0
-50 -46 -38 0
-32 1 -45 0
-41 1 2 0
43 12 -27 0
-21 43 -26 0
27 -23 15 0
18 16 28 0
-18 26 4 0
33 -25 -27 0
26 -11 16 0
-32 -13 -32 0
25 -14 31 0
-40 -33 -16 0
-38 -31 17 0
-43 -26 -46 0
-46 43 -12 0
-33 11 6 0
-45 -7 -41 0
-9 -5 -38 0
-41 -31 -22 0
10 -6 18 0
-5 20 22 0
36 40 3 0
-13 8 -6 0
-18 -14 1 0
29 27 3 0
-46 -48 -23 0
-34 34 2 0
-18 -35 -49 0
46 -31 -38 0
38 35 -11 0
-32 30 -19 0
-46 -3 5 0
22 -23 -15 0
27 37 -5 0
26 6 -38 0
-7 33 -3 0
25 -11 40 0
-34 49 -18 0
46 25 -13 0
37 3 4 0
25 -3 14 0
-24 -41 -18 0
-40 -14 -34 0
38 -1 26 0
-46 46 5 0
-25 -38 -38 0
-38 23 -1 0
-17 2 31 0
-26 3 14 0
49 -21 36 0
8 -30 -23 0
-38 -34 17 0
-21 1 -20 0
32 38 4 0
28 -3 17 0
12 37 4 0
19 30 12 0
30 -38 48 0
28 39 20 0
47 -34 -19 0
-2 25 -13 0
-46 -42 -46 0
10 -29 16 0
5 -43 5 0
39 29 -30 0
12 12 -9 0
-32 -39 -48 0
4 -37 16 0
-16 46 -2 0
16 -49 27 0
-8 47 -22 0
29 -39 -40 0
31 30 48 0
36 6 40 0
-3 27 -16 0
11 21 1 0
31 -11 -21 0
22 21 6 0
27 42 -50 0
-37 -34 46 0
49 -21 -36 0
39 -49 -1 0
-36 15 8 0
2 -37 -29 0
17 -22 3 0
13 -22 -35 0
-47 5 -44 0
-45 -2 -3 0
-11 -48 -37 0
11 -14 16 0
-20 11 -46 0
-23 -39 50 0
36 -11 36 0
41 -30 -22 0
-19 -38 15 0
-11 -19 -37 0
-48 -4 8 0
-32 24 -7 0
-39 49 37 0
44 -43 -46 0
44 -13 27 0
44 6 3 0
-30 -32 -23 0
15 37 37 0
-9 -38 22 0
33 -42 40 0
-35 41 -10 0
48 45 2 0
9 -15 -21 0
-25 -42 24 0
-29 40 -37 0
2 17 34 0
44 -8 13 0
-25 -34 19 0
48 -8 -4 0
9 6 -6 0
44 -23 -35 0
-43 15 -32 0
28 13 15 0
1 20 44 0
33 -45 -24 0
12 25 -1 0
-8 47 -38 0
-40 22 22 0
-15 27 35 0
-37 -13 25 0
-6 3 -32 0
-15 11 19 0
-39 -47 -25 0
33 -7 -45 0
-2 -20 42 0
-21 28 -20 0
-48 48 -35 0
-12 12 -35 0
-41 29 4 0
-23 48 -4 0
-39 -42 14 0
35 27 40 0
32 -40 23 0
-31 -11 -11 0
-45 35 -1 0
28 36 -30 0
-27 3 8 0
-28 -20 24 0
47 -17 37 0
-26 34 -2 0
-34 9 -9 0
-41 -48 24 0
6 -32 22 0
26 47 48 0
-10 -35 -41 0
34 -47 48 0
-50 5 37 0
17 13 23 0
-15 31 5 0
-48 -43 -31 0
-45 -26 41 0
-4 12 -28 0
3 -2 19 0
-33 -13 -9 0
37 25 40 0
-16 11 -5 0
15 49 -24 0
11 -40 48 0
-8 15 7 0
31 38 -11 0
-5 46 -46 0
-19 15 49 0
50 21 -45 0
-28 -9 -13 0
-43 -18 -49 0
10 15 -26 0
-21 3 43 0
-41 19 -27 0
11 -31 43 0
13 15 -39 0
-40 -30 -15 0
-43 -7 -16 0
22 17 -37 0
32 -42 2 0
50 39 29 0
-3 -39 31 0
21 -6 -10 0
44 41 -7 0
20 32 28 0
-24 28 -31 0
35 37 12 0
-37 -16 35 0
-6 17 -22 0
-28 35 15 0
-36 -22 -49 0
-19 -47 6 0
38 31 -1 0
-35 50 1 0
-38 22 -22 0
-23 19 -17 0
-30 33 -14 0
33 -50 9 0
4 -43 27 0
18 -5 22 0
38 -32 -37 0
