c CNF generator v0.9
p cnf 50 229
-11 9 8 0
6 17 -12 0
-9 8 37 0
-27 -20 20 0
-4 47 14 0
-14 -18 15 0
26 22 -36 0
-35 42 37 0
14 -35 20 0
12 28 44 0
23 -40 -25 0
37 13 34 0
42 8 -2 0
16 50 19 0
6 31 -49 0
6 30 41 0
-19 -18 21 0
-30 -14 -13 0
43 -46 14 0
24 28 6 0
-50 3 46 0
-38 24 24 0
-21 20 11 0
-20 -4 37 0
-27 44 -37 0
6 -16 20 0
-9 6 -24 0
-19 -30 -3 0
39 35 -25 0
1 -38 44 0
45 5 -14 0
41 19 -37 0
-8 24 -14 0
21 49 29 0
-47 -22 -18 0
-50 29 8 0
-41 -12 -49 0
24 14 -41 0
24 -31 39 0
47 14 -16 0
-42 12 -39 0
28 -6 3 0
-3 -1 -43 0
-38 40 34 0
-36 31 12 0
47 -13 -21 0
44 43 -50 0
-45 46 -46 0
-28 -12 40 0
8 44 -21 0
15 50 -2 0
31 4 41 0
-37 -23 -16 0
22 -14 -22 0
13 30 -40 0
-38 -19 8 0
21 39 -16 0
-33 -21 27 0
23 4 11 0
32 -13 -43 0
21 -37 20 0
-20 1 -24 0
-45 26 -11 0
-28 -41 39 0
-45 28 43 0
31 -36 32 0
-46 42 18 0
-33 -7 -12 0
-41 -10 -12 0
-27 -13 -7 0
-45 28 10 0
9 -25 14 0
-23 -29 -30 0
47 -41 -9 0
45 -48 -30 0
37 -9 33 0
-14 -40 -1 0
50 10 -7 0
18 16 -28 0
24 -6 -25 0
-3 -13 43 0
-18 23 2 0
-50 31 38 0
-41 19 36 0
26 -37 -18 0
-45 -33 24 0
11 42 28 0
-2 43 40 0
3 -15 3 0
27 -18 -1 0
-23 -37 34 0
-45 27 -34 0
16 30 -42 0
-24 10 39 0
-28 -44 41 0
-21 47 31 0
40 25 25 0
-22 -27 -40 0
48 -28 41 0
-27 21 14 0
22 33 31 0
-23 -4 -41 0
36 3 -11 0
-1 -9 -10 0
11 -1 39 0
41 50 5 0
5 -10 27 0
-11 26 -13 0
27 38 2 0
46 49 9 0
20 10 -26 0
-33 34 43 0
-30 33 -8 0
43 -35 29 0
-13 38 2 0
-4 -37 -3 0
-25 32 -27 0
-28 -1 -41 0
12 -4 -21 0
-36 -33 -31 0
-1 24 -5 0
34 22 -48 0
-26 29 -37 0
29 21 -38 0
30 19 23 0
24 17 -29 0
-38 -33 -14 0
27 -36 -47 0
28 7 15 0
-21 -26 -49 0
43 -4 -33 0
44 11 38 0
-48 3 -44 0
39 12 -41 0
43 -32 -10 0
-43 -17 -47 0
36 13 -18 0
13 -1 -40 0
-50 -47 -16 0
-14 48 30 0
11 -15 1 0
25 -37 10 0
37 -5 26 0
-46 -6 -48 0
6 48 50 0
33 -40 5 0
37 -9 22 0
-41 50 23 0
-44 -46 -14 0
-47 -4 -3 0
-20 42 24 0
1 -7 -16 0
-6 -30 49 0
-19 39 12 0
-36 -24 29 0
-39 -39 44 0
32 -46 45 0
-47 -31 -27 0
-14 45 -10 0
-18 -1 -11 0
18 -49 37 0
47 -45 25 0
-15 -24 34 0
-15 -31 -43 0
39 -41 -26 0
9 -22 -10 0
-38 29 34 0
-20 17 31 0
-27 -24 14 0
-15 -43 -49 0
-5 -3 4 0
8 -30 1 0
44 -40 14 0
-17 -11 -46 0
-23 -3 50 0
20 -39 7 0
12 28 -41 0
-16 12 -37 0
18 43 11 0
-29 50 12 0
-13 50 -29 0
20 39 -2 0
24 22 45 0
-29 20 -39 0
34 40 -41 0
-6 1 -19 0
-37 -41 29 0
-4 -26 -6 0
-17 -13 -10 0
-1 6 24 0
26 -16 19 0
3 46 14 0
-49 -33 -49 0
-4 21 -3 0
49 18 23 0
-33 43 -43 0
-2 20 -24 0
23 28 36 0
-38 -35 -19 0
-32 27 -21 0
28 -2 -34 0
-35 7 23 0
6 13 -41 0
-37 30 -48 0
26 38 -28 0
-3 -20 33 0
22 23 9 0
-21 -32 -29 0
30 46 21 0
9 -30 -23 0
-35 46 29 0
-36 43 -44 0
-5 -45 -39 0
5 -2 32 0
-34 -41 -18 0
-40 -30 40 0
15 24 -42 0
12 -16 40 0
5 -46 -22 0
7 21 48 0
42 -48 -42 0
6 47 27 0
10 15 9 0
11 -22 42 0
-45 -47 -16 0
-12 22 -1 0
31 37 36 0
-40 -21 -40 0
1 -44 -4 0
