c CNF generator v0.9
p cnf 50 229
-18 -23 -49 0
-29 10 -21 0
-13 -3 20 0
42 24 15 0
8 45 -40 0
3 28 4 0
17 39 -43 0
22 -40 -13 0
-27 -11 12 0
-33 23 -45 0
30 -32 -43 0
-25 -20 -12 0
41 -34 3 0
-49 -38 -1 0
-18 -27 7 0
-47 -45 -30 0
-46 -21 21 0
-3 -18 11 0
33 -1 20 0
-26 32 15 0
-6 23 -12 0
49 -37 -32 0
-35 -19 27 0
11 -40 -39 0
-20 -33 -44 0
-38 -25 19 0
-27 -15 -25 0
39 -28 -38 0
19 49 -20 0
-12 -12 -26 0
2 22 -38 0
-6 -23 22 0
-31 -16 -27 0
-46 41 -14 0
-24 26 -48 0
41 -3 4 0
10 -23 31 0
6 10 -23 0
-11 -32 -16 0
24 -30 -40 0
-41 19 -31 0
-39 -47 -16 0
29 43 -1 0
-15 34 39 0
47 21 -28 0
-11 -13 -22 0
-25 15 8 0
28 8 -34 0
-1 -3 -13 0
-26 7 -16 0
12 -21 -13 0
23 -43 -8 0
29 -11 7 0
6 19 -33 0
-8 43 -47 0
-45 19 19 0
-44 -38 -18 0
-37 33 43 0
-12 5 39 0
45 18 -6 0
6 45 -50 0
17 -46 31 0
-40 -21 24 0
45 -45 9 0
-14 -20 9 0
-50 -22 38 0
25 -20 -43 0
-39 39 -20 0
-43 -12 44 0
-19 -38 12 0
10 -14 -49 0
-28 6 45 0
48 31 9 0
-39 43 14 0
1 28 -42 0
48 -1 -16 0
-42 6 -30 0
40 44 49 0
-11 -15 25 0
-39 26 25 0
47 24 -12 0
16 17 35 0
48 -35 -46 0
-17 26 12 0
12 -34 25 0
24 -18 -16 0
13 45 1 0
-27 -20 43 0
11 -16 26 0
-4 5 5 0
21 17 -13 0
45 -16 -46 0
11 -34 -18 0
33 26 32 0
29 18 -45 0
-16 47 7 0
29 -50 15 0
-22 -47 33 0
-46 21 -36 0
21 -32 5 0
-7 18 -29 0
-25 -7 11 0
50 43 46 0
-20 47 30 0
-3 -42 -40 0
-21 -48 -16 0
-16 17 18 0
36 48 -19 0
-30 18 -47 0
3 -3 -10 0
1 13 32 0
46 42 19 0
23 -48 -33 0
19 -10 21 0
-31 44 -21 0
17 38 -23 0
14 -40 13 0
-50 -39 41 0
28 18 13 0
-45 -43 19 0
11 25 -14 0
29 -50 2 0
2 -39 19 0
-19 -19 -28 0
-30 21 36 0
29 6 21 0
-21 47 15 0
21 29 -34 0
-8 17 -4 0
28 -4 13 0
-32 -33 -14 0
-5 44 47 0
49 4 -43 0
24 -5 16 0
-22 -1 50 0
34 45 15 0
46 -21 -31 0
-19 -11 -35 0
42 14 31 0
-14 39 -33 0
-35 -49 49 0
31 28 45 0
-1 -31 -4 0
18 -10 4 0
45 -47 40 0
38 25 -50 0
28 12 -5 0
-5 36 25 0
-19 -18 -15 0
11 42 -38 0
28 -1 -14 0
3 48 -35 0
-30 -35 9 0
-35 -46 14 0
-35 11 -21 0
-35 -3 -31 0
31 -36 -29 0
17 -36 -9 0
-16 20 -3 0
-2 -6 -24 0
44 4 21 0
34 -36 14 0
35 10 -48 0
-25 -25 20 0
17 -30 36 0
-4 28 34 0
22 -22 -29 0
2 -4 -36 0
-25 17 -38 0
-2 11 4 0
-43 25 21 0
10 -10 12 0
9 22 18 0
5 44 43 0
27 35 -8 0
35 7 -43 0
36 16 -11 0
-49 -44 36 0
-31 25 -20 0
15 10 3 0
43 42 5 0
-31 15 -18 0
-21 -25 39 0
20 22 30 0
10 44 -23 0
11 26 -37 0
-49 46 27 0
-41 14 33 0
13 35 27 0
39 -3 -4 0
-24 39 -17 0
-42 18 -20 0
-11 -11 -38 0
38 -29 -30 0
-9 28 42 0
-1 -3 -13 0
-31 -18 30 0
37 -30 39 0
44 50 -34 0
25 -22 36 0
-49 -38 -45 0
25 -3 36 0
20 32 23 0
-33 -13 -35 0
-45 39 -27 0
38 -7 20 0
-30 -17 18 0
8 50 -22 0
35 41 -47 0
40 43 -14 0
-22 -8 10 0
11 -27 43 0
-16 46 -25 0
12 23 32 0
11 24 31 0
4 43 18 0
-31 11 16 0
-40 -16 -8 0
10 26 -42 0
41 -13 -4 0
-34 -28 -46 0
-19 -20 20 0
-20 -39 37 0
49 -15 30 0
47 22 48 0
8 -9 -40 0
22 40 -8 0
39 -37 28 0
14 24 18 0
