c CNF generator v0.9
p cnf 50 229
26 -32 1 0
-16 44 21 0
28 -18 12 0
-30 -34 29 0
42 -28 33 0
-10 -4 27 0
6 -25 -48 0
49 -35 35 0
-28 -35 4 0
2 34 38 0
47 15 -20 0
-6 -5 25 0
23 -34 24 0
5 6 34 0
-12 39 41 0
-23 33 -25 0
47 -30 -49 0
-9 -4 -17 0
-8 -21 31 0
-10 50 16 0
-32 -39 31 0
-11 -28 -38 0
-29 -5 -4 0
8 35 38 0
-28 1 27 0
-4 23 -49 0
43 -20 -12 0
25 -27 33 0
-48 -31 23 0
-28 12 -49 0
-46 12 15 0
-50 23 4 0
-43 -28 -5 0
6 -31 -21 0
22 -9 -44 0
50 -33 -45 0
-16 24 35 0
30 2 -38 0
-31 23 -14 0
-16 -24 -2 0
1 14 -43 0
43 35 -31 0
-13 18 12 0
-12 -38 -50 0
4 -38 -3 0
6 26 -3 0
35 12 -2 0
32 9 23 0
-34 8 3 0
2 -32 -26 0
15 -39 26 0
-47 -25 -1 0
-40 -43 -9 0
38 -34 21 0
-38 43 42 0
-45 -9 22 0
-17 34 -42 0
47 -4 14 0
41 -1 46 0
41 24 -6 0
49 -21 -46 0
-49 -50 -20 0
-26 18 -47 0
-48 31 19 0
-29 -30 -11 0
-32 3 32 0
8 25 35 0
-29 28 -3 0
-46 -48 29 0
30 -12 -31 0
-41 9 -9 0
-21 32 27 0
13 9 46 0
9 24 -46 0
16 18 2 0
-39 -48 46 0
27 -42 4 0
35 -12 25 0
15 -19 18 0
-8 24 -26 0
-34 32 44 0
3 -50 -1 0
-11 44 49 0
25 -37 -46 0
-3 -35 4 0
43 42 -8 0
-46 32 -36 0
36 27 24 0
-20 -33 10 0
31 2 26 0
47 -42 20 0
-4 20 2 0
9 -9 43 0
-45 -47 12 0
-2 -23 11 0
39 -11 -39 0
-7 -2 31 0
14 -2 -16 0
-13 -22 41 0
-4 13 -19 0
-10 -22 37 0
40 -50 20 0
-44 5 42 0
-13 -31 -24 0
43 49 1 0
9 30 -34 0
36 20 -50 0
-1 45 3 0
10 -16 9 0
-29 14 -27 0
28 -25 3 0
-41 -6 4 0
39 28 13 0
12 -5 -21 0
13 -28 13 0
-24 26 -36 0
-43 -49 -19 0
-43 -34 27 0
-46 41 12 0
40 -31 -8 0
-27 -22 -44 0
-2 40 -13 0
-3 31 19 0
-30 10 21 0
2 -3 -43 0
-11 29 16 0
38 -30 -23 0
-26 18 44 0
20 30 23 0
-29 18 -39 0
-5 18 -43 0
-14 -23 -41 0
16 -6 49 0
23 -32 -29 0
21 -19 -41 0
10 11 -33 0
35 -42 -1 0
-19 49 -37 0
-37 -47 19 0
27 17 39 0
-9 30 -39 0
26 18 47 0
-4 -45 3 0
-19 24 6 0
-39 -29 -17 0
44 -48 40 0
5 15 25 0
-7 -9 43 0
21 21 33 0
-24 -5 24 0
8 -35 17 0
-23 -40 -34 0
49 -36 -22 0
33 -2 6 0
-21 -42 -28 0
-6 41 12 0
-8 1 -4 0
23 -46 33 0
-45 -32 -11 0
-32 18 -39 0
-31 -35 22 0
-43 -14 42 0
-10 43 -21 0
47 36 -47 0
11 -43 23 0
-15 -5 -32 0
27 -1 3 0
2 -10 1 0
-3 34 -22 0
47 -35 44 0
48 17 -28 0
-13 40 9 0
-9 -14 45 0
12 23 -46 0
10 -20 -2 0
38 21 36 0
-34 -17 2 0
-3 -23 25 0
17 22 25 0
16 -26 34 0
-43 -25 -37 0
12 44 8 0
16 34 11 0
-13 4 -9 0
-26 35 28 0
7 -18 -3 0
-12 45 -40 0
24 -40 35 0
31 -14 -24 0
-3 12 -33 0
-30 29 18 0
24 27 -22 0
-8 -16 26 0
-10 12 -33 0
-26 31 -26 0
20 6 40 0
-13 -5 2 0
-42 25 -17 0
31 -1 -1 0
-8 -25 28 0
15 -7 11 0
-1 28 -9 0
33 13 9 0
9 -10 41 0
-17 -47 -29 0
35 38 48 0
18 24 -37 0
-10 -24 8 0
-11 10 3 0
-3 9 48 0
48 40 -6 0
11 37 22 0
3 -36 -27 0
14 29 -21 0
41 -37 47 0
13 5 31 0
-21 -29 -37 0
26 5 -2 0
-22 -15 17 0
44 39 -14 0
-39 -4 -15 0
-34 48 -11 0
-11 40 26 0
-14 18 -15 0
44 -44 39 0
-21 4 3 0
36 45 -45 0
-49 41 -28 0
34 10 -33 0
