c CNF generator v0.9
p cnf 50 229
-33 -24 -7 0
10 29 47 0
35 -29 23 0
-34 16 35 0
-45 -32 -49 0
-43 -43 -4 0
27 -41 31 0
3 -48 47 0
-50 12 -16 0
5 -37 21 0
29 -14 -12 0
-4 29 -49 0
38 36 -15 0
-21 -22 6 0
-40 5 -9 0
2 12 45 0
-41 -19 30 0
-50 -19 -7 0
11 -30 14 0
31 30 -8 0
28 -49 17 0
37 43 10 0
5 38 31 0
17 19 33 0
-8 9 38 0
-19 30 32 0
-32 43 39 0
-19 -46 40 0
42 -36 -30 0
-33 46 27 0
-29 -21 -35 0
25 31 -3 0
-42 11 21 0
-2 40 5 0
-8 -36 -41 0
39 -36 47 0
-13 -30 -14 0
-13 -40 -48 0
15 -49 48 0
-35 39 41 0
-39 -12 -5 0
10 1 46 0
-37 21 -45 0
-4 11 -47 0
24 -2 36 0
-42 -24 20 0
15 25 36 0
49 40 11 0
13 9 19 0
-47 12 17 0
36 -48 27 0
-33 29 -43 0
-40 12 30 0
-50 4 21 0
39 5 33 0
-2 -45 19 0
-39 -1 11 0
19 -7 32 0
31 -35 33 0
-40 -22 4 0
16 -33 34 0
-26 -22 -24 0
-50 -36 13 0
9 -40 47 0
18 2 -11 0
47 -35 -49 0
-23 18 -8 0
-42 -18 -29 0
3 36 44 0
-13 -39 49 0
-35 1 -26 0
28 22 -12 0
26 49 11 0
2 -16 -18 0
47 22 -13 0
39 34 -11 0
6 -19 -19 0
7 46 3 0
-11 42 -48 0
-9 -4 38 0
-39 46 34 0
-16 -35 -42 0
-44 2 -49 0
-46 30 -49 0
22 -9 -15 0
-24 -49 -22 0
2 39 -20 0
5 -27 -38 0
39 4 30 0
38 24 38 0
32 -29 11 0
-13 3 17 0
-16 38 35 0
-8 -46 -43 0
-30 -17 38 0
30 -27 12 0
18 49 -40 0
-23 -19 24 0
35 -43 -41 0
-20 27 33 0
35 34 50 0
39 -20 -15 0
-33 -16 -1 0
-21 22 37 0
-3 -15 1 0
-1 -31 -37 0
-39 -21 31 0
-7 2 -31 0
40 -22 22 0
-27 18 -37 0
-16 4 -33 0
31 33 -12 0
40 28 28 0
50 -49 -1 0
31 9 2 0
41 -9 9 0
13 41 1 0
15 38 5 0
2 22 -44 0
-8 38 -48 0
-8 -21 -7 0
13 11 -34 0
32 -37 15 0
-44 32 -49 0
-49 -35 -22 0
-23 38 -24 0
23 -13 -30 0
18 -28 5 0
49 24 26 0
-32 16 45 0
-23 -28 8 0
-35 27 4 0
49 40 -15 0
38 35 -16 0
-19 -37 -17 0
-14 23 -50 0
7 28 -3 0
31 30 38 0
-50 6 -9 0
36 40 -41 0
38 41 13 0
5 6 -41 0
-24 -47 -41 0
-10 -9 18 0
34 36 -31 0
41 24 25 0
-28 -9 37 0
24 13 5 0
-27 49 -7 0
8 13 -20 0
-37 16 3 0
30 42 -29 0
-34 47 22 0
19 10 23 0
-11 11 -43 0
-6 3 -6 0
-21 -16 -12 0
4 -12 -46 0
16 2 -45 0
21 -21 -14 0
7 6 -7 0
1 6 27 0
-11 31 25 0
-23 41 -16 0
-6 23 12 0
-2 2 44 0
-29 32 33 0
-40 -9 -15 0
33 22 -19 0
20 -1 11 0
24 -3 11 0
21 18 48 0
39 -38 -18 0
43 -5 31 0
32 -12 -11 0
-39 27 -4 0
-47 30 -47 0
-19 -18 38 0
47 14 50 0
49 -6 -19 0
24 39 42 0
-12 5 1 0
6 -25 -15 0
45 3 -3 0
14 -19 -19 0
-43 43 9 0
-2 8 -41 0
-31 -44 9 0
28 5 -44 0
-25 11 -45 0
-39 48 25 0
-20 -10 40 0
-30 -27 36 0
-20 -29 34 0
-11 -34 20 0
14 -18 47 0
-46 36 -14 0
-30 -40 -25 0
12 -33 -1 0
-6 -30 -19 0
16 -4 -16 0
46 26 -6 0
28 -17 -49 0
-44 6 26 0
-5 12 -49 0
36 -25 -45 0
-40 -21 -29 0
24 -44 -36 0
-4 8 23 0
-18 47 -14 0
-20 50 -41 0
-22 14 -6 0
14 14 48 0
-14 -14 -27 0
-50 21 -37 0
-45 33 39 0
-45 -25 -41 0
-27 4 -13 0
18 16 27 0
-37 -17 44 0
50 -45 -46 0
24 17 -37 0
-18 37 -43 0
-37 9 -44 0
-7 36 -5 0
25 -12 23 0
15 11 49 0
-32 9 -36 0
25 43 -3 0
