c CNF generator v0.9
p cnf 50 229
22 35 -26 0
-46 3 18 0
-49 -24 33 0
10 -20 34 0
-29 41 -21 0
-40 3 16 0
-1 44 -19 0
-30 11 -11 0
-7 9 21 0
-46 -15 38 0
-21 -26 42 0
-42 -30 35 0
22 -15 -20 0
-44 15 3 0
42 16 -7 0
-27 18 -16 0
-40 -35 42 0
8 1 47 0
11 30 -3 0
-36 -19 -17 0
43 1 11 0
37 -26 -10 0
18 -25 -47 0
31 -6 28 0
-15 -10 -11 0
-20 3 -46 0
44 36 46 0
-15 29 41 0
-27 -5 43 0
-7 18 -10 0
19 -26 35 0
32 28 -15 0
-6 3 -39 0
-30 35 1 0
-40 -3 17 0
8 -23 -14 0
-5 23 18 0
20 34 -34 0
44 -1 -33 0
-33 9 37 0
28 -43 -18 0
-27 50 -24 0
-18 18 -47 0
13 -47 -50 0
-11 42 28 0
21 35 -10 0
-49 14 -26 0
43 23 4 0
39 -12 29 0
-6 -7 -50 0
-46 -18 26 0
-25 4 -4 0
-29 41 39 0
-38 20 17 0
2 -1 11 0
48 -44 -18 0
-38 -13 -19 0
-4 10 14 0
-3 12 -40 0
-22 20 -42 0
19 18 -37 0
36 4 5 0
11 -29 -3 0
21 10 -47 0
-49 -39 9 0
-39 -15 3 0
-27 -31 46 0
31 -43 -30 0
-8 -28 10 0
14 31 10 0
5 15 -32 0
7 -6 28 0
14 -47 -19 0
-23 23 47 0
-9 -2 -13 0
35 -30 -5 0
-11 -44 44 0
-30 38 -16 0
4 -31 -4 0
-28 28 -41 0
-13 -44 -45 0
-34 1 18 0
44 24 17 0
-39 26 46 0
1 9 -16 0
-22 17 -41 0
-13 -35 5 0
49 21 21 0
20 -18 -49 0
-19 -25 -48 0
-43 45 18 0
50 -45 -1 0
-16 -31 -42 0
-6 -21 31 0
-37 22 -12 0
29 28 -47 0
-12 -21 25 0
-31 -10 32 0
17 2 9 0
-34 -26 -34 0
-40 12 41 0
-4 7 37 0
3 -2 -12 0
-44 -24 14 0
-18 24 2 0
7 9 29 0
-15 -9 47 0
-44 49 35 0
28 49 41 0
29 34 -41 0
30 43 28 0
-40 7 -5 0
4 -15 20 0
34 -2 -47 0
-18 -32 32 0
-16 31 49 0
-50 33 31 0
-15 20 -8 0
-1 -36 -31 0
14 -5 6 0
30 -15 -24 0
27 25 -33 0
-44 -20 21 0
-36 -7 -17 0
-8 47 15 0
25 31 -25 0
9 23 44 0
12 -36 21 0
40 -41 -50 0
12 39 48 0
50 -32 21 0
44 -14 -3 0
-11 39 49 0
15 12 39 0
22 -43 10 0
-2 5 33 0
-12 -12 32 0
7 44 8 0
-28 -19 12 0
50 1 -17 0
44 -1 -39 0
-2 43 -27 0
36 -30 18 0
30 8 -4 0
29 -16 -9 0
-22 13 -30 0
20 50 27 0
27 6 -12 0
23 15 40 0
27 -30 -45 0
2 -44 21 0
31 -1 -31 0
-48 50 -10 0
-13 -12 28 0
-44 -33 7 0
-41 9 -44 0
-15 18 -45 0
41 50 -6 0
-47 -16 40 0
-16 4 -42 0
-23 -18 50 0
-40 4 11 0
-50 -47 50 0
-17 10 36 0
-15 -15 -39 0
2 -30 -50 0
-18 10 -2 0
-46 28 38 0
24 41 9 0
26 -45 -39 0
-22 2 34 0
41 -18 43 0
39 17 -8 0
-25 9 6 0
33 -30 -8 0
36 10 -32 0
48 -45 -26 0
-18 41 34 0
-18 -37 1 0
-12 17 -41 0
13 -28 43 0
-37 36 12 0
33 -21 -31 0
27 37 -49 0
-50 -15 -35 0
-46 -36 -25 0
43 6 -23 0
-10 7 -6 0
46 40 12 0
-16 -19 18 0
7 -32 -31 0
-17 23 35 0
-35 38 36 0
32 -20 -17 0
1 -36 17 0
47 -50 -31 0
-34 43 11 0
-20 20 26 0
-22 31 50 0
20 -3 14 0
-14 33 -43 0
-29 3 30 0
-28 -22 16 0
-5 41 -41 0
8 47 22 0
18 -28 -28 0
34 41 12 0
24 29 37 0
13 -19 37 0
-33 44 14 0
-7 -19 -28 0
29 24 -30 0
-12 28 -6 0
-15 -20 -23 0
-4 11 49 0
28 -5 -37 0
40 -30 9 0
35 -45 35 0
-40 -26 -20 0
5 8 24 0
29 27 40 0
17 -34 44 0
36 -21 9 0
27 23 4 0
-12 -41 11 0
-32 13 -30 0
-26 -5 -39 0
-48 42 -11 0
37 3 -44 0
