c CNF generator v0.9
p cnf 50 229
-21 8 24 0
-33 43 -25 0
-46 -33 -3 0
31 -12 -2 0
28 35 9 0
40 -50 39 0
-24 48 50 0
14 38 -40 0
30 -48 18 0
-35 -19 -44 0
20 -34 40 0
24 -45 28 0
28 36 -22 0
-2 42 -1 0
-6 -9 -8 0
-6 25 30 0
-33 -32 48 0
-50 13 25 0
-27 -47 39 0
-43 3 37 0
-6 21 -27 0
-16 -19 50 0
31 1 -14 0
4 -1 -48 0
-19 -42 50 0
12 17 -34 0
-41 23 -36 0
-48 35 45 0
-1 -48 45 0
-47 30 -20 0
43 -18 -38 0
10 -32 -39 0
36 -13 4 0
-36 18 -21 0
-48 46 -50 0
40 -42 -41 0
20 -48 -22 0
-10 3 33 0
23 36 43 0
20 -47 38 0
-13 -1 -16 0
-6 -49 20 0
39 -21 -39 0
-20 -42 -12 0
25 14 -36 0
47 39 -27 0
33 -37 26 0
-6 -34 31 0
50 22 34 0
-46 -36 37 0
25 5 -2 0
-34 11 6 0
14 -3 31 0
-32 42 28 0
-50 -7 -23 0
15 23 -40 0
44 12 11 0
-24 41 26 0
-14 48 27 0
9 -47 -18 0
-36 49 39 0
-20 43 41 0
33 36 -27 0
36 -36 26 0
27 -14 -6 0
50 -23 43 0
-2 -27 5 0
3 -44 32 0
-30 -13 -7 0
17 -10 34 0
48 -22 34 0
-32 -39 50 0
-40 39 -30 0
-48 20 -1 0
20 27 48 0
31 10 -13 0
-31 -45 -30 0
-15 -33 -14 0
-33 -47 -47 0
-7 -48 34 0
26 -36 -38 0
19 -33 42 0
25 -32 12 0
44 28 37 0
49 1 28 0
17 -12 3 0
41 12 -50 0
8 -39 -17 0
-16 13 -19 0
47 35 -48 0
-23 -42 31 0
3 -49 41 0
-7 35 -39 0
39 -45 -49 0
22 -30 40 0
19 -6 -13 0
13 45 -41 0
25 -8 20 0
36 3 -28 0
-50 -36 -40 0
-18 -42 -38 0
41 -15 -11 0
29 40 -37 0
34 4 -45 0
-15 32 44 0
43 -2 46 0
14 21 -39 0
49 -50 50 0
-3 13 4 0
2 -22 -40 0
21 -17 36 0
-5 49 -21 0
-37 -48 32 0
-37 10 -21 0
-39 -16 25 0
-12 -32 21 0
-4 24 -24 0
-39 -27 15 0
6 16 -45 0
43 14 -15 0
49 -3 -47 0
13 7 -48 0
50 9 -15 0
-21 -34 48 0
19 36 -25 0
-48 -49 -44 0
19 -23 -1 0
3 -10 -42 0
-39 -18 9 0
-5 -32 12 0
3 -28 36 0
29 -12 -40 0
29 -41 -37 0
11 -45 -12 0
-44 -11 -41 0
42 42 -25 0
47 -29 23 0
-1 47 49 0
-19 -4 3 0
-18 -48 43 0
15 27 -19 0
-33 28 -41 0
-50 -31 31 0
48 -23 41 0
-49 7 -38 0
-22 18 -49 0
17 39 -29 0
-49 -16 -1 0
43 -30 31 0
7 11 43 0
37 -46 -44 0
-34 18 37 0
-30 -37 35 0
-31 43 -38 0
12 44 29 0
24 8 -11 0
43 -49 -24 0
29 42 -4 0
-38 -13 15 0
2 -14 46 0
-38 34 -18 0
-37 -19 13 0
-28 -12 -50 0
31 27 23 0
25 3 -50 0
37 -44 -21 0
-10 -35 -39 0
24 14 15 0
22 -10 45 0
3 -5 -20 0
-7 -3 -48 0
41 -26 -14 0
4 -33 28 0
-42 41 -11 0
-43 -48 8 0
-9 32 -20 0
24 5 47 0
32 2 50 0
-47 -15 -47 0
-19 -38 42 0
-8 -39 -46 0
29 5 5 0
-5 -43 48 0
24 -41 48 0
-24 -11 -27 0
4 48 -20 0
6 36 35 0
50 37 -47 0
7 -34 -33 0
-6 -13 43 0
-43 -50 -46 0
14 23 -7 0
12 -23 13 0
-5 31 -8 0
-35 -40 -12 0
42 -13 40 0
49 32 -22 0
4 16 -42 0
-20 46 45 0
-33 -48 20 0
18 -45 -18 0
-9 -33 19 0
36 -40 -19 0
4 -6 8 0
-17 43 34 0
-32 11 44 0
-47 -27 29 0
20 14 4 0
-15 22 -50 0
36 -27 -26 0
-50 21 5 0
-39 49 35 0
14 -19 31 0
-44 6 -12 0
-14 -14 -9 0
23 -1 28 0
-8 -35 37 0
-32 -34 -46 0
-7 -47 -4 0
50 -33 -42 0
7 -15 -12 0
31 -24 -5 0
43 -11 -12 0
-22 -19 -15 0
-19 43 8 0
21 34 -12 0
-20 -38 49 0
-41 -4 11 0
21 -38 35 0
