c CNF generator v0.9
p cnf 50 229
-18 -26 6 0
-41 -32 2 0
18 -11 22 0
6 16 32 0
-40 -33 -14 0
-42 -41 39 0
3 6 -10 0
28 -27 31 0
41 23 24 0
16 -16 17 0
27 29 -41 0
-48 44 7 0
11 45 -40 0
-43 27 -1 0
-17 39 19 0
45 14 -6 0
-18 -25 -20 0
8 42 20 0
30 5 -8 0
-37 -27 27 0
-30 19 9 0
-8 13 39 0
20 30 -35 0
23 -14 -30 0
25 -12 -17 0
24 -19 2 0
-45 -11 38 0
23 -47 48 0
-21 34 -48 0
-32 29 -36 0
7 30 49 0
17 -39 28 0
31 -8 -6 0
-10 -28 26 0
-25 2 46 0
-9 -8 -27 0
-16 -46 8 0
3 -40 -17 0
-24 -2 -26 0
-8 -9 47 0
-47 24 16 0
-14 8 2 0
-13 12 42 0
-22 12 -43 0
-33 48 48 0
3 50 10 0
-48 47 19 0
-22 15 -30 0
-21 50 -35 0
-31 -27 -38 0
-25 8 3 0
27 -12 -18 0
15 50 -19 0
-43 34 11 0
34 6 -28 0
1 2 10 0
-29 -18 30 0
-44 -26 -35 0
-25 -22 12 0
30 -16 -30 0
10 40 45 0
16 -38 -35 0
39 -47 -6 0
23 -22 -50 0
17 28 17 0
17 -11 -22 0
31 -5 -37 0
46 -7 -47 0
25 10 -40 0
14 43 41 0
-12 -43 -9 0
-11 43 -5 0
32 41 -16 0
-32 -7 -44 0
-30 37 -34 0
14 1 -50 0
42 37 18 0
-38 11 38 0
3 18 20 0
-25 -22 46 0
42 -29 -7 0
30 -10 -14 0
47 44 -30 0
-49 -39 -7 0
-10 25 -1 0
49 33 37 0
-30 -9 1 0
18 47 10 0
-19 10 -4 0
44 19 41 0
-11 26 11 0
37 -5 -5 0
15 -15 43 0
37 4 -41 0
46 41 19 0
18 27 -23 0
32 -38 21 0
-32 4 10 0
3 5 29 0
-40 46 -22 0
-25 14 -9 0
-46 18 11 0
31 39 15 0
47 39 20 0
-15 -18 50 0
-50 5 23 0
-22 -27 28 0
-50 31 36 0
-38 -5 -32 0
19 -16 -43 0
-34 -23 46 0
4 -33 22 0
33 15 -43 0
13 -24 21 0
42 21 -37 0
24 17 3 0
9 -6 -29 0
-46 -39 6 0
28 -35 48 0
15 43 4 0
-44 -42 -3 0
7 -20 4 0
-15 -35 -5 0
-14 5 -43 0
38 3 38 0
36 -47 -31 0
31 46 -32 0
-30 30 -35 0
-29 29 -12 0
21 4 -4 0
39 17 -29 0
3 9 -12 0
-50 -24 -37 0
-39 -18 -6 0
29 21 -38 0
-19 7 -22 0
-26 29 49 0
-7 -28 -11 0
38 35 -30 0
35 13 7 0
9 40 -21 0
-46 -27 -44 0
20 44 48 0
6 -9 41 0
-44 -35 19 0
-4 22 48 0
24 -31 29 0
-34 34 -22 0
48 11 23 0
-43 -50 37 0
48 -25 -36 0
6 21 41 0
-14 34 31 0
-33 44 23 0
-18 27 30 0
3 -32 -32 0
-38 44 -43 0
41 48 -7 0
44 -23 -5 0
-26 -26 21 0
-6 20 -36 0
-1 24 -22 0
23 -50 19 0
33 -22 9 0
-10 15 38 0
10 14 -44 0
6 1 36 0
-15 -28 14 0
17 -38 -34 0
-47 11 1 0
26 30 6 0
20 -31 -33 0
-24 38 -11 0
37 14 21 0
15 -31 -42 0
-29 7 -45 0
-42 -26 45 0
-43 -35 -19 0
-11 3 6 0
-35 19 32 0
-15 44 -10 0
-5 26 30 0
11 27 34 0
19 -29 -37 0
-28 -50 43 0
-31 -15 -18 0
50 39 -14 0
-46 22 29 0
-33 19 1 0
20 31 -35 0
7 18 -50 0
-19 -26 28 0
3 7 41 0
8 15 23 0
-43 -44 -15 0
12 -28 23 0
28 3 43 0
48 29 44 0
-29 23 18 0
-41 8 -43 0
39 -23 -29 0
-12 -2 -27 0
24 20 29 0
-36 -33 -30 0
-44 -14 -34 0
-4 36 4 0
-43 -22 -40 0
5 -12 12 0
37 -44 18 0
-21 -47 -21 0
38 -41 -42 0
-15 4 8 0
-47 -34 36 0
48 37 -30 0
29 13 13 0
48 33 24 0
4 -26 -1 0
30 -45 -37 0
11 25 28 0
-29 -25 14 0
-15 30 39 0
4 22 -43 0
43 -35 -26 0
16 46 -35 0
20 -17 49 0
30 5 -34 0
29 32 -44 0
28 -45 -21 0
-24 -43 50 0
