c CNF generator v0.9
p cnf 50 229
43 -34 48 0
-22 39 1 0
22 28 31 0
-42 -38 -18 0
-7 -20 12 0
40 -17 42 0
-21 5 2 0
8 39 -40 0
-29 5 44 0
10 -24 21 0
-22 -37 47 0
-2 -40 23 0
30 -7 30 0
-39 45 42 0
33 -27 17 0
13 -47 4 0
-27 17 3 0
-47 38 6 0
-38 7 -42 0
-4 38 -49 0
-18 -30 48 0
32 49 3 0
-25 -41 44 0
24 -4 25 0
-42 -29 22 0
46 28 -49 0
30 -38 46 0
8 12 16 0
39 14 -9 0
6 3 -6 0
-8 -33 -46 0
-37 18 -43 0
-50 3 9 0
-40 -43 -12 0
-14 -4 41 0
20 -15 24 0
6 31 -33 0
-31 16 -21 0
41 -39 48 0
40 -43 -23 0
-21 -19 -29 0
-20 -31 43 0
13 -7 34 0
-6 -7 -42 0
-33 -39 -43 0
22 7 41 0
21 -34 13 0
-5 -40 21 0
-32 35 42 0
-27 22 42 0
28 -13 -46 0
29 7 -25 0
-12 16 -50 0
-27 -9 28 0
23 -5 -22 0
9 34 50 0
-36 6 5 0
6 26 3 0
17 26 -45 0
-41 -19 21 0
-43 15 8 0
-14 36 34 0
-12 8 -33 0
26 -6 -34 0
-23 -48 38 0
5 43 -18 0
48 50 18 0
-29 12 18 0
45 -39 2 0
-44 8 47 0
-17 39 32 0
-42 32 28 0
-8 -16 39 0
39 -48 -7 0
14 9 10 0
18 -26 -1 0
26 -15 -43 0
18 8 -34 0
-2 -50 -44 0
27 50 5 0
23 -43 -36 0
36 -3 29 0
46 49 24 0
-42 4 -49 0
-35 37 17 0
34 -45 32 0
-15 43 47 0
-20 -36 19 0
-10 -20 -40 0
-15 -1 8 0
-39 4 6 0
-25 12 20 0
-5 12 -22 0
27 28 10 0
-49 9 -24 0
7 -23 -40 0
-10 19 15 0
-13 39 17 0
-13 -40 -18 0
-17 -8 34 0
20 40 3 0
22 3 -44 0
43 48 24 0
-19 12 -10 0
-40 40 6 0
25 -40 25 0
-4 -20 -23 0
-27 -20 -2 0
-2 49 -33 0
-19 24 -20 0
-31 -29 -46 0
47 -3 -36 0
30 9 5 0
14 -33 -9 0
-11 -41 32 0
-21 22 -33 0
3 -25 21 0
6 41 46 0
-3 -30 -40 0
30 42 17 0
44 11 47 0
38 5 -35 0
-37 8 -21 0
-44 -45 25 0
-9 9 -27 0
-23 46 43 0
-45 -7 47 0
-34 -32 19 0
40 -24 44 0
47 1 18 0
15 15 -47 0
-31 24 28 0
-41 -24 -47 0
-39 -43 27 0
-11 4 35 0
23 -34 35 0
-39 26 -41 0
-4 43 -4 0
-17 -12 -14 0
1 5 27 0
41 9 -45 0
15 -49 -25 0
-46 -29 -45 0
29 37 11 0
-10 -25 1 0
42 -23 -39 0
4 41 28 0
4 40 -31 0
47 15 40 0
-34 25 10 0
20 -50 31 0
21 41 -16 0
24 -26 -1 0
-35 -47 -17 0
13 -29 -28 0
50 -43 35 0
-31 32 35 0
-8 -8 47 0
-30 13 47 0
27 -11 -16 0
-19 35 7 0
11 49 -19 0
-19 43 -23 0
38 -8 50 0
35 17 31 0
35 38 24 0
-24 5 -3 0
22 -22 -1 0
31 21 34 0
45 -31 -50 0
-23 8 -15 0
30 -35 -32 0
15 36 -11 0
35 4 -45 0
11 22 17 0
-11 -4 18 0
-32 -7 50 0
10 17 19 0
-43 22 40 0
-17 -22 -29 0
-17 34 -25 0
-29 -29 10 0
1 1 10 0
49 27 8 0
35 11 44 0
12 -16 50 0
25 23 -20 0
44 45 -46 0
-49 4 10 0
40 25 4 0
16 2 -37 0
8 -2 -36 0
-3 -43 -24 0
1 -24 -46 0
5 -16 -42 0
22 -45 -46 0
4 28 5 0
-13 -22 -3 0
40 30 50 0
39 42 -46 0
33 27 35 0
-44 2 39 0
-16 47 -45 0
15 4 24 0
13 18 -27 0
39 37 -4 0
45 -24 -29 0
-33 -22 8 0
17 14 39 0
-18 28 35 0
21 -2 -48 0
38 7 -40 0
5 8 -6 0
-39 40 -46 0
36 34 17 0
-3 8 -21 0
-1 -48 -10 0
-37 13 32 0
-21 -40 43 0
28 -50 -30 0
9 29 -1 0
-42 27 10 0
2 4 -3 0
-39 -14 -41 0
-6 -30 38 0
1 42 49 0
-37 34 -18 0
40 -6 47 0
14 3 2 0
