c CNF generator v0.9
p cnf 50 229
12 -28 -8 0
-2 -24 8 0
16 48 -19 0
-24 21 16 0
-29 -7 -46 0
5 31 -16 0
47 15 38 0
30 44 -15 0
-12 5 -15 0
6 -24 44 0
-42 18 1 0
-33 28 -43 0
45 33 44 0
-46 -27 41 0
-14 38 -38 0
41 -32 45 0
29 -32 -38 0
10 -20 -13 0
-14 -16 -41 0
-23 -15 8 0
-39 22 -50 0
-16 -47 17 0
-2 13 -10 0
5 2 44 0
-46 -19 47 0
31 -35 33 0
27 8 4 0
39 34 33 0
-12 45 -24 0
13 -10 41 0
-20 20 18 0
-37 32 -23 0
6 45 10 0
26 13 10 0
-20 -4 9 0
-3 23 -36 0
-17 -28 -38 0
18 -49 47 0
-35 -38 -38 0
40 -42 4 0
-21 10 50 0
-27 -33 -45 0
-45 28 2 0
-23 8 -50 0
-44 34 -19 0
-9 18 -25 0
44 16 20 0
13 -45 -22 0
-17 -31 -49 0
-19 -35 -8 0
-30 44 -47 0
-27 40 7 0
14 -46 -44 0
-19 31 -45 0
-28 -48 20 0
16 -25 -19 0
-50 41 44 0
35 -4 -48 0
19 30 47 0
-8 50 7 0
41 -48 20 0
-13 -5 -17 0
-8 13 -44 0
-11 -27 -46 0
-33 17 26 0
-47 -38 4 0
45 42 -35 0
-27 -47 38 0
8 43 9 0
-26 41 12 0
-21 36 -44 0
-14 -44 49 0
-20 1 -42 0
21 6 32 0
2 -19 -23 0
45 47 6 0
-22 -36 -9 0
26 -36 50 0
-33 10 -10 0
18 27 -26 0
-42 28 -46 0
-32 4 2 0
-37 32 31 0
-9 7 40 0
12 27 1 0
-26 -37 30 0
-49 -44 6 0
16 33 9 0
1 -36 -23 0
33 -47 19 0
-15 -6 -40 0
11 19 -44 0
25 -40 -43 0
8 38 -12 0
41 -20 29 0
-9 39 -27 0
-41 -25 7 0
5 15 -19 0
21 26 -28 0
-11 11 -16 0
-12 -39 -2 0
-45 -46 31 0
9 -4 -48 0
-43 34 -34 0
-22 15 -44 0
2 -20 22 0
35 -47 -50 0
-5 -33 2 0
-7 47 49 0
-31 -23 -48 0
-37 -32 -42 0
-4 -48 -21 0
-48 -22 4 0
-38 -3 -23 0
-3 24 24 0
-13 10 -43 0
-1 32 -11 0
-27 6 14 0
-32 49 -34 0
10 -12 46 0
6 -34 27 0
-22 -39 38 0
-29 -38 20 0
7 -46 4 0
-22 -30 -6 0
41 -30 -14 0
-17 38 15 0
-42 29 4 0
31 -49 -45 0
-39 -22 8 0
14 -46 -42 0
-41 -9 -48 0
-41 13 4 0
35 4 6 0
49 -25 26 0
-35 -21 43 0
-39 15 -2 0
31 7 -5 0
-14 -40 -29 0
-22 11 50 0
40 -29 -3 0
33 9 -17 0
-22 -29 10 0
-37 -21 46 0
-46 -7 11 0
-41 -48 44 0
24 -10 18 0
-49 23 4 0
-18 -11 -26 0
-22 9 -37 0
46 48 6 0
-6 31 -49 0
-23 -30 -43 0
-34 30 29 0
8 37 1 0
37 -6 42 0
11 7 -21 0
-24 38 42 0
8 -13 -42 0
-33 45 16 0
11 19 -38 0
13 -50 47 0
-9 20 18 0
39 -40 -14 0
-26 -39 11 0
30 -35 4 0
-21 -22 12 0
-48 -49 7 0
8 25 40 0
2 45 -30 0
29 -41 9 0
-12 41 27 0
22 25 45 0
6 -49 15 0
-20 -32 -24 0
48 -12 26 0
18 7 19 0
43 -26 -13 0
28 -30 44 0
27 27 -23 0
-45 20 18 0
3 18 -40 0
-43 -15 -42 0
-8 -33 -8 0
-50 22 -50 0
-32 -6 44 0
34 -45 47 0
-39 9 -26 0
-39 -23 44 0
31 -18 7 0
25 9 -6 0
18 17 -38 0
5 -31 46 0
-11 29 -43 0
5 -44 5 0
-32 32 31 0
-47 -25 -31 0
31 -14 -29 0
29 -21 42 0
-38 24 46 0
-48 -18 24 0
-33 -44 -25 0
-26 -24 -36 0
47 -3 -27 0
-27 15 -45 0
-38 -42 -24 0
2 16 -30 0
33 29 -12 0
47 -23 46 0
-37 4 36 0
40 45 41 0
-26 40 50 0
-46 -36 -3 0
-3 -2 -31 0
-12 42 19 0
33 -30 -17 0
19 -14 33 0
5 -26 36 0
-36 38 -10 0
39 -3 30 0
-2 14 14 0
-2 41 32 0
-44 -26 -44 0
12 -9 -10 0
48 17 49 0
-42 -5 39 0
-48 21 47 0
42 -47 33 0
-24 -37 -11 0
