c CNF generator v0.9
p cnf 50 229
-20 -31 21 0
-4 8 50 0
19 50 -4 0
3 13 -42 0
-20 41 -11 0
13 42 25 0
3 -6 33 0
-4 38 23 0
47 -45 18 0
-1 -22 -23 0
24 4 19 0
18 -2 23 0
-21 19 26 0
47 -42 -23 0
-16 32 18 0
-4 9 -49 0
-50 4 -38 0
24 1 -11 0
-38 -13 13 0
8 -26 18 0
29 4 16 0
17 -27 -10 0
-42 -5 45 0
-12 -4 45 0
-23 24 39 0
25 -27 27 0
44 9 -4 0
49 21 -10 0
31 24 26 0
-22 19 44 0
15 46 48 0
-41 30 41 0
28 -17 25 0
24 -6 35 0
33 11 -16 0
36 -48 -2 0
36 17 46 0
-32 -23 4 0
42 3 -25 0
33 -10 -43 0
31 -40 -45 0
8 23 5 0
-13 44 37 0
-42 -11 -20 0
-44 8 41 0
-27 -48 -48 0
1 -5 43 0
16 28 -12 0
-35 15 -43 0
-13 -25 14 0
-16 -8 -49 0
-8 8 28 0
-29 32 45 0
-32 -8 -13 0
-15 35 5 0
-41 -2 39 0
-15 22 -32 0
4 -29 41 0
-20 33 36 0
-46 47 12 0
42 -48 40 0
16 32 -44 0
20 11 49 0
27 -32 22 0
-5 -2 -17 0
9 -38 -45 0
-37 -20 -2 0
47 -13 12 0
-18 -47 42 0
2 29 21 0
20 43 22 0
49 9 -31 0
-22 -49 49 0
7 38 15 0
-22 -6 37 0
-44 -33 3 0
1 -29 38 0
42 30 17 0
21 -37 41 0
26 -17 -17 0
6 41 50 0
-34 -11 -19 0
5 -35 -36 0
-13 30 -28 0
-42 -23 30 0
-50 -8 29 0
29 -11 40 0
42 -35 23 0
44 27 20 0
-29 4 -4 0
-49 -20 5 0
38 28 -29 0
23 39 -1 0
4 28 8 0
49 -40 -31 0
3 32 -18 0
-16 -37 -27 0
1 24 46 0
-5 19 38 0
-20 4 -44 0
-39 -16 -34 0
-31 -20 10 0
44 38 50 0
1 11 -28 0
-9 46 10 0
49 -43 37 0
12 12 -33 0
25 6 18 0
-33 -34 -11 0
-44 15 -43 0
-5 24 40 0
-20 -2 47 0
-35 16 -48 0
28 -1 -33 0
46 -26 -16 0
-5 32 -20 0
42 -49 31 0
-16 42 -15 0
6 -40 -37 0
12 39 -41 0
37 44 -14 0
36 -47 -4 0
-49 -26 11 0
25 22 -7 0
28 41 49 0
26 18 -48 0
-31 -33 -38 0
-15 -48 7 0
21 14 -22 0
7 2 -19 0
-5 22 19 0
37 -5 28 0
-1 21 -12 0
32 -38 40 0
-20 -45 49 0
23 21 -10 0
14 39 9 0
40 18 -11 0
21 -26 16 0
-37 34 3 0
36 11 15 0
21 39 -26 0
-44 30 44 0
-29 23 -31 0
-6 16 -5 0
14 47 -28 0
-21 -30 10 0
29 -50 -31 0
-46 -50 46 0
14 48 -39 0
20 -12 29 0
13 16 -5 0
-21 49 28 0
-5 -24 -35 0
-12 -17 -26 0
-20 15 10 0
16 -44 33 0
15 -39 -44 0
-39 -25 14 0
46 23 17 0
14 15 -12 0
21 28 -44 0
11 -48 -7 0
21 17 15 0
-50 30 26 0
33 -18 18 0
38 -50 -36 0
-41 -36 5 0
-12 -5 -28 0
10 15 -35 0
45 32 -18 0
-12 -34 -4 0
37 11 -38 0
24 25 -12 0
-11 38 16 0
43 17 15 0
-26 -7 41 0
-14 43 28 0
-45 -6 21 0
35 37 8 0
25 10 25 0
-40 42 -2 0
-35 1 28 0
34 17 -7 0
40 -4 -44 0
-29 6 -50 0
37 1 -22 0
-32 -22 43 0
35 13 46 0
36 5 7 0
-42 -38 -50 0
17 -3 43 0
6 -17 -47 0
-18 -18 -15 0
5 29 26 0
7 -42 47 0
22 21 46 0
-36 -38 -34 0
-15 29 -9 0
-48 28 1 0
43 -16 -49 0
-8 -32 -12 0
-13 -48 11 0
2 2 -44 0
-41 -24 6 0
11 -17 -29 0
-41 44 -24 0
34 26 -16 0
-5 -9 16 0
-45 43 15 0
-40 24 -28 0
-20 9 -2 0
-16 -41 -50 0
-50 -36 17 0
-10 -21 -25 0
7 -14 -1 0
-41 -19 20 0
17 29 5 0
28 13 9 0
-20 -17 26 0
13 -32 -35 0
-37 40 26 0
-12 50 34 0
-16 -22 -25 0
-39 18 44 0
33 11 -36 0
-41 -21 41 0
21 44 -31 0
23 -31 4 0
