c CNF generator v0.9
p cnf 50 229
35 16 19 0
25 20 -18 0
-40 30 -21 0
33 -36 14 0
48 18 19 0
-16 -14 -12 0
1 -10 10 0
23 -35 -1 0
-44 -25 31 0
8 39 29 0
29 43 13 0
-19 9 -36 0
15 25 24 0
-9 -48 -8 0
-46 -26 -26 0
49 -24 6 0
37 -38 32 0
10 18 25 0
29 47 3 0
14 -26 -29 0
-47 9 3 0
-22 -9 41 0
-36 -5 -15 0
-39 -7 47 0
32 -32 44 0
23 -11 -15 0
-19 -48 37 0
39 42 22 0
18 -37 -13 0
-30 -13 -23 0
-45 49 -21 0
-5 48 28 0
-13 14 33 0
-7 7 39 0
-3 -48 36 0
-17 33 32 0
3 -1 50 0
29 -50 -33 0
-31 -30 -13 0
-17 30 7 0
-10 23 4 0
-9 47 -3 0
-37 -5 46 0
34 42 -24 0
-45 -49 27 0
-8 -4 -38 0
-40 48 -26 0
33 41 15 0
24 1 7 0
-3 -43 -45 0
-36 18 34 0
-34 -24 27 0
-42 -21 48 0
30 12 4 0
43 26 -29 0
17 19 -22 0
4 -11 37 0
29 -47 -45 0
-15 16 4 0
17 -34 19 0
46 19 -25 0
-19 27 49 0
-16 1 -36 0
-45 10 -18 0
-43 12 -31 0
-47 25 32 0
29 44 -45 0
-44 -33 -1 0
16 -16 40 0
4 46 49 0
-13 -2 2 0
19 29 40 0
-46 38 -18 0
21 -5 7 0
42 50 15 0
-6 14 -29 0
13 -34 20 0
-45 -29 -37 0
21 -32 3 0
14 24 9 0
48 19 38 0
-25 28 36 0
19 -43 41 0
18 18 41 0
31 4 11 0
18 -32 32 0
24 -27 32 0
-9 24 23 0
-44 16 -35 0
-15 -13 9 0
-33 2 -15 0
32 13 15 0
-34 1 -21 0
-49 38 25 0
-1 -32 -6 0
-45 50 -32 0
7 47 41 0
21 12 -15 0
21 -44 6 0
4 -42 -21 0
43 -40 24 0
-19 19 -44 0
28 33 4 0
-45 -3 28 0
-37 5 -1 0
-20 -13 -45 0
-3 30 22 0
-29 29 11 0
-35 -50 23 0
-30 -8 17 0
-15 42 35 0
-6 -17 24 0
-6 41 -3 0
10 27 4 0
-6 -46 -34 0
-14 -32 -13 0
-14 -12 5 0
-12 -41 -12 0
-29 -45 -46 0
23 -22 -23 0
-48 -29 39 0
-30 2 7 0
20 -47 -12 0
-16 39 -39 0
45 -45 14 0
34 -36 -32 0
3 -24 3 0
-41 6 -28 0
39 25 -17 0
-35 37 -24 0
-5 -46 -2 0
-35 -20 -14 0
45 8 -23 0
37 -10 20 0
36 2 -14 0
-10 -7 -8 0
48 42 -32 0
3 -19 45 0
29 35 -34 0
-48 -35 20 0
-36 25 -19 0
-43 18 -39 0
-20 10 18 0
-6 -42 -10 0
36 -29 23 0
-30 30 8 0
-1 10 -28 0
18 -27 -2 0
17 -14 -6 0
-9 -6 -29 0
-20 -43 -16 0
-39 17 18 0
32 47 33 0
20 -17 17 0
44 -36 18 0
-12 -42 42 0
-13 -27 -38 0
10 -47 -26 0
32 35 15 0
-27 31 -30 0
45 16 50 0
-1 48 -34 0
-9 47 19 0
25 47 11 0
16 -28 7 0
14 37 -14 0
-9 -3 49 0
-22 40 18 0
-18 -36 41 0
-50 41 43 0
-8 -19 -43 0
-41 7 4 0
8 -12 -8 0
-43 43 -21 0
46 43 -37 0
-44 36 24 0
-12 11 -28 0
-25 -11 -36 0
-26 9 19 0
5 3 32 0
45 -10 -33 0
-40 -25 39 0
49 -27 31 0
11 -22 -40 0
-34 46 -43 0
-13 -5 -24 0
31 -40 49 0
17 -21 49 0
-24 12 -47 0
-13 -12 7 0
-14 36 28 0
14 -17 -29 0
-3 -48 -42 0
6 4 -5 0
-29 42 -3 0
-16 12 -24 0
-46 4 37 0
-40 -2 12 0
15 -32 -7 0
46 -18 14 0
-40 -48 8 0
21 33 46 0
-34 50 45 0
-6 -15 -27 0
-49 -23 26 0
-16 10 -21 0
-1 -45 14 0
50 -43 10 0
-35 -20 -44 0
-32 -14 22 0
39 19 9 0
13 -11 17 0
-37 22 36 0
-14 4 -28 0
6 25 -33 0
-35 -47 31 0
-43 -32 25 0
2 17 20 0
38 29 -15 0
-16 -26 -44 0
50 -42 -45 0
-22 23 -5 0
-18 17 25 0
-42 18 9 0
-48 -24 -49 0
10 -31 39 0
36 27 8 0
-41 8 -17 0
-27 -28 2 0
