c CNF generator v0.9
p cnf 50 229
15 27 32 0
31 -39 -3 0
-20 38 -15 0
-40 39 27 0
5 -19 -15 0
37 10 50 0
36 4 45 0
11 27 -18 0
4 -49 37 0
21 -8 -31 0
-45 48 16 0
44 35 29 0
-17 -34 30 0
-6 10 -32 0
-48 46 28 0
19 -7 46 0
16 -46 -36 0
-11 -49 -30 0
20 -40 29 0
4 18 -46 0
-43 -15 -47 0
48 -8 4 0
-14 -4 -43 0
-36 16 -6 0
-26 -3 -6 0
23 26 21 0
-3 -21 -27 0
42 -44 -34 0
4 45 41 0
-39 23 21 0
-40 -35 46 0
-20 32 -38 0
7 23 -22 0
12 -34 40 0
-31 35 -23 0
-4 -24 1 0
-47 45 23 0
-10 19 41 0
7 3 24 0
-21 33 -42 0
34 50 19 0
16 -50 13 0
35 5 -45 0
21 -37 33 0
-16 40 -5 0
32 -39 -5 0
20 -22 34 0
12 -11 -9 0
-34 44 -35 0
-34 12 16 0
-4 -1 10 0
-28 -36 22 0
-45 -10 -34 0
20 9 18 0
-33 44 31 0
-4 12 -19 0
-19 -40 -44 0
32 38 -2 0
-3 -34 10 0
44 14 -36 0
-41 -18 -6 0
48 -42 33 0
34 -44 -25 0
-38 -46 19 0
31 -22 8 0
15 -39 48 0
33 37 -13 0
49 -5 47 0
20 49 -47 0
-21 34 35 0
-7 35 -22 0
12 -2 -35 0
18 33 -3 0
11 9 -36 0
-31 -17 -49 0
-48 24 18 0
36 20 45 0
-3 37 12 0
-21 -50 34 0
13 -50 45 0
48 21 40 0
-21 -35 36 0
-4 -4 38 0
13 -33 35 0
-15 -27 15 0
-27 17 36 0
-32 -43 -45 0
-17 17 35 0
-47 -2 38 0
21 46 -4 0
-4 -32 41 0
2 -39 32 0
-16 -24 -36 0
-10 -45 3 0
38 12 15 0
2 -8 -26 0
47 -48 16 0
-24 4 17 0
10 -37 19 0
43 38 10 0
8 -24 -33 0
-1 9 18 0
-22 35 7 0
-46 -34 9 0
-9 -33 -22 0
-38 25 -27 0
14 -8 44 0
-3 -49 -46 0
-30 -44 13 0
-31 -48 7 0
39 -1 40 0
-20 -30 -10 0
-39 -2 -23 0
-30 26 14 0
-40 -11 40 0
-27 -32 -31 0
31 39 22 0
-36 18 -45 0
-15 -27 -27 0
-17 12 29 0
6 -22 30 0
-2 32 4 0
24 19 -36 0
40 -13 3 0
-36 1 31 0
-44 -44 -41 0
-10 34 15 0
-27 -36 -13 0
-47 -22 -44 0
19 38 34 0
48 48 17 0
8 39 30 0
-5 26 10 0
10 31 -22 0
-34 -23 35 0
25 -19 -29 0
7 -30 -50 0
47 6 13 0
42 -48 -20 0
12 -48 7 0
-24 -7 -17 0
-36 -38 10 0
-6 -35 25 0
21 -19 -27 0
40 6 -14 0
-44 -15 -42 0
-28 -22 30 0
6 38 20 0
-11 -6 12 0
10 9 -29 0
-39 27 32 0
9 -49 -25 0
-9 -5 11 0
-12 10 7 0
-38 15 41 0
50 12 44 0
-16 48 13 0
-9 45 37 0
44 4 -19 0
-3 -8 32 0
6 -34 38 0
5 7 43 0
29 37 -10 0
8 -31 35 0
-5 -50 7 0
-42 8 11 0
-8 -3 -14 0
-12 44 25 0
12 -24 13 0
7 -42 13 0
47 -18 -9 0
-5 13 36 0
-33 19 9 0
4 33 -17 0
42 9 6 0
6 -1 16 0
15 -35 32 0
1 -46 -36 0
-27 -28 11 0
33 47 -45 0
43 -49 -30 0
-38 -30 -28 0
-22 -3 -21 0
-32 5 -43 0
20 -27 -50 0
23 -31 40 0
13 17 -46 0
47 -22 -40 0
29 -24 46 0
40 33 -40 0
-24 50 -7 0
17 38 -3 0
20 40 -21 0
-44 22 -21 0
26 14 -4 0
-4 -16 -28 0
-12 2 -50 0
-8 -26 -3 0
34 11 -1 0
-15 14 41 0
20 37 41 0
-8 -38 30 0
-41 -31 -43 0
49 -37 24 0
-48 -24 -48 0
-19 -22 38 0
12 -14 -28 0
24 -6 27 0
-44 13 -19 0
-29 27 21 0
-39 45 -46 0
6 -22 -42 0
-13 31 8 0
6 -25 49 0
-38 40 -50 0
-21 20 -23 0
39 -26 28 0
-11 -29 -15 0
-26 -28 -17 0
-17 -3 -43 0
-10 50 -45 0
17 38 -2 0
-31 -16 1 0
22 41 -18 0
-1 -12 -44 0
12 -17 44 0
17 34 -29 0
4 48 -47 0
9 39 -45 0
