c CNF generator v0.9
p cnf 50 229
12 -38 25 0
24 -28 -17 0
27 -32 7 0
47 -16 -34 0
-41 -36 34 0
15 -30 -45 0
39 -41 -28 0
1 -24 -3 0
-7 -11 37 0
-49 40 22 0
-42 -4 -12 0
-37 14 6 0
-37 17 13 0
33 25 -36 0
-19 48 15 0
47 -46 -41 0
-35 -37 -3 0
47 6 -33 0
27 49 9 0
-20 8 35 0
-34 -35 38 0
-41 -14 41 0
44 -13 26 0
-21 39 15 0
-49 24 -20 0
-37 49 9 0
26 -24 49 0
22 -37 -1 0
-11 -31 -1 0
47 -32 30 0
-36 40 39 0
10 -20 9 0
-38 32 -47 0
32 -15 41 0
39 24 -7 0
-27 -3 18 0
-43 2 47 0
38 12 -48 0
-45 -21 34 0
-24 44 25 0
18 -37 -23 0
-46 -37 -4 0
-40 42 -13 0
-12 -47 -3 0
-23 -14 3 0
47 3 -10 0
-26 46 11 0
38 41 -45 0
-15 19 30 0
47 -19 -30 0
-3 -41 35 0
-24 47 -29 0
-24 37 -32 0
20 11 -47 0
-31 36 -22 0
34 24 -7 0
8 -43 -29 0
-10 36 21 0
42 36 -34 0
36 44 23 0
-26 -9 -26 0
21 -6 -31 0
21 22 33 0
25 -14 -38 0
-40 -8 8 0
2 14 31 0
-50 6 4 0
-32 -27 5 0
-4 7 -5 0
28 -37 -41 0
-39 -26 -6 0
40 23 -13 0
21 -42 35 0
-39 -8 -21 0
49 -40 -4 0
27 27 -17 0
-12 -20 41 0
-47 47 -9 0
40 3 -31 0
-33 6 -45 0
-41 40 38 0
32 -43 28 0
32 -14 -10 0
-21 -3 42 0
1 -23 17 0
-20 21 28 0
-50 -21 -34 0
-19 13 49 0
-37 24 14 0
39 -23 47 0
-43 26 -46 0
-30 -27 -33 0
-11 -29 15 0
37 -5 -22 0
29 -5 -33 0
-3 -12 24 0
4 -2 46 0
-32 24 10 0
-17 -37 12 0
15 15 -20 0
-25 -21 -14 0
-32 -18 -35 0
-39 -3 34 0
19 -41 17 0
2 12 -21 0
-2 48 21 0
36 -24 8 0
13 -33 -2 0
7 39 45 0
38 30 31 0
-42 -26 -9 0
-15 41 27 0
41 -19 25 0
8 -12 42 0
-4 -6 -2 0
39 -38 45 0
-12 -50 11 0
-50 38 47 0
1 40 -33 0
3 5 2 0
2 16 29 0
46 3 42 0
19 22 -31 0
-40 14 41 0
-20 -15 -50 0
-49 27 -47 0
-32 49 43 0
46 10 -43 0
-20 -45 -43 0
42 22 -18 0
31 -14 38 0
14 -44 -17 0
-44 18 -16 0
20 19 38 0
46 2 50 0
-49 -48 -12 0
11 7 -16 0
38 23 9 0
37 -2 25 0
30 27 -10 0
-20 38 45 0
39 -12 26 0
14 -14 38 0
-9 -4 40 0
-23 22 33 0
25 36 15 0
-4 21 -31 0
8 -24 -50 0
15 -25 38 0
-12 31 6 0
23 28 29 0
45 48 17 0
33 -44 42 0
-24 -35 -48 0
-23 32 -19 0
18 -43 11 0
-25 -50 6 0
-25 -15 27 0
19 2 45 0
2 4 -35 0
-10 -18 44 0
19 -31 -47 0
34 -31 27 0
28 -24 19 0
23 -7 48 0
29 42 -44 0
-46 40 19 0
-12 4 -4 0
11 21 -20 0
26 -41 -43 0
-49 36 -15 0
-25 35 1 0
-37 33 -32 0
-28 46 14 0
20 42 12 0
42 21 48 0
-14 -30 -27 0
40 -32 30 0
-44 12 -11 0
41 32 -14 0
42 40 -3 0
13 -2 -29 0
14 -10 49 0
-5 -32 45 0
8 21 4 0
-8 -15 -41 0
44 42 39 0
17 44 4 0
50 10 17 0
-8 -49 -49 0
50 24 24 0
41 6 7 0
-31 27 -19 0
-41 -31 -10 0
-46 -29 2 0
31 21 -21 0
6 -34 38 0
-42 45 49 0
29 -43 -9 0
-1 -13 -20 0
2 42 20 0
-49 -13 11 0
-27 -34 17 0
-22 20 -32 0
-42 -34 -26 0
-34 -32 22 0
50 -44 19 0
31 11 -45 0
-4 50 -17 0
-35 -40 -21 0
48 8 -4 0
-3 -9 47 0
-45 18 32 0
-40 5 -41 0
6 39 34 0
-22 36 -45 0
10 -23 -31 0
-48 45 -1 0
39 5 -9 0
-49 -20 44 0
13 -10 -49 0
-50 -34 -8 0
-50 -42 -17 0
34 29 -49 0
7 16 -14 0
4 5 47 0
-1 -26 27 0
17 20 48 0
-35 24 8 0
