c CNF generator v0.9
p cnf 50 229
19 -21 50 0
1 -50 -7 0
-23 36 17 0
-44 44 31 0
4 40 -22 0
-4 4 36 0
3 43 -27 0
11 11 32 0
13 1 -10 0
-17 36 24 0
-41 33 -48 0
-38 -41 34 0
-18 -3 -10 0
5 -23 11 0
-11 30 -3 0
-13 11 -1 0
5 -23 14 0
16 -30 30 0
32 47 40 0
50 -22 5 0
2 -49 -13 0
13 15 21 0
-26 45 6 0
-42 42 -5 0
-34 20 -2 0
-23 31 33 0
-15 -44 -25 0
-4 32 34 0
-6 -30 30 0
14 45 -47 0
-7 35 36 0
-36 -36 -38 0
-4 8 -38 0
-9 -40 -28 0
28 39 20 0
41 -28 -39 0
-4 -6 30 0
-44 26 -5 0
33 32 -35 0
-46 -26 -41 0
-17 28 22 0
-44 11 43 0
25 30 7 0
45 16 14 0
12 -26 36 0
7 29 -10 0
-50 -14 -21 0
-9 38 27 0
30 45 -13 0
18 41 -16 0
46 -48 44 0
39 19 22 0
5 -48 -8 0
45 -40 -45 0
-35 50 -50 0
4 -36 -15 0
-18 11 24 0
32 -2 14 0
-1 29 -5 0
-8 25 -16 0
-18 -18 12 0
35 40 -33 0
-46 9 -6 0
-33 8 50 0
-37 -4 1 0
11 25 -44 0
38 -1 -50 0
-17 49 46 0
-27 -35 12 0
-45 15 -15 0
35 33 -37 0
-46 49 2 0
5 28 -43 0
-24 -1 -22 0
13 36 -1 0
38 26 32 0
33 -15 -21 0
-6 50 14 0
-34 32 -9 0
11 -11 -31 0
27 -11 2 0
-27 -43 25 0
-1 4 -35 0
-12 -30 27 0
6 -39 -49 0
39 30 21 0
40 -4 47 0
-3 -48 -34 0
-30 10 -19 0
-50 46 26 0
-14 -43 -31 0
-13 41 10 0
-3 11 20 0
29 -49 -36 0
-24 30 27 0
23 -9 -15 0
38 47 33 0
-27 -7 -6 0
7 5 15 0
22 -28 -8 0
30 -32 -8 0
-11 -41 29 0
-25 -34 25 0
38 -8 -41 0
-29 36 47 0
27 -22 -9 0
-5 34 4 0
39 47 13 0
6 42 -10 0
-22 41 -28 0
-9 -10 -15 0
-34 45 45 0
-24 25 38 0
-19 14 -25 0
15 -37 -17 0
-4 -27 43 0
25 -20 -29 0
37 -12 41 0
-3 -13 -13 0
-21 -10 13 0
-12 -20 -48 0
45 2 35 0
-17 50 20 0
-19 44 12 0
-32 -16 -26 0
45 -34 -44 0
23 20 -43 0
20 15 -5 0
40 -9 -1 0
37 9 -26 0
-17 18 21 0
34 -8 1 0
-39 -5 -32 0
38 -15 -27 0
-13 37 30 0
9 19 -23 0
2 50 3 0
-6 4 -36 0
41 36 18 0
14 -33 9 0
-7 13 1 0
-7 30 -23 0
-3 -34 -28 0
46 5 -27 0
-28 29 21 0
-46 -18 14 0
-30 29 -37 0
-2 -45 15 0
24 -31 -10 0
38 34 -8 0
8 23 11 0
6 -26 -42 0
-19 -15 -13 0
7 44 -30 0
10 34 -3 0
-44 -49 -24 0
-42 11 4 0
-43 45 13 0
41 33 34 0
-1 -22 -42 0
-35 -17 28 0
2 3 -40 0
26 -21 -37 0
16 -38 36 0
-21 4 -47 0
-43 25 7 0
1 23 -10 0
32 2 -10 0
-38 -50 -27 0
-9 -22 31 0
-33 -10 -39 0
23 13 48 0
-25 15 -26 0
15 31 34 0
-36 -49 -1 0
43 -19 -14 0
-43 37 -37 0
-47 -10 -50 0
6 -45 15 0
-6 50 -33 0
-38 -6 8 0
-20 17 -30 0
-23 17 2 0
19 -20 29 0
-23 -11 -2 0
-14 40 27 0
-30 -43 50 0
-36 13 -5 0
-3 20 -36 0
35 -44 -3 0
30 -6 46 0
49 -49 -12 0
-37 19 22 0
-44 45 -18 0
-44 -24 -49 0
28 -27 17 0
-32 30 30 0
-42 40 -21 0
39 -16 11 0
-13 -32 38 0
-11 -26 -7 0
36 -24 -3 0
18 -41 18 0
48 35 1 0
40 -32 -15 0
2 -31 -1 0
-10 12 35 0
-7 -33 6 0
11 4 -44 0
50 46 -21 0
3 -1 49 0
7 -20 42 0
33 -46 7 0
39 43 31 0
-14 -28 43 0
18 21 4 0
-32 -17 31 0
38 -32 -22 0
1 43 -39 0
-3 -9 50 0
-12 15 24 0
28 41 -43 0
-31 -19 -33 0
-1 16 -6 0
-45 47 37 0
41 -25 -16 0
-6 -8 1 0
4 -3 -30 0
-27 -5 28 0
