c CNF generator v0.9
p cnf 50 229
40 -13 49 0
24 -9 33 0
21 -13 -2 0
31 -17 10 0
9 -39 4 0
-47 10 10 0
6 15 -41 0
47 33 -17 0
18 32 46 0
44 49 -28 0
15 49 -5 0
-8 -9 37 0
21 1 -17 0
-21 19 -27 0
-11 -49 47 0
37 -12 -14 0
14 -33 -30 0
-47 -46 23 0
34 35 28 0
32 1 -36 0
-21 -8 -28 0
7 48 -37 0
-42 -48 7 0
-38 15 32 0
10 33 24 0
-5 -42 15 0
-1 -25 -17 0
-12 44 23 0
-24 -39 -29 0
6 -33 12 0
27 -29 -14 0
22 -7 35 0
3 -8 -34 0
-47 22 -24 0
-36 -38 -17 0
33 -41 24 0
31 -16 16 0
32 18 -31 0
-27 -9 -23 0
46 2 -46 0
7 -38 24 0
-45 30 -32 0
-44 39 -23 0
-47 27 -44 0
17 2 -20 0
7 40 24 0
16 -19 18 0
-10 13 45 0
-25 -44 -30 0
12 11 -24 0
17 -2 -22 0
49 50 45 0
8 -19 22 0
-29 -26 27 0
43 48 49 0
-49 -42 -28 0
19 -16 35 0
-40 25 -39 0
-34 9 8 0
49 -33 26 0
50 5 27 0
-8 37 -19 0
-33 -47 3 0
12 41 -2 0
-26 -44 45 0
-11 -50 28 0
-34 -29 33 0
-46 3 -43 0
22 18 -29 0
-40 30 -29 0
-33 -33 -17 0
-38 -17 8 0
6 -22 -5 0
-1 42 -7 0
-17 44 44 0
-16 33 -41 0
-10 -43 29 0
38 -14 7 0
18 -24 -7 0
40 8 -26 0
25 -50 -39 0
13 -40 49 0
-46 32 37 0
-8 -5 43 0
-46 29 17 0
29 30 -39 0
49 -28 25 0
18 -14 -30 0
-7 -22 -46 0
-27 9 7 0
-40 48 -13 0
30 19 -28 0
7 22 -49 0
33 23 -1 0
31 40 -5 0
-20 23 -44 0
-34 -11 30 0
16 -1 23 0
-36 15 10 0
1 19 49 0
48 21 17 0
42 -40 -14 0
-34 -7 21 0
33 -23 -47 0
34 -46 25 0
-10 -20 24 0
15 15 -11 0
7 -34 -10 0
-20 -32 -41 0
-7 24 -44 0
23 16 4 0
18 -43 50 0
-30 14 -9 0
-4 30 16 0
-46 4 12 0
-37 44 7 0
14 -45 41 0
8 18 33 0
-39 -25 -35 0
13 -3 -38 0
8 -27 36 0
-20 5 5 0
22 14 -41 0
4 30 -7 0
20 -13 -27 0
14 1 38 0
10 -12 -31 0
-22 -37 35 0
-35 31 33 0
13 2 31 0
30 -50 -49 0
28 39 -18 0
26 15 -17 0
-42 -50 45 0
5 -17 -11 0
21 -19 -1 0
-5 26 31 0
34 -43 10 0
-18 19 1 0
48 29 -49 0
41 42 -34 0
42 -3 29 0
-14 42 1 0
48 4 -33 0
-24 -3 -23 0
-38 -21 -9 0
-29 -10 -1 0
49 11 -37 0
-12 12 14 0
26 -1 16 0
-43 24 -15 0
34 -49 -24 0
-32 -23 45 0
28 42 -34 0
-25 13 -40 0
-41 46 34 0
-45 -44 -17 0
-25 -17 -47 0
-40 -14 -20 0
-49 -6 -24 0
19 3 33 0
-46 46 46 0
24 48 20 0
44 -41 -50 0
28 -26 9 0
-40 -30 -24 0
-48 35 37 0
-38 24 -46 0
21 -16 -37 0
32 -17 23 0
-14 14 -16 0
23 -39 -27 0
24 -22 -29 0
-34 41 2 0
50 16 48 0
-44 -39 -15 0
-13 27 -26 0
-25 -25 -46 0
49 36 30 0
24 -20 31 0
-16 1 -23 0
-26 -9 -46 0
11 -2 -11 0
-20 -10 29 0
-47 -22 20 0
-37 18 -46 0
-17 -10 -35 0
-12 -8 19 0
6 -34 50 0
-9 -14 40 0
13 -5 -15 0
-50 -50 -32 0
-7 -39 -26 0
-39 -8 -30 0
30 9 11 0
-18 -31 -43 0
6 38 -47 0
-49 -11 -27 0
-2 31 -37 0
-5 44 19 0
39 -24 49 0
-24 26 4 0
28 2 -24 0
10 28 -30 0
33 18 41 0
-4 36 -10 0
-36 28 -4 0
-41 -17 -24 0
41 -42 -26 0
-24 -25 -41 0
-40 -19 -39 0
-42 -48 28 0
18 -28 8 0
6 -40 15 0
23 -31 -32 0
9 -3 31 0
25 -8 -5 0
43 41 47 0
16 39 -39 0
27 18 -44 0
7 -8 -11 0
16 38 -12 0
-46 30 17 0
-3 -22 -36 0
45 -31 -2 0
33 19 -9 0
40 -46 26 0
19 12 8 0
36 28 1 0
