c CNF generator v0.9
p cnf 50 229
-48 -27 -40 0
-48 -50 -22 0
-3 5 29 0
43 7 -9 0
29 39 33 0
-29 21 33 0
-14 -45 -12 0
7 22 -16 0
-24 5 3 0
-22 24 -26 0
-20 -17 -5 0
-32 23 -9 0
-30 -27 43 0
33 -2 -37 0
22 -4 -44 0
42 -40 42 0
48 36 12 0
-12 -46 38 0
-27 -50 49 0
-37 31 -31 0
36 -11 -13 0
35 -26 -27 0
44 8 12 0
7 -1 -24 0
39 20 22 0
-15 -19 34 0
30 -24 1 0
38 -24 15 0
50 -26 -40 0
6 32 -34 0
2 13 -8 0
-18 3 17 0
-20 42 13 0
-6 48 22 0
-12 -47 50 0
-36 -47 50 0
-18 -29 39 0
24 19 22 0
-24 26 -44 0
6 -25 13 0
14 -3 43 0
-42 -13 44 0
-44 -18 47 0
36 12 -9 0
-16 22 12 0
-12 -6 -19 0
29 -21 -49 0
14 21 -26 0
-40 22 38 0
47 -26 -3 0
17 12 5 0
-41 35 -28 0
-34 39 27 0
14 1 3 0
-26 39 -49 0
5 8 41 0
-43 -47 -33 0
11 21 -12 0
-21 9 48 0
-4 -9 42 0
41 -11 -10 0
-34 -19 -5 0
-10 8 17 0
37 46 11 0
4 -3 -7 0
26 5 -2 0
-37 -23 49 0
-28 -25 -28 0
48 12 35 0
26 -16 -30 0
-43 41 29 0
-14 16 -25 0
-29 -1 24 0
40 -43 23 0
41 -21 4 0
42 -41 21 0
30 -3 11 0
-2 25 -39 0
-41 16 28 0
18 -9 26 0
-12 -12 -12 0
-43 -24 -38 0
-21 34 -24 0
-24 23 30 0
-1 -47 -26 0
-8 -6 -28 0
35 -8 50 0
18 -46 32 0
7 18 20 0
-19 29 39 0
34 13 -42 0
17 9 -50 0
17 3 17 0
-12 -4 15 0
-2 -1 34 0
-23 -2 47 0
-44 -24 -2 0
-41 -49 -34 0
-47 -15 -9 0
43 -6 27 0
-35 15 -50 0
5 -22 -25 0
32 -50 28 0
46 43 26 0
5 38 -46 0
35 -44 -7 0
25 28 26 0
28 32 30 0
-2 -41 -46 0
-41 -45 -49 0
-5 -9 -7 0
39 -35 -4 0
32 -22 13 0
17 9 -45 0
31 -40 -13 0
8 -47 32 0
8 31 35 0
49 49 8 0
45 -3 -17 0
23 -23 -5 0
28 -16 -9 0
-28 7 1 0
-29 -34 32 0
-30 32 24 0
-28 -28 34 0
47 -15 42 0
47 -18 -7 0
48 -2 -47 0
-7 47 37 0
-23 -44 6 0
14 12 48 0
-30 32 17 0
-38 -46 40 0
38 -37 -28 0
-17 -17 49 0
-8 -36 24 0
-4 -10 7 0
23 -23 46 0
-26 8 24 0
13 15 14 0
-50 20 -6 0
27 -47 45 0
-9 -8 -30 0
-33 -7 -38 0
45 -48 27 0
4 46 27 0
-4 43 32 0
-12 -31 26 0
-35 -11 -10 0
38 -6 22 0
-14 14 43 0
30 23 -4 0
-27 -2 -48 0
26 19 -17 0
-16 12 -50 0
-26 -40 -50 0
-2 15 39 0
5 5 5 0
-19 -7 46 0
-26 36 -33 0
37 32 -2 0
-24 -29 -13 0
-45 -6 2 0
-25 13 -3 0
-7 38 45 0
24 -1 -33 0
-2 41 2 0
4 -40 -21 0
-8 -9 -7 0
6 -6 -5 0
15 23 -4 0
43 -35 -22 0
2 22 -15 0
15 23 26 0
-6 2 4 0
30 9 26 0
18 -33 -42 0
-15 -3 16 0
24 -9 -21 0
-4 49 10 0
-7 -14 31 0
33 29 2 0
20 10 36 0
37 43 -23 0
8 13 14 0
-41 -21 29 0
26 -17 43 0
-48 -44 -42 0
-11 -47 29 0
-23 26 -9 0
-24 -37 -36 0
31 28 -44 0
6 -27 5 0
-40 -4 -1 0
-29 -19 1 0
20 11 -47 0
-38 -5 34 0
15 -28 46 0
-42 -22 -15 0
-42 -9 14 0
40 8 4 0
37 45 -44 0
-14 -21 16 0
-4 20 -28 0
26 -44 43 0
-7 -13 46 0
47 17 -23 0
8 -35 -49 0
8 23 -16 0
3 -41 -40 0
-46 28 -49 0
1 35 -18 0
-26 -36 -33 0
14 -37 22 0
33 -23 -28 0
2 31 -7 0
10 9 25 0
-34 20 17 0
-43 47 -19 0
19 -6 -8 0
-22 -28 33 0
3 -21 -14 0
-22 -8 14 0
-9 44 -48 0
35 43 27 0
39 11 -14 0
-4 -18 38 0
-8 -43 50 0
45 1 -41 0
