c CNF generator v0.9
p cnf 50 229
-37 25 -8 0
19 17 5 0
-42 -50 -13 0
17 -44 -23 0
-15 -50 -14 0
-11 45 -45 0
-12 21 38 0
28 -7 14 0
-11 8 -17 0
45 20 5 0
-49 -24 31 0
-22 -22 1 0
44 -7 -15 0
7 -42 34 0
36 -13 -5 0
-40 -49 -27 0
32 42 2 0
45 -29 -47 0
-12 -31 46 0
8 47 17 0
-11 9 -6 0
-18 9 48 0
41 20 21 0
39 -12 20 0
-14 -39 22 0
-30 -42 33 0
46 13 31 0
-33 44 23 0
30 -3 13 0
14 13 -28 0
-30 9 18 0
5 -32 -42 0
24 -8 -47 0
46 6 -42 0
-2 -35 39 0
-45 24 28 0
-2 -8 3 0
33 -24 -15 0
-45 -34 -45 0
38 -14 35 0
49 -40 30 0
18 13 6 0
-31 -10 -40 0
4 22 -17 0
8 -14 -19 0
-50 -3 24 0
-24 45 50 0
-21 24 -30 0
-31 -36 -48 0
-36 -18 -43 0
27 -25 35 0
-9 -15 36 0
17 18 -50 0
29 43 -46 0
4 35 -13 0
2 6 44 0
49 -8 -37 0
13 -10 -24 0
2 -22 45 0
45 -43 11 0
11 35 21 0
-44 -21 35 0
-22 43 38 0
11 -33 1 0
-36 40 31 0
-18 -17 41 0
11 19 -7 0
31 43 12 0
-19 21 -35 0
-37 12 -47 0
6 32 50 0
-9 42 -4 0
25 36 45 0
-34 -12 -45 0
-38 24 -31 0
-24 -23 -25 0
35 16 -23 0
-17 7 -15 0
-32 49 18 0
-26 -48 43 0
-50 46 48 0
37 -22 2 0
-22 -20 33 0
-11 46 33 0
17 -11 12 0
-17 10 -34 0
37 28 -49 0
29 41 -35 0
-28 47 8 0
30 -24 -40 0
23 -4 -47 0
5 -31 10 0
49 -24 -31 0
38 30 30 0
6 6 37 0
42 -37 32 0
45 9 -35 0
-15 43 26 0
-14 3 34 0
27 -17 25 0
49 23 50 0
31 -9 -27 0
-31 41 21 0
38 -21 -28 0
17 -49 11 0
38 48 -16 0
-25 21 -40 0
-27 -21 -43 0
32 -1 -9 0
43 9 25 0
-22 5 -43 0
15 31 8 0
-34 28 -30 0
-35 32 -19 0
-37 -30 -16 0
12 -39 21 0
-15 -3 40 0
-16 18 -2 0
18 4 15 0
-50 -20 11 0
-1 -5 -47 0
34 -2 -15 0
10 35 -25 0
6 13 -32 0
-41 -11 43 0
30 27 33 0
6 11 3 0
40 18 17 0
-41 37 36 0
-14 36 35 0
-2 -29 -45 0
-4 42 -40 0
22 36 48 0
21 -2 34 0
-24 4 -28 0
-3 9 18 0
37 -37 34 0
44 36 -41 0
-22 -7 23 0
38 -29 45 0
6 23 16 0
14 -33 34 0
48 -26 33 0
-17 21 42 0
39 -48 -1 0
-42 -43 26 0
9 45 -12 0
8 -30 12 0
-45 18 -24 0
2 23 49 0
-29 43 -42 0
25 -30 -20 0
-3 37 -31 0
5 -38 -33 0
33 -22 -39 0
24 49 33 0
-31 39 -39 0
12 36 -14 0
14 6 6 0
1 38 48 0
35 -44 42 0
39 8 12 0
-43 -3 37 0
-4 25 5 0
13 45 40 0
-10 6 -35 0
-42 -27 -49 0
-9 36 42 0
20 -22 36 0
12 47 40 0
39 -8 -5 0
-30 -43 -33 0
-39 20 -14 0
-34 -27 -17 0
-38 -23 -20 0
39 22 40 0
-42 3 -36 0
-24 -26 22 0
-13 -5 -18 0
44 25 40 0
22 -48 -7 0
-6 -47 23 0
-48 -41 10 0
-50 -2 -35 0
-2 -32 33 0
44 38 40 0
44 -30 -45 0
-40 43 28 0
47 -34 -14 0
50 -16 40 0
-25 40 -46 0
-25 -26 12 0
35 15 45 0
-42 16 44 0
-27 28 -8 0
3 42 -30 0
1 -29 3 0
-14 -38 -12 0
-11 -4 -45 0
7 -28 -19 0
-14 32 28 0
-49 -36 -39 0
-2 -8 -42 0
33 -33 -10 0
-26 9 37 0
35 -24 -40 0
29 -18 -49 0
37 -8 -24 0
21 -13 -28 0
9 6 40 0
-6 1 -48 0
30 26 39 0
-19 -3 41 0
-38 -2 28 0
-26 -33 46 0
-23 -36 -8 0
50 -3 35 0
23 44 -34 0
-9 38 46 0
-2 -27 -29 0
-37 -29 6 0
-12 43 25 0
-31 -38 -10 0
49 -40 10 0
37 -8 20 0
15 -42 -27 0
30 -4 -11 0
37 -3 20 0
-43 49 47 0
