c CNF generator v0.9
p cnf 50 229
-39 20 29 0
21 45 -16 0
37 -43 -39 0
36 20 14 0
-7 -44 47 0
-11 2 50 0
-38 24 19 0
-34 17 16 0
-6 23 -42 0
-8 -32 21 0
-29 18 38 0
-4 14 2 0
-9 2 -8 0
16 17 6 0
17 -46 -17 0
-23 -38 10 0
50 30 32 0
-50 -2 -16 0
22 21 35 0
27 -22 -35 0
-27 46 -21 0
-30 20 9 0
-14 12 8 0
46 -15 -38 0
-44 43 25 0
-38 -16 -42 0
16 17 12 0
18 19 13 0
-27 -40 -10 0
-43 26 -31 0
-8 -50 -31 0
7 44 18 0
-23 47 -12 0
-34 -46 28 0
2 -48 -25 0
37 47 20 0
18 -27 43 0
30 -36 49 0
9 44 -14 0
-31 -32 -46 0
-9 34 19 0
-4 -25 44 0
1 -38 19 0
4 4 -22 0
4 23 24 0
35 6 -40 0
19 6 27 0
24 29 -5 0
30 15 -30 0
-33 -3 43 0
32 -35 -37 0
47 -44 13 0
-26 10 -44 0
35 19 -8 0
26 2 -32 0
-9 -32 -5 0
42 50 -40 0
-43 17 18 0
41 1 -29 0
-14 -13 34 0
-1 -31 40 0
-30 19 -49 0
23 5 23 0
-13 6 48 0
49 13 -27 0
40 -41 34 0
-36 1 32 0
-31 -5 36 0
-50 39 -47 0
-45 25 -15 0
30 -45 -36 0
-20 45 3 0
-34 48 -42 0
-12 -6 23 0
-44 -30 -49 0
32 -19 -20 0
-38 46 23 0
10 -46 -18 0
-2 -18 45 0
-21 -19 -46 0
22 -10 -39 0
36 37 43 0
17 -31 -2 0
7 -36 -34 0
24 23 44 0
21 -7 41 0
-40 -38 -32 0
-39 -10 12 0
-49 -5 -30 0
-19 42 13 0
42 34 32 0
27 -8 -4 0
-8 38 -8 0
-48 31 -28 0
9 -24 33 0
1 -43 -36 0
41 48 21 0
3 37 48 0
-8 45 2 0
44 -16 -44 0
23 19 -40 0
2 -4 4 0
35 -21 -39 0
-9 -40 -34 0
-43 -6 9 0
12 -38 -27 0
16 25 -12 0
-23 -12 -3 0
21 -25 16 0
43 -50 38 0
9 15 -41 0
41 13 16 0
-48 11 43 0
25 48 50 0
42 33 16 0
37 30 -16 0
-15 -11 3 0
-28 -20 -35 0
-43 -38 28 0
-18 -20 -22 0
-10 21 18 0
-39 4 -37 0
-43 -39 -38 0
-13 -28 39 0
-13 -31 -2 0
-23 -22 48 0
-7 -7 26 0
-19 38 -10 0
1 -50 20 0
7 42 -6 0
-47 41 24 0
37 35 -12 0
2 -45 50 0
9 14 15 0
-27 25 5 0
-48 -40 -13 0
-44 -38 40 0
21 11 -37 0
2 -47 41 0
10 -49 -14 0
-42 -11 -34 0
14 35 30 0
-4 -18 -1 0
10 21 42 0
8 -44 34 0
-45 30 -30 0
-27 19 -43 0
-10 23 20 0
38 30 7 0
-33 7 50 0
-21 -33 -44 0
-17 25 -1 0
-2 -2 -49 0
7 50 -28 0
49 -34 15 0
-32 -8 35 0
-46 15 -35 0
9 -6 10 0
33 -16 14 0
27 47 -36 0
31 40 8 0
42 -22 40 0
-7 34 1 0
-38 41 -21 0
-41 -17 29 0
-37 1 -4 0
-14 -33 -27 0
37 36 42 0
-29 26 -40 0
-9 -5 39 0
3 34 13 0
-46 -18 -7 0
33 -30 -25 0
-41 33 24 0
-43 -41 -4 0
22 25 -38 0
7 -2 35 0
35 47 -25 0
-14 -38 -39 0
44 -22 44 0
-33 -42 3 0
2 32 -34 0
20 -43 -11 0
-20 4 5 0
-31 -6 41 0
39 39 3 0
-46 13 -7 0
-44 3 -2 0
-35 7 -5 0
-47 -10 44 0
-47 13 -20 0
-11 -16 -14 0
-26 12 -20 0
-23 -14 44 0
31 -37 46 0
33 -31 13 0
-28 36 -28 0
26 -10 15 0
-42 31 24 0
45 -25 35 0
5 -4 11 0
-44 -49 18 0
-39 -8 29 0
-6 -18 -12 0
46 18 10 0
36 33 -35 0
18 -43 48 0
11 -41 -7 0
-43 -15 12 0
-43 27 11 0
-37 44 -14 0
-37 2 28 0
-38 8 -3 0
13 23 -23 0
-4 14 -27 0
36 -10 34 0
16 2 -20 0
-16 7 12 0
-2 33 -5 0
-10 -31 26 0
-26 40 3 0
37 29 -18 0
-7 31 -33 0
-9 50 -37 0
-50 -14 42 0
-10 -44 -19 0
-48 -12 -42 0
-24 1 2 0
-39 46 41 0
