c CNF generator v0.9
p cnf 50 229
24 33 17 0
26 42 -23 0
-30 34 -16 0
38 -1 1 0
-27 37 25 0
-17 4 -47 0
-33 48 -42 0
-50 -37 22 0
-50 -5 -3 0
-2 29 -31 0
-12 -9 -7 0
-22 -4 47 0
-16 -24 32 0
-49 43 -30 0
17 9 -22 0
-32 15 -34 0
42 24 -20 0
-49 -30 50 0
15 40 44 0
29 -28 4 0
-7 5 -28 0
-38 -11 44 0
-43 39 -15 0
-11 8 8 0
4 -25 -34 0
-20 18 -38 0
46 -10 16 0
48 24 -29 0
41 2 -48 0
9 7 -25 0
-49 46 2 0
20 -15 16 0
18 -25 24 0
-5 27 26 0
-12 50 -13 0
-39 20 44 0
-15 -23 40 0
5 42 -37 0
39 -33 -10 0
-20 22 49 0
47 -11 21 0
22 -43 18 0
43 -9 -44 0
-41 -1 40 0
28 43 40 0
-2 5 50 0
39 18 -18 0
-15 -2 -39 0
-48 36 -17 0
13 38 4 0
-31 -33 -32 0
-23 48 36 0
22 1 36 0
16 -12 -7 0
24 26 50 0
1 -15 25 0
33 -47 -18 0
42 39 15 0
-4 -26 -50 0
-9 20 -27 0
-10 -37 -7 0
24 18 -38 0
-6 -30 -46 0
46 8 -49 0
6 -7 23 0
-5 43 10 0
23 -17 -42 0
7 -5 -22 0
-32 -35 38 0
39 17 28 0
44 -19 -32 0
-37 27 44 0
13 32 5 0
-46 27 -47 0
-13 24 18 0
-1 -15 7 0
20 -24 14 0
-29 5 -12 0
-8 -19 17 0
41 9 -18 0
-13 35 -48 0
-2 3 42 0
-11 42 -33 0
37 31 -26 0
-30 20 2 0
-5 -24 -41 0
10 33 37 0
7 -22 44 0
26 6 32 0
25 40 -13 0
-15 21 -48 0
10 48 46 0
33 39 49 0
-37 41 -20 0
42 45 -5 0
-10 -7 26 0
-6 -49 2 0
22 -20 39 0
39 -20 -40 0
42 29 48 0
30 8 16 0
-5 43 -9 0
32 -3 -1 0
5 -32 3 0
23 -9 35 0
-47 37 19 0
24 15 17 0
-2 -34 -50 0
-16 9 -10 0
48 38 2 0
23 42 -21 0
-46 38 36 0
-50 -9 19 0
11 -23 37 0
-4 -48 15 0
12 -50 -44 0
-47 -1 7 0
31 9 38 0
26 21 -44 0
-35 25 -17 0
6 26 -34 0
29 37 -9 0
-26 -18 -45 0
15 1 -50 0
10 50 -15 0
-24 -38 1 0
-35 29 2 0
-50 42 -19 0
-28 -21 -14 0
-4 27 50 0
50 37 19 0
10 18 -6 0
3 36 -6 0
-15 25 -28 0
-34 17 9 0
29 -47 -17 0
-10 20 -13 0
-2 -16 -22 0
-8 18 -24 0
16 48 33 0
10 -26 40 0
-46 -4 -9 0
-32 33 35 0
8 24 3 0
21 38 -42 0
-46 15 20 0
-45 46 9 0
-40 -18 -5 0
-13 -14 -28 0
-50 -22 33 0
-12 -26 24 0
48 43 1 0
-6 47 38 0
22 39 -15 0
-34 -27 -29 0
14 -48 -35 0
4 -46 13 0
-25 47 -27 0
2 24 15 0
-40 -4 -44 0
-42 -24 -45 0
14 -23 -19 0
37 -50 -28 0
16 38 2 0
23 -15 10 0
-15 -38 -8 0
40 -21 18 0
-22 -29 36 0
19 -47 30 0
-4 -26 42 0
43 -48 -10 0
-3 27 23 0
-30 36 -10 0
15 32 -46 0
-19 -21 -15 0
-26 9 27 0
43 -39 34 0
-28 25 -43 0
-8 -11 45 0
47 20 -15 0
47 -5 -24 0
-39 -1 21 0
-40 -47 -42 0
47 -30 31 0
-37 -33 -49 0
1 16 -9 0
3 26 44 0
-13 -14 34 0
21 39 -41 0
-36 7 26 0
11 3 -30 0
-21 -37 -49 0
13 -4 -22 0
-36 -6 -34 0
38 50 -50 0
40 -4 8 0
-20 45 -22 0
-12 32 -28 0
16 -32 -20 0
-21 -42 -12 0
48 15 32 0
29 27 -40 0
30 -8 -50 0
10 -50 2 0
-44 -45 -46 0
-8 1 -35 0
38 -26 10 0
22 15 21 0
26 -28 7 0
-25 35 15 0
-7 21 42 0
41 -38 -37 0
13 -14 -24 0
-42 -16 39 0
-22 38 -7 0
-20 10 -9 0
-37 -37 -31 0
-16 50 -8 0
6 -20 15 0
-29 19 17 0
28 -44 -32 0
21 27 5 0
11 -25 5 0
-9 41 -39 0
21 17 -18 0
-34 -34 -27 0
3 15 35 0
8 -44 48 0
-47 -8 -43 0
