c CNF generator v0.9
p cnf 50 234
-12 17 31 0
25 41 10 0
-37 2 5 0
32 10 -15 0
-32 9 -1 0
-48 -46 -14 0
-24 35 11 0
49 21 32 0
31 32 -5 0
32 23 -5 0
17 -27 3 0
-27 41 -16 0
31 28 20 0
27 -17 -40 0
44 -42 27 0
45 7 -5 0
-12 -41 -35 0
-31 -22 -44 0
-39 1 45 0
29 -45 -3 0
42 47 -33 0
25 45 -46 0
7 28 8 0
14 -31 -7 0
-41 30 11 0
9 -22 -46 0
46 -41 -48 0
-47 5 4 0
37 49 -38 0
41 2 44 0
6 30 -31 0
-25 -14 -40 0
-44 49 21 0
3 26 32 0
-6 -24 -30 0
-8 -26 4 0
-11 21 -5 0
36 -2 5 0
-8 23 36 0
17 49 -14 0
48 -19 -12 0
27 5 -18 0
2 -10 -37 0
37 21 -44 0
15 -7 -32 0
43 -1 19 0
33 23 47 0
28 -38 38 0
27 13 -28 0
38 -45 -14 0
30 -27 23 0
-7 -27 42 0
-36 50 -35 0
14 -2 -42 0
11 -29 36 0
19 43 16 0
23 5 20 0
4 -49 -37 0
29 44 7 0
15 -24 50 0
22 -36 -6 0
48 -17 32 0
25 7 42 0
-20 -2 -12 0
-41 -14 -38 0
-39 -21 -20 0
21 7 -37 0
-8 48 -39 0
-2 42 -35 0
42 4 -31 0
12 41 34 0
29 34 -31 0
27 46 16 0
-4 -23 9 0
-43 44 30 0
-37 28 46 0
16 -20 -18 0
-18 -17 34 0
50 45 -49 0
-47 6 16 0
-42 -15 -14 0
24 -21 -21 0
-23 -48 -3 0
16 -14 -38 0
-22 33 40 0
-2 19 -22 0
-37 -20 -43 0
21 20 -31 0
-24 33 -26 0
-34 -6 8 0
20 -29 -39 0
48 -14 8 0
-6 -29 17 0
40 -17 -33 0
30 20 33 0
-37 -41 -45 0
-5 26 -19 0
-43 16 22 0
-2 10 21 0
6 -17 -18 0
36 50 25 0
37 20 -22 0
30 8 15 0
-3 -38 -25 0
-40 50 -47 0
23 -40 -16 0
18 45 -12 0
21 -47 -39 0
28 -37 16 0
-22 -20 -31 0
-30 14 30 0
-14 -41 -4 0
-3 -11 39 0
-36 -31 -15 0
4 -27 -35 0
-4 -16 47 0
8 -23 -24 0
-40 -34 -49 0
-5 -11 47 0
-31 -22 16 0
24 21 27 0
-4 10 -17 0
-37 -44 14 0
33 -31 -50 0
33 -37 -45 0
-7 -6 -22 0
-47 -37 35 0
34 17 43 0
47 3 -41 0
47 21 -42 0
-1 -15 -34 0
10 41 -28 0
-41 25 -48 0
1 34 42 0
11 -10 16 0
42 33 -10 0
-23 36 -19 0
-19 -19 16 0
-3 24 -24 0
19 22 -35 0
1 -9 -9 0
19 29 41 0
31 -22 -6 0
23 -31 -32 0
-29 -17 -19 0
50 -22 2 0
-41 -34 -40 0
-1 -6 14 0
-44 -30 -30 0
-45 13 21 0
-20 39 19 0
-23 -18 25 0
36 -29 -18 0
-20 36 -25 0
18 41 47 0
-25 -18 16 0
17 -29 36 0
-47 -44 32 0
7 -30 20 0
13 5 12 0
42 -47 -49 0
-46 -48 -5 0
-38 -8 -1 0
-17 19 -35 0
17 -20 34 0
-50 4 36 0
-35 -9 9 0
-50 13 23 0
4 10 -2 0
8 33 10 0
-12 -41 14 0
-13 9 -12 0
-43 -9 43 0
-2 -25 25 0
16 -25 -43 0
42 23 18 0
-11 -17 13 0
43 48 5 0
-22 45 36 0
39 9 -45 0
22 -35 -5 0
34 -33 -20 0
8 31 21 0
-17 14 24 0
-49 19 -6 0
-50 -50 -8 0
-47 -11 38 0
19 40 26 0
-16 8 -22 0
-8 -42 16 0
6 50 -48 0
19 -7 -20 0
-35 -36 35 0
-12 -46 5 0
-31 -27 -37 0
43 42 23 0
44 -13 -43 0
13 -7 38 0
-28 29 -6 0
-19 31 -4 0
37 28 -15 0
1 -46 3 0
18 -48 30 0
27 -50 -21 0
-18 -27 -8 0
-30 -22 7 0
-20 -22 -49 0
28 33 28 0
42 -42 9 0
2 -26 -34 0
2 45 -11 0
-41 -7 30 0
28 -7 48 0
13 10 30 0
-31 36 -37 0
-3 50 -18 0
-17 3 33 0
-37 30 -27 0
15 46 35 0
42 -39 -13 0
20 26 7 0
24 38 -18 0
4 1 47 0
-6 41 -29 0
-20 -39 -43 0
9 17 28 0
-7 -39 -35 0
12 44 -50 0
-49 18 -1 0
-34 -17 4 0
20 -40 -39 0
7 35 15 0
20 -46 12 0
16 29 17 0
