c CNF generator v0.9
p cnf 50 234
-35 -50 7 0
30 -40 -34 0
11 -36 27 0
-18 47 48 0
45 -47 33 0
-44 7 24 0
-31 -18 -24 0
-36 6 -49 0
15 -9 31 0
12 -13 -35 0
23 38 34 0
20 25 -16 0
5 4 -20 0
15 -48 -5 0
-1 11 -49 0
12 23 38 0
14 -27 -38 0
-45 11 -39 0
-30 12 -36 0
32 44 -31 0
7 15 6 0
44 50 -17 0
50 -36 8 0
-48 22 -23 0
42 -9 -39 0
9 -19 -6 0
37 -23 -13 0
-41 -34 22 0
-37 13 11 0
-31 -29 -30 0
-8 6 22 0
6 20 -5 0
-21 -13 25 0
21 -20 -45 0
41 39 -27 0
38 -17 17 0
39 -24 7 0
39 44 23 0
-23 -10 39 0
39 22 26 0
-26 21 36 0
5 18 -46 0
-3 49 -18 0
20 16 45 0
37 13 -30 0
-20 17 -38 0
-15 -17 9 0
32 27 -14 0
36 36 -17 0
-14 -15 19 0
-45 31 -7 0
7 12 -36 0
-18 -28 47 0
-47 -7 50 0
25 -46 17 0
9 21 42 0
48 40 -38 0
-50 50 30 0
-10 -3 -29 0
7 -28 -3 0
-33 39 -22 0
-30 38 45 0
-2 12 -6 0
-48 17 27 0
-36 -39 41 0
15 -38 33 0
-44 -50 -3 0
1 -28 -22 0
-50 50 40 0
32 -11 -16 0
-1 9 -38 0
21 -21 -12 0
8 -18 -22 0
-5 12 -36 0
23 -17 23 0
14 18 34 0
-19 -1 -48 0
-11 -12 21 0
-48 37 -49 0
50 -23 -23 0
20 25 40 0
-19 -33 9 0
35 43 -31 0
50 -26 -39 0
22 19 -7 0
-29 -16 -9 0
-16 -39 -6 0
30 45 -41 0
13 14 -20 0
21 -21 28 0
15 10 9 0
36 -1 50 0
-16 7 -11 0
37 -11 -29 0
-5 27 -30 0
-35 44 -21 0
-10 -10 1 0
41 -9 -40 0
-13 42 -24 0
-38 28 36 0
21 1 -35 0
-31 -8 47 0
45 14 -29 0
-38 18 5 0
26 3 -43 0
-24 43 22 0
-48 19 -27 0
-26 8 10 0
-18 -5 -4 0
45 23 8 0
38 -29 -47 0
-32 27 -29 0
27 -41 22 0
-24 22 -45 0
13 -3 -5 0
-33 -40 8 0
-45 48 1 0
-46 8 -29 0
11 22 -19 0
-29 31 -24 0
-49 43 22 0
18 13 -40 0
41 -18 -45 0
12 36 33 0
34 39 -32 0
3 42 -16 0
-5 -39 -26 0
37 35 -10 0
-25 -43 18 0
-9 23 -32 0
-42 -15 6 0
-45 -1 13 0
34 13 -32 0
-48 -26 26 0
-45 -2 -28 0
24 24 17 0
-13 9 36 0
23 25 18 0
-39 29 41 0
-1 -19 -47 0
-20 -45 43 0
9 -41 -34 0
49 37 -21 0
-24 8 10 0
46 29 21 0
-35 -45 9 0
20 -42 -43 0
-21 45 -5 0
-30 -21 9 0
32 1 20 0
50 -25 25 0
-16 45 34 0
20 -1 10 0
16 -50 27 0
-49 -20 -23 0
33 -21 6 0
-6 -16 -44 0
-14 4 -22 0
-26 42 7 0
10 -29 -47 0
16 34 12 0
-45 8 42 0
47 38 -33 0
12 -20 -16 0
29 -5 39 0
50 23 39 0
5 23 -11 0
-16 -7 27 0
14 -7 39 0
30 12 -50 0
-5 4 -19 0
34 -19 31 0
-20 -39 -29 0
-37 48 33 0
-12 25 30 0
-28 10 -30 0
25 3 -49 0
-36 5 -17 0
-44 -1 9 0
27 5 3 0
3 -15 -19 0
29 -44 31 0
-42 5 -46 0
4 -46 -23 0
35 -22 2 0
-11 46 35 0
40 -16 -33 0
50 -36 -17 0
-40 17 25 0
-36 -13 -30 0
-22 32 21 0
27 -32 -25 0
49 25 23 0
-14 49 -14 0
3 -45 -43 0
-19 -20 -17 0
48 -15 32 0
11 25 -34 0
-33 -1 -43 0
-12 -28 13 0
-31 15 28 0
-45 -30 -46 0
12 42 -6 0
33 1 -28 0
5 -50 22 0
-23 8 -17 0
-28 3 -2 0
-15 33 7 0
47 -1 26 0
32 -26 42 0
20 -2 1 0
5 50 -10 0
-26 -28 25 0
36 -12 -44 0
49 -1 -20 0
36 35 29 0
4 21 18 0
-17 16 -45 0
-32 32 -33 0
21 -3 -42 0
49 14 -1 0
5 -15 -18 0
-32 25 -50 0
46 -24 14 0
10 -19 28 0
40 -44 29 0
42 13 -19 0
50 13 -10 0
27 -3 -15 0
17 14 -14 0
20 8 44 0
-12 19 -35 0
36 -20 -14 0
-31 16 12 0
