c CNF generator v0.9
p cnf 50 234
-8 39 -7 0
-8 -31 -33 0
-37 -40 40 0
-5 -18 -35 0
-10 -11 41 0
-31 -15 36 0
12 -48 48 0
-2 48 33 0
47 -39 -7 0
21 -8 -45 0
-19 48 -39 0
44 -47 -32 0
34 18 11 0
22 -49 32 0
-14 -35 -6 0
23 31 16 0
-16 -6 -3 0
12 -13 50 0
20 -47 8 0
35 -21 -42 0
10 -13 -19 0
-17 -12 -3 0
-9 -1 -46 0
-49 -41 24 0
-48 -47 25 0
15 -5 -50 0
29 -42 35 0
25 -23 -18 0
-48 7 49 0
-43 12 13 0
32 -20 -14 0
32 22 -46 0
-20 10 -39 0
43 35 -40 0
-24 -23 21 0
-40 -22 -8 0
28 -27 24 0
-7 -44 3 0
-12 47 -2 0
37 -7 -22 0
5 -9 22 0
23 50 44 0
-24 50 -48 0
20 30 24 0
25 47 -14 0
-45 12 11 0
-41 -3 -1 0
-15 -21 -35 0
-34 48 41 0
32 45 -21 0
-35 -12 31 0
5 -25 10 0
-50 -33 -49 0
5 -4 -44 0
-8 -11 -29 0
-44 -29 8 0
-9 18 18 0
50 -2 -9 0
-14 -12 43 0
-20 -6 11 0
13 30 -40 0
7 -41 -17 0
31 -7 3 0
32 -14 43 0
-40 29 19 0
-44 -13 -47 0
35 40 7 0
-17 -40 -41 0
-14 -46 -6 0
-12 -28 -27 0
31 18 26 0
-16 -43 6 0
37 8 27 0
36 -4 -41 0
-15 29 -45 0
-45 -39 -27 0
-3 24 13 0
43 -16 25 0
1 -50 45 0
38 -45 -14 0
19 44 -29 0
-11 -48 -26 0
-4 -11 9 0
44 -21 1 0
-39 -12 18 0
-43 27 19 0
46 -6 -8 0
-2 -17 46 0
-45 -48 -31 0
25 3 2 0
-26 48 -16 0
-31 28 -38 0
24 9 -38 0
-6 8 39 0
-21 12 -16 0
-43 12 -29 0
8 -3 -5 0
-9 22 36 0
33 27 40 0
16 28 -2 0
-43 15 -1 0
44 -21 -40 0
-8 -38 -28 0
-46 -16 -25 0
-50 39 26 0
34 12 -32 0
29 -45 12 0
46 4 33 0
13 41 -43 0
3 -41 28 0
5 42 -21 0
-25 8 44 0
50 44 9 0
33 18 45 0
-2 2 29 0
-30 -30 -31 0
-43 -49 33 0
37 41 20 0
-23 12 49 0
-5 -17 26 0
44 -26 2 0
-48 12 -33 0
49 37 4 0
-29 37 9 0
-11 42 -45 0
28 25 7 0
-39 -7 -25 0
-21 -48 26 0
40 23 39 0
-34 -13 33 0
4 49 31 0
50 11 35 0
43 -28 -6 0
-31 -47 -43 0
47 -29 9 0
17 -26 7 0
-8 50 1 0
11 -24 -16 0
29 -44 37 0
35 -26 22 0
-3 28 44 0
-39 15 -46 0
11 -27 23 0
29 -32 -26 0
49 -16 23 0
-30 -2 -30 0
-22 -47 -19 0
24 46 -5 0
-42 -18 -16 0
5 50 38 0
36 44 -27 0
-20 40 27 0
-36 -46 12 0
-47 16 -15 0
-41 -13 -48 0
-32 41 -31 0
22 -1 -42 0
-43 -40 25 0
-49 -45 42 0
-30 -31 12 0
42 5 -15 0
-8 23 24 0
38 -45 -32 0
47 20 39 0
-48 36 43 0
-3 -17 20 0
22 -39 -19 0
21 8 41 0
-11 -11 -26 0
31 -8 -8 0
8 -47 -49 0
-34 -20 42 0
31 -39 27 0
39 -17 -21 0
-9 27 -37 0
-13 36 -26 0
-40 8 -12 0
33 -34 -20 0
-19 1 -19 0
-22 41 -5 0
-40 -20 5 0
-16 19 25 0
-49 -25 36 0
-31 -50 -49 0
24 -10 7 0
-30 -39 27 0
33 20 -19 0
39 -25 -5 0
-7 42 -4 0
-23 -40 26 0
-25 28 3 0
-34 19 7 0
16 -32 -38 0
35 -18 6 0
-20 -37 -3 0
-23 42 -26 0
5 -42 14 0
-45 -17 45 0
35 12 28 0
-36 -3 45 0
-4 -26 40 0
48 33 -1 0
-26 6 -27 0
14 20 -12 0
-20 -21 9 0
-43 42 -49 0
-3 -5 39 0
29 -37 24 0
-34 41 -48 0
-43 -4 12 0
-15 46 15 0
-24 -48 -15 0
18 31 -8 0
36 -32 15 0
-42 -24 -14 0
-34 -39 38 0
-43 -27 18 0
6 41 -49 0
23 -18 38 0
20 28 -39 0
-5 10 -47 0
-10 -33 -8 0
-39 -12 24 0
40 -28 2 0
-11 35 -4 0
-3 9 -33 0
48 -4 14 0
38 -33 33 0
40 9 20 0
-35 11 27 0
30 -50 -49 0
-26 18 9 0
-29 42 -13 0
-45 7 -7 0
