c CNF generator v0.9
p cnf 50 234
29 -44 42 0
-45 -17 -25 0
24 44 -7 0
-35 -31 -13 0
-34 14 -34 0
8 42 -13 0
-32 -14 -25 0
19 18 20 0
-29 -7 -25 0
-48 -37 -8 0
29 41 -13 0
13 -32 22 0
-21 11 43 0
-12 8 -31 0
-49 -33 5 0
1 -35 -32 0
-39 -1 -50 0
-25 -18 8 0
-22 25 21 0
-20 45 32 0
-2 -23 1 0
29 16 16 0
-37 -33 -28 0
43 -25 -24 0
-44 10 -24 0
-9 34 31 0
-6 -26 14 0
34 7 48 0
-36 -31 -16 0
-7 46 22 0
11 -48 -30 0
-37 -17 40 0
9 27 -31 0
24 45 -20 0
4 43 -46 0
-48 -48 29 0
13 34 -14 0
15 -45 -48 0
43 -23 -39 0
-16 -20 -44 0
6 7 49 0
-10 -2 -16 0
-22 20 2 0
-48 13 5 0
27 48 -42 0
-49 1 -28 0
-17 -1 -7 0
10 21 -23 0
-33 -50 6 0
-22 -44 8 0
12 30 13 0
6 22 -44 0
-2 21 37 0
37 20 30 0
36 25 -40 0
44 2 18 0
-14 34 -18 0
6 37 -18 0
-47 26 -34 0
-9 4 38 0
35 9 49 0
1 20 -49 0
38 -47 18 0
38 32 -16 0
-30 13 7 0
-2 44 25 0
-10 -41 9 0
24 -31 -20 0
7 30 -10 0
5 36 -39 0
-3 -23 -20 0
5 1 12 0
-7 46 -11 0
4 -13 17 0
15 5 -31 0
-33 -8 42 0
-39 22 5 0
-14 -1 -12 0
-6 37 -6 0
-9 -4 -11 0
16 -20 -2 0
-5 -23 13 0
-50 43 36 0
11 25 24 0
39 17 -23 0
8 17 21 0
12 34 -23 0
-20 -34 -49 0
29 -4 24 0
-16 -19 -23 0
18 -3 46 0
-49 10 -1 0
42 -39 40 0
-50 -20 -15 0
25 3 -2 0
16 42 11 0
-36 -45 -23 0
40 7 37 0
-18 30 3 0
-3 50 29 0
41 9 38 0
-38 -22 44 0
-34 -1 36 0
-3 1 43 0
-32 48 9 0
18 40 -42 0
22 -38 20 0
39 26 30 0
-1 30 -31 0
1 -6 -25 0
-33 -42 -21 0
-6 40 -23 0
-42 21 -2 0
-15 -49 -11 0
32 -20 22 0
36 -37 7 0
-12 -5 19 0
-17 41 -7 0
43 34 3 0
-10 31 -48 0
31 30 -14 0
27 9 45 0
17 -44 16 0
-8 11 33 0
24 -25 42 0
-10 44 32 0
5 -6 2 0
-47 38 47 0
-46 -31 24 0
4 -12 15 0
-22 -10 41 0
-11 -14 -18 0
-4 -4 -1 0
-40 17 -18 0
19 -41 7 0
37 -12 33 0
-34 12 -29 0
-48 40 3 0
43 -42 39 0
8 -15 44 0
-40 8 4 0
36 37 6 0
-15 -12 -45 0
-35 14 -48 0
-11 21 -44 0
6 -25 -30 0
16 27 33 0
32 -40 19 0
25 29 40 0
26 10 -26 0
18 -43 -3 0
28 14 17 0
-47 -47 -26 0
33 28 28 0
8 -8 44 0
-1 -3 18 0
-27 21 -45 0
-29 -28 6 0
-44 39 -16 0
31 -50 -2 0
-21 -25 -4 0
38 -5 44 0
-4 -33 -18 0
8 30 -13 0
-14 23 -49 0
-39 35 3 0
-42 -7 28 0
45 -13 17 0
1 -36 40 0
-41 41 -27 0
11 18 16 0
48 -31 -12 0
-2 48 -46 0
47 -23 -38 0
-27 37 36 0
-2 -30 12 0
44 8 -23 0
-2 -26 -32 0
6 -31 48 0
-15 -12 -23 0
6 -46 -45 0
-16 36 -31 0
-37 39 18 0
-32 49 26 0
36 11 18 0
-46 -21 10 0
29 42 -41 0
14 48 21 0
-31 -1 9 0
-33 -2 33 0
-16 8 -31 0
6 -22 22 0
-4 36 -40 0
-8 28 -50 0
27 12 -8 0
-49 7 1 0
-26 -38 44 0
8 -47 29 0
35 -16 -43 0
30 -26 1 0
-25 -50 46 0
23 -31 7 0
-50 11 -10 0
-43 -43 -33 0
-49 24 44 0
26 -26 -48 0
-22 21 -33 0
13 32 -6 0
-23 -29 23 0
27 14 12 0
45 -18 11 0
33 4 -21 0
-33 -22 -27 0
-37 -25 -26 0
18 -11 4 0
-30 -14 -9 0
-4 20 35 0
15 9 11 0
-15 41 -1 0
-29 8 6 0
50 -47 -27 0
39 42 6 0
31 -45 29 0
13 44 16 0
8 -28 35 0
-4 35 -37 0
19 -41 -20 0
50 3 45 0
-33 13 47 0
14 32 -12 0
-38 -50 -48 0
-41 31 -1 0
-31 1 -9 0
-30 13 4 0
