c CNF generator v0.9
p cnf 50 234
16 -15 -24 0
29 -5 24 0
-36 41 -33 0
-43 8 28 0
40 -35 15 0
8 -4 23 0
-22 42 -9 0
-39 -4 30 0
-39 16 -42 0
42 -36 -39 0
4 -19 -28 0
-46 -36 -8 0
7 18 13 0
22 1 -29 0
-41 41 -14 0
-23 28 10 0
45 -34 -24 0
-36 -23 10 0
27 32 -44 0
34 24 -16 0
-38 -17 -26 0
-6 2 -12 0
1 49 6 0
-41 -37 -27 0
26 32 -7 0
-18 -18 44 0
22 -31 -27 0
32 -45 4 0
-48 -30 32 0
36 41 -40 0
-8 1 24 0
-28 -41 20 0
-47 12 -1 0
24 1 1 0
-14 4 -16 0
12 -48 22 0
-24 -2 28 0
19 -40 28 0
-32 4 -20 0
27 50 18 0
-49 46 36 0
-47 -24 -35 0
25 -49 34 0
32 -40 1 0
39 32 -41 0
-23 29 -48 0
40 -40 3 0
-15 -25 -22 0
28 -40 -26 0
38 32 -29 0
5 50 -48 0
16 -27 -24 0
-29 23 -36 0
-45 -40 -40 0
4 34 45 0
40 -12 -42 0
46 18 -48 0
-4 -46 26 0
49 -19 11 0
28 -34 10 0
-24 41 33 0
49 42 -46 0
9 -49 22 0
36 26 39 0
20 4 31 0
16 -11 -16 0
-49 10 19 0
-2 1 28 0
-14 35 -26 0
16 -39 36 0
10 -31 -31 0
-21 10 -7 0
25 -20 -40 0
22 25 -7 0
28 -13 -34 0
-16 -47 44 0
-4 42 29 0
10 20 27 0
-32 -38 -43 0
50 -6 -5 0
-33 -11 -35 0
-44 40 -49 0
-41 34 -19 0
-18 -3 -33 0
-27 20 49 0
-1 -23 44 0
5 49 -23 0
24 -34 -47 0
-14 45 29 0
-48 -7 -41 0
-17 36 25 0
9 27 4 0
10 9 14 0
47 29 49 0
10 17 -41 0
16 22 26 0
-29 -25 2 0
-45 34 40 0
10 -9 27 0
-12 -35 -12 0
-4 10 -23 0
2 -23 2 0
-4 39 -9 0
-46 17 -38 0
41 21 -24 0
34 -45 15 0
37 36 41 0
-32 41 17 0
4 -39 -47 0
-23 -3 26 0
36 19 -2 0
30 -49 27 0
-24 -46 -5 0
44 9 -18 0
15 -45 -5 0
14 -36 -10 0
-47 18 -9 0
-5 -31 4 0
24 3 -12 0
-7 49 47 0
-44 -41 -36 0
-32 -39 -29 0
27 39 -50 0
-25 -34 13 0
-44 -23 43 0
44 17 25 0
3 33 20 0
-8 28 -47 0
-47 -37 -38 0
13 -6 4 0
-45 9 42 0
-34 14 -42 0
44 9 -37 0
29 39 -40 0
-21 -27 -34 0
39 -13 41 0
21 2 -11 0
19 4 -46 0
21 -2 -49 0
40 22 -30 0
36 -1 -39 0
-12 40 33 0
-30 45 15 0
-13 -26 -39 0
11 -15 15 0
-36 -17 18 0
-19 39 -10 0
-27 -38 -39 0
-23 20 12 0
17 37 39 0
-26 -50 -41 0
30 41 50 0
42 10 2 0
-20 18 1 0
-28 -5 27 0
33 29 -42 0
50 47 -27 0
-10 8 18 0
-40 -1 -43 0
20 -7 -48 0
22 25 -13 0
-11 -1 13 0
44 47 50 0
46 -38 21 0
-42 -5 -13 0
-25 -27 4 0
-29 -3 -5 0
22 -10 -36 0
-6 44 33 0
11 41 42 0
-42 32 -12 0
20 32 -20 0
10 -32 -26 0
38 3 -41 0
46 -43 7 0
33 21 -17 0
29 -23 -25 0
29 -12 36 0
5 -48 -2 0
45 8 28 0
-11 12 -37 0
7 -17 -6 0
-46 32 47 0
25 -11 33 0
-25 -47 -27 0
30 13 -39 0
-38 -15 -28 0
-31 41 -21 0
22 23 22 0
-50 20 25 0
43 -38 21 0
45 13 8 0
-16 -19 -40 0
-27 -14 -43 0
33 -34 6 0
12 -19 -14 0
18 4 19 0
-6 -21 -21 0
44 -41 15 0
28 -35 -34 0
-28 41 -36 0
-9 2 -1 0
24 -16 -21 0
39 12 4 0
47 10 -34 0
11 -16 46 0
-16 7 50 0
-36 20 39 0
-44 -42 -37 0
-25 -9 -16 0
9 -24 24 0
35 45 15 0
-8 -24 6 0
-26 32 31 0
-11 -22 -20 0
14 -47 50 0
8 18 -29 0
-15 -30 25 0
5 -7 2 0
-36 -48 30 0
-24 -24 -16 0
-20 39 -39 0
-46 26 -3 0
-16 -30 13 0
-19 39 3 0
39 -39 -34 0
18 7 -16 0
-12 42 45 0
38 12 5 0
-18 46 -49 0
-7 14 27 0
48 40 -15 0
43 25 4 0
-15 29 -7 0
