c CNF generator v0.9
p cnf 50 234
43 32 47 0
-41 -6 5 0
40 1 29 0
-4 -4 12 0
17 38 46 0
-19 20 42 0
30 13 14 0
-14 44 -47 0
-32 23 -16 0
-45 18 39 0
-1 -26 45 0
-13 -24 -43 0
-39 15 -3 0
-7 -5 -34 0
46 12 -22 0
14 5 25 0
15 13 29 0
-2 -12 -34 0
44 32 17 0
49 6 -47 0
-18 -3 -20 0
-13 39 -46 0
-3 49 -33 0
-25 -26 14 0
-6 -18 -26 0
14 25 -2 0
6 -43 6 0
18 31 37 0
-46 -20 -1 0
25 20 -23 0
46 28 -36 0
-10 7 -18 0
-9 35 -32 0
45 -26 24 0
31 -48 48 0
-19 7 47 0
23 -33 -27 0
-13 -42 11 0
-44 -6 12 0
9 47 -11 0
38 4 9 0
-9 23 -4 0
14 -46 -18 0
22 -26 30 0
-40 -44 28 0
-30 -12 39 0
-21 33 14 0
9 -3 1 0
-49 -7 -16 0
-10 -28 -27 0
-11 -16 -22 0
18 14 -12 0
-18 -11 -39 0
-49 49 -1 0
50 -40 5 0
23 -32 34 0
-22 29 34 0
17 16 -2 0
50 24 -12 0
6 4 -7 0
49 -14 41 0
7 28 -41 0
6 -21 15 0
40 4 -19 0
-45 13 -1 0
23 22 -40 0
-49 6 -12 0
-2 29 -41 0
45 13 -9 0
-43 37 44 0
8 23 1 0
-47 50 -20 0
19 -1 43 0
-32 -50 -45 0
49 -26 26 0
-1 40 29 0
13 -3 23 0
34 32 -9 0
2 -39 -9 0
30 -32 19 0
15 43 36 0
-25 -26 48 0
15 -48 42 0
-34 -5 -47 0
-4 48 39 0
50 16 -16 0
14 -8 20 0
50 44 -1 0
-32 -33 -33 0
-44 -13 -19 0
8 48 -9 0
-45 1 50 0
-38 39 41 0
-33 9 -15 0
-8 31 -7 0
-33 -24 36 0
25 -2 -15 0
37 10 -15 0
12 25 47 0
-2 44 -48 0
19 16 26 0
-19 42 29 0
-5 9 -45 0
-14 -36 -35 0
42 34 -30 0
-42 -15 -36 0
28 -46 3 0
26 16 32 0
13 8 30 0
-40 3 -41 0
43 49 -35 0
29 -15 -26 0
4 15 -26 0
33 -32 21 0
8 -38 -35 0
-5 7 20 0
-46 -19 -39 0
-8 -1 42 0
12 -2 -5 0
-10 -44 16 0
-34 20 -21 0
26 -2 -13 0
46 -22 -24 0
25 -18 -5 0
-2 -17 -5 0
6 28 16 0
-34 28 -25 0
-37 10 -27 0
-41 43 28 0
-33 6 -11 0
2 5 50 0
28 4 3 0
-44 -46 37 0
31 47 -48 0
22 -41 38 0
-16 41 18 0
-34 -15 30 0
-20 -46 -26 0
31 -11 13 0
-43 -42 32 0
4 -45 -29 0
-36 44 39 0
-34 22 -45 0
-24 31 41 0
28 20 44 0
38 -22 -22 0
-20 28 -41 0
-31 -16 -16 0
-1 -8 -8 0
-6 -16 -16 0
-11 -24 -18 0
-5 48 47 0
26 29 2 0
13 19 -20 0
33 -40 34 0
27 -44 20 0
-13 -6 -19 0
42 -19 43 0
10 30 -3 0
-50 6 -8 0
21 46 17 0
-8 50 -38 0
46 1 -6 0
-48 -38 -42 0
8 -2 -5 0
28 -26 8 0
28 29 -47 0
2 50 3 0
42 -12 31 0
34 44 -38 0
-3 13 -4 0
-47 29 -7 0
-26 -50 10 0
-28 9 26 0
34 19 -35 0
8 -34 30 0
-26 -26 26 0
-44 46 -26 0
15 -37 23 0
40 3 -5 0
-2 16 7 0
2 -19 28 0
11 35 -11 0
19 15 39 0
-17 -8 6 0
13 -12 -2 0
49 -40 -12 0
5 -3 -33 0
33 36 39 0
15 -6 -20 0
-5 -7 -17 0
36 -42 -25 0
10 -47 -17 0
-13 43 19 0
49 -33 -30 0
42 -30 -30 0
39 20 -9 0
-4 33 16 0
3 12 14 0
29 10 20 0
-33 14 -37 0
32 -25 27 0
28 2 -20 0
-46 -19 32 0
-12 19 9 0
27 22 -44 0
-43 14 -23 0
39 4 -32 0
17 46 -3 0
-14 -27 21 0
-26 -41 -8 0
44 48 -35 0
2 3 -3 0
38 -12 31 0
35 -22 -18 0
-36 -12 -3 0
-25 -47 -1 0
-44 -2 -19 0
15 -19 -8 0
-9 17 -17 0
1 24 -15 0
-16 -35 -33 0
35 8 -31 0
20 26 49 0
-6 37 26 0
4 -33 42 0
13 7 14 0
3 -2 6 0
46 -32 -43 0
23 8 -36 0
30 -6 17 0
-10 -6 39 0
13 -17 -29 0
-5 -22 -13 0
