c CNF generator v0.9
p cnf 50 234
43 -9 28 0
-47 15 29 0
12 -6 -10 0
-18 37 12 0
-14 1 5 0
-11 -33 -46 0
-28 -45 7 0
-16 -3 -4 0
-6 -24 41 0
39 32 21 0
-28 -26 22 0
-29 33 -45 0
-19 45 -26 0
-35 -41 -13 0
-40 45 -4 0
29 23 -6 0
-3 27 -35 0
-25 -41 -22 0
8 19 -49 0
23 34 42 0
-31 -20 -44 0
-19 -44 -1 0
-6 31 -11 0
25 5 -46 0
10 -43 -10 0
-28 5 20 0
47 29 -11 0
-42 -49 23 0
46 8 19 0
14 -43 -49 0
-5 -41 32 0
22 -30 -39 0
1 -47 9 0
-11 13 48 0
-9 -7 -17 0
-12 -35 -44 0
-11 -42 22 0
15 45 -26 0
-8 -39 20 0
32 -20 -22 0
-32 -17 -18 0
32 -27 -10 0
46 -20 26 0
-48 -28 -35 0
-20 33 -48 0
25 40 35 0
-26 37 -50 0
-21 -36 36 0
-14 -23 2 0
33 -50 37 0
47 45 44 0
33 4 -20 0
38 -7 28 0
-8 13 -18 0
-35 10 27 0
9 10 7 0
5 38 49 0
-32 -14 40 0
43 48 24 0
-12 21 -12 0
-36 47 33 0
-1 18 9 0
-41 23 -37 0
-10 16 -40 0
-40 39 -6 0
-44 -12 32 0
-29 34 -13 0
-31 -34 -42 0
-41 -37 45 0
-2 -18 -8 0
-2 14 26 0
26 6 -31 0
-42 -41 -37 0
-3 37 -16 0
42 -17 -18 0
-19 24 49 0
-19 -48 -26 0
-14 -42 26 0
35 -47 -10 0
-35 -23 8 0
-14 -12 -3 0
25 19 4 0
-32 15 12 0
37 32 -2 0
-46 -26 21 0
-29 48 -46 0
5 -4 -24 0
12 -12 26 0
50 -39 -16 0
47 49 2 0
3 16 -31 0
-32 34 -48 0
22 3 17 0
-21 -35 17 0
41 -36 34 0
8 13 -38 0
30 -21 39 0
30 6 36 0
42 -38 -5 0
35 32 7 0
14 21 15 0
-14 50 -20 0
-1 33 41 0
38 34 37 0
12 28 44 0
8 15 -17 0
-4 -32 -50 0
46 -34 -31 0
-22 -42 10 0
37 -8 -5 0
33 21 24 0
-21 -29 -30 0
-8 12 6 0
-24 -48 -24 0
43 -45 35 0
-3 11 -32 0
-32 -38 -32 0
34 20 17 0
-31 -49 -4 0
20 -15 9 0
-43 -30 37 0
-7 -49 -15 0
-39 3 44 0
-38 22 -23 0
-45 47 4 0
-24 -26 15 0
48 21 -11 0
-28 36 -33 0
35 -1 30 0
14 -16 -8 0
34 14 38 0
-44 50 -34 0
25 -9 -26 0
15 14 -39 0
23 47 27 0
-50 -19 4 0
5 -10 7 0
27 -34 33 0
-26 13 -38 0
-44 23 43 0
-25 41 19 0
-30 30 10 0
9 -32 34 0
-19 14 32 0
-7 49 23 0
-20 3 26 0
-12 49 -23 0
27 13 -15 0
-9 -12 44 0
-12 -3 -32 0
1 9 25 0
-37 -29 43 0
-5 -16 34 0
-13 -24 3 0
11 -15 40 0
40 -35 22 0
31 -27 -6 0
-26 -47 9 0
-38 -24 -18 0
-22 7 29 0
26 -17 -6 0
-50 44 -24 0
25 -34 35 0
30 47 -45 0
-20 5 46 0
30 -1 -32 0
-43 -31 27 0
-39 -19 15 0
-11 50 -7 0
-15 14 13 0
-50 46 28 0
-49 16 -42 0
39 13 10 0
31 -46 7 0
43 -50 -22 0
-3 -17 -39 0
13 -13 -23 0
15 24 11 0
22 -16 35 0
41 44 -4 0
41 -2 49 0
-29 -27 45 0
23 -10 20 0
-42 3 -28 0
-30 29 -36 0
-3 -40 -40 0
-20 42 -9 0
-10 50 -47 0
42 1 -7 0
9 44 19 0
-19 43 18 0
34 26 -10 0
-17 -27 -41 0
-24 33 21 0
8 11 36 0
-42 -10 48 0
-17 38 19 0
-27 16 -1 0
-39 9 -37 0
-41 -27 7 0
20 6 48 0
-20 13 -30 0
45 -14 9 0
21 11 -2 0
50 -2 -4 0
3 10 -13 0
35 39 35 0
9 -40 -45 0
-2 -7 -28 0
-49 -39 -49 0
27 -40 39 0
-32 19 19 0
-18 21 9 0
-25 -31 26 0
29 -28 -33 0
-7 49 6 0
-6 31 -41 0
21 -14 48 0
32 -38 -45 0
20 46 -50 0
-28 -22 -20 0
-18 47 38 0
29 2 -49 0
33 23 -31 0
12 36 -39 0
-17 43 17 0
46 30 -3 0
16 -13 38 0
50 -1 -19 0
36 -47 32 0
18 10 49 0
22 -36 3 0
-35 34 -28 0
24 32 35 0
