c CNF generator v0.9
p cnf 50 234
-1 -4 -9 0
-20 -45 -21 0
36 -34 -14 0
-37 -8 -34 0
-32 -5 -47 0
-13 -36 -25 0
43 -37 -21 0
-16 -6 14 0
33 -48 -18 0
16 -25 -22 0
-28 34 -24 0
-48 27 45 0
-41 28 15 0
-4 -27 -13 0
13 -22 -12 0
-26 -4 24 0
6 10 39 0
45 -14 -14 0
-7 2 -46 0
16 43 37 0
30 1 -11 0
-4 -10 -20 0
9 27 -34 0
-39 -45 11 0
-46 -13 -32 0
36 49 -39 0
26 -27 13 0
34 18 -28 0
-29 -33 36 0
-9 30 30 0
18 12 -12 0
-12 20 17 0
-11 31 -31 0
9 50 -21 0
2 -17 32 0
-46 33 20 0
-31 -4 -3 0
4 -30 -38 0
-50 -7 -35 0
31 -23 22 0
-32 -29 -43 0
-33 -16 -14 0
-22 -11 35 0
45 -19 13 0
-8 -29 -28 0
41 -9 12 0
7 10 -8 0
19 4 6 0
-8 -21 21 0
16 1 33 0
-48 -25 -42 0
-41 38 21 0
39 7 -37 0
33 46 -12 0
37 40 -20 0
-49 -41 -21 0
-31 -3 4 0
29 -18 17 0
11 47 47 0
4 11 -21 0
27 -44 -7 0
-34 24 50 0
19 -6 24 0
-39 -3 -30 0
-49 25 10 0
-43 30 24 0
-27 1 -12 0
-42 -18 -22 0
-15 2 50 0
9 -27 23 0
43 28 11 0
22 12 17 0
38 43 42 0
-36 25 42 0
-32 -13 -26 0
28 -24 -49 0
40 -27 41 0
-17 -14 -21 0
34 -16 16 0
-14 43 -21 0
4 -20 14 0
-29 -17 17 0
-44 -8 2 0
4 -8 -38 0
39 50 -12 0
48 33 15 0
27 -3 -36 0
3 5 12 0
-10 -16 36 0
41 -45 -44 0
-24 35 22 0
49 29 3 0
6 -14 15 0
8 43 -35 0
33 42 -30 0
-34 -28 26 0
25 -38 -8 0
22 -23 -34 0
41 -40 -36 0
-43 38 -12 0
26 -20 8 0
-29 21 -8 0
22 -6 45 0
-1 50 13 0
23 10 -23 0
-18 -41 28 0
36 34 -18 0
45 -31 10 0
-33 -45 2 0
-13 -40 6 0
14 -19 -32 0
2 35 9 0
32 17 44 0
-22 -46 36 0
29 -5 27 0
-48 -24 -32 0
-42 -42 -24 0
7 40 14 0
20 39 38 0
-37 -14 -29 0
-7 -24 -2 0
-45 7 36 0
21 -37 -11 0
-13 11 -28 0
11 37 -36 0
47 7 19 0
17 -7 -27 0
-18 49 -12 0
-21 -12 -27 0
-40 31 28 0
1 40 -21 0
-1 13 -20 0
-3 30 -15 0
8 12 18 0
29 -42 -45 0
31 -25 38 0
47 3 -44 0
47 22 13 0
18 36 -21 0
50 2 -9 0
-10 17 -39 0
-13 -32 -31 0
-5 -17 12 0
-37 27 -48 0
40 -50 -13 0
-50 16 -8 0
-12 7 -31 0
21 37 -26 0
11 33 21 0
-39 -40 25 0
26 -14 -35 0
-37 -50 8 0
30 49 -15 0
41 29 -43 0
19 -31 -41 0
-14 27 8 0
6 4 42 0
-27 -31 10 0
9 -38 -35 0
34 16 17 0
21 -3 -47 0
-39 -44 42 0
-5 30 -46 0
-49 -17 -33 0
-18 -30 2 0
33 -47 -48 0
-39 -42 41 0
31 15 -29 0
-8 -44 7 0
-19 -16 -45 0
43 -29 39 0
25 3 -14 0
-31 6 -20 0
23 48 15 0
-28 45 -49 0
49 -49 32 0
-36 -34 -32 0
38 14 29 0
-39 7 -20 0
-21 33 -8 0
48 -33 -43 0
45 -23 13 0
34 -22 31 0
-10 41 4 0
10 23 29 0
17 28 -50 0
-24 -49 47 0
16 -37 7 0
-43 21 14 0
46 41 11 0
-27 47 47 0
2 -35 37 0
33 -16 -19 0
-16 -28 -26 0
-19 24 46 0
31 11 -27 0
19 23 -17 0
-49 -14 36 0
16 2 22 0
47 21 -11 0
5 25 -45 0
-24 -12 36 0
15 47 40 0
36 -18 47 0
-20 -42 -16 0
28 46 20 0
-9 45 1 0
12 -42 24 0
-13 -33 -19 0
8 45 -38 0
-26 35 -49 0
-36 36 -46 0
-49 -17 -11 0
21 -39 -35 0
31 -11 47 0
1 -6 -50 0
-31 48 31 0
4 2 -38 0
-4 -19 -16 0
47 -42 -41 0
42 -22 -47 0
46 -23 10 0
43 5 -8 0
6 -48 -42 0
-48 3 23 0
-43 -26 -3 0
-5 36 -23 0
23 -18 -30 0
-44 -19 -26 0
33 17 -2 0
-8 2 22 0
32 -30 27 0
-13 25 40 0
-19 -32 -26 0
