c CNF generator v0.9
p cnf 50 234
-47 41 48 0
13 47 -23 0
-25 -41 -46 0
-31 -8 -24 0
-48 19 29 0
47 1 23 0
-14 12 1 0
10 45 39 0
15 26 9 0
17 -28 -31 0
-16 -36 23 0
-47 -27 9 0
36 -47 -35 0
-42 -22 -12 0
-15 -17 9 0
-16 -11 -41 0
-38 -16 -44 0
-43 -42 -8 0
-8 -18 -17 0
-17 -44 -50 0
-37 -48 10 0
-40 -23 16 0
6 -50 -35 0
40 30 -22 0
-21 -38 3 0
24 -49 2 0
26 -30 16 0
16 -13 28 0
44 9 -35 0
44 11 39 0
20 16 18 0
23 -16 15 0
-20 -2 -45 0
50 -2 -20 0
50 -15 -37 0
-41 -45 -31 0
-7 41 -47 0
11 43 45 0
-17 22 -9 0
-49 7 -29 0
-47 15 -29 0
-26 -31 -21 0
-43 28 25 0
-14 -38 -33 0
-11 -15 35 0
41 -9 -9 0
41 -32 37 0
41 14 42 0
-5 -41 41 0
-37 -4 -6 0
-33 27 -42 0
28 -6 -6 0
-16 44 -25 0
-44 -25 -4 0
-16 21 49 0
-37 27 12 0
39 -15 -18 0
13 -43 -22 0
40 -20 16 0
-17 45 -11 0
-23 45 -40 0
-14 42 -10 0
-41 -27 -13 0
16 -16 -50 0
-32 24 46 0
10 -8 20 0
-26 10 -15 0
27 37 44 0
40 -10 -14 0
-1 17 -1 0
42 -25 -36 0
-39 48 15 0
-26 -6 -50 0
1 -49 -32 0
8 46 -46 0
22 48 -31 0
-12 -29 2 0
-32 10 -25 0
12 -26 -1 0
44 -23 -8 0
-40 -25 11 0
25 9 10 0
-41 -10 16 0
-45 -32 -50 0
-39 14 -9 0
35 23 42 0
-32 -50 17 0
8 36 -36 0
14 17 -48 0
13 -19 44 0
44 -16 -1 0
-34 35 -29 0
28 -15 5 0
-31 -29 21 0
-31 -20 -31 0
-48 35 -2 0
-13 -32 -26 0
-15 -28 29 0
9 12 -21 0
48 -34 -41 0
49 36 35 0
-42 25 -46 0
-43 -33 -12 0
5 28 -38 0
4 -46 -17 0
21 -45 -2 0
15 14 -6 0
-21 47 17 0
19 10 -4 0
5 31 38 0
49 -21 12 0
3 45 -8 0
8 -1 45 0
-22 37 4 0
12 -10 18 0
-4 22 -24 0
42 43 -47 0
-31 1 9 0
14 22 -22 0
34 -41 -1 0
16 -3 32 0
35 -14 -25 0
41 -48 -36 0
35 -24 -8 0
-40 -33 -6 0
25 3 29 0
47 19 -32 0
-29 45 36 0
15 18 23 0
2 26 -43 0
39 -46 -45 0
36 -25 -9 0
18 12 31 0
44 13 2 0
47 25 -17 0
5 32 35 0
33 32 14 0
-40 -25 -48 0
14 12 -31 0
-45 -42 38 0
-45 -45 25 0
-36 -14 -41 0
9 -43 41 0
28 -30 -24 0
-49 31 -50 0
-32 49 43 0
44 29 -12 0
49 -13 48 0
7 49 -8 0
1 -43 48 0
-18 39 27 0
13 -33 23 0
-13 -46 10 0
1 41 27 0
5 8 -19 0
-16 10 41 0
-23 -36 35 0
-15 -38 -12 0
-20 29 -21 0
-33 -1 8 0
8 -31 -47 0
-9 14 -26 0
24 -24 -29 0
9 33 -10 0
-9 16 -3 0
33 25 -7 0
8 -36 36 0
-36 -23 23 0
19 5 -21 0
-12 -15 30 0
9 -34 34 0
-38 -47 43 0
-18 2 25 0
-1 -22 -50 0
32 -33 -21 0
19 -33 29 0
33 -13 23 0
-33 41 -42 0
22 -3 -6 0
4 -3 -28 0
-7 -6 37 0
-4 -2 -26 0
-4 22 4 0
-5 12 11 0
22 -43 13 0
43 -47 8 0
17 -16 -6 0
-24 27 -20 0
24 -13 -12 0
9 39 -30 0
2 4 41 0
-5 23 -17 0
-24 29 -31 0
-30 -46 45 0
23 -30 -21 0
-19 34 24 0
33 -43 48 0
-7 -18 -44 0
-49 -45 -29 0
39 -34 -27 0
-6 3 25 0
-10 41 6 0
19 15 -46 0
1 28 -28 0
-32 -19 -27 0
9 41 -27 0
-45 11 46 0
29 -13 26 0
-7 29 50 0
-33 4 -23 0
28 14 -10 0
-13 20 -18 0
38 -20 -6 0
3 24 19 0
23 47 -49 0
2 -4 -11 0
-10 18 43 0
-14 17 -28 0
22 -39 19 0
-3 -1 36 0
-6 28 16 0
-19 -49 -5 0
-20 22 46 0
21 -40 -36 0
-16 -38 -49 0
26 2 28 0
44 -35 3 0
34 44 1 0
-17 -50 -14 0
50 44 -11 0
-43 -46 22 0
-27 50 -43 0
19 29 44 0
32 -20 33 0
