c CNF generator v0.9
p cnf 50 234
-44 41 -6 0
13 10 5 0
36 -12 -14 0
-6 3 16 0
16 49 8 0
-13 -5 -28 0
18 -50 -17 0
-29 3 15 0
-12 4 6 0
-31 -12 35 0
9 9 -31 0
35 -4 42 0
41 -29 8 0
3 7 5 0
-11 15 -2 0
21 -25 -10 0
48 -8 -27 0
-37 10 -35 0
-23 28 -27 0
36 45 43 0
35 7 48 0
-25 30 24 0
-45 -38 9 0
6 -31 3 0
-49 -6 -31 0
36 43 -42 0
50 -37 -50 0
-37 -17 18 0
3 -20 41 0
28 27 31 0
-25 -42 -10 0
-6 9 -41 0
-27 28 45 0
-21 29 45 0
31 -10 -9 0
-28 -33 -24 0
-17 -21 11 0
-6 43 3 0
47 -49 -42 0
-37 48 14 0
-10 9 40 0
-39 23 11 0
21 18 6 0
49 21 25 0
33 30 -33 0
1 19 14 0
19 -46 -50 0
-46 42 -23 0
26 -28 -29 0
-29 50 48 0
44 -11 -6 0
-29 -1 24 0
-14 -12 41 0
-36 -34 -48 0
-41 -19 -32 0
-5 -23 14 0
-17 -48 -32 0
20 -22 33 0
26 22 37 0
-5 -39 46 0
-29 -47 47 0
-7 -17 -21 0
42 -47 38 0
-31 19 50 0
-45 -7 -11 0
18 -33 8 0
-25 15 29 0
-42 -36 -16 0
-37 2 37 0
30 -19 -22 0
47 -22 -41 0
22 -27 35 0
-13 -25 -15 0
22 33 -48 0
-36 -3 -41 0
-50 46 10 0
11 -39 -27 0
10 -37 -26 0
-1 12 -10 0
12 28 -40 0
-9 27 18 0
-27 40 -10 0
50 -16 -48 0
-43 18 47 0
-17 -38 -1 0
-12 -16 7 0
24 7 -8 0
19 -45 -39 0
-34 -12 -3 0
-14 1 3 0
-30 -47 20 0
14 49 1 0
17 25 -29 0
38 29 -49 0
19 22 40 0
25 5 -1 0
24 26 -47 0
-46 -29 -24 0
24 48 -14 0
12 -36 -47 0
-36 17 8 0
49 24 32 0
-44 49 -18 0
47 -44 16 0
9 23 15 0
-2 -42 1 0
41 12 -30 0
15 7 9 0
27 36 -12 0
26 12 -17 0
43 -37 -14 0
-4 7 45 0
45 -27 -49 0
17 9 -18 0
25 -47 -31 0
-34 14 -35 0
-34 -3 47 0
-13 -48 -13 0
30 46 7 0
40 3 -45 0
-10 49 1 0
36 -3 18 0
28 22 -23 0
-37 -27 41 0
-14 -8 -38 0
46 47 42 0
-32 -35 -32 0
1 36 -40 0
-20 21 -11 0
31 -38 44 0
-28 17 -9 0
-12 13 33 0
-23 -12 -29 0
32 36 13 0
-28 -34 23 0
-38 47 -12 0
38 -15 48 0
11 12 -7 0
-23 25 -41 0
36 38 -11 0
-50 -16 23 0
-19 -4 17 0
39 -35 -6 0
-44 -50 42 0
24 -16 -40 0
-48 -35 -16 0
-29 17 -50 0
-6 -22 3 0
-23 -29 -24 0
11 39 22 0
-5 18 -50 0
-24 48 -15 0
32 -16 2 0
-24 27 3 0
-30 45 -50 0
-46 -31 -11 0
-45 -49 -49 0
26 -50 35 0
-33 31 14 0
15 -6 6 0
42 -12 -47 0
-10 49 -38 0
-28 13 -27 0
43 42 -12 0
-16 -33 -1 0
27 -44 46 0
32 43 21 0
-31 13 8 0
28 2 -14 0
-19 19 -34 0
34 -24 36 0
-45 -42 7 0
-13 13 44 0
15 -32 24 0
-7 -49 -25 0
1 -37 14 0
40 47 43 0
26 -8 -46 0
-10 -1 34 0
42 18 -17 0
16 -26 -12 0
24 -43 5 0
-16 49 10 0
49 -6 -30 0
48 -47 -14 0
30 18 36 0
-24 -9 49 0
13 -50 -7 0
-41 -34 -47 0
28 4 -3 0
29 42 -27 0
29 22 -6 0
-12 -29 -19 0
-17 24 6 0
15 -24 -50 0
-49 35 -20 0
3 9 35 0
-2 7 8 0
-48 -14 2 0
7 -10 46 0
-18 -40 -49 0
-26 9 48 0
-47 -36 21 0
22 -7 -5 0
-43 45 12 0
-45 -19 -48 0
28 -23 7 0
-15 -10 -5 0
38 -10 42 0
-9 -31 50 0
-21 -46 5 0
-12 -36 39 0
39 -42 -19 0
22 44 39 0
-45 24 47 0
-6 -11 -46 0
-44 22 34 0
7 24 28 0
-27 21 -24 0
-9 44 25 0
-49 47 -37 0
-1 -25 -50 0
-22 -12 -4 0
47 32 -5 0
30 -23 5 0
-46 11 -35 0
23 -43 -11 0
-10 -46 23 0
23 -2 48 0
4 36 -44 0
38 -32 36 0
-26 -16 19 0
48 -26 22 0
25 -29 19 0
