c CNF generator v0.9
p cnf 50 234
27 -25 27 0
-19 -41 -34 0
16 24 -36 0
-38 -39 13 0
14 -4 -25 0
37 -2 13 0
13 21 43 0
1 -11 49 0
-12 -49 10 0
24 -18 38 0
-49 -8 -26 0
39 44 -20 0
15 -26 3 0
-42 -6 42 0
-32 35 -43 0
45 -18 34 0
7 -4 35 0
-10 -40 -22 0
22 -37 -38 0
-37 26 10 0
-5 -38 -9 0
39 20 -37 0
16 27 -34 0
-11 32 43 0
-19 20 -5 0
-5 -12 37 0
-40 -23 -28 0
-43 5 -7 0
-14 43 -9 0
-2 -42 -50 0
-27 -34 -31 0
24 47 42 0
-41 -30 -28 0
-17 -19 5 0
10 8 8 0
39 8 -31 0
1 -50 -35 0
-17 50 -3 0
-17 -48 23 0
8 17 40 0
-31 -43 -11 0
46 -49 16 0
50 -50 41 0
-38 -20 -20 0
-24 49 -30 0
36 7 9 0
-11 -34 1 0
-15 28 -10 0
40 28 -18 0
30 -9 -15 0
-2 5 1 0
27 -4 -33 0
-37 -1 -18 0
-16 28 48 0
11 42 -25 0
-45 -40 4 0
-38 18 16 0
-32 -2 19 0
-41 -46 44 0
4 37 49 0
-16 50 -26 0
19 27 -50 0
-7 21 -47 0
-48 -48 -10 0
-7 40 -23 0
-21 -9 31 0
-36 -18 38 0
-44 -12 -49 0
-36 25 44 0
12 25 -37 0
-15 -15 11 0
17 40 37 0
-5 -16 -30 0
-34 39 -20 0
-33 -6 -24 0
19 45 -29 0
26 -35 1 0
-2 28 -5 0
5 -20 -30 0
-47 47 -48 0
-20 -42 -25 0
5 -18 -8 0
-40 31 -20 0
44 7 7 0
13 -15 -4 0
-46 41 11 0
23 5 -4 0
42 23 -26 0
-28 -48 49 0
-28 30 39 0
-18 -2 13 0
4 -19 -9 0
17 -18 38 0
33 -19 12 0
2 -24 -22 0
10 -20 4 0
49 34 -48 0
-35 31 -6 0
-16 -8 -32 0
-25 4 -35 0
32 49 10 0
15 21 33 0
22 3 5 0
-13 34 40 0
43 -38 9 0
13 12 15 0
36 36 -20 0
6 -25 5 0
50 -49 -4 0
30 -4 50 0
-39 -37 22 0
-35 -45 -9 0
35 7 -7 0
-25 8 -41 0
10 -34 -29 0
50 -17 -2 0
-27 5 6 0
11 -6 41 0
37 3 -45 0
8 20 7 0
-29 -20 -12 0
24 42 43 0
19 43 -28 0
49 14 19 0
38 -29 43 0
13 -23 -49 0
-2 44 20 0
-40 34 29 0
1 44 -34 0
9 -32 -37 0
-18 -30 44 0
-19 -7 -15 0
-43 -38 -15 0
30 -33 43 0
-50 46 -11 0
-45 7 33 0
-50 -37 4 0
-43 17 22 0
-3 -42 -16 0
15 -20 10 0
-16 -44 46 0
-12 -1 -33 0
33 41 37 0
-22 -31 -5 0
20 -43 28 0
-32 -35 39 0
-14 -20 1 0
-22 4 5 0
-28 47 -45 0
35 25 -30 0
31 -19 -45 0
17 -25 7 0
16 28 -38 0
44 22 -31 0
-14 -26 38 0
7 50 27 0
-11 -33 5 0
-35 -38 -15 0
-18 40 -28 0
-35 50 -26 0
-14 25 -35 0
13 -7 -36 0
-9 26 32 0
30 -24 -50 0
-4 -32 17 0
-25 35 -29 0
-16 -16 -34 0
-24 -42 50 0
-44 9 -2 0
-44 -26 49 0
8 27 -42 0
-39 30 -40 0
2 -22 -38 0
-31 -25 42 0
49 -38 6 0
-41 -7 22 0
-16 -10 31 0
49 21 50 0
45 3 10 0
2 -26 -16 0
-46 -7 -47 0
8 -22 26 0
-37 -11 12 0
13 -6 35 0
39 32 19 0
32 -4 48 0
44 -1 -39 0
6 47 -44 0
48 27 4 0
-45 -11 48 0
44 -14 -2 0
-27 50 43 0
-12 -34 4 0
46 -49 -13 0
-13 6 -31 0
40 -48 -50 0
-22 11 -24 0
-9 48 -21 0
-30 -17 42 0
40 31 12 0
7 -9 1 0
10 -14 9 0
-6 1 11 0
30 -39 -39 0
12 27 45 0
5 21 -35 0
-37 -22 35 0
-50 -23 -48 0
-39 36 -45 0
-36 -43 -44 0
5 -8 -10 0
28 23 -15 0
5 -12 -16 0
-48 -32 2 0
-31 -23 37 0
29 -49 17 0
14 -41 5 0
19 -41 28 0
9 -50 -30 0
27 32 -13 0
25 -39 50 0
49 -50 -18 0
-7 -49 -46 0
2 22 -36 0
-17 22 4 0
-20 48 -37 0
-41 49 31 0
34 -1 -29 0
46 -3 -35 0
50 -42 18 0
-25 25 39 0
45 -10 13 0
21 35 21 0
50 23 13 0
