c CNF generator v0.9
p cnf 50 234
-7 8 -25 0
6 -46 15 0
-28 -13 -4 0
-1 -12 25 0
3 12 19 0
43 -10 49 0
26 -23 -23 0
-2 50 -6 0
-23 -34 -50 0
39 -31 49 0
30 -38 5 0
30 -5 -27 0
10 28 15 0
21 -12 -20 0
-49 -21 -39 0
-3 17 -14 0
-32 -14 8 0
17 -50 18 0
-9 32 -37 0
1 -32 -29 0
27 -38 -24 0
43 7 26 0
24 11 -32 0
22 13 -41 0
-7 -14 -29 0
44 -12 49 0
45 -22 -24 0
-25 -50 -16 0
38 -47 17 0
26 15 -20 0
35 2 -35 0
7 37 -2 0
25 -30 -38 0
-36 -32 46 0
-11 -25 27 0
48 -10 -2 0
24 -23 48 0
-13 -10 -22 0
-14 -20 21 0
-42 -3 -40 0
26 47 -18 0
-14 -1 -17 0
-32 -20 -42 0
21 -29 34 0
-30 -10 27 0
22 26 -50 0
46 -33 -31 0
50 -11 -24 0
3 8 -23 0
-39 -36 7 0
25 21 39 0
16 25 -13 0
-35 -18 16 0
-3 48 -36 0
-34 41 3 0
46 -15 -40 0
2 -12 -23 0
-46 41 -4 0
-10 -30 -44 0
50 -3 30 0
9 20 -31 0
29 -20 15 0
28 46 30 0
-48 -49 -7 0
-31 -24 -37 0
16 -49 30 0
17 -39 -2 0
-10 -41 1 0
-6 -17 -44 0
50 48 13 0
-20 -47 10 0
-12 27 28 0
28 -42 14 0
27 -37 -50 0
-23 5 39 0
-33 18 -1 0
-36 -40 -13 0
-10 18 27 0
25 -32 43 0
46 8 -14 0
-23 -37 44 0
-42 11 21 0
-12 -27 -43 0
16 -47 36 0
-24 42 -42 0
-9 -45 42 0
-14 -44 27 0
41 40 38 0
28 -13 41 0
49 -40 9 0
35 -5 -41 0
-33 -13 47 0
-22 -2 29 0
-4 34 -1 0
1 11 7 0
-10 -32 19 0
-29 21 -3 0
19 10 -18 0
2 20 19 0
18 -23 38 0
11 -22 -5 0
-48 -28 41 0
-26 -5 24 0
-46 -16 -13 0
3 -41 32 0
-17 42 8 0
-44 11 27 0
-38 -31 21 0
-49 -40 -45 0
31 35 28 0
20 -32 -35 0
-17 -7 14 0
10 6 24 0
8 23 -18 0
37 -34 -37 0
-13 41 -14 0
-34 -22 36 0
-11 -26 46 0
28 -12 32 0
-15 -20 38 0
38 -37 40 0
-41 18 1 0
38 -2 -37 0
4 -4 22 0
-14 -2 -7 0
-16 -31 33 0
-20 -50 50 0
41 -2 19 0
50 11 -6 0
-46 -7 -36 0
27 -37 34 0
48 -31 -49 0
22 44 -17 0
11 48 -47 0
-44 45 -11 0
18 -42 33 0
-10 37 33 0
7 48 1 0
-27 48 -23 0
25 -48 46 0
-49 47 -30 0
31 1 7 0
49 -19 43 0
24 23 -39 0
5 -35 27 0
5 -31 30 0
-22 -19 20 0
13 3 -19 0
32 -34 50 0
22 -31 -14 0
-38 -34 20 0
26 1 49 0
46 9 -2 0
-9 -20 -28 0
-39 -48 14 0
26 -43 -41 0
3 -2 -3 0
-41 -35 3 0
2 41 35 0
31 37 -49 0
-16 -18 -22 0
50 14 28 0
20 -48 49 0
-32 -9 7 0
-33 32 43 0
-17 14 -29 0
38 27 -22 0
29 -16 -8 0
-23 -11 24 0
37 -11 -16 0
-16 38 -3 0
-34 -5 2 0
42 -29 -48 0
-16 6 -25 0
-14 -19 -46 0
22 1 44 0
-15 40 45 0
-36 40 -1 0
47 -28 -18 0
34 -45 40 0
-48 -39 -29 0
-41 -22 10 0
49 -12 2 0
5 41 38 0
46 -27 -15 0
-35 -23 -44 0
26 -29 39 0
-3 4 -22 0
-43 -34 -6 0
-30 -20 -41 0
-17 48 15 0
22 -47 10 0
17 -22 -44 0
-35 34 -3 0
5 -19 37 0
15 -5 -40 0
40 14 -34 0
-38 8 38 0
-21 -26 9 0
41 -47 1 0
44 28 -14 0
-15 18 -25 0
35 -6 39 0
37 16 -33 0
-18 -30 36 0
-41 -43 -7 0
26 -46 -40 0
32 -43 19 0
18 16 11 0
29 -24 -42 0
-50 35 -37 0
-24 -43 25 0
24 23 -3 0
23 18 -15 0
-41 26 12 0
20 1 1 0
-2 -25 40 0
43 15 -17 0
49 -41 12 0
-7 -27 -28 0
4 19 20 0
44 6 23 0
17 6 28 0
-36 -45 -34 0
4 8 26 0
-29 19 36 0
42 -44 50 0
-43 -7 40 0
29 49 -46 0
28 -15 45 0
47 -10 40 0
-40 -43 -30 0
-7 19 33 0
27 7 48 0
