c CNF generator v0.9
p cnf 50 234
-5 -2 -43 0
-47 -46 8 0
-38 40 5 0
5 41 -48 0
44 -28 -25 0
-30 34 38 0
-40 -2 3 0
3 -45 -31 0
-35 -27 -43 0
28 35 -28 0
37 30 -35 0
8 -7 -11 0
-16 42 45 0
-29 8 50 0
39 -28 17 0
45 19 -44 0
14 14 41 0
15 11 -13 0
-33 -50 43 0
29 15 -21 0
-23 20 -22 0
-48 -42 34 0
-39 -24 40 0
2 6 19 0
-34 28 -20 0
-34 -33 -14 0
-10 -39 40 0
43 -25 31 0
41 -10 7 0
9 -50 -12 0
25 25 1 0
-21 -50 40 0
38 -49 36 0
34 -45 -35 0
24 -7 27 0
-26 16 39 0
-4 24 9 0
8 -10 50 0
-44 -48 10 0
-4 -11 19 0
33 46 -45 0
-4 8 -38 0
3 -19 -27 0
-9 15 34 0
-39 -5 -48 0
-3 -37 -27 0
1 15 -46 0
17 38 8 0
-45 2 33 0
-3 22 -18 0
29 17 -10 0
13 37 -4 0
-33 48 3 0
43 20 -34 0
-2 -42 21 0
-12 50 -17 0
2 -8 27 0
-36 -27 -49 0
-41 -5 25 0
29 -48 9 0
25 13 16 0
32 -31 -8 0
36 -7 -30 0
45 -4 34 0
33 39 14 0
14 -46 16 0
39 -49 -34 0
19 -33 20 0
-40 38 -14 0
-5 30 -26 0
21 20 -37 0
16 -16 7 0
23 23 -12 0
43 38 -13 0
-2 -5 -38 0
-2 -24 1 0
1 -45 -4 0
45 24 2 0
39 -11 -31 0
36 -27 -37 0
-46 11 -23 0
-47 25 -27 0
-13 -48 -2 0
-28 41 13 0
-23 45 -50 0
44 22 13 0
-32 35 46 0
-26 46 14 0
-16 45 -39 0
8 -46 16 0
1 43 -43 0
48 41 -13 0
-5 -30 -19 0
50 -40 -29 0
-23 -33 -24 0
-41 42 29 0
-19 17 49 0
20 20 -21 0
12 -7 -28 0
-34 17 3 0
34 14 40 0
45 -4 -32 0
-19 -20 5 0
-11 11 34 0
11 -21 -36 0
-31 15 47 0
10 28 -41 0
-46 38 -33 0
2 4 36 0
-19 -47 -20 0
-21 -49 15 0
34 35 10 0
14 35 -9 0
42 -21 -46 0
39 1 -32 0
20 -36 -8 0
32 33 -19 0
-41 -36 23 0
-28 -35 36 0
-44 -7 30 0
-33 -5 -48 0
-20 11 23 0
30 34 -20 0
15 33 18 0
23 3 35 0
35 -25 -50 0
-30 -22 11 0
-10 2 25 0
-2 37 -30 0
24 31 15 0
38 39 -42 0
31 36 -48 0
-44 -5 38 0
-44 12 34 0
14 -8 -34 0
-49 -48 -37 0
44 38 43 0
-17 32 20 0
38 -11 6 0
3 -28 -40 0
-8 23 -49 0
28 -42 41 0
-43 17 37 0
20 42 -47 0
37 6 -13 0
30 -46 -22 0
-31 -50 -48 0
-29 26 29 0
-42 -43 -30 0
-6 -32 19 0
15 1 -10 0
16 13 19 0
17 45 50 0
21 -30 -38 0
-33 10 11 0
28 -34 33 0
-44 -24 -50 0
-24 -21 21 0
3 -50 13 0
8 -33 28 0
22 13 3 0
44 -40 -44 0
-27 23 -16 0
-49 15 -29 0
23 -27 31 0
-41 12 -46 0
-33 43 -30 0
-14 43 8 0
-7 -32 -41 0
49 -47 17 0
15 -48 -3 0
7 3 -36 0
-48 2 -16 0
8 21 5 0
-8 23 -2 0
-36 3 -30 0
15 -31 -3 0
-36 -36 18 0
48 49 -4 0
16 -28 -18 0
-12 -38 -37 0
32 49 1 0
45 21 -29 0
6 35 30 0
-24 -11 33 0
39 13 -39 0
14 -15 -8 0
-3 4 44 0
16 -8 -6 0
50 -38 24 0
-17 -17 -15 0
-3 44 20 0
28 -6 -35 0
23 -40 14 0
-6 -28 -26 0
-36 42 -23 0
11 42 11 0
-2 -49 -43 0
-22 9 26 0
-30 -2 -44 0
-17 -23 30 0
-35 -16 -28 0
29 39 2 0
-2 -5 21 0
-35 26 -32 0
-28 -29 -42 0
38 6 -10 0
14 -49 42 0
23 -38 -33 0
12 -9 -13 0
34 45 40 0
-39 31 22 0
23 -31 4 0
1 41 5 0
41 7 43 0
37 -18 10 0
15 -41 45 0
-32 14 49 0
-13 33 -3 0
9 -26 49 0
-39 19 48 0
-20 -13 2 0
-46 -26 39 0
-33 -20 -10 0
-49 38 12 0
3 -37 49 0
-4 -38 -20 0
-40 10 49 0
26 -35 -45 0
-33 43 -48 0
-43 42 -32 0
-26 21 31 0
46 -11 15 0
41 26 -45 0
