c CNF generator v0.9
p cnf 50 234
47 -5 -29 0
-33 -37 11 0
-42 33 1 0
-2 -38 47 0
17 1 38 0
32 -2 4 0
-41 -50 35 0
5 40 49 0
34 44 42 0
13 33 -26 0
8 -47 -44 0
6 -14 -36 0
9 -43 -20 0
28 -50 10 0
-7 -20 -43 0
45 9 -16 0
-27 31 -20 0
1 -10 -5 0
-50 -15 16 0
-32 18 -39 0
39 30 -26 0
-18 2 -20 0
-46 32 35 0
-25 -5 -12 0
46 -43 32 0
-33 -38 -15 0
35 -48 -48 0
-48 -9 -20 0
18 -33 40 0
17 38 9 0
35 -24 -32 0
30 -25 27 0
43 -39 -11 0
-40 -41 -49 0
-39 -25 20 0
-29 37 -23 0
37 -19 29 0
-8 -23 15 0
-49 -13 31 0
-23 -38 44 0
-2 33 1 0
-50 12 30 0
-3 4 -43 0
32 46 -28 0
10 -7 38 0
40 -28 -41 0
10 -34 -34 0
-11 31 32 0
30 19 -16 0
28 -46 41 0
-28 24 -4 0
43 -10 37 0
-3 14 20 0
1 -24 39 0
-49 -22 -4 0
18 17 -22 0
49 27 44 0
-8 25 -2 0
3 -22 -25 0
-39 4 -9 0
3 3 -47 0
-13 -46 -15 0
-23 29 45 0
-16 -18 38 0
-21 12 -42 0
-18 -11 12 0
-44 -4 -8 0
-33 -27 15 0
25 -16 -30 0
-44 17 -26 0
23 -20 44 0
-42 33 12 0
20 -12 34 0
-40 -30 -45 0
44 -29 -6 0
45 -20 6 0
33 -48 -43 0
34 -43 -50 0
5 23 -40 0
-39 -20 42 0
-36 49 16 0
29 -8 42 0
39 -27 -15 0
24 -25 -23 0
19 -16 -6 0
45 23 37 0
17 -17 -12 0
23 -19 -25 0
-7 10 6 0
-47 34 43 0
-41 37 -42 0
13 -33 1 0
-2 33 -13 0
-22 45 -36 0
1 -38 -15 0
-50 14 4 0
39 32 -43 0
15 3 -42 0
34 28 17 0
13 -20 1 0
-45 -6 -1 0
-4 -16 -10 0
16 -11 -50 0
-18 35 1 0
-30 -45 -25 0
-45 47 49 0
-11 30 -10 0
-36 24 28 0
-6 -19 12 0
-4 -14 3 0
-6 -26 -43 0
31 46 -34 0
-36 -26 -5 0
-8 12 9 0
-21 -30 38 0
48 -37 -45 0
-21 8 -36 0
8 50 -10 0
16 -3 29 0
30 -41 -14 0
-45 6 38 0
-48 -23 -14 0
-25 -17 -14 0
10 -46 8 0
10 -6 -39 0
46 -11 -45 0
-47 -46 -28 0
-9 -39 -16 0
-17 -10 14 0
-18 -39 -17 0
-45 31 -4 0
45 -38 -5 0
27 7 -8 0
-2 23 10 0
-20 -36 -45 0
-49 -26 9 0
8 42 -29 0
40 18 -15 0
12 -6 -19 0
22 40 -21 0
-47 -36 17 0
3 36 -46 0
9 -15 -21 0
-9 -31 -9 0
-16 -12 -27 0
-32 -24 18 0
-44 -35 -20 0
31 -12 35 0
-36 -40 29 0
-12 -26 14 0
-38 -50 49 0
30 17 -28 0
46 -21 -27 0
26 36 38 0
37 -27 -45 0
6 -40 -23 0
11 -26 17 0
-17 40 -24 0
-27 13 -14 0
21 -7 -11 0
-35 -2 -27 0
10 -13 -35 0
-29 49 30 0
19 6 21 0
-28 22 40 0
-36 33 -2 0
17 -11 -30 0
17 -3 -39 0
44 49 -26 0
-23 41 -5 0
-17 -45 19 0
-22 21 -7 0
9 -5 30 0
10 23 -16 0
-20 -36 -41 0
-25 2 -43 0
23 13 -25 0
-14 36 7 0
-18 17 43 0
15 11 29 0
38 -47 15 0
-18 19 25 0
14 -9 -26 0
-35 -26 -19 0
-40 -44 -35 0
-37 -31 21 0
-15 -17 -33 0
1 -33 26 0
49 -3 33 0
-45 37 32 0
-27 -27 28 0
29 45 36 0
-11 22 -18 0
10 15 47 0
-45 26 44 0
13 12 -18 0
-20 -5 1 0
-9 24 -32 0
2 -45 49 0
-9 -13 -7 0
39 -2 -12 0
9 -47 25 0
-24 -29 -24 0
-4 -29 50 0
-37 -49 47 0
-19 -30 -15 0
5 -5 39 0
21 29 9 0
-33 1 10 0
-42 32 -27 0
-41 41 -9 0
12 -10 16 0
-5 -49 32 0
20 39 17 0
35 12 23 0
-49 -44 23 0
-10 11 50 0
25 -2 -13 0
24 35 -15 0
-14 19 21 0
-30 39 45 0
-42 -46 42 0
11 -10 50 0
-49 -23 23 0
-20 -48 7 0
-20 -15 -33 0
-38 -23 -17 0
-13 34 27 0
-29 -26 21 0
-27 46 31 0
17 -22 -44 0
-36 -30 37 0
9 -4 -32 0
23 14 -23 0
