c CNF generator v0.9
p cnf 50 234
-20 3 6 0
3 23 -37 0
-25 33 24 0
28 -35 2 0
-2 -44 -30 0
-37 -49 -35 0
21 -36 17 0
-13 -3 46 0
47 32 16 0
-33 -33 19 0
-28 -21 -3 0
41 -37 -23 0
-6 -45 -44 0
-23 -40 22 0
-22 -23 33 0
-30 -24 8 0
4 -16 -21 0
28 -31 28 0
37 28 -25 0
43 26 20 0
-21 6 -38 0
-32 -24 -10 0
-36 6 -8 0
8 -10 4 0
-19 40 -35 0
9 -6 -36 0
41 35 -9 0
28 -50 47 0
-50 46 45 0
9 -45 -28 0
-25 -32 18 0
-27 9 -33 0
-29 46 -13 0
-22 -27 14 0
28 7 -49 0
-20 44 -18 0
-19 40 -32 0
36 8 -29 0
3 -5 -49 0
-45 -18 -38 0
17 2 43 0
11 46 -10 0
31 -30 9 0
36 3 8 0
-19 5 -1 0
50 48 49 0
-50 -1 34 0
35 -21 11 0
-18 50 -27 0
-27 -50 33 0
5 19 21 0
-45 13 -6 0
-45 10 28 0
-41 -36 -4 0
27 6 -22 0
-8 4 -11 0
-32 9 -27 0
6 45 31 0
-36 -38 -40 0
-39 -15 49 0
44 1 34 0
-44 -24 -7 0
7 29 -7 0
-31 34 4 0
-40 48 -17 0
-38 -45 47 0
-49 -50 6 0
-14 21 43 0
-12 46 27 0
-29 -45 -8 0
-13 1 -35 0
-23 41 18 0
18 34 -15 0
36 -13 15 0
-25 38 39 0
-40 -46 20 0
45 4 -33 0
-4 46 -12 0
20 22 10 0
49 -14 -1 0
-33 -27 40 0
25 -31 -32 0
-16 9 -33 0
-48 44 11 0
35 43 -23 0
-11 14 36 0
47 22 -3 0
48 33 37 0
-18 -49 -28 0
33 -41 7 0
-34 2 35 0
-9 -12 -33 0
21 2 15 0
-9 43 50 0
13 -9 -9 0
-41 7 -41 0
7 9 -46 0
-40 27 -21 0
23 -11 47 0
10 -8 -14 0
3 16 19 0
-14 48 30 0
-43 8 35 0
47 25 -2 0
40 -30 -8 0
-24 3 13 0
-26 -33 -16 0
27 21 45 0
48 43 46 0
-5 49 43 0
34 12 25 0
19 16 44 0
-3 34 -46 0
26 -45 -23 0
-46 -2 -37 0
34 21 -8 0
19 -17 -47 0
46 30 -18 0
3 -24 1 0
-28 -11 15 0
24 -30 -4 0
-6 -17 5 0
-31 12 -31 0
-28 -3 -39 0
8 -6 40 0
-48 -5 -8 0
-36 -12 40 0
-27 44 -24 0
37 -17 -6 0
-44 40 12 0
36 -3 18 0
-38 23 -11 0
27 -14 37 0
20 21 -12 0
50 -26 27 0
-25 -37 16 0
-41 -37 10 0
25 48 -32 0
16 -27 37 0
6 18 45 0
6 -36 15 0
-11 -47 -13 0
-36 25 -11 0
-10 -35 -42 0
37 6 -11 0
33 36 2 0
-1 35 7 0
-11 -22 -47 0
50 -16 -1 0
-29 -32 -45 0
-45 -10 6 0
10 43 -43 0
-18 -3 40 0
3 31 47 0
40 46 7 0
48 -14 -18 0
30 -19 21 0
-27 2 44 0
-20 6 -24 0
-49 -24 -35 0
-6 -24 26 0
-23 -8 15 0
-10 2 -41 0
39 36 -30 0
-32 29 -15 0
-49 26 46 0
4 15 -16 0
-30 -45 7 0
28 11 -10 0
-40 -20 30 0
29 -10 39 0
25 5 -41 0
50 -39 -42 0
-46 -22 -18 0
-23 12 -16 0
-5 -34 -3 0
18 -2 -19 0
-40 28 -6 0
-49 -30 45 0
50 -27 4 0
-22 -1 -5 0
-4 -28 -1 0
-22 -4 -9 0
-17 -24 -3 0
46 -12 25 0
-40 -15 -41 0
-44 -38 49 0
45 -50 36 0
3 -19 -46 0
-27 -6 13 0
-39 29 36 0
22 -5 17 0
50 14 8 0
-43 -29 30 0
-24 48 -2 0
-39 -3 49 0
16 -49 44 0
21 -27 -16 0
-25 -17 -18 0
9 -26 -28 0
35 -46 -50 0
35 -23 -1 0
20 -50 -22 0
-34 -1 17 0
-18 17 30 0
44 35 -33 0
12 -4 15 0
-27 -26 22 0
-42 -38 47 0
21 38 5 0
49 -18 44 0
21 26 -36 0
-3 -10 46 0
-35 -2 2 0
21 -35 -5 0
-13 -46 -50 0
-44 -37 35 0
-30 26 -27 0
31 43 33 0
-29 -11 -31 0
35 -1 1 0
-42 34 -35 0
26 -23 28 0
27 29 24 0
-1 -6 2 0
-29 6 -26 0
22 -27 16 0
-18 -24 -37 0
-3 4 22 0
-20 6 -34 0
-4 -13 7 0
-11 -17 -25 0
-33 -18 -2 0
28 -50 -25 0
