c CNF generator v0.9
p cnf 50 240
11 -44 -13 0
-36 -11 18 0
47 33 -5 0
46 35 48 0
-25 -42 -32 0
-12 -5 -26 0
-17 37 19 0
28 3 -19 0
-50 -13 -38 0
23 18 12 0
9 48 16 0
47 -44 31 0
-17 -27 -44 0
-17 -45 7 0
-36 47 21 0
42 4 34 0
9 36 44 0
-42 34 39 0
43 15 43 0
-50 33 -11 0
-27 11 -8 0
47 -28 -38 0
-13 -25 4 0
-48 -14 -21 0
5 23 -29 0
-47 3 -11 0
41 16 9 0
28 -44 30 0
-22 -45 23 0
-32 17 32 0
9 -32 8 0
-21 -49 49 0
5 -13 30 0
-14 39 -46 0
-12 27 -11 0
1 4 -24 0
30 41 49 0
40 21 44 0
-17 1 -35 0
41 -28 -38 0
19 7 -14 0
-49 3 -15 0
31 31 33 0
-18 17 4 0
40 -33 32 0
13 -28 5 0
5 13 -31 0
-28 34 -22 0
-34 -34 -36 0
35 -31 37 0
42 15 7 0
-30 22 19 0
-5 25 -11 0
9 -6 48 0
37 -24 7 0
34 -26 -39 0
-45 43 -20 0
4 -18 -1 0
9 -46 -25 0
21 41 -43 0
-12 -32 17 0
27 17 -7 0
23 34 33 0
-37 -25 -20 0
-1 -22 50 0
-30 -41 22 0
32 -5 47 0
-5 -37 -27 0
-35 43 -38 0
-46 -14 26 0
-6 -3 13 0
-1 13 -19 0
-11 -42 -44 0
-18 -37 -11 0
-20 50 30 0
-7 -30 -48 0
6 -48 -18 0
28 25 27 0
-9 14 -44 0
-6 19 -47 0
45 -44 -49 0
-38 -50 45 0
43 6 36 0
2 -15 -43 0
43 -5 -17 0
-7 47 -7 0
43 -11 28 0
-14 33 10 0
-39 2 44 0
-26 6 5 0
6 -31 22 0
7 30 12 0
41 -4 31 0
46 -41 45 0
14 8 32 0
-16 14 17 0
-17 27 34 0
-11 -25 -30 0
23 -43 28 0
20 -40 19 0
-44 47 -15 0
-8 16 28 0
32 -50 -36 0
-27 47 47 0
48 -5 12 0
24 16 -32 0
-16 14 -2 0
-25 31 -20 0
39 44 -18 0
-10 -13 -13 0
-44 -9 -30 0
2 -17 47 0
-28 36 31 0
-5 -5 -13 0
24 -36 7 0
-42 -37 19 0
-35 49 -32 0
-29 2 5 0
-12 18 29 0
-42 -15 -3 0
-30 -1 -20 0
16 46 26 0
22 24 12 0
-3 14 -46 0
41 -8 -23 0
-19 41 -14 0
49 47 -10 0
-46 7 -38 0
17 50 -34 0
-37 39 -48 0
34 6 -10 0
-26 34 -38 0
-37 32 49 0
-37 20 -48 0
-17 5 30 0
17 -34 32 0
18 -38 24 0
25 15 29 0
8 -37 21 0
24 19 14 0
17 -45 -43 0
45 34 -25 0
-35 -36 39 0
-48 -36 20 0
-3 42 10 0
-38 25 33 0
1 -33 34 0
-44 8 9 0
12 22 -33 0
-8 35 49 0
-5 -5 -46 0
49 -26 -28 0
-29 -28 28 0
32 22 -22 0
30 30 19 0
35 21 3 0
-38 -15 12 0
-21 -4 14 0
26 -3 37 0
49 7 -22 0
-35 24 -24 0
24 -44 -12 0
29 32 -21 0
12 31 4 0
32 -40 26 0
47 20 -35 0
48 38 47 0
-40 40 -2 0
-8 1 8 0
-27 16 -48 0
-36 -33 -1 0
-18 12 -30 0
-25 23 -19 0
25 34 23 0
-7 27 -11 0
-19 -25 -29 0
30 -17 44 0
-19 10 -24 0
-8 -42 -23 0
1 -28 -32 0
26 14 17 0
-47 40 -35 0
-14 -25 23 0
-22 -48 -7 0
-26 -9 -13 0
31 20 35 0
-11 -40 -18 0
17 -19 -15 0
43 32 12 0
43 -50 2 0
-48 -50 29 0
-7 6 -1 0
24 8 -28 0
-32 20 37 0
24 -23 19 0
12 47 -20 0
-23 2 -23 0
-26 28 23 0
39 6 11 0
-25 -6 -35 0
-42 16 -36 0
41 -23 11 0
29 -3 -29 0
4 -26 22 0
-1 22 -20 0
-31 -47 30 0
26 -16 -46 0
-35 -10 -18 0
46 44 -10 0
34 -28 -3 0
47 21 29 0
11 39 -6 0
-34 -9 6 0
-35 47 43 0
-25 50 -8 0
-18 10 -29 0
23 28 11 0
-31 32 -26 0
-29 -42 -50 0
18 -50 40 0
34 -21 15 0
43 -27 26 0
18 -15 -5 0
-33 -37 19 0
4 -16 -37 0
20 19 -13 0
2 1 -5 0
-28 -3 6 0
21 -1 21 0
-35 50 21 0
48 24 13 0
16 -22 -8 0
-10 -13 49 0
-48 -8 -7 0
17 -45 3 0
-50 8 -40 0
-23 -33 4 0
25 45 48 0
-44 45 35 0
-26 43 37 0
