c CNF generator v0.9
p cnf 50 240
34 -39 23 0
7 -1 -5 0
-40 2 48 0
22 -17 -26 0
-39 -19 5 0
32 26 -24 0
-13 -1 -2 0
38 35 -5 0
-49 40 23 0
21 35 19 0
31 6 28 0
-20 25 20 0
21 -47 -35 0
28 1 26 0
46 4 41 0
-46 17 4 0
-16 -16 50 0
8 18 47 0
-18 39 9 0
11 34 -3 0
29 2 -48 0
27 35 -22 0
-24 -33 -7 0
-45 -21 -25 0
-16 32 19 0
-30 -47 44 0
31 -35 32 0
19 26 33 0
29 -31 38 0
-42 43 7 0
-42 -23 -3 0
6 -19 -21 0
-27 28 -1 0
-3 21 -37 0
13 -29 -33 0
-43 -24 44 0
47 -9 -9 0
3 -49 -4 0
-18 -4 11 0
36 -13 -14 0
-50 -38 -27 0
50 -15 7 0
19 40 4 0
-8 -2 -12 0
7 27 2 0
-11 8 11 0
-3 11 46 0
-25 -36 -9 0
-31 -47 -12 0
-12 -17 19 0
30 -34 -13 0
-26 12 14 0
15 15 38 0
-18 23 -42 0
-37 -10 -43 0
35 39 -6 0
24 -44 -49 0
-12 5 10 0
5 -19 32 0
-16 24 34 0
33 23 -33 0
-42 -15 16 0
43 -5 30 0
-14 -28 14 0
-7 6 -50 0
40 -36 -41 0
40 -24 -21 0
-13 -40 -14 0
-2 4 -22 0
13 50 8 0
15 25 31 0
46 -29 4 0
41 -38 -22 0
46 45 -39 0
3 -24 7 0
21 14 -37 0
-46 40 40 0
-43 5 -28 0
28 45 -6 0
8 23 -5 0
45 49 48 0
35 49 -6 0
-15 22 -7 0
-44 -33 31 0
-18 20 -17 0
-47 33 -1 0
16 49 6 0
-24 17 -7 0
-20 -33 -33 0
34 50 36 0
-41 15 -34 0
-25 32 5 0
-19 -17 38 0
-26 47 -50 0
18 -12 16 0
45 -49 -23 0
-38 50 24 0
-42 -16 -21 0
32 45 -10 0
48 4 13 0
26 31 -50 0
18 19 -41 0
32 20 14 0
-41 -3 7 0
-2 -2 34 0
15 -26 28 0
33 35 22 0
-25 4 2 0
6 34 -19 0
36 -1 -39 0
1 -29 50 0
35 -18 40 0
14 -32 -9 0
-28 -12 31 0
20 -33 -46 0
-32 -37 4 0
-6 -44 33 0
-14 45 40 0
5 -30 -34 0
15 -7 -2 0
38 43 -26 0
-20 21 39 0
-18 31 -50 0
-2 3 16 0
19 11 26 0
8 -49 -49 0
26 16 21 0
-23 -2 3 0
-12 35 5 0
-47 32 28 0
-33 -13 4 0
50 24 -7 0
13 32 4 0
34 18 47 0
-35 15 48 0
-1 6 -15 0
-19 -28 45 0
-7 -20 -13 0
18 6 -47 0
32 -26 23 0
-37 43 30 0
-40 -16 14 0
47 -1 6 0
13 4 -30 0
15 -35 -26 0
-28 -21 7 0
-42 -44 -46 0
-24 -9 9 0
-48 47 -29 0
-26 14 -39 0
44 12 45 0
-34 30 -33 0
30 6 -25 0
-49 7 19 0
12 50 40 0
43 19 -34 0
-32 33 13 0
19 -19 37 0
27 5 -1 0
-27 -9 -28 0
18 35 36 0
1 32 -39 0
-19 -12 11 0
-48 10 -29 0
-8 -20 -12 0
-23 32 -18 0
-32 29 5 0
46 -20 42 0
-46 44 2 0
-49 -49 27 0
33 -5 31 0
32 -12 18 0
-28 -35 9 0
-15 -7 -48 0
18 -33 -25 0
13 1 14 0
43 -32 44 0
-6 48 -7 0
2 -3 -43 0
-45 27 31 0
-38 -39 49 0
-20 -43 2 0
-40 9 12 0
25 32 11 0
49 -48 44 0
-17 -38 -47 0
19 23 34 0
25 22 21 0
-36 -11 38 0
-43 27 19 0
20 13 26 0
5 35 -2 0
-6 6 -4 0
18 10 -38 0
-31 -24 -49 0
46 38 11 0
-47 38 -16 0
-19 34 36 0
-42 -1 29 0
46 -50 38 0
38 -44 39 0
19 -47 -47 0
-1 47 46 0
-1 -50 -49 0
-18 40 20 0
18 -23 9 0
42 12 47 0
-23 5 23 0
-16 -9 -35 0
32 37 -13 0
19 46 2 0
31 28 6 0
-48 12 -5 0
-3 47 -39 0
-19 -9 -24 0
8 13 5 0
21 25 37 0
-48 -4 -1 0
38 -22 -22 0
14 -36 42 0
15 -48 8 0
8 -23 -15 0
34 -10 -15 0
-29 40 43 0
-40 -50 -19 0
47 6 -17 0
2 3 -15 0
42 6 -3 0
-50 -1 50 0
-28 -17 -23 0
-6 -17 -49 0
28 -15 -20 0
-33 -13 14 0
-9 -30 -35 0
36 13 45 0
-18 -39 -26 0
27 37 13 0
-3 8 -39 0
17 19 -43 0
-15 8 -10 0
