c CNF generator v0.9
p cnf 50 240
44 36 -39 0
36 6 50 0
-10 11 31 0
29 15 10 0
-17 -28 -22 0
-39 -50 38 0
44 -49 25 0
46 -40 -45 0
-46 -43 -34 0
-47 -19 33 0
-28 3 42 0
-16 31 -40 0
49 -28 -10 0
-2 10 -8 0
5 15 -29 0
-30 -45 34 0
-43 -49 12 0
40 -37 43 0
-48 -34 -44 0
-30 -14 -10 0
-21 -33 28 0
-22 -26 48 0
45 -21 29 0
-46 -11 7 0
-48 -46 24 0
11 -15 -7 0
1 -31 20 0
38 49 -28 0
-46 37 -28 0
25 1 8 0
3 2 43 0
-14 -20 -41 0
23 24 18 0
8 23 12 0
-24 -42 24 0
-43 29 23 0
-19 9 36 0
18 -19 17 0
41 23 -36 0
18 -22 6 0
-25 -2 45 0
-19 5 21 0
-2 -6 -4 0
6 43 -2 0
47 12 17 0
-31 46 -2 0
-4 -26 14 0
37 34 -23 0
7 -27 -2 0
10 -45 -27 0
-33 7 28 0
44 -24 -37 0
-30 14 22 0
-49 20 -35 0
12 31 23 0
-37 -32 48 0
42 -23 -7 0
24 10 -49 0
-34 24 -24 0
-12 13 -15 0
-29 33 -47 0
-4 48 -18 0
31 37 -33 0
-25 35 12 0
-27 43 14 0
-6 14 -2 0
7 29 -38 0
32 -17 44 0
-9 -13 -50 0
45 -6 -30 0
39 -34 -8 0
15 -17 -21 0
45 -50 8 0
17 -14 14 0
13 36 -38 0
42 6 -10 0
-26 50 28 0
41 8 -1 0
14 47 45 0
-34 -36 -49 0
3 44 43 0
13 23 12 0
17 21 12 0
34 36 4 0
7 -7 24 0
-13 26 -49 0
32 41 -15 0
-3 24 4 0
37 -13 2 0
-39 50 24 0
31 -40 -31 0
-24 -29 -49 0
-48 44 3 0
25 29 3 0
-20 26 9 0
-27 17 -11 0
44 6 -27 0
-8 -3 -24 0
-39 48 39 0
42 -7 -23 0
31 -20 24 0
-48 -4 -48 0
34 46 -21 0
-22 25 24 0
8 -9 33 0
-11 -8 -2 0
-30 -39 -18 0
-33 4 -8 0
-28 -11 9 0
-6 -2 50 0
-29 26 -5 0
-19 -7 -2 0
-29 -28 -30 0
-50 35 45 0
29 -46 26 0
36 -29 27 0
-28 -26 43 0
-47 -29 22 0
31 -1 -27 0
-26 7 -42 0
-35 45 -11 0
15 -49 -20 0
48 -34 -42 0
48 -10 -21 0
-38 47 -44 0
-12 32 -7 0
-26 -8 30 0
40 -18 -25 0
34 -16 -4 0
-3 -2 -14 0
43 -34 20 0
49 25 13 0
-21 -41 -7 0
-34 -45 -13 0
-10 41 -50 0
-5 40 44 0
-18 12 34 0
-17 -40 -18 0
-23 23 23 0
11 -38 39 0
39 -5 35 0
6 -1 -27 0
9 38 22 0
-24 -9 -28 0
-9 49 9 0
23 1 -18 0
11 -7 48 0
45 -5 48 0
26 -24 -47 0
21 17 37 0
21 11 1 0
11 37 -46 0
7 39 24 0
-47 42 43 0
-27 -7 -32 0
-40 -46 31 0
6 -39 -7 0
11 -42 -6 0
6 21 -40 0
-22 2 27 0
3 -24 23 0
-33 14 -5 0
-29 21 9 0
-40 28 37 0
17 -26 -15 0
19 -36 1 0
-24 -22 -33 0
33 29 11 0
-47 -9 29 0
-42 -34 -5 0
8 -32 -47 0
-50 -37 16 0
-34 -41 -22 0
-5 31 -4 0
49 -26 24 0
-34 -35 -44 0
-23 29 11 0
34 -6 -28 0
41 16 42 0
-21 38 -44 0
17 41 25 0
-17 -15 40 0
3 22 19 0
-5 -28 28 0
14 -3 -33 0
23 27 -5 0
8 -50 14 0
-24 29 16 0
-50 43 45 0
13 -21 -36 0
-12 9 -41 0
14 -14 33 0
-2 40 -27 0
41 -11 -11 0
-35 31 17 0
5 -1 -39 0
46 29 6 0
37 33 -46 0
14 -29 13 0
32 14 -14 0
-44 30 -14 0
31 50 -48 0
33 4 -36 0
-33 -27 -9 0
37 35 2 0
-28 8 -30 0
13 -31 -20 0
-49 -1 -34 0
8 5 -36 0
-46 -35 -22 0
41 -33 -24 0
32 -14 25 0
36 -31 36 0
-13 -23 -47 0
-37 -14 13 0
-23 -9 1 0
22 15 -3 0
29 20 -2 0
-9 -47 33 0
-14 37 47 0
-4 31 -4 0
-36 15 36 0
-22 9 48 0
-4 -40 -28 0
34 -45 -18 0
31 -25 -10 0
32 -28 44 0
2 19 17 0
-14 -24 24 0
49 10 46 0
24 32 -46 0
-41 29 -27 0
29 -6 -38 0
-35 -36 -17 0
47 26 25 0
2 -34 -8 0
-50 -48 13 0
-3 39 -31 0
35 31 17 0
47 45 -46 0
