c CNF generator v0.9
p cnf 50 240
12 50 -8 0
-21 41 37 0
-33 23 -31 0
24 -20 13 0
14 21 20 0
40 -49 20 0
14 50 -19 0
47 31 2 0
-22 -17 -22 0
36 33 -34 0
-41 -25 12 0
-49 18 49 0
8 -14 19 0
-14 2 -35 0
44 17 48 0
-41 36 25 0
26 26 15 0
27 -43 -37 0
-46 -43 -21 0
48 24 35 0
-44 -37 19 0
-44 -16 26 0
47 -50 -17 0
43 13 25 0
-31 41 -45 0
46 -21 32 0
48 -48 16 0
44 38 -1 0
29 -17 -12 0
-16 8 6 0
-22 1 -36 0
13 -2 43 0
18 34 -30 0
49 -9 1 0
-5 2 3 0
-27 -1 10 0
-20 -45 6 0
-19 -45 -33 0
26 -10 1 0
31 32 33 0
4 -3 -42 0
-33 -13 49 0
2 36 40 0
5 33 -25 0
-50 -6 8 0
49 26 23 0
-46 18 -25 0
-44 -18 48 0
1 15 -29 0
-29 -39 -22 0
26 -30 -36 0
-34 36 29 0
-13 23 48 0
-23 -41 -17 0
-3 -24 13 0
4 -20 34 0
-30 7 -16 0
10 39 11 0
-13 -23 -13 0
14 -1 50 0
-36 -2 36 0
-21 3 -23 0
42 35 -40 0
-29 2 -9 0
27 8 -21 0
-21 -22 -41 0
26 -49 -43 0
-5 -19 -10 0
-29 50 -31 0
-7 -41 10 0
-22 -47 16 0
-11 -47 -21 0
-40 -31 5 0
47 14 -35 0
-22 -10 36 0
20 -34 -19 0
46 -29 28 0
39 -8 41 0
-4 -40 36 0
25 30 -34 0
-49 -49 24 0
-30 -29 4 0
-49 -22 25 0
22 1 -31 0
-37 22 11 0
-10 -12 42 0
-28 34 28 0
-43 22 -33 0
43 -30 -46 0
1 42 47 0
49 -28 -6 0
-42 26 50 0
35 31 -4 0
-44 -3 3 0
31 -14 18 0
26 -30 29 0
31 16 33 0
24 3 -3 0
8 -46 -28 0
-6 2 1 0
-3 -22 24 0
34 -38 -21 0
-40 -3 32 0
-18 30 -30 0
19 13 -33 0
23 9 -3 0
-49 -17 -40 0
-20 25 -41 0
41 -7 38 0
50 -38 25 0
-22 -24 -43 0
-20 -47 48 0
-9 -39 42 0
25 -7 3 0
-28 -28 -21 0
27 48 -39 0
-8 -46 -19 0
-39 2 44 0
4 -37 8 0
40 -47 -36 0
7 26 17 0
23 -12 2 0
42 34 45 0
-40 -39 29 0
-40 -49 -6 0
-14 22 33 0
49 -28 18 0
-21 49 45 0
24 41 26 0
-47 22 -18 0
-35 -12 -43 0
-15 -7 17 0
1 -10 -1 0
32 34 -25 0
-19 -5 35 0
-50 -30 36 0
19 9 -33 0
-17 29 6 0
-17 33 -22 0
41 44 -11 0
-39 -27 22 0
47 -8 -42 0
11 15 26 0
-16 45 -34 0
30 17 44 0
45 -43 -30 0
-10 22 -35 0
-19 33 36 0
47 11 -49 0
42 15 14 0
-26 -39 35 0
-9 46 33 0
6 13 11 0
-24 -27 -44 0
22 34 36 0
-35 -26 -15 0
24 -17 -44 0
3 -10 25 0
-29 39 4 0
-40 25 -42 0
-31 -19 20 0
-5 27 50 0
50 -15 47 0
-44 35 -17 0
15 40 4 0
-23 17 -45 0
49 -1 44 0
15 -17 -35 0
-24 -41 35 0
7 -12 29 0
-27 -45 14 0
-36 -43 37 0
16 3 -2 0
28 10 -44 0
-29 48 -2 0
17 -1 2 0
16 3 -10 0
22 -5 11 0
-19 2 13 0
-40 39 42 0
-48 41 10 0
32 -7 -41 0
21 -36 -33 0
-12 14 43 0
20 46 25 0
6 20 1 0
-36 -22 -43 0
29 -17 -26 0
27 5 32 0
-17 -3 23 0
-12 16 -31 0
27 -42 28 0
36 18 -4 0
-45 -26 -37 0
29 28 42 0
15 -38 1 0
29 -6 39 0
-13 -23 -31 0
16 -45 -47 0
12 9 38 0
14 41 -21 0
-13 -32 40 0
35 9 -19 0
49 -36 31 0
8 19 12 0
31 -46 -7 0
44 -43 -13 0
3 -44 -46 0
-43 -3 -8 0
14 21 -8 0
-36 9 -27 0
12 12 -17 0
33 -30 21 0
4 -23 -11 0
36 48 -27 0
-28 29 14 0
7 -45 25 0
5 -8 12 0
48 -41 -31 0
-20 -45 -49 0
11 -9 -1 0
-46 -40 -5 0
13 -33 49 0
26 -4 -24 0
-46 -36 46 0
31 50 -2 0
-46 1 -1 0
-13 -9 23 0
21 -5 1 0
-3 -40 -14 0
-27 38 -6 0
35 16 -45 0
23 -24 -23 0
-39 24 6 0
-7 -35 -5 0
-36 50 28 0
-43 15 -31 0
36 -39 47 0
39 -43 -41 0
22 -31 2 0
