c CNF generator v0.9
p cnf 50 240
28 -30 8 0
-33 21 -43 0
44 26 -6 0
47 5 2 0
-21 -27 10 0
-33 -14 -28 0
22 35 -36 0
-47 21 40 0
-25 -38 -29 0
24 45 -6 0
21 -31 34 0
38 46 -44 0
48 27 -25 0
43 5 -47 0
-36 28 2 0
12 -44 24 0
48 43 -37 0
-32 8 -37 0
34 19 10 0
27 -22 -28 0
-19 -24 -17 0
20 -3 -31 0
40 -47 46 0
12 -21 -22 0
-34 17 16 0
10 15 -37 0
-25 49 -16 0
11 -27 39 0
-20 40 50 0
-25 -9 28 0
-42 -14 -16 0
-32 19 -15 0
25 -39 -46 0
18 -40 16 0
-20 34 -5 0
-17 -10 -36 0
-4 10 33 0
10 32 -32 0
-6 -49 46 0
-20 -11 8 0
-23 -42 23 0
-40 22 38 0
47 -5 -14 0
-45 -3 45 0
-6 -38 33 0
21 23 12 0
-48 34 -9 0
25 -10 50 0
6 -23 -12 0
30 5 43 0
9 -18 46 0
23 13 -22 0
13 45 8 0
12 -28 -35 0
22 -27 -10 0
-28 -4 31 0
15 -12 -18 0
-1 17 -5 0
-27 -18 -37 0
-20 -50 31 0
36 -50 -14 0
-49 12 -25 0
-14 -33 36 0
47 27 22 0
43 -11 27 0
-42 -21 -12 0
37 -13 -45 0
49 -7 37 0
50 50 8 0
1 -20 41 0
36 49 -23 0
-31 -40 39 0
-3 38 28 0
34 39 28 0
-28 12 -38 0
-7 -12 -16 0
6 -24 37 0
38 17 33 0
-21 -6 12 0
-4 -25 -15 0
26 -24 30 0
9 3 29 0
-43 -47 37 0
-50 -44 -38 0
-32 -47 -27 0
42 3 -33 0
-23 1 -35 0
8 39 18 0
-30 -20 -4 0
-45 43 32 0
-34 -49 -14 0
8 41 -48 0
23 -30 -32 0
23 33 12 0
48 35 42 0
11 -32 26 0
-4 11 -29 0
-41 46 30 0
-45 -49 -40 0
-29 28 33 0
40 10 -9 0
-44 9 -43 0
-38 -38 10 0
50 21 15 0
-31 -18 32 0
16 39 28 0
28 48 50 0
48 -29 21 0
-23 -3 -25 0
1 -43 -32 0
41 50 -33 0
-26 -1 8 0
23 9 -40 0
32 -49 -43 0
22 -20 33 0
10 -45 23 0
-27 10 4 0
-42 -49 -49 0
5 37 39 0
-22 13 47 0
-23 13 -31 0
-8 -36 -48 0
40 16 15 0
-32 -36 -10 0
-2 -17 -28 0
-42 -50 -26 0
-5 8 44 0
45 -34 1 0
41 5 -47 0
-48 11 13 0
-50 -22 -45 0
-21 -3 21 0
50 -46 -24 0
13 32 -44 0
9 -11 -44 0
25 -23 -44 0
-10 23 44 0
2 -23 40 0
8 22 -32 0
46 -32 2 0
-7 -45 3 0
18 -33 -2 0
-4 44 -35 0
-43 43 -23 0
45 24 33 0
45 -48 33 0
-47 29 -41 0
-7 38 41 0
18 50 37 0
38 -5 -43 0
30 -22 -37 0
11 -30 -31 0
47 34 41 0
42 -37 -1 0
50 -32 -28 0
-16 -23 -8 0
14 -11 -22 0
42 45 -30 0
-19 29 -43 0
-3 35 -3 0
-16 37 3 0
-7 34 -46 0
19 32 28 0
-31 30 9 0
-38 -50 45 0
-31 -50 -12 0
-44 4 -25 0
11 50 49 0
-11 44 -44 0
26 22 15 0
-22 -26 -49 0
16 -27 -34 0
-14 3 33 0
-29 -44 -5 0
22 21 8 0
-7 -44 -10 0
36 -43 47 0
-1 -48 41 0
-10 -18 -11 0
27 -21 28 0
3 15 -24 0
47 -29 -23 0
41 49 -39 0
-44 26 -12 0
21 -41 49 0
-17 -26 -24 0
16 -33 -32 0
-27 -8 -26 0
-10 12 -36 0
1 -39 8 0
10 -6 -31 0
-7 49 2 0
-37 13 -17 0
24 -47 -18 0
12 -7 11 0
33 -10 39 0
-12 -31 37 0
-13 -5 -44 0
-26 35 -28 0
-39 -32 6 0
-31 -11 -22 0
-34 34 19 0
-16 -2 23 0
20 47 -43 0
43 -10 1 0
31 42 43 0
41 31 22 0
-4 -7 -2 0
-16 -7 42 0
42 -20 17 0
23 -4 33 0
-21 41 -16 0
-33 24 -48 0
41 39 -50 0
45 28 -47 0
-19 50 14 0
24 8 -48 0
-5 -1 49 0
12 -45 46 0
9 18 14 0
47 -40 13 0
13 -46 -44 0
-3 -43 42 0
-24 -34 43 0
7 22 -39 0
37 -21 -43 0
-17 4 -8 0
10 25 -16 0
4 31 -36 0
45 8 28 0
23 -23 -48 0
-5 38 1 0
-6 -44 44 0
33 -6 -6 0
50 -44 -48 0
34 20 37 0
-38 -37 -42 0
-46 25 31 0
-18 4 34 0
39 -40 43 0
