c CNF generator v0.9
p cnf 50 240
-23 3 42 0
49 -28 22 0
5 49 19 0
-12 24 -37 0
34 -2 19 0
1 26 47 0
3 -11 -29 0
-48 33 4 0
-25 -27 -26 0
17 45 -19 0
39 28 31 0
-48 43 -47 0
21 46 15 0
-38 9 -21 0
39 13 -42 0
28 28 -26 0
42 46 14 0
-12 -27 -35 0
21 -23 19 0
23 -38 43 0
15 8 -14 0
-37 46 48 0
-43 -18 -50 0
-6 -17 -45 0
-29 14 -24 0
-17 -19 25 0
7 3 -42 0
-13 -19 -27 0
10 12 -48 0
-32 20 -21 0
-49 27 46 0
41 5 30 0
-16 -20 -10 0
-35 28 23 0
-43 -38 -17 0
21 -33 45 0
-43 49 -18 0
-5 -1 49 0
-35 20 -34 0
-24 -12 43 0
-48 1 -21 0
-5 1 18 0
-32 -12 36 0
47 14 -38 0
-25 39 15 0
49 3 -32 0
47 39 40 0
-10 30 40 0
-39 49 -1 0
7 -34 25 0
-3 40 -37 0
-9 -23 -13 0
34 15 50 0
-43 -38 -50 0
41 23 -12 0
14 -12 -49 0
-3 45 -42 0
-9 34 -48 0
18 25 -24 0
-26 16 38 0
-20 -23 -12 0
-36 33 -25 0
-7 -41 -3 0
19 -50 49 0
-10 -39 19 0
29 -26 -37 0
-42 -20 -24 0
-39 22 -1 0
-14 14 25 0
-21 -30 -16 0
12 41 -10 0
45 -29 -20 0
21 -38 -5 0
-19 41 6 0
8 -30 7 0
6 -11 -44 0
38 -32 1 0
8 -2 4 0
15 30 -50 0
17 19 -23 0
16 -40 -7 0
41 -41 13 0
-26 9 -46 0
28 -14 -4 0
32 4 37 0
38 -41 49 0
-15 -22 41 0
-47 -3 -26 0
29 40 21 0
14 -40 -25 0
40 -29 16 0
20 -9 28 0
17 25 34 0
3 -5 23 0
18 -31 -12 0
50 4 -24 0
-24 2 -31 0
-11 41 -46 0
24 -18 -6 0
-8 -39 5 0
6 2 -36 0
-1 -46 -21 0
44 46 -16 0
-12 -49 -15 0
-14 -12 -9 0
19 -20 21 0
-37 -34 -24 0
-21 -40 -49 0
29 14 -7 0
-2 49 -5 0
37 36 10 0
-29 -27 13 0
10 39 28 0
40 -4 -38 0
33 -9 14 0
-19 29 18 0
16 -27 -48 0
-32 -39 -41 0
-42 15 36 0
-17 -22 2 0
20 41 -13 0
-19 -23 -2 0
13 35 -34 0
26 34 14 0
7 39 4 0
48 -5 -42 0
8 -27 -24 0
5 48 -18 0
32 -38 -9 0
49 36 -3 0
-5 -4 5 0
-42 30 -34 0
-23 -43 25 0
3 -49 50 0
26 14 -13 0
49 48 -4 0
-42 -5 41 0
-6 8 -44 0
35 31 -19 0
-18 49 -27 0
30 -21 41 0
41 24 44 0
2 35 -36 0
25 1 -28 0
-1 -33 4 0
50 21 -2 0
-41 38 29 0
-18 4 38 0
-46 -2 -5 0
-41 -36 -2 0
-42 13 -13 0
42 28 3 0
-30 -24 11 0
-28 -3 -44 0
7 48 -7 0
4 -19 -7 0
-49 -47 40 0
41 4 8 0
39 5 41 0
6 13 26 0
-4 24 -15 0
6 44 -22 0
30 44 43 0
-29 -15 -48 0
6 27 -50 0
5 -37 -1 0
31 1 25 0
18 -20 20 0
3 1 9 0
30 -49 49 0
39 35 -15 0
-10 -12 -2 0
26 33 23 0
-37 -31 -17 0
37 3 -7 0
37 12 26 0
-6 -4 14 0
-2 -26 21 0
-48 -25 10 0
-27 13 -26 0
36 50 -39 0
46 29 46 0
-45 -39 -15 0
5 -27 -38 0
13 18 -49 0
39 43 -39 0
47 19 19 0
-8 32 18 0
-20 -39 44 0
18 -16 -33 0
-49 -12 -16 0
45 41 -7 0
26 -30 33 0
-26 -18 33 0
7 -21 -7 0
-5 -43 1 0
-45 41 35 0
-40 41 31 0
14 1 45 0
32 31 -5 0
-25 9 -15 0
-32 -42 -12 0
11 -4 -36 0
15 30 3 0
24 -46 47 0
-20 31 20 0
-29 -25 11 0
33 -7 3 0
18 20 -10 0
46 37 -30 0
11 -2 45 0
-25 -47 8 0
16 -33 -24 0
41 13 34 0
-44 10 -33 0
-34 31 37 0
8 -21 37 0
25 -43 5 0
-19 24 26 0
-24 42 -29 0
-9 -47 -7 0
-27 26 -33 0
-36 -30 2 0
6 -10 -33 0
38 18 -35 0
13 -50 -45 0
26 11 -35 0
-42 42 -11 0
-47 7 -9 0
16 17 -26 0
33 33 19 0
49 -45 -45 0
19 -27 9 0
-24 -19 -23 0
47 4 -22 0
-7 -3 46 0
-12 -38 44 0
48 44 -12 0
38 -47 -50 0
46 -43 45 0
