c CNF generator v0.9
p cnf 50 240
-10 28 -39 0
40 -3 -12 0
37 17 -23 0
-17 -28 -4 0
-44 25 -24 0
-50 23 4 0
40 -30 -36 0
30 -24 12 0
16 -28 -21 0
-4 37 10 0
45 5 45 0
-30 -36 -3 0
-43 42 27 0
-2 -43 -21 0
-32 43 -35 0
-18 7 -10 0
-12 37 -30 0
-13 15 45 0
16 8 1 0
12 34 48 0
-48 -25 -28 0
-21 -32 32 0
-26 -16 15 0
4 17 24 0
-15 26 4 0
11 -12 20 0
30 -1 37 0
-20 26 14 0
-33 -42 -29 0
-7 33 41 0
39 28 16 0
27 -42 19 0
-21 18 11 0
28 45 2 0
-31 -18 -42 0
6 36 32 0
-5 -1 47 0
-23 43 37 0
38 6 27 0
-39 21 9 0
32 3 37 0
-11 10 44 0
-33 37 24 0
-22 37 -2 0
41 38 37 0
38 -13 -31 0
-4 -8 -44 0
-15 42 5 0
-8 -48 -26 0
-17 -13 -32 0
37 25 -3 0
-45 11 -36 0
-23 -3 27 0
-50 15 -6 0
14 7 -42 0
11 32 -30 0
18 16 -43 0
39 19 -17 0
39 3 6 0
32 29 15 0
-45 -8 -5 0
-17 -6 37 0
25 -42 -6 0
27 44 -37 0
-48 -9 -42 0
27 30 -23 0
-10 -14 10 0
5 26 46 0
-15 9 8 0
-9 26 -33 0
-1 15 29 0
7 -13 33 0
35 -5 7 0
-45 -31 -14 0
14 -33 26 0
11 18 49 0
-20 8 29 0
-42 37 6 0
-23 -11 29 0
-43 48 -47 0
-50 35 18 0
-43 -27 5 0
-27 18 38 0
27 -8 34 0
-28 10 -12 0
-37 1 -8 0
39 11 36 0
-18 -5 -8 0
34 47 -9 0
-30 -16 -35 0
-17 46 -6 0
33 42 -23 0
-38 4 -49 0
-26 33 45 0
18 -24 -43 0
-17 -46 -36 0
15 -35 22 0
-17 -26 23 0
3 -19 -23 0
-32 39 25 0
-47 41 43 0
46 -24 -32 0
43 -10 8 0
44 50 -17 0
-11 21 5 0
37 45 -38 0
26 36 28 0
26 -47 2 0
22 22 -49 0
-35 -40 -24 0
-35 23 -36 0
44 -33 -29 0
-4 -50 -4 0
-2 17 -14 0
-4 33 10 0
36 -47 30 0
-3 22 -25 0
-15 -28 -21 0
-41 -32 -28 0
-15 9 26 0
11 -23 -39 0
-40 -8 14 0
43 26 -5 0
29 7 -5 0
-46 34 9 0
-14 -50 -18 0
-46 34 29 0
9 13 -22 0
-38 -34 -50 0
-33 45 -42 0
-16 -19 44 0
-31 -18 -44 0
3 -19 35 0
-21 33 13 0
6 -11 -33 0
-3 -34 15 0
40 -15 47 0
-20 -15 -25 0
2 -17 7 0
43 -47 26 0
39 -36 -18 0
-38 34 -3 0
42 -6 30 0
50 -1 -50 0
4 1 -10 0
-42 -36 -1 0
15 38 -28 0
-50 -6 20 0
-14 -41 -10 0
26 -22 41 0
24 -23 50 0
25 -49 37 0
29 31 27 0
31 33 15 0
-7 -19 -19 0
42 9 7 0
-47 1 36 0
-19 34 -13 0
-5 -1 50 0
-35 22 27 0
49 -34 44 0
41 22 -16 0
43 -44 15 0
27 28 2 0
26 -40 -42 0
-26 -38 46 0
-45 -14 36 0
14 39 -49 0
-33 4 37 0
-24 -13 -45 0
22 16 -9 0
26 40 27 0
-44 30 22 0
34 -6 25 0
-49 26 41 0
-27 28 12 0
29 -31 -10 0
-49 -40 19 0
38 26 2 0
-34 40 32 0
-11 44 2 0
26 34 -50 0
-37 38 -6 0
-44 44 -41 0
47 -49 25 0
-50 -28 -1 0
-7 -5 30 0
44 -38 -30 0
27 22 2 0
-50 -35 -3 0
-20 -44 -30 0
-16 -48 -9 0
-34 -11 41 0
-41 -10 -10 0
-14 11 32 0
32 5 -38 0
22 22 -11 0
37 21 29 0
-32 -48 17 0
-25 -39 -5 0
-13 -26 -39 0
21 -5 8 0
32 37 24 0
7 36 -33 0
3 30 7 0
39 41 4 0
2 11 -37 0
-12 39 -31 0
43 -36 30 0
37 -19 10 0
-14 -29 -45 0
-32 -41 11 0
-18 -41 25 0
13 6 -40 0
-38 50 -14 0
34 -2 37 0
-25 -7 -6 0
45 49 5 0
-39 24 16 0
-7 -10 -13 0
-23 -25 43 0
19 -13 -14 0
-45 -26 -45 0
26 7 31 0
32 8 21 0
14 17 40 0
-35 -13 -12 0
-36 9 -38 0
2 35 21 0
-42 26 10 0
23 3 21 0
46 7 19 0
-34 -10 -41 0
-35 -11 45 0
14 -33 -13 0
-50 -49 -30 0
-34 13 3 0
47 -26 31 0
35 -37 41 0
-15 -8 49 0
