c CNF generator v0.9
p cnf 50 240
-43 -19 -48 0
42 13 -32 0
-32 28 -49 0
-3 39 11 0
17 -44 10 0
-25 34 -19 0
19 -23 26 0
-6 38 -9 0
-21 -31 20 0
-30 -19 -3 0
27 -36 -20 0
12 37 14 0
-26 35 -37 0
13 34 6 0
-44 -5 -38 0
-35 34 -2 0
11 8 -32 0
33 -33 44 0
12 -6 31 0
-10 46 37 0
-31 -34 -44 0
37 17 -41 0
31 -33 -26 0
8 -9 42 0
10 12 -50 0
-10 -24 -12 0
40 27 44 0
-44 -22 -50 0
2 5 10 0
-47 43 -24 0
12 19 49 0
48 50 -44 0
-29 30 27 0
-46 41 2 0
30 37 -3 0
-38 36 -22 0
-4 13 14 0
-46 20 -34 0
35 -7 -32 0
-39 -2 26 0
-11 -43 -20 0
5 -25 -44 0
-16 -29 36 0
32 -33 45 0
43 13 8 0
14 -41 34 0
-6 -4 -2 0
-18 -45 -18 0
47 15 7 0
-36 -30 -14 0
-42 48 -1 0
-1 48 1 0
-48 4 36 0
9 36 34 0
-29 36 -23 0
-31 10 42 0
-28 -16 -19 0
-26 -46 -19 0
21 -49 -48 0
12 26 -31 0
-4 42 -21 0
43 -43 46 0
-7 39 -15 0
-23 26 34 0
-47 -17 34 0
-35 13 35 0
8 21 -21 0
49 10 -49 0
-13 -47 24 0
-9 26 45 0
16 9 -33 0
45 -9 7 0
38 17 21 0
18 -34 -33 0
28 -12 -21 0
31 41 -6 0
37 -50 -43 0
27 -26 -1 0
17 29 7 0
-2 -48 28 0
-26 30 18 0
-46 -28 16 0
34 34 -38 0
-19 -24 10 0
-44 -14 30 0
14 22 -21 0
20 22 -50 0
33 -50 -47 0
43 2 -46 0
26 34 24 0
-20 -42 30 0
-41 -48 12 0
19 47 -4 0
-38 -26 -24 0
17 -31 -20 0
36 -47 -21 0
15 -39 -19 0
-49 -26 -45 0
36 -3 5 0
-30 -20 42 0
-50 41 42 0
28 41 -48 0
18 37 -5 0
37 -5 6 0
-18 26 -30 0
-28 3 -45 0
-21 -17 -20 0
-40 32 19 0
-5 13 33 0
-23 -29 33 0
-13 47 -17 0
3 48 -50 0
-44 45 -1 0
7 -17 -30 0
48 40 -29 0
-6 -13 16 0
27 -34 -25 0
41 -25 12 0
-50 -41 -21 0
29 -9 27 0
-37 50 -31 0
40 25 -25 0
5 -32 -35 0
17 -28 -25 0
34 -41 -37 0
-44 36 20 0
14 -49 44 0
-47 -31 24 0
-9 -11 -42 0
-1 22 44 0
44 -33 -41 0
-1 14 3 0
15 -33 1 0
40 41 -46 0
-48 -21 19 0
-39 6 39 0
-26 40 -9 0
-20 48 34 0
48 -8 40 0
13 -18 -39 0
-12 29 8 0
-11 -23 40 0
3 46 -32 0
33 22 11 0
-29 2 -30 0
33 20 35 0
-50 15 -34 0
14 -41 20 0
47 -27 -11 0
-5 -18 -6 0
2 -43 6 0
43 -13 20 0
-2 12 50 0
21 -27 -36 0
-18 15 -6 0
20 47 4 0
26 -39 -39 0
36 12 35 0
-26 7 9 0
17 -43 -47 0
-49 -41 15 0
-34 50 -46 0
-26 30 47 0
-39 -23 47 0
-32 -2 -5 0
-18 39 16 0
-19 26 -40 0
31 -29 14 0
-5 19 33 0
-36 -41 -4 0
-24 14 16 0
38 27 34 0
40 -7 38 0
-33 -4 -45 0
47 -4 30 0
-37 44 11 0
-46 -46 11 0
-23 16 37 0
44 23 28 0
6 -38 12 0
33 -6 -20 0
19 -11 11 0
2 -45 -21 0
-5 -50 -6 0
-49 21 -12 0
-36 14 -11 0
-33 -50 32 0
40 50 13 0
5 25 -12 0
-20 19 -13 0
8 -40 3 0
28 -33 -50 0
8 -5 38 0
-24 41 22 0
-24 -31 -27 0
-26 8 -50 0
-32 -38 4 0
7 5 38 0
-8 18 -14 0
7 -34 -21 0
-5 -48 -14 0
47 -12 -48 0
-7 -29 -5 0
-32 -36 -34 0
10 9 -45 0
-30 -34 24 0
-1 15 -9 0
9 -42 40 0
44 -5 -26 0
-7 -28 14 0
-30 -48 23 0
-9 33 -19 0
34 -10 -42 0
-44 16 1 0
-2 17 -34 0
7 -37 27 0
-42 -12 -45 0
-35 38 -46 0
1 -19 29 0
-28 44 10 0
46 -18 -36 0
38 -50 12 0
4 45 -5 0
-38 41 23 0
4 25 -10 0
49 -8 33 0
-3 49 41 0
29 -31 -6 0
7 28 5 0
18 -44 -12 0
36 -15 32 0
33 37 1 0
14 -5 -45 0
-18 17 48 0
-34 -33 -37 0
11 14 -38 0
10 30 25 0
-2 -46 -9 0
-23 -26 -20 0
49 44 -14 0
