c CNF generator v0.9
p cnf 50 240
-10 -33 31 0
-28 -37 10 0
24 25 -12 0
-12 -39 8 0
-35 -39 -17 0
4 -33 31 0
-32 -20 49 0
-24 20 2 0
-20 -31 -17 0
-50 -16 36 0
26 -8 -18 0
-49 -34 -43 0
44 -36 29 0
-17 -7 18 0
12 9 3 0
-10 47 44 0
-33 -32 -25 0
-23 -35 -49 0
-6 6 -19 0
-5 49 -13 0
-38 -47 -49 0
40 49 -1 0
37 -29 40 0
-39 23 -1 0
27 3 -44 0
-10 -21 -24 0
-29 -34 31 0
-4 15 25 0
39 5 50 0
36 28 49 0
-21 -33 37 0
-12 -30 12 0
-35 -30 -22 0
-27 28 47 0
41 -33 6 0
44 45 -41 0
15 14 13 0
-19 -9 -7 0
-22 -45 37 0
30 49 -35 0
-17 -29 30 0
41 3 19 0
-47 -38 -6 0
23 -37 5 0
-28 -2 27 0
45 31 -26 0
44 26 27 0
13 18 -39 0
-17 7 8 0
33 6 30 0
-31 -39 34 0
-4 22 -26 0
-1 11 -24 0
-9 4 1 0
-9 42 47 0
-33 -36 -18 0
30 41 5 0
-5 -29 21 0
-37 33 1 0
3 12 8 0
32 24 -20 0
-24 -6 48 0
31 13 -23 0
-4 -41 15 0
-37 14 30 0
-20 -36 44 0
49 23 10 0
-22 -22 5 0
38 13 -2 0
6 49 -43 0
34 12 37 0
20 -42 30 0
19 -32 9 0
5 -30 -47 0
-4 10 -9 0
-1 -10 48 0
-20 -19 34 0
15 -26 -36 0
10 26 46 0
-26 14 7 0
-6 39 -40 0
-29 12 -44 0
-9 35 -1 0
-9 -43 -6 0
-23 25 24 0
45 -15 -8 0
-25 23 41 0
18 45 -4 0
-15 -22 -30 0
-50 19 31 0
-20 -14 -36 0
-37 -26 19 0
7 -30 15 0
8 25 36 0
17 2 7 0
23 -17 -20 0
31 36 49 0
22 5 27 0
13 23 25 0
-16 2 6 0
-50 6 29 0
-47 15 -22 0
-50 2 -6 0
-29 31 -5 0
17 33 49 0
16 42 23 0
-8 -37 -41 0
25 30 -47 0
10 -17 -8 0
-20 -6 -15 0
-48 34 25 0
-30 14 -28 0
9 10 15 0
-17 37 -19 0
29 4 -33 0
18 23 -46 0
-28 -41 -1 0
-30 -6 -23 0
-45 44 -10 0
12 -8 -6 0
10 34 36 0
40 17 36 0
-43 7 -13 0
-21 -27 44 0
10 4 7 0
-14 39 -1 0
13 -14 -39 0
41 13 -41 0
-8 4 46 0
17 -21 -44 0
41 -15 23 0
-34 -1 34 0
-17 -21 19 0
9 -31 5 0
12 -19 16 0
32 -36 41 0
19 46 32 0
14 25 -49 0
-21 27 47 0
-8 -45 -16 0
-12 -30 36 0
36 26 4 0
-12 6 -46 0
-30 26 -30 0
-3 36 37 0
-47 -33 23 0
-8 -23 -28 0
-29 26 48 0
-24 46 -12 0
-7 11 -30 0
-43 -39 -28 0
49 -19 -42 0
7 24 -13 0
-42 -24 -36 0
-3 10 -10 0
17 8 36 0
-5 -20 -7 0
24 -22 37 0
11 -41 33 0
6 12 42 0
-1 42 22 0
-47 -18 -12 0
50 -50 48 0
15 -22 -25 0
3 -1 8 0
-4 18 40 0
-15 32 21 0
33 -41 36 0
-39 -45 -36 0
45 4 9 0
11 -22 -19 0
6 12 20 0
22 44 -4 0
20 -7 26 0
-42 -24 -11 0
-45 -11 -30 0
19 20 2 0
33 -11 -25 0
28 -2 -4 0
34 -41 6 0
43 -9 11 0
2 -23 15 0
-7 -14 -31 0
44 16 46 0
38 13 37 0
-12 -2 -7 0
-50 16 35 0
-37 49 -49 0
17 -12 49 0
44 -35 10 0
-46 -13 13 0
24 -38 24 0
38 33 50 0
-48 47 38 0
49 -32 -42 0
-47 17 -1 0
39 -47 39 0
18 50 -38 0
3 35 -47 0
-47 24 12 0
-20 28 40 0
2 -24 23 0
6 28 -31 0
-17 31 16 0
15 -3 -10 0
44 -16 -23 0
-45 20 10 0
3 1 46 0
-35 -6 34 0
-27 31 -33 0
35 -33 -50 0
-2 42 35 0
-12 45 48 0
-49 -14 34 0
46 -12 -11 0
-10 38 -28 0
-24 -44 -33 0
21 -33 41 0
-46 14 -42 0
-32 4 -15 0
46 31 -15 0
-35 24 -41 0
-14 -22 37 0
-6 16 -47 0
26 -39 -18 0
-16 2 -16 0
1 -29 21 0
37 -36 49 0
-9 41 -28 0
-29 21 14 0
42 -31 44 0
3 8 30 0
-4 39 45 0
-29 -9 -1 0
40 -32 -12 0
34 24 45 0
-5 -35 14 0
-30 10 39 0
27 2 -40 0
-44 18 -16 0
