c CNF generator v0.9
p cnf 50 240
13 17 13 0
49 2 40 0
1 39 -36 0
41 24 -13 0
-30 1 14 0
-41 -27 -16 0
5 -20 -23 0
12 32 -44 0
5 8 7 0
-38 -40 -28 0
-38 19 24 0
19 -47 14 0
27 39 15 0
27 -3 46 0
-4 -37 -10 0
-27 31 50 0
-38 -18 27 0
6 -31 46 0
-50 43 25 0
-20 49 8 0
8 18 39 0
25 -31 24 0
35 -14 47 0
40 -18 -21 0
-29 -40 -6 0
40 4 -27 0
-44 -36 47 0
-28 22 -27 0
7 -28 -38 0
47 45 -27 0
19 17 -33 0
2 18 34 0
7 -24 21 0
-9 -19 11 0
-4 -16 -12 0
-31 -44 16 0
10 -50 19 0
34 -11 20 0
32 27 -49 0
3 -18 43 0
-13 -11 29 0
38 39 -43 0
-47 8 -44 0
13 35 -47 0
13 35 -44 0
8 -34 -25 0
-1 -25 -34 0
31 -39 -44 0
-33 -35 -1 0
35 -14 37 0
23 -45 2 0
36 26 26 0
-1 -41 -20 0
16 8 34 0
-14 47 -13 0
8 14 -12 0
-6 27 26 0
-46 16 22 0
-9 -44 -22 0
17 43 22 0
-36 -41 15 0
27 -30 23 0
32 -37 7 0
25 -9 -2 0
-12 -30 38 0
48 -49 17 0
38 21 49 0
31 -2 -25 0
3 41 -21 0
12 -24 40 0
49 50 -6 0
-36 -2 -23 0
41 -38 46 0
-22 -39 3 0
-39 -9 42 0
-13 45 48 0
-25 17 46 0
47 -28 17 0
28 2 -31 0
24 -1 8 0
-11 -10 43 0
-7 -12 43 0
30 38 1 0
-49 -48 -25 0
25 27 38 0
-25 -15 43 0
-39 7 -14 0
17 -32 -9 0
-5 -3 -20 0
-37 -31 -9 0
33 25 -27 0
19 -1 35 0
49 23 -26 0
-22 -45 33 0
38 -45 43 0
-22 -22 -38 0
-28 -13 14 0
-7 30 43 0
-47 -42 -45 0
20 -48 22 0
39 7 -39 0
46 -14 34 0
-38 -29 -24 0
12 6 -17 0
-45 50 4 0
-22 34 22 0
-25 -40 30 0
13 5 -5 0
-37 -7 -21 0
-7 -42 -34 0
-28 -12 -22 0
4 30 -8 0
-28 -7 -2 0
-6 -42 -19 0
-10 -40 5 0
42 -44 14 0
-36 -29 -14 0
-21 9 -37 0
30 -40 40 0
33 -46 -41 0
-10 3 31 0
21 -21 18 0
50 -7 36 0
46 -41 -18 0
47 -27 27 0
-12 -34 -17 0
-7 11 -37 0
-21 29 46 0
35 -19 -13 0
-25 31 1 0
-5 28 -20 0
-26 -50 -37 0
-41 20 -15 0
-24 14 -7 0
9 45 19 0
38 40 27 0
-10 -35 -31 0
-37 -21 36 0
-42 -17 -18 0
-25 -5 -31 0
-2 1 44 0
29 -26 -16 0
25 35 -24 0
-21 -27 43 0
-10 35 -15 0
40 -2 -41 0
3 39 -1 0
9 26 35 0
-41 -7 -12 0
34 -28 -46 0
32 48 9 0
-10 -21 25 0
-30 31 46 0
-9 20 15 0
34 -24 27 0
30 13 43 0
-18 -29 -48 0
-4 -37 13 0
-22 5 1 0
-10 -15 -23 0
36 -28 42 0
45 -20 -8 0
50 24 -16 0
21 4 -23 0
-23 -38 -25 0
40 -7 -14 0
-13 50 -21 0
32 27 -13 0
-14 -19 -40 0
1 -1 47 0
31 35 -42 0
-43 19 -5 0
-48 -35 -35 0
-31 -10 -24 0
9 17 27 0
34 10 9 0
36 18 -48 0
-3 -42 34 0
5 45 35 0
24 48 -1 0
42 49 48 0
32 8 -34 0
-19 -16 23 0
36 27 -31 0
29 5 -19 0
-21 32 -4 0
-45 25 -6 0
36 11 -39 0
-10 -16 -37 0
-18 -38 10 0
-20 -28 46 0
-34 24 24 0
-3 -15 5 0
27 -5 -33 0
38 25 -11 0
23 -42 4 0
27 -35 -35 0
-14 48 -22 0
-10 -46 -26 0
36 -15 -40 0
23 -47 -21 0
44 35 -2 0
-12 -30 -11 0
-44 -43 -13 0
-23 -12 24 0
42 4 26 0
-30 -46 -20 0
15 -28 26 0
8 26 -9 0
42 -12 -20 0
-29 6 -46 0
35 23 -1 0
-33 4 -50 0
-28 2 -43 0
-33 -50 -23 0
-1 24 14 0
9 -20 8 0
-19 47 12 0
-4 28 -20 0
-20 -14 5 0
5 -11 -46 0
42 -19 -20 0
34 2 -14 0
11 18 -50 0
-14 1 20 0
24 -29 -43 0
16 44 44 0
-26 48 -40 0
27 -45 -39 0
16 46 5 0
-2 -31 27 0
23 32 -34 0
-33 -19 -26 0
24 -25 -15 0
-37 10 -3 0
-12 -50 -16 0
-7 -48 36 0
7 21 -14 0
16 15 -42 0
34 14 37 0
