c CNF generator v0.9
p cnf 50 240
24 -10 12 0
10 -9 28 0
29 13 -22 0
30 38 -37 0
-31 -37 34 0
-36 -29 -33 0
-14 -46 30 0
49 -21 -15 0
-20 -34 9 0
3 9 -26 0
-31 37 -14 0
17 20 -18 0
12 -45 -47 0
1 23 48 0
9 5 -33 0
24 -48 -46 0
7 12 -34 0
30 -1 4 0
7 24 -47 0
49 -1 48 0
-41 -20 21 0
33 18 -11 0
47 -3 30 0
35 -38 -42 0
-19 6 41 0
26 -5 -11 0
-8 -45 -36 0
35 -41 -27 0
-50 15 45 0
-4 23 49 0
37 20 -40 0
-31 -24 -16 0
12 -45 6 0
-43 41 47 0
-22 -16 40 0
27 -19 -39 0
42 -7 -11 0
44 18 28 0
49 -35 22 0
-46 -47 -1 0
11 18 13 0
15 -50 31 0
23 43 -49 0
-47 13 -17 0
-20 11 -39 0
-33 -32 -13 0
-50 -1 -15 0
6 41 -9 0
-22 -31 -20 0
44 5 -31 0
-30 -10 -36 0
28 -40 -9 0
15 36 -22 0
-10 -35 -30 0
-38 -32 31 0
13 36 6 0
14 -24 11 0
-39 -19 -18 0
-8 4 -30 0
-34 40 -31 0
35 40 -13 0
-9 -48 44 0
22 26 40 0
-19 -17 -5 0
10 42 -38 0
-5 44 -14 0
9 -35 -40 0
-41 -40 -24 0
42 -42 -12 0
1 6 23 0
50 49 8 0
22 36 -38 0
-41 -2 -43 0
-14 45 2 0
45 -16 42 0
-28 -1 30 0
-9 50 -46 0
40 14 42 0
27 -12 -30 0
-18 -13 -6 0
-23 47 46 0
48 18 -45 0
-31 -5 35 0
46 9 -28 0
17 -21 -18 0
-21 46 -29 0
41 37 30 0
-39 -29 -32 0
38 -49 19 0
-28 37 -36 0
-12 39 -49 0
-33 28 -35 0
-36 25 -50 0
49 -8 -34 0
-25 -39 -41 0
24 8 -20 0
32 -28 18 0
-26 -24 46 0
-46 21 4 0
-42 36 -31 0
-19 2 -39 0
-31 2 20 0
-37 -25 -22 0
-25 22 -10 0
-19 -44 3 0
45 10 -13 0
-1 40 -16 0
31 18 11 0
23 9 -34 0
-1 -3 22 0
10 -25 -48 0
-31 -24 34 0
16 -16 -23 0
28 40 -19 0
12 -20 -4 0
7 13 1 0
40 21 11 0
-4 41 18 0
-36 17 49 0
46 45 -40 0
7 -41 -19 0
7 -37 31 0
8 -46 14 0
-6 -4 18 0
-28 -17 36 0
-4 -23 -39 0
22 2 11 0
-24 49 -1 0
7 27 -36 0
6 3 43 0
-39 -46 50 0
9 -3 -50 0
-28 -22 25 0
42 -46 13 0
18 47 4 0
49 -10 -41 0
-47 -46 -14 0
-36 5 6 0
23 43 22 0
12 -16 -48 0
-1 38 -11 0
28 27 31 0
-21 17 -41 0
-1 3 -20 0
-2 -47 49 0
45 -9 -17 0
37 -35 11 0
-37 -13 5 0
14 24 -33 0
45 4 45 0
-25 24 -49 0
33 49 -24 0
6 47 -39 0
24 -45 -30 0
-14 16 11 0
47 5 5 0
-23 6 -23 0
16 35 -46 0
-13 44 -5 0
12 -30 -11 0
-3 -25 -17 0
-20 49 -17 0
9 6 -3 0
1 23 30 0
18 -29 -3 0
-16 30 42 0
23 1 -49 0
6 -48 -18 0
-3 -25 -38 0
-13 10 -32 0
-2 2 42 0
-28 -50 -2 0
-1 28 -27 0
24 -17 37 0
46 -40 4 0
36 8 2 0
29 24 21 0
7 1 1 0
4 -16 -3 0
44 -50 46 0
13 -28 -9 0
30 -1 6 0
-46 42 34 0
-20 -37 39 0
29 15 -50 0
-37 -43 -25 0
21 45 -42 0
31 -21 -39 0
7 -20 -40 0
33 38 -1 0
20 -21 13 0
-15 31 11 0
34 10 25 0
8 -30 50 0
-46 35 -15 0
-21 -33 -30 0
3 -47 27 0
6 -31 -48 0
-34 -49 -25 0
43 24 33 0
37 -3 -21 0
31 36 11 0
34 23 36 0
-10 38 27 0
33 2 -24 0
-34 -18 -50 0
-41 -24 -45 0
-16 41 -20 0
21 13 10 0
40 27 -32 0
-18 -30 40 0
46 -22 -26 0
-20 -46 -48 0
2 -25 46 0
31 -45 -44 0
-24 19 37 0
-33 4 -22 0
11 -12 28 0
33 -25 -27 0
46 37 -32 0
-28 13 -9 0
31 37 32 0
-9 -14 -13 0
-22 -4 15 0
-45 22 -48 0
-6 -17 -10 0
-10 -46 10 0
-3 -1 -41 0
25 23 -18 0
-6 -15 -30 0
-25 -5 -6 0
-26 9 -30 0
27 -8 -47 0
-20 -21 -43 0
35 18 10 0
-39 -18 49 0
10 -13 -1 0
5 14 42 0
-49 -31 10 0
-31 -25 -15 0
