c CNF generator v0.9
p cnf 50 240
-42 -36 20 0
-33 49 -19 0
-43 3 -33 0
34 43 -26 0
32 44 22 0
37 7 36 0
-24 1 -15 0
12 2 -36 0
8 -42 2 0
26 -8 -33 0
12 9 -28 0
-48 48 -48 0
-14 18 -22 0
-40 39 -31 0
41 -38 33 0
-18 24 -13 0
1 20 -24 0
2 -49 -50 0
-27 -35 15 0
-20 43 13 0
8 -40 14 0
38 -46 5 0
-8 15 7 0
-44 -15 7 0
-47 21 22 0
-25 39 -24 0
-32 -50 42 0
6 18 30 0
35 46 3 0
39 35 -37 0
-32 21 8 0
41 7 13 0
-44 -14 24 0
8 3 31 0
-13 33 4 0
42 30 39 0
39 1 -44 0
-6 24 4 0
28 -3 45 0
-50 -45 -24 0
-1 -11 -22 0
-41 8 -35 0
-17 27 -9 0
-17 -33 50 0
45 -6 30 0
5 10 4 0
-10 7 -27 0
-41 -14 -13 0
-8 -8 33 0
33 -48 10 0
-31 -4 38 0
20 -24 -46 0
31 6 -27 0
31 13 -20 0
-38 -33 -16 0
-21 26 -32 0
3 17 14 0
-18 -7 -14 0
-47 -25 50 0
26 -35 -2 0
-10 -8 -27 0
26 -3 -32 0
-10 32 29 0
16 -9 -19 0
-12 -9 -19 0
-3 6 49 0
46 -10 -2 0
17 9 -39 0
31 -25 -33 0
49 22 50 0
26 -50 -49 0
6 36 6 0
-50 -37 33 0
-49 -37 14 0
-23 47 38 0
2 -18 -43 0
-50 34 -32 0
-8 27 23 0
28 25 21 0
3 8 17 0
10 22 29 0
-16 -47 -8 0
-16 12 34 0
-4 27 14 0
-41 -36 -38 0
-25 -41 48 0
18 -29 19 0
-9 34 5 0
16 -25 42 0
-14 -38 -48 0
-25 -2 50 0
-27 -32 -10 0
26 -41 -43 0
-12 45 39 0
49 3 -15 0
46 -48 21 0
2 -40 11 0
-5 41 33 0
-45 -1 15 0
-21 29 16 0
-26 -40 36 0
2 -15 -26 0
13 -28 48 0
30 -8 -43 0
8 -20 -37 0
-6 -5 -12 0
21 -30 -45 0
3 -47 -5 0
-5 31 36 0
35 26 37 0
-36 -15 4 0
3 35 -40 0
13 42 49 0
-40 -10 -6 0
-5 29 31 0
16 45 -41 0
1 34 -49 0
-38 -36 -29 0
25 1 -24 0
43 13 18 0
16 36 -16 0
-2 -38 -50 0
21 23 -9 0
-47 4 -40 0
-14 -17 43 0
28 -24 -17 0
23 -27 36 0
-23 48 41 0
2 31 -27 0
50 47 -5 0
-35 -21 -47 0
48 18 47 0
9 22 -9 0
-10 47 38 0
26 -9 46 0
-2 27 -15 0
31 -15 -17 0
-24 36 -11 0
-9 -12 27 0
13 21 -16 0
3 13 49 0
-37 -3 31 0
39 -5 10 0
47 -23 1 0
-38 48 9 0
-33 13 22 0
36 -15 -18 0
8 -34 40 0
-5 -14 8 0
47 33 -43 0
-27 7 46 0
35 -13 -50 0
-1 -5 -4 0
13 32 -13 0
33 32 -23 0
29 7 40 0
-3 19 -22 0
-14 -36 18 0
-16 -36 35 0
15 -33 24 0
44 4 45 0
-2 11 -49 0
-26 -9 41 0
44 29 -13 0
44 49 -11 0
-33 17 12 0
24 -3 -46 0
-16 23 -6 0
-31 -6 25 0
-8 21 42 0
31 11 -10 0
-38 48 17 0
-43 24 -23 0
-31 -33 -39 0
32 -41 4 0
29 12 -2 0
10 10 15 0
-48 44 6 0
35 -29 27 0
-24 45 28 0
-49 33 -37 0
44 -38 15 0
-26 -16 26 0
-40 19 -2 0
-42 6 -32 0
-15 -10 -15 0
-47 -43 36 0
39 26 -25 0
14 26 48 0
46 -22 2 0
45 -42 33 0
-40 26 -25 0
34 20 -15 0
49 -31 43 0
-39 49 19 0
38 13 49 0
34 -48 -26 0
5 39 3 0
43 50 34 0
-7 40 4 0
37 23 45 0
34 -28 -15 0
43 19 -16 0
32 8 32 0
31 36 -35 0
-15 36 19 0
9 21 -1 0
14 29 44 0
-29 -49 1 0
-50 26 1 0
50 31 -36 0
-37 19 4 0
44 -47 31 0
19 -33 -37 0
13 13 -17 0
-11 -40 -13 0
-38 -21 -2 0
-2 10 -50 0
-7 -50 16 0
19 -48 19 0
11 -31 -31 0
33 9 -16 0
-32 11 35 0
-10 6 28 0
-50 42 42 0
37 -34 20 0
-9 20 42 0
34 -20 -4 0
11 -1 -32 0
26 -43 27 0
-40 5 19 0
-2 4 -9 0
-13 36 2 0
-16 -33 -36 0
37 48 -39 0
-2 -29 19 0
34 -23 -2 0
8 30 28 0
-8 47 -22 0
-40 30 -34 0
