c CNF generator v0.9
p cnf 50 240
-45 35 -5 0
-44 28 -40 0
9 -49 12 0
41 8 50 0
-48 -7 -45 0
-17 46 34 0
28 10 3 0
-35 -28 13 0
-6 15 -34 0
-30 -19 -48 0
3 18 44 0
-43 47 14 0
46 29 -49 0
-35 20 7 0
-46 47 -37 0
26 -23 -7 0
2 -13 -42 0
-4 -25 4 0
-19 -45 -3 0
4 34 -39 0
-17 -44 -11 0
16 49 -24 0
-40 12 -40 0
33 -6 1 0
28 5 -30 0
34 -32 13 0
41 -7 21 0
34 10 24 0
-45 50 -34 0
-48 -39 -20 0
50 -26 -49 0
10 50 6 0
-50 12 6 0
2 19 -16 0
13 23 -49 0
-50 36 -5 0
-45 46 27 0
-14 15 -34 0
28 50 -7 0
-43 11 44 0
-45 3 37 0
-11 31 8 0
-4 33 -41 0
18 -17 -40 0
7 -8 -10 0
20 29 6 0
45 45 17 0
17 -41 -27 0
-7 -13 37 0
31 -41 2 0
-40 9 -13 0
-26 -6 5 0
-28 -1 20 0
23 49 32 0
-32 -5 -6 0
2 18 -45 0
-24 18 -40 0
-18 3 -37 0
34 -23 21 0
-44 13 41 0
7 -21 -19 0
14 -39 -20 0
-8 -10 -22 0
-5 -32 2 0
-14 -44 -43 0
-39 37 -48 0
-22 41 24 0
9 5 -18 0
45 29 -44 0
44 12 49 0
-28 -14 -26 0
-4 8 40 0
3 -34 13 0
24 -23 4 0
50 -43 -32 0
20 6 -14 0
-34 -41 -48 0
12 -19 -32 0
-45 16 39 0
-18 -33 -29 0
25 -37 16 0
18 -34 -12 0
-14 9 39 0
42 25 39 0
16 -29 -12 0
-12 -21 41 0
50 23 -7 0
-27 37 5 0
-48 43 -23 0
39 40 -4 0
47 44 3 0
-42 -20 17 0
3 31 5 0
-19 34 -27 0
-22 35 -27 0
44 -4 -47 0
-35 11 -30 0
42 -8 22 0
46 -1 21 0
-30 46 -49 0
-34 4 -35 0
35 16 42 0
20 16 -17 0
39 -41 32 0
25 12 6 0
9 -16 1 0
-23 23 48 0
26 31 -45 0
25 -40 -40 0
18 20 11 0
-24 43 -33 0
20 27 29 0
4 -27 -14 0
49 -15 -48 0
-46 5 32 0
-10 16 27 0
7 -8 -25 0
-42 3 -44 0
22 -30 -21 0
-41 18 43 0
-32 44 43 0
2 19 11 0
45 14 -29 0
-39 -20 -5 0
-37 -2 17 0
-9 -16 46 0
46 -44 -8 0
50 -24 -3 0
17 -37 -42 0
15 46 -30 0
-34 -47 -21 0
-33 33 -18 0
16 -11 38 0
16 31 -11 0
18 -30 49 0
-38 -28 4 0
46 22 44 0
24 -26 -35 0
5 -49 -3 0
-32 41 45 0
14 29 -8 0
-37 -45 31 0
-28 28 -5 0
46 17 7 0
-16 -39 3 0
39 -19 10 0
7 10 30 0
17 -1 35 0
-39 39 -2 0
-1 -3 -43 0
30 48 -32 0
10 -46 16 0
-46 13 -8 0
3 16 28 0
40 49 -37 0
45 29 -45 0
-9 24 -20 0
-2 -6 28 0
-18 -45 5 0
-28 37 -7 0
36 -39 -42 0
30 50 31 0
-47 -46 -50 0
48 -26 14 0
33 33 -40 0
-29 -4 -20 0
-45 27 20 0
45 -21 -48 0
3 -33 -32 0
38 -10 34 0
14 31 -1 0
36 20 -8 0
20 46 -45 0
26 -26 -14 0
-32 -42 3 0
34 -2 -35 0
-39 6 -21 0
49 24 -47 0
7 -32 -49 0
-25 46 -47 0
41 -42 -47 0
-33 4 7 0
-50 -12 20 0
-26 -35 47 0
-6 -26 28 0
21 -4 39 0
18 -16 13 0
32 -47 7 0
26 -49 -50 0
20 4 47 0
39 28 -12 0
-46 21 -31 0
38 -43 17 0
16 36 -30 0
46 37 32 0
40 7 32 0
-50 -16 28 0
-14 24 15 0
41 -13 14 0
-46 25 -11 0
12 -40 19 0
31 -17 -6 0
40 12 -26 0
-35 -16 -48 0
-11 -9 -38 0
-35 -45 -1 0
35 -2 -27 0
45 -14 -22 0
14 -2 23 0
-19 -16 -5 0
-8 21 -44 0
9 -7 -48 0
25 39 -28 0
-14 35 -13 0
-33 -50 5 0
5 47 -26 0
3 -13 30 0
33 14 -21 0
-6 39 19 0
-19 -44 27 0
6 -32 45 0
-10 -18 46 0
-11 -48 -12 0
-45 -35 9 0
44 3 37 0
25 16 21 0
-17 25 -46 0
-30 50 32 0
-47 -28 -47 0
38 6 32 0
38 -44 -40 0
-45 16 39 0
40 24 41 0
-13 34 -20 0
-24 -18 -27 0
41 -31 -1 0
-21 -47 12 0
-41 -46 42 0
-1 8 24 0
24 35 1 0
