c CNF generator v0.9
p cnf 50 240
29 -30 34 0
-12 32 12 0
-27 4 23 0
-16 -18 -19 0
-1 47 34 0
-34 4 26 0
-47 44 -29 0
32 -29 -23 0
21 3 3 0
-29 -35 7 0
31 18 -13 0
2 -14 8 0
-17 44 37 0
-7 36 33 0
-18 20 32 0
16 -24 38 0
8 50 -26 0
2 -29 25 0
13 -23 38 0
-20 11 -6 0
6 -15 -35 0
-43 -9 -26 0
9 -44 -41 0
-44 -36 21 0
4 -11 -7 0
48 40 50 0
14 15 -37 0
-39 -29 14 0
29 -46 45 0
16 -27 19 0
-1 15 -7 0
31 31 36 0
11 -20 -4 0
-29 -5 16 0
46 24 -45 0
33 35 -35 0
-6 -13 -39 0
5 -4 42 0
17 5 -37 0
-17 -21 3 0
-22 15 -13 0
13 -9 -44 0
-19 -46 26 0
-40 -41 29 0
19 10 -21 0
-45 -20 -40 0
-26 11 6 0
-25 39 20 0
1 35 -20 0
19 10 4 0
-4 4 47 0
19 14 -6 0
-46 49 3 0
25 12 46 0
-48 8 -10 0
-48 -42 -34 0
-25 47 -7 0
40 14 39 0
-4 -43 14 0
17 -13 -50 0
-30 21 -38 0
-43 15 8 0
38 14 31 0
-21 35 34 0
-49 -11 -48 0
13 29 47 0
-13 45 13 0
4 -24 6 0
-11 -13 -32 0
-30 19 50 0
-38 -37 7 0
-39 47 -26 0
8 -4 15 0
2 -18 12 0
-37 9 2 0
7 21 32 0
-17 -25 40 0
-24 -7 -27 0
1 -38 11 0
-23 -46 -42 0
-26 30 -14 0
-36 11 8 0
-23 -47 40 0
-50 -18 12 0
39 -40 18 0
43 3 38 0
37 15 -43 0
38 -2 23 0
-48 -4 -33 0
6 46 -3 0
-28 17 6 0
-45 -36 33 0
-19 46 -40 0
42 -17 21 0
-33 20 46 0
15 18 10 0
-4 -4 32 0
44 -13 -18 0
38 15 25 0
41 12 30 0
-26 31 -14 0
32 -1 21 0
5 -30 -5 0
42 26 -26 0
34 -35 30 0
-48 -17 14 0
-13 46 27 0
-5 40 -35 0
-8 -37 -22 0
20 12 -34 0
4 5 -39 0
-6 4 46 0
34 -19 49 0
-6 19 11 0
8 -20 33 0
-27 47 41 0
-25 22 -17 0
-37 -38 -36 0
20 -36 -23 0
12 5 -14 0
18 -6 -45 0
23 42 -46 0
28 40 -35 0
-39 38 11 0
-10 26 35 0
5 -8 -40 0
44 5 -22 0
25 19 -17 0
-36 11 16 0
-48 48 47 0
-8 16 42 0
46 1 -28 0
29 41 31 0
30 -39 -47 0
26 1 -17 0
44 -20 -39 0
20 25 16 0
10 30 -39 0
-19 -47 -35 0
35 -28 4 0
-10 -23 13 0
22 6 15 0
-23 20 4 0
35 17 36 0
27 -11 29 0
21 26 -14 0
-39 -25 -21 0
50 -9 3 0
-3 -29 29 0
-23 -41 46 0
-27 -7 -40 0
46 13 -28 0
29 -23 42 0
27 22 50 0
5 -24 50 0
-46 17 -4 0
29 -36 37 0
1 13 32 0
21 -38 -40 0
1 32 41 0
-3 29 -9 0
47 -41 29 0
-33 26 42 0
-9 1 -36 0
33 37 1 0
-40 46 -28 0
47 -26 8 0
41 48 -42 0
32 28 38 0
11 17 1 0
-12 -29 9 0
-19 34 -49 0
-24 -11 8 0
16 -34 25 0
-28 -39 5 0
33 -32 -36 0
39 11 26 0
-43 28 14 0
-45 18 -38 0
-21 -7 10 0
38 -35 1 0
26 -32 35 0
4 24 5 0
-5 -25 11 0
-41 -8 -30 0
40 36 30 0
-39 21 37 0
18 -39 -9 0
36 4 -14 0
-28 21 50 0
-50 35 34 0
-47 11 50 0
31 25 33 0
40 15 1 0
-24 -33 -9 0
40 -45 -30 0
13 -17 -31 0
-19 42 35 0
-30 -41 -26 0
37 43 -25 0
22 -25 -17 0
-24 37 50 0
-18 -1 27 0
17 -38 46 0
-25 37 -20 0
2 -26 34 0
-23 -11 34 0
-15 12 44 0
-38 -22 44 0
-20 -26 -34 0
22 -28 -6 0
-25 15 -36 0
-11 -40 25 0
-2 32 -37 0
-45 -29 -23 0
-25 32 -33 0
-48 29 43 0
-1 47 40 0
8 31 -22 0
-35 -39 -20 0
-29 -2 41 0
27 -6 -35 0
-38 6 42 0
3 4 -23 0
50 33 4 0
44 20 3 0
18 18 7 0
-44 -15 -34 0
-4 34 -15 0
-32 -2 18 0
-8 37 1 0
27 -31 8 0
42 25 -32 0
-13 -50 44 0
-1 50 31 0
-21 -10 6 0
7 27 -39 0
-3 16 49 0
-27 38 25 0
-28 3 -29 0
