c CNF generator v0.9
p cnf 50 240
-33 -10 -39 0
-42 -31 -24 0
-25 46 32 0
-18 -31 -39 0
4 12 29 0
-37 -10 32 0
34 9 -35 0
43 1 -26 0
10 17 1 0
35 50 -27 0
-21 -40 45 0
-7 -15 -35 0
39 47 -36 0
-30 42 17 0
48 -36 12 0
38 34 -1 0
-23 42 -4 0
-38 41 32 0
-50 25 42 0
7 -26 33 0
18 32 -47 0
16 -27 -16 0
-24 9 5 0
-10 1 -41 0
-16 7 15 0
-46 3 35 0
17 32 -39 0
36 -15 -25 0
19 50 -14 0
48 -19 38 0
45 -7 -16 0
40 34 -1 0
3 -4 24 0
-14 -7 -14 0
-27 -2 18 0
-47 17 -5 0
24 30 -16 0
-3 18 19 0
3 -35 29 0
-6 32 49 0
-44 -37 -10 0
-44 9 -44 0
-4 -38 15 0
-39 -48 -27 0
43 -27 44 0
-25 33 -23 0
40 -21 13 0
31 14 5 0
16 37 -9 0
-2 -25 27 0
-24 30 -9 0
-34 5 6 0
37 4 -31 0
18 2 -5 0
-4 -2 -13 0
19 -18 49 0
9 37 -25 0
5 -24 30 0
-15 34 -36 0
2 28 -39 0
34 -37 -12 0
-38 -42 -15 0
41 20 4 0
-14 36 13 0
-36 18 40 0
9 -16 -28 0
41 14 -49 0
9 -26 -26 0
-21 -23 -35 0
-27 -6 -14 0
27 25 -48 0
-2 -19 -47 0
-42 -23 -32 0
33 28 12 0
18 -26 -21 0
22 6 -2 0
47 -32 28 0
29 -5 -37 0
37 -22 46 0
-30 -2 -21 0
-2 1 13 0
-38 -43 31 0
17 31 -3 0
-30 24 -39 0
9 -25 -22 0
-50 17 -26 0
-48 40 -14 0
44 23 -19 0
-13 22 -26 0
24 -24 42 0
20 -6 -11 0
34 -38 19 0
43 -48 -46 0
-4 27 -15 0
35 15 -48 0
-7 4 40 0
-9 20 -47 0
-23 21 -44 0
-34 -13 7 0
-8 39 9 0
-49 17 42 0
24 11 -27 0
43 33 12 0
-21 46 42 0
-20 -15 16 0
4 31 -2 0
-15 48 49 0
-42 -27 -37 0
49 -12 -8 0
-11 -23 -39 0
11 31 -35 0
1 14 34 0
-28 31 -19 0
-48 49 -6 0
45 -32 34 0
-27 -17 31 0
-46 13 45 0
-14 -7 -24 0
-37 26 -26 0
31 29 15 0
48 10 38 0
6 -12 -49 0
-24 -36 34 0
-14 47 -36 0
-40 6 -18 0
16 32 29 0
14 26 30 0
-34 -32 -36 0
37 -29 21 0
-46 -24 45 0
-37 7 38 0
3 16 -19 0
-5 23 -13 0
28 21 -25 0
-29 -20 -45 0
-27 -47 -34 0
-12 -17 9 0
46 -45 1 0
-29 -32 7 0
-15 -25 24 0
3 -42 42 0
7 -1 -20 0
41 28 6 0
-35 7 39 0
40 3 46 0
-38 -19 25 0
-4 25 40 0
-35 -36 -38 0
31 -48 42 0
30 -30 10 0
3 40 44 0
-22 18 29 0
37 -33 22 0
11 33 -19 0
50 5 -31 0
9 -15 32 0
20 32 -48 0
-49 3 -3 0
-20 -25 40 0
-29 -17 15 0
-22 -47 -37 0
45 5 -21 0
41 -16 49 0
6 -3 -28 0
-17 5 -8 0
43 2 -19 0
-26 -39 8 0
30 -19 -20 0
-15 -21 21 0
46 -5 -48 0
7 35 -22 0
2 24 -29 0
-34 2 10 0
-11 -47 12 0
2 -46 -34 0
12 -31 6 0
34 18 30 0
37 31 -50 0
-15 46 -48 0
4 -15 -24 0
16 12 31 0
-24 -50 -19 0
-16 -17 -6 0
41 -14 23 0
45 21 10 0
35 -40 -42 0
-38 7 23 0
39 -40 -18 0
45 -18 -10 0
39 14 31 0
13 -21 -11 0
30 -19 -41 0
20 -26 -39 0
4 -50 6 0
14 36 -40 0
-7 5 17 0
49 11 -37 0
-20 17 -11 0
-47 -22 23 0
-39 -10 30 0
-15 -47 11 0
-45 16 -43 0
-47 -8 24 0
17 5 33 0
20 -16 -8 0
-23 -27 7 0
21 23 11 0
10 -48 -23 0
-36 -27 44 0
-23 -9 3 0
46 -1 -2 0
38 -45 15 0
-27 7 45 0
31 -10 3 0
-2 -44 -46 0
-43 15 -2 0
10 -49 42 0
27 -11 49 0
-46 -22 32 0
-38 -27 34 0
-41 -12 42 0
34 49 -9 0
-14 -45 -9 0
31 24 -8 0
49 -24 43 0
-45 -18 41 0
-25 -18 -35 0
37 50 -39 0
13 18 6 0
-25 -32 12 0
-33 -27 38 0
44 -2 12 0
-48 28 -41 0
-47 -8 -45 0
3 -27 -25 0
18 -15 -16 0
-29 34 -17 0
-17 30 -7 0
37 -47 -5 0
43 -32 33 0
