c CNF generator v0.9
p cnf 50 240
24 -14 49 0
-43 2 37 0
-34 -25 44 0
34 24 -12 0
-39 13 -15 0
16 -20 -35 0
-32 2 -8 0
40 42 39 0
9 14 -38 0
-48 -8 17 0
45 -43 -19 0
3 13 38 0
45 -3 43 0
16 46 22 0
-16 36 22 0
-26 46 -22 0
3 -31 26 0
-43 -23 22 0
7 -14 28 0
-31 8 10 0
-21 -29 46 0
14 -48 37 0
15 15 38 0
46 -2 5 0
-24 -8 18 0
36 -16 25 0
-44 33 -26 0
38 49 -18 0
-25 35 38 0
18 -44 -33 0
29 46 9 0
30 41 9 0
-28 -19 42 0
38 46 -32 0
-48 -15 -34 0
7 -38 -23 0
48 -11 17 0
47 -16 -21 0
21 5 -14 0
-16 -12 49 0
-13 50 11 0
-1 -41 30 0
-18 -25 -8 0
-11 21 -8 0
8 -36 18 0
-7 -40 27 0
12 -49 -48 0
-18 25 50 0
-42 18 3 0
-1 4 31 0
1 -31 39 0
-17 -42 41 0
-47 41 -48 0
47 -3 49 0
-18 35 -17 0
-14 -32 32 0
48 -16 -3 0
-11 21 -18 0
49 50 8 0
13 41 -24 0
-1 10 -43 0
21 -16 19 0
-30 16 13 0
-23 -21 -39 0
-32 -7 39 0
-13 -11 -42 0
-28 -40 46 0
2 1 2 0
5 -33 -31 0
14 43 -16 0
31 10 -12 0
35 45 -21 0
-18 -33 -38 0
8 23 -18 0
39 -31 9 0
-45 10 3 0
-22 -13 -1 0
12 11 -15 0
14 11 -13 0
-19 -35 16 0
-14 41 8 0
44 39 48 0
-23 -17 14 0
-21 -48 5 0
-29 -25 -22 0
-37 26 47 0
50 -24 -48 0
-45 21 38 0
-23 -10 -44 0
-20 11 -43 0
-48 -14 -37 0
27 -22 -13 0
-18 -22 31 0
-19 40 -41 0
20 -32 -18 0
50 -35 -25 0
18 -30 -30 0
-30 29 15 0
-6 21 -50 0
-5 41 -23 0
-47 47 -12 0
18 23 47 0
47 -37 40 0
30 37 17 0
44 7 -37 0
-49 8 9 0
4 -1 3 0
-25 -24 23 0
35 -40 -8 0
-43 36 28 0
15 -42 43 0
-9 -11 41 0
-15 -30 1 0
36 11 -3 0
9 -4 21 0
-31 29 6 0
46 -10 35 0
2 -39 5 0
-32 -33 31 0
-23 6 -37 0
-12 -40 13 0
-39 -11 -22 0
-25 37 -47 0
-20 14 18 0
49 -27 28 0
46 -37 12 0
-48 14 18 0
26 -50 -12 0
32 -36 -19 0
-31 24 -26 0
20 -22 -6 0
1 -44 -32 0
-12 -26 40 0
34 21 -8 0
-29 -2 14 0
11 -50 -43 0
-42 -48 22 0
-29 29 47 0
-19 29 21 0
37 -49 -36 0
9 25 36 0
-11 28 15 0
47 50 -36 0
25 32 -1 0
34 -20 -46 0
23 -44 17 0
-35 20 -18 0
45 49 -47 0
-38 39 39 0
50 10 -3 0
12 -28 -4 0
-20 -41 -10 0
15 -24 -42 0
-22 -11 -38 0
-44 -38 -22 0
28 39 -8 0
48 14 -42 0
3 15 15 0
26 11 10 0
-9 30 -25 0
-25 -36 30 0
-47 -48 17 0
13 -11 -26 0
32 -2 -47 0
44 32 43 0
37 29 3 0
-37 -30 -18 0
-12 31 50 0
28 -4 20 0
-30 25 -43 0
37 2 -24 0
-47 -46 34 0
-25 45 -46 0
-14 24 18 0
-3 19 45 0
15 38 42 0
14 13 16 0
3 48 4 0
28 45 1 0
13 14 -18 0
11 7 6 0
-13 -29 -21 0
-26 45 -42 0
-34 -10 -33 0
46 -36 10 0
15 15 32 0
-49 -31 41 0
46 -42 -4 0
-25 -29 -9 0
50 34 -8 0
24 -34 -22 0
43 22 4 0
-17 26 -12 0
20 13 46 0
45 -12 -45 0
6 -43 -3 0
-31 -36 -1 0
-1 -34 31 0
-47 -49 -21 0
20 40 -32 0
-18 -8 3 0
-39 50 7 0
-36 26 -8 0
12 -41 29 0
19 -30 5 0
-44 -3 -37 0
-8 -46 10 0
-9 -21 26 0
11 -31 1 0
45 6 -17 0
28 31 -49 0
-23 25 19 0
29 35 -41 0
-1 -49 48 0
38 8 25 0
24 -23 11 0
41 41 27 0
-34 -22 -8 0
-3 -20 34 0
2 4 -30 0
18 -22 43 0
23 9 25 0
36 -19 12 0
-4 -31 47 0
-26 -44 5 0
-32 -4 -46 0
-21 37 -1 0
-32 -42 -25 0
27 16 40 0
-16 16 9 0
41 48 -47 0
-39 -45 -7 0
-40 -42 49 0
34 -9 -27 0
-38 -49 -14 0
-10 -35 -28 0
-26 10 -19 0
-43 47 -24 0
-24 45 -13 0
2 -1 -9 0
