c CNF generator v0.9
p cnf 50 240
35 29 -1 0
18 32 -2 0
-31 -23 -40 0
-48 16 25 0
11 -8 6 0
-30 20 36 0
-7 5 -6 0
-8 -11 -10 0
-12 46 37 0
12 -6 36 0
44 -23 9 0
-4 -50 -47 0
16 43 12 0
28 25 36 0
-1 7 -4 0
-29 -29 1 0
-42 8 4 0
-38 -26 -27 0
44 -27 -35 0
27 42 12 0
-16 -32 -11 0
46 6 -12 0
-35 -44 6 0
-27 36 27 0
19 4 -41 0
39 -47 -36 0
-44 -21 -36 0
-43 -22 -39 0
-39 32 -49 0
21 -44 -29 0
-6 -20 25 0
34 15 12 0
12 36 -30 0
9 -3 17 0
-19 43 21 0
-2 11 -45 0
6 27 8 0
14 10 36 0
47 14 -5 0
-28 -8 46 0
-50 50 -7 0
46 25 17 0
39 -11 -23 0
39 1 -32 0
28 6 -21 0
26 9 11 0
7 -20 -5 0
-37 18 -2 0
-46 -11 -34 0
-26 -36 27 0
-30 -20 31 0
-27 31 -43 0
-8 -39 -32 0
-29 -17 7 0
21 -49 -41 0
34 -19 40 0
19 -21 29 0
12 31 14 0
-18 -25 -13 0
39 7 3 0
-28 -2 25 0
-1 9 -5 0
-16 45 3 0
48 -36 -11 0
-31 3 38 0
7 -32 10 0
-19 10 15 0
20 32 4 0
22 -36 41 0
-15 -5 -41 0
10 -3 -39 0
27 -21 9 0
30 -32 -10 0
14 -3 28 0
17 8 39 0
3 18 26 0
-42 47 3 0
-37 -43 -38 0
35 25 -4 0
17 36 35 0
34 22 17 0
34 -44 -17 0
25 33 22 0
-30 -40 -46 0
21 29 3 0
-16 19 -18 0
29 2 -37 0
-7 -18 21 0
24 25 1 0
4 8 37 0
17 -33 42 0
13 18 16 0
-33 -32 5 0
21 48 -2 0
-32 43 -9 0
-44 6 -30 0
8 -48 18 0
34 -7 -25 0
42 -2 30 0
8 17 -7 0
-30 -29 -40 0
-17 -17 27 0
-4 18 -46 0
43 -25 -13 0
-32 14 26 0
36 18 11 0
24 -29 -27 0
43 1 -4 0
-8 -28 5 0
6 13 43 0
50 -16 19 0
-37 14 17 0
34 -18 -15 0
36 50 23 0
-15 -14 -50 0
-48 11 49 0
2 -20 -42 0
49 36 -21 0
-42 42 45 0
11 22 8 0
-43 -12 10 0
39 -16 -23 0
47 -38 39 0
-16 17 18 0
35 27 -15 0
42 19 50 0
1 41 -7 0
31 -6 -37 0
16 -12 49 0
-10 24 3 0
-43 -11 17 0
-36 -18 18 0
-18 8 -1 0
10 18 18 0
-22 -2 35 0
-5 -30 -27 0
-21 11 24 0
28 -42 -13 0
4 10 46 0
43 -36 5 0
-27 20 -23 0
-31 29 47 0
45 -8 -33 0
42 1 -3 0
12 42 31 0
37 -32 17 0
46 -45 -18 0
31 -48 29 0
-47 32 17 0
-23 -26 -10 0
42 19 -35 0
39 27 48 0
43 37 -14 0
17 -33 27 0
3 -50 3 0
-38 32 -25 0
12 -19 12 0
-32 38 34 0
-5 -43 -36 0
-20 -9 -4 0
16 -47 9 0
-12 -11 -37 0
-28 13 -44 0
44 19 11 0
28 -13 7 0
-1 7 30 0
23 -26 46 0
45 -24 -43 0
33 -11 50 0
-23 47 -36 0
24 -1 42 0
-4 -46 47 0
-27 -38 4 0
-32 -33 -30 0
-31 -12 32 0
-42 -25 10 0
34 40 -33 0
-35 2 -27 0
41 38 -28 0
45 37 32 0
4 11 -38 0
-50 -4 -8 0
-13 -37 1 0
27 45 47 0
7 -46 -6 0
-2 38 29 0
29 13 -10 0
5 -16 -40 0
30 -48 -44 0
29 -3 -42 0
28 -40 42 0
-32 -36 -31 0
-11 -9 -24 0
-16 47 -27 0
-29 -38 -25 0
26 17 -36 0
32 -14 48 0
-4 -10 41 0
6 41 29 0
36 16 -32 0
-28 -28 -30 0
-6 45 8 0
34 18 -13 0
-15 43 -43 0
6 29 -4 0
40 -18 36 0
-28 -6 6 0
-30 -24 -17 0
-44 -16 -23 0
-26 7 -47 0
-30 40 -12 0
-47 -33 -49 0
-48 -40 -38 0
-14 6 -23 0
20 -13 -5 0
-40 42 7 0
-26 39 19 0
5 7 -29 0
-11 -43 -38 0
47 13 23 0
-34 24 -22 0
47 13 46 0
19 -5 -47 0
-4 38 19 0
-48 -9 18 0
-32 14 -10 0
-44 11 -28 0
-17 -8 -3 0
1 -20 33 0
-33 -27 6 0
-27 -39 -22 0
-21 -29 49 0
9 44 -30 0
-21 29 47 0
-36 -45 33 0
1 -5 42 0
41 36 17 0
-37 -16 -12 0
23 -34 -12 0
30 -17 30 0
