c CNF generator v0.9
p cnf 50 240
-44 -33 -32 0
6 -23 -43 0
-15 -31 -23 0
-41 19 28 0
8 29 6 0
-5 -31 -30 0
12 -32 22 0
-31 -3 50 0
38 19 40 0
48 6 -40 0
-7 36 -42 0
10 42 15 0
12 48 12 0
1 30 -5 0
-30 15 46 0
-38 31 37 0
-28 -2 48 0
26 -8 9 0
50 20 -16 0
-20 -22 13 0
8 12 -40 0
24 45 24 0
24 -33 -26 0
46 29 -29 0
4 26 13 0
39 38 9 0
-21 -1 33 0
1 43 -2 0
-39 -39 -31 0
-10 -23 -27 0
-33 34 40 0
26 -3 -16 0
25 -35 -49 0
-45 34 -45 0
49 -43 16 0
42 -28 -16 0
8 19 -9 0
49 -24 21 0
18 -28 1 0
-34 -33 46 0
-17 -40 -5 0
-3 -20 -44 0
8 -48 -23 0
11 -23 -29 0
-43 21 -49 0
31 -12 24 0
13 25 -37 0
-37 -33 21 0
-36 -28 -1 0
-36 -36 -32 0
2 -3 6 0
3 -22 -16 0
12 -38 28 0
3 -27 -36 0
34 -19 -22 0
34 -28 43 0
-8 -34 -42 0
16 33 20 0
13 -33 47 0
34 34 -34 0
26 7 -27 0
17 34 -16 0
-39 -31 -14 0
44 -35 35 0
-19 42 -22 0
-39 19 38 0
46 18 -29 0
19 -42 18 0
-46 9 -39 0
16 -31 27 0
-41 -8 -4 0
-2 -30 7 0
38 -33 -2 0
-24 -24 -2 0
-9 40 -29 0
-48 47 45 0
49 20 -34 0
-8 25 35 0
-29 -1 33 0
40 -43 -28 0
24 22 24 0
6 4 44 0
45 -18 -14 0
-1 -41 -20 0
-41 -39 -46 0
12 21 -18 0
-46 -21 -35 0
30 -13 -23 0
-48 -38 43 0
14 -16 50 0
6 29 -50 0
-23 48 -11 0
12 26 16 0
-17 2 -36 0
-15 -29 -15 0
-17 35 -21 0
4 -24 11 0
-14 29 -8 0
-8 -40 32 0
-14 15 -34 0
-41 37 46 0
-16 -10 -38 0
49 -7 41 0
-33 5 6 0
20 40 24 0
5 30 8 0
-48 12 -42 0
28 34 43 0
-16 -26 -12 0
-19 47 49 0
23 -16 -11 0
27 -17 11 0
-39 27 18 0
-14 -39 46 0
31 1 -28 0
46 36 50 0
-18 -15 41 0
43 15 18 0
12 -3 27 0
-40 20 36 0
10 -36 35 0
-19 -9 9 0
3 -34 -6 0
41 -21 45 0
8 -9 24 0
-14 43 6 0
-23 50 -22 0
-14 17 20 0
26 -19 45 0
-26 3 19 0
8 27 5 0
21 -40 -37 0
-25 29 -4 0
-13 -11 -26 0
7 8 -26 0
-41 -10 1 0
11 -28 -13 0
6 30 49 0
-50 -7 45 0
-3 39 29 0
-33 14 10 0
-42 20 -34 0
15 45 34 0
-7 13 -26 0
-9 -16 9 0
-33 -46 37 0
43 38 -17 0
-24 46 45 0
-22 14 32 0
29 6 -24 0
22 13 -9 0
4 -7 20 0
2 -7 -38 0
6 -7 -48 0
48 42 -20 0
-44 18 6 0
42 -4 48 0
32 -17 20 0
-9 -19 23 0
14 11 -16 0
5 3 22 0
-42 20 -9 0
-35 9 11 0
39 18 -42 0
-14 -28 35 0
-40 40 -8 0
20 -28 32 0
-34 33 10 0
-33 45 -11 0
1 21 9 0
17 32 30 0
40 -8 7 0
-41 46 46 0
19 -47 -24 0
-46 14 -9 0
46 1 15 0
20 22 -35 0
-5 3 -22 0
20 31 5 0
-1 -41 -10 0
-4 -25 35 0
36 -42 21 0
-30 -35 4 0
-19 -50 -27 0
-38 4 36 0
25 -12 -25 0
30 31 50 0
44 -39 45 0
-49 -1 -20 0
33 -9 28 0
-25 -14 50 0
-50 -35 38 0
-19 2 -10 0
-27 6 9 0
-37 -47 -36 0
22 7 20 0
11 -42 40 0
3 -26 6 0
18 24 -30 0
47 38 -17 0
38 13 8 0
3 -35 40 0
39 38 -15 0
-8 45 42 0
-14 -24 2 0
1 30 -35 0
14 -7 25 0
-49 -49 13 0
-41 -13 18 0
-2 36 -37 0
-32 -37 42 0
-14 35 6 0
-6 26 20 0
8 30 -15 0
11 10 -33 0
-27 -47 -27 0
-16 -11 -28 0
-45 -32 32 0
-48 35 -34 0
-5 34 18 0
15 28 -34 0
38 45 49 0
-48 33 -49 0
-46 36 -2 0
49 45 -10 0
40 -2 -15 0
-16 -31 -44 0
12 -7 39 0
-50 -11 -21 0
-14 19 -32 0
19 24 -15 0
33 -36 34 0
-37 48 -8 0
-28 -6 -36 0
-19 16 26 0
-22 40 12 0
-33 -49 42 0
-46 1 50 0
5 40 -43 0
18 4 12 0
