c CNF generator v0.9
p cnf 50 240
-36 -26 -47 0
-47 21 -24 0
-11 -8 -47 0
-17 50 -37 0
49 45 -44 0
-41 23 -46 0
-8 -30 4 0
2 -13 -34 0
9 -18 -31 0
17 26 26 0
45 27 27 0
-28 -17 -17 0
27 34 39 0
-47 -8 -28 0
3 20 26 0
-17 -18 48 0
-27 -25 35 0
-35 -27 31 0
26 41 46 0
-47 -2 -45 0
43 -11 38 0
-46 -19 -39 0
34 -38 47 0
30 33 24 0
13 21 -36 0
24 36 42 0
5 -5 -17 0
32 41 37 0
-43 -2 -40 0
46 -6 3 0
48 17 34 0
28 -25 21 0
14 33 -31 0
-21 -31 -35 0
36 -5 -17 0
-9 -35 -28 0
-35 2 -15 0
-6 45 45 0
-24 6 -2 0
43 -49 -7 0
43 49 47 0
-23 43 11 0
43 -44 46 0
-5 34 -34 0
-47 -21 -3 0
32 45 -46 0
-44 -22 33 0
-20 -36 -31 0
34 -35 -41 0
19 -37 -7 0
19 2 1 0
-47 22 45 0
-15 6 -24 0
33 -18 -44 0
-46 1 18 0
-40 -17 -25 0
36 14 18 0
36 -44 -36 0
-35 18 30 0
-39 -11 46 0
-6 49 22 0
29 -8 -5 0
-31 -43 -35 0
49 50 -39 0
-50 11 22 0
-44 14 -12 0
48 13 33 0
35 -47 -12 0
-20 21 42 0
-20 41 -48 0
43 28 50 0
47 33 -47 0
-35 -40 9 0
-39 -46 -29 0
-39 32 -32 0
-26 -46 -15 0
-19 -39 -43 0
-2 8 -44 0
-33 12 -25 0
-7 -11 -11 0
-9 6 21 0
-35 -2 -40 0
42 2 2 0
-8 -49 29 0
-50 -36 -23 0
-30 1 31 0
23 15 -3 0
-12 7 26 0
19 16 -28 0
13 -12 40 0
-39 7 -34 0
16 46 -18 0
-19 23 29 0
-28 -21 -39 0
-50 -24 -13 0
-10 -13 -17 0
-19 -46 30 0
40 -46 -5 0
-11 2 -10 0
-7 4 41 0
-47 -34 -48 0
-49 -13 12 0
44 -38 -25 0
-17 -43 18 0
-27 37 -24 0
7 41 7 0
41 -47 -18 0
5 -23 -34 0
-3 -7 -10 0
1 -2 25 0
-8 36 -26 0
47 34 7 0
-43 1 45 0
-48 -10 -29 0
5 -40 -44 0
46 -39 -41 0
-40 33 -13 0
-27 -16 48 0
34 -12 44 0
28 25 -26 0
-12 31 -50 0
21 -28 10 0
-15 -31 41 0
3 -8 -48 0
50 -9 -27 0
-28 -44 25 0
35 -6 43 0
-17 -22 6 0
-27 -16 40 0
30 43 -27 0
24 2 14 0
-39 44 -34 0
-43 -21 -16 0
-25 9 -14 0
23 34 37 0
28 -17 32 0
33 36 34 0
23 -34 -31 0
25 30 10 0
-29 -35 -40 0
-3 33 -47 0
46 -42 -47 0
-13 -23 11 0
-14 -35 36 0
-34 32 -22 0
-36 -11 7 0
-23 -33 -43 0
39 9 16 0
-45 -47 28 0
4 -41 9 0
27 28 8 0
39 -41 -20 0
25 49 -11 0
-4 -20 19 0
-50 48 34 0
-39 40 46 0
27 25 36 0
-11 28 23 0
38 28 11 0
14 45 33 0
-46 -21 33 0
2 -32 -13 0
-30 -23 -5 0
12 50 -33 0
20 1 -21 0
-37 -29 -46 0
17 -12 8 0
-30 1 -42 0
-1 -6 -13 0
-33 -46 48 0
-48 35 -4 0
27 3 -48 0
11 9 -14 0
30 -10 -42 0
-48 -37 6 0
-4 -10 1 0
-8 11 -21 0
11 -31 -7 0
-24 41 39 0
-48 29 -47 0
12 -39 -10 0
-32 -42 -9 0
-37 -47 21 0
-1 -13 47 0
38 41 -28 0
-12 -37 -14 0
-18 40 -29 0
-4 32 13 0
-18 17 27 0
-23 49 35 0
43 8 25 0
9 -32 -27 0
-20 35 -41 0
6 -41 29 0
49 -35 -13 0
-14 42 -26 0
-6 -24 25 0
3 -12 -46 0
-44 22 -38 0
-2 -39 38 0
-7 3 -11 0
-10 5 42 0
49 -12 2 0
-13 -11 46 0
-47 -49 -5 0
-39 36 -29 0
2 42 -45 0
22 -46 -46 0
-12 7 11 0
-19 19 -39 0
-4 -50 36 0
-5 13 10 0
50 31 -40 0
-43 -12 -42 0
-18 -15 -45 0
-4 -39 -28 0
-13 10 18 0
-6 -47 -34 0
-5 -7 39 0
-10 34 -28 0
-38 17 2 0
37 26 -5 0
-5 32 11 0
-16 -9 3 0
29 21 -10 0
46 -46 -4 0
-21 -7 -50 0
-27 14 32 0
-12 -40 -23 0
43 -3 18 0
29 39 49 0
31 -45 10 0
40 29 -34 0
14 47 14 0
21 -48 -32 0
33 -39 -42 0
-28 21 -14 0
34 -36 48 0
-33 18 -38 0
-32 49 16 0
