c CNF generator v0.9
p cnf 50 240
-37 -24 10 0
11 24 14 0
-7 42 47 0
-12 13 -41 0
-10 -36 24 0
3 14 42 0
40 7 5 0
-45 36 -40 0
-21 -42 -50 0
21 -15 -37 0
33 -38 6 0
26 17 45 0
-18 14 -6 0
38 31 -17 0
-12 36 47 0
-34 44 -48 0
-48 29 13 0
15 28 19 0
-29 -11 13 0
-7 -23 -2 0
50 -47 -32 0
39 -28 -34 0
-37 6 -29 0
-46 -28 19 0
-30 -43 -20 0
-16 -2 7 0
6 10 28 0
32 17 -48 0
-9 -1 -24 0
-6 -39 13 0
-33 -38 -24 0
18 14 -49 0
-29 -32 -7 0
48 -23 -38 0
45 -44 -18 0
50 -28 -4 0
-5 -47 40 0
45 13 -35 0
-22 50 -16 0
10 -45 -47 0
30 -7 -6 0
49 19 35 0
-14 -34 -29 0
2 -26 -13 0
-25 -46 37 0
33 -5 -7 0
14 1 26 0
-17 13 12 0
42 25 -24 0
19 -20 -11 0
37 -48 -7 0
44 -28 -21 0
39 -11 -13 0
-7 -10 -31 0
-3 20 -21 0
-2 -17 -2 0
-44 -14 24 0
25 -31 35 0
-46 -45 46 0
6 45 -38 0
-18 16 26 0
3 50 20 0
27 19 -29 0
-20 -50 -4 0
36 3 30 0
20 -43 45 0
-27 -7 -3 0
-39 -23 -31 0
21 23 -29 0
23 25 2 0
16 47 14 0
12 -36 32 0
-21 -46 -13 0
33 47 11 0
49 -2 32 0
22 44 -24 0
38 36 33 0
-2 10 2 0
-44 9 4 0
15 4 -48 0
-41 27 42 0
-12 7 2 0
33 47 -6 0
-7 -8 35 0
21 -7 9 0
-19 30 36 0
40 17 28 0
8 -14 6 0
46 -45 11 0
-43 9 -25 0
-15 -1 16 0
-29 28 15 0
42 43 -20 0
-33 34 25 0
-7 -27 44 0
-44 5 11 0
-36 -39 46 0
8 -13 -31 0
10 -29 -5 0
42 13 32 0
42 -35 8 0
-49 -50 25 0
2 -47 -29 0
23 -41 18 0
-24 -35 -19 0
38 -49 -11 0
47 42 -39 0
-6 19 -37 0
1 12 -41 0
-29 23 34 0
-5 -24 -12 0
34 4 -5 0
-47 25 19 0
-24 -28 23 0
-16 -42 -32 0
24 -21 -42 0
-48 43 16 0
10 -48 -31 0
-42 43 -30 0
-37 -45 -1 0
8 -24 -7 0
5 -22 -39 0
-35 34 -50 0
45 25 8 0
-26 6 -18 0
-10 -36 -23 0
13 -31 9 0
49 -39 34 0
49 41 43 0
31 29 -15 0
4 -13 -44 0
-31 -34 -15 0
-13 -1 33 0
-32 1 -45 0
12 -44 -1 0
22 21 16 0
-41 -35 46 0
-10 26 25 0
-6 18 -40 0
38 -26 -28 0
16 26 -19 0
27 4 19 0
13 16 -36 0
-2 -42 41 0
-48 -32 23 0
-3 -33 -14 0
21 36 -1 0
-50 -10 -39 0
34 -7 -21 0
-2 25 -17 0
46 -38 -29 0
-43 50 41 0
14 -17 -33 0
17 19 -43 0
36 -27 -26 0
8 26 5 0
40 -45 40 0
-26 42 -39 0
-36 6 44 0
-17 35 4 0
33 -17 -35 0
-48 9 -17 0
-25 -5 -2 0
-21 50 -32 0
14 -4 50 0
-3 -49 5 0
-45 -31 -7 0
36 -34 29 0
14 49 50 0
49 -31 -23 0
-32 -1 21 0
-3 49 17 0
44 11 9 0
-32 -37 50 0
-7 29 33 0
-22 -28 38 0
3 12 -19 0
-14 -2 -8 0
-21 -11 36 0
-20 -6 50 0
40 31 -30 0
37 28 -17 0
-1 -13 30 0
-13 -18 -32 0
45 -12 19 0
-5 -29 -7 0
32 4 -20 0
-29 32 -38 0
35 -7 -8 0
36 -20 -15 0
18 25 19 0
8 -46 36 0
43 14 -1 0
25 -45 49 0
-38 5 34 0
-38 49 16 0
-7 15 -5 0
9 -3 24 0
26 -47 -33 0
-12 50 -29 0
-4 -1 -12 0
7 33 -48 0
24 -33 50 0
5 -19 -24 0
-33 -19 43 0
-48 28 -35 0
-36 -22 19 0
-30 -11 26 0
-6 -1 -41 0
15 -43 -36 0
-46 -28 -35 0
3 -41 49 0
20 27 -20 0
14 12 -7 0
-29 40 5 0
-31 -5 21 0
12 24 1 0
45 13 -50 0
-20 -41 7 0
-48 -1 46 0
-25 -17 34 0
13 -33 -16 0
-49 38 41 0
36 2 15 0
36 1 -7 0
11 -37 -17 0
-31 36 4 0
33 26 49 0
44 22 -32 0
10 -45 -18 0
42 5 25 0
32 49 -44 0
50 -34 -24 0
-26 4 21 0
-22 -44 38 0
-38 -12 -38 0
7 -48 -39 0
39 -20 -6 0
-11 -5 6 0
-28 -32 -33 0
