c CNF generator v0.9
p cnf 50 240
-36 -3 18 0
12 37 -7 0
21 -16 -46 0
17 -35 4 0
-43 3 -11 0
1 -21 -8 0
25 11 -47 0
34 -11 8 0
-8 39 -9 0
14 -2 2 0
-43 -19 -29 0
19 21 -40 0
9 39 34 0
25 -31 -35 0
-22 5 15 0
-28 49 10 0
18 -1 -18 0
5 36 -19 0
-38 9 19 0
47 26 -22 0
35 3 16 0
-20 -23 3 0
33 -22 16 0
34 -38 15 0
3 42 8 0
46 5 20 0
46 -21 6 0
46 16 -22 0
-22 16 -1 0
39 11 -2 0
-47 -41 -27 0
43 -37 6 0
44 17 -45 0
-15 16 1 0
-43 -24 -35 0
6 35 50 0
25 13 8 0
9 34 49 0
-21 2 38 0
7 44 36 0
-27 -40 12 0
-15 -46 -20 0
-16 21 40 0
-23 30 42 0
-26 -33 -15 0
7 10 3 0
46 -8 -25 0
39 29 18 0
2 29 -37 0
13 -22 -31 0
-6 23 33 0
-44 28 26 0
-29 -13 1 0
-12 43 24 0
-22 36 20 0
23 31 26 0
33 32 -13 0
1 10 -1 0
35 19 30 0
46 -39 -44 0
36 -42 49 0
16 -16 22 0
-49 -24 2 0
-44 29 -4 0
-41 14 -6 0
-49 18 -36 0
37 -29 -48 0
-49 -42 -31 0
-10 -17 -12 0
-33 -31 36 0
-33 21 -46 0
-40 23 -8 0
26 -2 -38 0
-10 -7 17 0
-12 19 -7 0
-5 -23 10 0
-7 30 41 0
27 -33 -10 0
14 15 -15 0
43 -35 -8 0
3 -11 -9 0
28 11 5 0
-50 -45 12 0
-26 15 -47 0
48 -36 26 0
24 1 -41 0
-30 16 45 0
5 48 44 0
-39 34 -15 0
46 -37 31 0
13 33 -26 0
-17 -15 -37 0
44 47 -27 0
40 32 12 0
46 9 -5 0
31 -3 -34 0
21 2 -34 0
9 -22 8 0
-14 6 -10 0
-11 5 -8 0
8 14 45 0
25 38 5 0
-41 23 13 0
15 36 -22 0
-24 -37 -17 0
-27 41 9 0
-7 -23 -32 0
-5 -31 48 0
24 47 -7 0
35 -2 -50 0
28 -18 -21 0
6 45 -21 0
-50 -15 -10 0
-4 -36 25 0
-13 -24 18 0
21 -50 -14 0
-40 32 47 0
-5 38 -12 0
4 14 29 0
26 5 7 0
17 6 -3 0
11 -50 15 0
-24 1 -38 0
37 44 32 0
12 -41 -35 0
-50 -6 24 0
-44 -18 4 0
10 25 25 0
-41 -24 -44 0
-45 -50 -39 0
-14 -19 13 0
-50 -46 8 0
23 -2 28 0
-35 50 47 0
36 15 -27 0
36 -24 -6 0
-23 19 15 0
45 1 8 0
41 -11 -39 0
5 -22 27 0
-37 -21 45 0
13 5 36 0
9 -25 -13 0
23 3 49 0
16 -8 26 0
-31 -19 36 0
48 30 -29 0
-8 33 -24 0
-46 -48 -40 0
-37 50 4 0
-38 -49 14 0
14 8 35 0
37 -28 10 0
17 -24 26 0
-10 -41 30 0
24 4 23 0
-12 -13 -3 0
44 32 19 0
-10 -5 -21 0
4 6 12 0
49 6 -15 0
19 48 -12 0
11 28 -31 0
48 -3 -17 0
32 -3 9 0
19 -31 25 0
-18 -33 3 0
9 -41 -20 0
-34 46 29 0
6 30 18 0
-39 -4 8 0
22 20 45 0
-13 31 -45 0
8 20 -36 0
-37 42 -27 0
18 8 -46 0
13 34 46 0
34 6 -38 0
-24 -1 -38 0
-25 -50 29 0
42 -32 -17 0
10 -9 22 0
-33 -30 -31 0
37 -30 -41 0
26 -14 -36 0
-23 -34 -39 0
-14 -50 -37 0
35 29 30 0
-43 3 -33 0
38 4 -3 0
-11 35 -25 0
27 -44 7 0
7 45 -3 0
-16 -14 -49 0
48 39 -17 0
23 -50 -25 0
29 27 -6 0
-45 -1 -16 0
15 14 -45 0
-12 -37 -40 0
48 24 25 0
34 -19 15 0
-45 -42 22 0
16 -35 17 0
-32 -27 -7 0
-18 7 14 0
8 -2 40 0
-9 18 18 0
-47 -1 -24 0
-47 7 -23 0
-35 -49 21 0
32 -40 -38 0
32 -18 -40 0
17 -36 18 0
-16 35 -22 0
12 -43 15 0
50 -6 28 0
4 33 34 0
36 23 43 0
32 -16 38 0
-47 -39 1 0
-42 -16 -40 0
8 -22 46 0
-43 49 38 0
-39 -38 -37 0
-14 -40 -30 0
-21 -16 47 0
7 12 38 0
-38 16 46 0
40 -13 -22 0
21 -49 -9 0
14 -40 -39 0
-37 -48 35 0
4 -44 10 0
-13 -43 9 0
25 -34 33 0
-40 17 -47 0
-7 26 42 0
33 16 14 0
28 19 -1 0
