c CNF generator v0.9
p cnf 50 240
-14 25 5 0
14 -13 22 0
42 -30 24 0
35 5 22 0
22 -28 48 0
34 19 8 0
-29 -9 -14 0
-2 -23 -45 0
-15 -31 -48 0
25 45 -47 0
-36 -27 34 0
-14 -18 14 0
-12 -9 -29 0
-13 9 13 0
30 2 -1 0
47 10 48 0
33 -40 -6 0
48 -14 12 0
-32 20 -31 0
-2 43 27 0
-39 11 -20 0
1 -35 44 0
39 7 -10 0
41 14 43 0
-25 -3 -3 0
-18 -34 -20 0
1 -37 -48 0
3 -48 -25 0
-7 -3 25 0
48 -13 -50 0
-3 -13 -30 0
7 10 -50 0
11 -38 45 0
-2 -13 28 0
17 40 28 0
3 -2 -14 0
-43 44 13 0
18 13 -20 0
-6 -50 -5 0
-48 24 37 0
-5 19 16 0
-45 4 19 0
-12 11 -16 0
35 -25 -28 0
8 -48 -27 0
17 5 30 0
45 -20 48 0
25 -50 16 0
35 -38 26 0
-45 40 7 0
6 -17 -22 0
-20 -50 37 0
6 7 -25 0
-25 -40 27 0
15 -7 -15 0
-8 23 5 0
-48 -40 -26 0
-23 34 -34 0
-47 23 15 0
31 -1 9 0
10 -42 -15 0
26 14 -8 0
-5 2 4 0
-46 9 -5 0
-17 -33 -30 0
-37 -30 -20 0
-41 11 -29 0
-29 -21 15 0
-31 -48 38 0
47 29 11 0
-10 -26 35 0
-47 49 20 0
-8 -35 8 0
-32 -42 43 0
-21 -27 -32 0
-3 -44 6 0
-2 38 9 0
-25 -41 -23 0
43 40 -11 0
-16 3 -31 0
-14 6 -38 0
8 -44 -48 0
45 32 6 0
-7 -37 -23 0
-24 -1 -12 0
21 -9 -22 0
42 26 49 0
4 46 7 0
11 -42 18 0
-1 47 42 0
-12 -23 43 0
-11 10 -22 0
31 47 -31 0
-20 -47 -45 0
6 -28 -42 0
-4 -29 -35 0
-38 -42 -16 0
-36 19 15 0
-28 3 -11 0
33 28 1 0
-27 20 -45 0
-25 -26 -35 0
-22 2 38 0
-49 -9 -46 0
34 -25 45 0
-1 -39 -21 0
37 7 42 0
-7 -9 -12 0
14 -41 -3 0
19 39 -50 0
49 22 35 0
36 -13 40 0
-6 -16 3 0
-24 -32 -40 0
9 41 8 0
19 -24 -42 0
-3 -50 3 0
45 23 -11 0
22 -38 -45 0
-18 29 -15 0
13 9 -30 0
30 3 36 0
-50 46 -10 0
8 18 16 0
7 -30 -5 0
-17 -14 5 0
-6 47 20 0
-2 -41 -28 0
11 -44 -36 0
-46 12 41 0
29 -42 -28 0
-7 -47 -37 0
-9 -2 -12 0
-10 -37 -8 0
-9 22 -37 0
4 -4 -8 0
50 36 -37 0
-41 -33 -29 0
19 -12 26 0
-35 45 -10 0
49 34 37 0
-21 17 30 0
-10 28 2 0
45 -46 -1 0
48 -30 -29 0
-41 -10 -50 0
-20 50 -47 0
14 -33 -46 0
14 21 -26 0
5 15 12 0
-11 -15 -25 0
17 -41 1 0
40 -14 -2 0
8 -30 47 0
-4 10 -43 0
50 -41 1 0
-50 32 -49 0
3 -2 49 0
47 -38 -11 0
-12 -8 2 0
26 -31 10 0
14 8 40 0
46 -14 -21 0
-27 39 -35 0
-39 40 49 0
-7 -1 -2 0
41 -42 -24 0
30 16 -8 0
27 -6 -19 0
47 -43 -8 0
-11 -27 -27 0
48 10 36 0
2 -49 -42 0
-5 -1 47 0
1 9 -21 0
-25 -42 -26 0
-50 -12 33 0
47 -41 9 0
-21 23 -13 0
-22 -27 -41 0
9 -18 41 0
50 5 32 0
-7 15 21 0
25 -1 -18 0
12 25 16 0
27 -45 10 0
-10 49 25 0
-3 16 -10 0
40 -19 18 0
14 1 1 0
-15 -35 25 0
40 32 49 0
-1 -13 20 0
16 19 -24 0
-9 48 -4 0
-35 16 -29 0
-27 -19 -29 0
-16 -8 -5 0
40 41 9 0
-44 31 20 0
24 49 -9 0
-11 1 -36 0
-31 -6 5 0
-11 -49 -47 0
-22 12 -46 0
49 38 -13 0
33 9 -31 0
-4 -47 30 0
-29 2 21 0
-8 -45 -27 0
-8 3 46 0
26 26 9 0
-41 -44 35 0
-42 -46 23 0
-44 -50 -43 0
-6 36 12 0
38 -32 46 0
-15 28 -19 0
-6 1 8 0
-1 18 17 0
-2 -39 -18 0
5 31 -29 0
-18 8 18 0
11 9 -39 0
13 15 44 0
-2 -40 46 0
10 4 -15 0
20 -48 -36 0
-6 -19 36 0
19 -47 2 0
25 -26 24 0
-42 17 20 0
17 -19 2 0
2 -39 -41 0
-49 49 -28 0
31 21 21 0
-49 -12 -22 0
-14 -40 49 0
-6 -34 -9 0
-50 -44 27 0
