c CNF generator v0.9
p cnf 50 240
-34 18 -11 0
-2 -36 15 0
26 6 -35 0
-40 50 -5 0
-35 38 38 0
17 47 46 0
19 -48 -2 0
31 38 -32 0
36 -50 24 0
17 40 -16 0
1 -36 21 0
32 -33 -37 0
-15 -25 -11 0
-6 8 -39 0
5 -2 -41 0
10 -1 33 0
-7 30 -7 0
-15 -2 48 0
-16 24 41 0
-27 25 4 0
38 -17 28 0
-42 16 35 0
47 29 -27 0
-49 -19 -30 0
-22 -50 -15 0
23 49 -6 0
-38 -41 -32 0
27 7 21 0
34 -13 -14 0
-34 -14 37 0
38 -1 -7 0
-36 42 34 0
12 -17 38 0
-11 -45 -32 0
-42 -25 11 0
49 36 10 0
-27 14 -46 0
39 14 35 0
8 -43 -10 0
-39 42 40 0
-10 28 -37 0
-16 -45 -33 0
-28 21 39 0
28 3 -31 0
41 39 -44 0
-5 35 -38 0
49 43 -37 0
-34 49 11 0
28 4 -7 0
37 19 -15 0
2 -13 41 0
10 49 -19 0
-49 24 16 0
37 9 -19 0
-23 40 -2 0
3 6 30 0
32 43 24 0
8 -1 -15 0
-1 34 -41 0
6 -22 -14 0
-47 -21 -39 0
-43 30 -22 0
-38 2 31 0
-28 2 -6 0
30 -32 -6 0
40 -39 -40 0
26 -34 41 0
-1 -15 20 0
-18 29 -5 0
-39 28 16 0
40 -2 -38 0
-37 9 42 0
-42 23 -48 0
-26 -38 -7 0
5 -1 47 0
-23 -22 44 0
17 17 14 0
39 31 40 0
-9 13 -36 0
-42 -23 43 0
13 -40 -20 0
19 35 -25 0
10 -35 8 0
15 8 -47 0
-5 -25 13 0
43 6 -22 0
-19 1 44 0
43 5 -4 0
39 42 -34 0
-41 11 -12 0
-33 -44 7 0
47 -7 41 0
-28 -33 21 0
50 33 28 0
-2 49 33 0
-23 -16 -40 0
35 -23 -43 0
30 -30 -18 0
19 -7 33 0
42 36 43 0
5 -27 21 0
-13 -19 45 0
-8 -4 -11 0
-29 4 -25 0
14 13 48 0
-37 20 -45 0
20 49 -35 0
36 -26 -19 0
47 45 -22 0
-32 -20 -8 0
15 25 9 0
-44 -45 21 0
29 5 35 0
-3 -6 44 0
-33 26 43 0
46 -43 -43 0
29 -41 18 0
-43 19 -40 0
-23 -40 13 0
-5 44 19 0
34 -40 -27 0
-37 13 33 0
-12 4 20 0
10 -5 14 0
47 30 -6 0
-35 -16 5 0
-16 -3 -29 0
27 18 4 0
49 8 -29 0
13 26 41 0
19 -22 -28 0
-6 48 -35 0
23 -7 -16 0
21 21 -47 0
9 -17 -25 0
-19 3 25 0
-18 -40 3 0
33 39 47 0
-40 9 -41 0
47 -47 -2 0
27 8 -29 0
46 22 -16 0
39 39 -48 0
28 43 43 0
18 -40 -35 0
43 6 18 0
27 46 39 0
-40 19 31 0
50 15 -22 0
5 -21 -39 0
25 -11 7 0
-36 -21 -20 0
31 -37 -43 0
17 22 -21 0
31 24 27 0
-7 -12 -30 0
-42 37 -28 0
-10 -43 -5 0
-11 24 -45 0
12 -48 -11 0
8 5 2 0
39 39 -6 0
22 3 34 0
45 -33 -16 0
-47 7 47 0
30 23 -26 0
-13 40 -16 0
12 37 -4 0
-18 -3 -1 0
6 -36 -33 0
15 -23 -7 0
-28 10 10 0
-27 33 -27 0
1 -28 -16 0
-19 15 -25 0
-33 -23 26 0
-34 -15 17 0
27 -30 45 0
-44 -6 4 0
23 -20 49 0
17 21 43 0
-41 -2 32 0
-10 10 -42 0
-15 6 37 0
-25 41 -30 0
-43 -20 32 0
-15 34 -6 0
-24 41 3 0
-24 -25 14 0
-20 26 -43 0
27 -22 27 0
-48 -25 47 0
29 -40 -8 0
-28 4 47 0
50 41 -21 0
4 -44 8 0
27 -34 10 0
44 22 38 0
25 17 -40 0
24 -2 -12 0
48 -11 -9 0
-21 -24 -5 0
-45 11 49 0
-29 15 20 0
-6 -48 3 0
-44 -28 -21 0
-44 21 50 0
-49 2 47 0
28 -37 -42 0
41 -16 50 0
27 -24 30 0
-43 32 -24 0
-26 -16 20 0
41 -34 -47 0
-6 42 -48 0
42 48 50 0
18 -34 20 0
20 -7 41 0
-35 19 40 0
41 -4 -39 0
-23 22 -18 0
39 -7 33 0
14 -35 -5 0
10 -37 12 0
28 8 32 0
-18 -1 11 0
-1 6 26 0
35 12 16 0
21 -9 1 0
33 40 -33 0
50 17 -33 0
33 21 9 0
11 9 1 0
16 5 -45 0
7 -44 1 0
-37 -9 -5 0
20 -6 -25 0
-39 -12 -33 0
26 25 49 0
20 -4 18 0
