c CNF generator v0.9
p cnf 50 240
-7 7 18 0
-47 -33 36 0
-27 -16 31 0
-5 -48 37 0
16 50 44 0
31 35 -4 0
15 40 -17 0
28 -7 44 0
35 13 -10 0
-17 -12 30 0
-16 -13 9 0
-34 -3 39 0
-13 8 25 0
-14 50 3 0
-7 -37 34 0
-17 -19 9 0
-41 -40 48 0
-34 14 -38 0
33 6 31 0
30 26 42 0
-24 -28 -39 0
-45 -46 -8 0
21 49 34 0
19 -13 -17 0
17 -35 -27 0
36 25 -10 0
-46 41 -3 0
7 -23 -32 0
37 -33 16 0
-16 26 39 0
-22 5 23 0
-18 27 -45 0
-32 -1 32 0
-5 -27 19 0
-1 -45 50 0
49 9 3 0
-29 -13 43 0
28 -12 40 0
36 14 -45 0
-26 -10 -31 0
15 -14 2 0
4 -6 -20 0
-14 -2 -6 0
5 -50 23 0
26 3 23 0
5 -17 7 0
5 25 -6 0
-7 16 22 0
-42 -16 16 0
22 21 -14 0
-12 -35 12 0
-7 22 49 0
38 24 -32 0
30 -39 -15 0
-22 33 18 0
-33 30 6 0
37 -47 16 0
28 -47 -34 0
50 -5 3 0
-9 18 10 0
-37 9 -24 0
-24 -26 -23 0
18 37 27 0
-23 47 41 0
-5 -31 12 0
-1 20 39 0
-16 -9 -10 0
-16 -19 -7 0
-48 -12 -46 0
-46 -30 48 0
-26 -3 -41 0
-36 28 10 0
30 -14 -14 0
-50 5 -15 0
-11 -9 -13 0
37 -14 -32 0
16 -11 -43 0
31 -2 -15 0
34 25 -45 0
27 -44 -40 0
-3 37 44 0
21 38 48 0
-17 -39 -17 0
-20 31 -46 0
16 22 -23 0
28 3 -19 0
-8 3 49 0
43 40 -18 0
38 7 -40 0
21 -27 19 0
17 -13 26 0
41 -32 12 0
48 49 -45 0
50 39 44 0
-11 34 -36 0
17 16 1 0
-7 10 -44 0
14 34 -25 0
-41 23 -22 0
36 4 -22 0
-29 1 38 0
-16 16 36 0
-39 11 -25 0
-28 40 31 0
-42 18 4 0
-37 -32 -8 0
-23 -13 -17 0
-42 25 -30 0
-28 28 22 0
1 8 -11 0
-21 40 27 0
-19 37 -10 0
-43 16 44 0
-36 -29 -18 0
28 -5 32 0
-46 22 -49 0
40 -1 -8 0
-2 -16 17 0
-21 9 22 0
24 -13 -12 0
-28 -44 31 0
-6 18 -49 0
41 39 -21 0
-21 -13 23 0
-25 37 11 0
-2 27 -4 0
46 18 24 0
-4 2 15 0
31 31 -22 0
25 -30 -29 0
-6 45 10 0
14 -26 -33 0
13 27 25 0
43 -2 -19 0
34 8 29 0
43 25 30 0
-8 6 48 0
-20 -17 9 0
4 41 -37 0
-20 23 -10 0
-47 -18 -42 0
47 -17 37 0
-34 -31 -12 0
26 -4 48 0
44 47 -38 0
28 29 39 0
-43 7 33 0
-25 -42 -40 0
-1 35 44 0
-42 19 9 0
16 -15 -36 0
29 -45 16 0
39 -42 -21 0
-49 -24 8 0
-12 -6 -45 0
-33 -47 21 0
12 49 -50 0
23 26 32 0
13 1 34 0
-24 7 -28 0
-27 34 35 0
-23 -43 4 0
35 -10 16 0
-18 -33 12 0
4 -29 41 0
14 -20 17 0
37 -19 1 0
-5 31 -47 0
-11 48 -1 0
-19 -44 12 0
32 38 2 0
-12 30 25 0
-11 -31 -35 0
8 49 -26 0
-25 -33 5 0
-8 21 -24 0
-11 23 -12 0
-16 -18 -50 0
18 45 -26 0
-17 10 -20 0
37 2 1 0
6 39 47 0
37 20 31 0
-43 -13 4 0
48 12 33 0
34 41 -19 0
-40 44 -2 0
24 -29 -24 0
45 -38 -48 0
29 30 -8 0
-46 15 15 0
6 10 20 0
10 16 25 0
16 16 42 0
-9 -40 21 0
-40 27 23 0
12 -24 6 0
10 -40 40 0
-4 38 46 0
27 -41 1 0
-42 31 29 0
-40 -13 -48 0
-38 3 2 0
-2 44 -46 0
-31 -28 4 0
-17 -45 44 0
-14 46 -42 0
45 -38 26 0
-31 21 -15 0
-2 18 -45 0
-32 -15 -30 0
14 43 -3 0
34 24 -49 0
1 4 -14 0
44 46 8 0
44 19 13 0
27 -22 50 0
45 -31 30 0
-46 -7 -37 0
-20 -22 -47 0
44 -10 -17 0
-6 13 38 0
13 -4 9 0
-38 -27 38 0
-18 -28 46 0
9 -32 -25 0
22 14 11 0
-20 -27 -22 0
-13 33 12 0
-41 46 1 0
-13 -41 48 0
25 19 23 0
-40 41 -50 0
-10 22 35 0
-3 28 32 0
-46 -42 19 0
-30 25 38 0
-6 -48 1 0
17 30 -39 0
17 33 4 0
