c CNF generator v0.9
p cnf 50 240
-26 24 6 0
-10 -29 -47 0
44 -14 5 0
14 13 -49 0
41 43 27 0
-30 12 -9 0
-33 10 36 0
40 -20 34 0
-46 26 -30 0
-4 -43 -1 0
-33 6 44 0
-15 -34 -46 0
-37 1 49 0
-49 -19 -18 0
-46 -18 -37 0
6 39 -43 0
35 5 5 0
-13 -9 20 0
36 13 -10 0
13 17 16 0
-32 47 37 0
-11 -38 48 0
36 27 8 0
42 -48 12 0
-4 4 -43 0
-40 34 23 0
13 48 -27 0
-19 21 35 0
26 -22 -8 0
-34 -18 -40 0
28 26 -40 0
-11 4 44 0
44 34 34 0
-50 34 21 0
-24 -41 -12 0
-37 23 -26 0
-8 15 1 0
-43 -22 40 0
-35 -12 -47 0
10 9 1 0
48 49 24 0
-46 -4 13 0
2 31 44 0
-11 -19 28 0
-35 -18 -37 0
-28 -39 -39 0
46 -3 18 0
44 -17 16 0
-28 -22 -38 0
-37 -16 17 0
-44 30 -42 0
-26 22 49 0
-40 -43 -18 0
16 37 7 0
48 -49 27 0
10 47 -17 0
23 -25 -9 0
-43 36 -7 0
4 -25 20 0
-17 -8 24 0
45 -30 32 0
8 -46 27 0
16 16 20 0
-21 38 39 0
29 -22 39 0
-5 20 50 0
-46 -13 -20 0
-4 8 16 0
4 -7 24 0
31 -20 -37 0
-31 43 -17 0
30 -5 -3 0
6 -2 -25 0
-46 -30 27 0
40 -41 30 0
2 12 12 0
-21 33 13 0
8 -14 -42 0
17 48 -19 0
28 13 10 0
-22 10 -24 0
-10 -42 -45 0
48 -7 33 0
-9 43 -18 0
-33 23 -9 0
14 -26 -42 0
-4 31 44 0
43 -14 -24 0
46 40 -14 0
-12 -23 -25 0
-46 -22 1 0
29 23 38 0
-24 -26 34 0
-14 17 39 0
-18 39 42 0
10 48 -32 0
-8 -46 31 0
17 -49 37 0
39 8 27 0
-23 -45 3 0
-26 -31 5 0
-22 1 -16 0
48 -9 -10 0
-15 -38 50 0
28 -22 -15 0
21 -7 27 0
17 -26 50 0
-50 -37 -32 0
25 -26 -26 0
40 34 -40 0
-29 45 44 0
15 -24 -21 0
32 -1 -1 0
-3 20 6 0
-37 18 1 0
26 -34 6 0
22 -29 27 0
44 -18 2 0
20 8 46 0
-24 15 20 0
-33 18 26 0
12 21 9 0
39 25 22 0
17 10 39 0
22 -30 9 0
-40 -10 -30 0
-41 -25 -26 0
-16 -47 -44 0
-38 19 -17 0
-18 -34 16 0
-9 -46 21 0
-9 40 39 0
34 5 -2 0
6 -47 50 0
-4 31 -42 0
-37 11 4 0
27 -6 -6 0
32 43 -33 0
15 -32 18 0
39 46 -4 0
47 -27 43 0
18 24 4 0
-5 -24 -25 0
-7 10 -30 0
10 -10 -31 0
49 -12 -23 0
42 17 26 0
10 17 7 0
5 28 37 0
35 -35 -50 0
21 -42 8 0
-8 17 50 0
31 -2 2 0
29 -14 33 0
-35 50 -27 0
-8 -11 -13 0
-3 23 46 0
-15 17 47 0
47 4 -18 0
20 -23 49 0
-45 17 14 0
34 17 36 0
-8 -45 -50 0
-15 -33 32 0
-26 11 -31 0
-3 -4 -41 0
22 19 43 0
-15 15 10 0
15 -29 24 0
-31 8 33 0
-41 12 43 0
40 3 5 0
-16 -33 -15 0
29 -35 -46 0
12 24 38 0
-6 4 -31 0
46 11 33 0
6 42 35 0
3 26 -10 0
21 -45 -21 0
14 1 44 0
-50 35 7 0
-5 -7 -10 0
-30 -42 -10 0
-2 26 -8 0
27 -42 24 0
25 6 39 0
26 -16 14 0
19 21 6 0
1 6 -24 0
-6 -40 8 0
-10 50 -43 0
-40 -18 44 0
4 17 10 0
-27 -29 29 0
16 15 9 0
50 33 30 0
25 -3 -32 0
-3 23 -4 0
-37 -6 14 0
26 -35 48 0
-40 14 -38 0
-35 42 29 0
19 21 48 0
-23 -1 -45 0
44 15 -17 0
-15 41 -42 0
-36 13 -6 0
-42 18 15 0
36 -47 -45 0
-26 -13 4 0
20 -14 20 0
7 -22 -41 0
49 47 9 0
-38 33 -36 0
-46 -18 -15 0
-34 -7 -28 0
-35 45 -7 0
45 13 -24 0
-3 -8 -39 0
40 -12 38 0
4 30 47 0
9 28 41 0
14 -48 32 0
-40 34 -15 0
6 26 24 0
-32 -50 34 0
-15 6 13 0
4 -2 48 0
23 3 5 0
-18 -18 3 0
-46 6 -18 0
-29 -20 46 0
36 -44 38 0
-9 6 38 0
-24 24 -37 0
13 33 35 0
-28 -11 -28 0
44 33 37 0
-17 38 -28 0
