c CNF generator v0.9
p cnf 50 240
10 -18 37 0
25 8 -17 0
22 -37 -38 0
37 -37 -36 0
-41 -17 20 0
50 -39 9 0
9 -36 -43 0
-11 -25 12 0
-5 -39 24 0
25 34 35 0
14 3 43 0
27 -4 15 0
50 -38 -31 0
-18 6 -22 0
-49 -22 28 0
29 -3 29 0
-12 1 -3 0
3 24 -43 0
37 21 26 0
18 -20 40 0
-13 -36 15 0
32 42 -30 0
4 -46 -50 0
-35 10 3 0
40 -38 35 0
29 10 10 0
-16 30 49 0
13 -13 43 0
-45 -35 22 0
-41 -48 -32 0
-43 -6 -10 0
-8 -43 39 0
45 47 47 0
34 -9 -44 0
29 -25 -13 0
28 -46 41 0
-1 32 -25 0
34 -15 -11 0
30 30 28 0
39 30 -4 0
-16 11 -4 0
22 -3 6 0
-6 27 50 0
48 9 15 0
-5 3 25 0
6 29 28 0
16 -17 -45 0
1 -6 18 0
27 -3 -21 0
-37 -27 -40 0
-42 -27 -8 0
50 -19 16 0
36 46 -12 0
13 -46 -48 0
13 -42 8 0
7 -22 -41 0
36 -44 -49 0
25 -39 -46 0
36 -21 -21 0
24 -20 40 0
42 34 26 0
19 10 -49 0
40 -32 -38 0
10 -45 -6 0
-24 11 15 0
35 4 -30 0
-46 -1 6 0
34 -14 -29 0
11 21 33 0
-26 36 -14 0
-32 -41 -21 0
-5 -28 30 0
-2 40 18 0
-14 29 -46 0
46 -35 36 0
33 33 -18 0
44 -26 -13 0
-42 27 -12 0
-11 37 -25 0
27 -47 1 0
13 43 46 0
-44 -39 16 0
-47 -17 12 0
-11 -23 -28 0
-49 40 -1 0
-7 -23 -19 0
-47 -49 -36 0
-12 -30 36 0
15 16 44 0
-23 24 -22 0
44 1 46 0
2 -14 -47 0
24 21 -5 0
-35 19 -15 0
-17 -20 -39 0
-8 8 -50 0
-2 -33 -5 0
-21 24 38 0
47 1 -25 0
-27 11 41 0
5 37 42 0
-27 9 -9 0
41 50 -12 0
22 12 -23 0
-31 8 -6 0
-9 -3 33 0
42 -50 -25 0
13 -46 14 0
6 12 46 0
-9 26 7 0
-2 -30 -10 0
-1 -20 16 0
39 24 -40 0
-16 50 11 0
32 -8 26 0
42 43 -21 0
-7 -30 -35 0
-30 32 -39 0
32 34 30 0
30 -10 -41 0
-9 -12 -8 0
-2 -1 25 0
14 -26 -28 0
-29 40 -6 0
30 10 -41 0
36 39 15 0
36 10 -20 0
-8 -31 42 0
-47 -15 50 0
34 1 -34 0
-26 -23 28 0
-35 -1 15 0
-30 -22 24 0
34 -32 -19 0
-26 19 -2 0
17 -26 40 0
36 9 3 0
17 31 17 0
-30 -34 -44 0
25 -6 -21 0
-37 19 -6 0
45 -24 50 0
-13 -44 -8 0
48 -9 12 0
-48 -50 -18 0
-47 -2 41 0
-43 -39 -31 0
-45 -40 -12 0
28 36 17 0
20 18 38 0
-27 -17 -7 0
-7 42 -33 0
-5 -41 -50 0
21 -34 5 0
-35 47 -34 0
-22 29 47 0
32 -16 -12 0
-49 22 -7 0
-43 33 -31 0
27 -44 8 0
35 31 -6 0
-29 19 34 0
8 46 40 0
6 41 42 0
-32 49 -2 0
-37 -22 39 0
30 12 3 0
6 -44 41 0
45 26 -17 0
-42 -40 17 0
21 9 -27 0
-23 32 34 0
21 -3 -49 0
-4 -5 17 0
-16 22 -26 0
-33 -44 -38 0
-12 9 -25 0
-16 7 2 0
-7 34 -31 0
-8 14 5 0
-8 -26 -26 0
33 -4 26 0
27 -34 21 0
-38 -42 31 0
-12 1 -45 0
-31 -37 34 0
-1 36 50 0
-1 45 22 0
24 46 33 0
33 26 21 0
24 -19 6 0
-12 23 -24 0
-44 -7 31 0
9 13 -17 0
25 1 -35 0
26 35 -26 0
33 -4 -35 0
-27 9 -7 0
3 3 21 0
8 -10 31 0
-40 33 -32 0
50 16 -31 0
-49 -31 16 0
3 -24 45 0
20 2 -26 0
50 -2 50 0
-50 -8 -14 0
47 -27 -42 0
33 19 -48 0
-7 -38 30 0
6 -38 -34 0
-20 -26 10 0
34 -11 -6 0
18 -43 -10 0
-42 26 -44 0
45 12 -1 0
50 34 24 0
30 19 34 0
26 -23 -50 0
28 5 16 0
-11 -37 44 0
-5 -36 -37 0
-48 4 23 0
-29 -15 -11 0
-12 35 -7 0
15 37 39 0
-5 -8 -39 0
-22 -7 -26 0
46 -49 7 0
-18 -41 20 0
-10 39 -26 0
43 48 19 0
-14 2 -16 0
30 -1 -17 0
-40 -32 -1 0
-1 30 -34 0
25 -6 49 0
44 -43 -28 0
-7 -8 39 0
-44 -10 -27 0
