c CNF generator v0.9
p cnf 50 240
32 31 -1 0
5 -35 27 0
19 -35 25 0
15 34 -7 0
-35 47 25 0
-8 48 6 0
19 -24 -46 0
31 -46 -41 0
-16 30 -27 0
44 -43 -31 0
-15 18 24 0
25 -16 13 0
-40 -33 -24 0
-49 -20 12 0
-47 12 -27 0
43 -49 -8 0
34 -37 -40 0
-30 -4 -15 0
12 -39 47 0
-44 46 24 0
-37 16 22 0
-46 -50 -29 0
-7 -31 35 0
-35 26 31 0
40 27 37 0
-43 -49 9 0
16 2 -7 0
-39 -48 -10 0
5 44 22 0
16 -38 6 0
18 -45 -44 0
29 -47 -42 0
12 36 -24 0
-39 42 32 0
-23 -17 11 0
12 37 -42 0
44 -37 -12 0
18 11 -50 0
35 20 -18 0
-48 28 -32 0
-11 -12 -46 0
22 16 12 0
-30 11 25 0
-43 45 35 0
4 13 15 0
48 28 29 0
-11 3 -21 0
-49 41 5 0
-9 28 49 0
42 15 2 0
-10 20 32 0
12 -46 -44 0
27 46 -43 0
21 -41 -45 0
-27 -33 -44 0
-7 39 -40 0
7 -22 -19 0
32 -7 -39 0
5 -37 -46 0
30 15 -36 0
21 42 13 0
-31 22 -34 0
-17 -29 30 0
31 -45 12 0
-44 -32 13 0
13 22 50 0
45 29 -3 0
-40 3 -26 0
-20 4 34 0
-34 -22 -28 0
-31 -32 43 0
-32 -25 -6 0
31 17 -2 0
22 -33 -35 0
49 9 41 0
-47 11 18 0
22 -3 5 0
-9 -45 19 0
47 11 -8 0
46 8 -34 0
20 20 -23 0
13 -47 -38 0
-2 48 -23 0
4 -21 34 0
40 -50 -19 0
-23 -46 -8 0
-11 -40 37 0
39 -10 -8 0
-20 -47 -26 0
47 -29 41 0
38 37 -10 0
6 -1 26 0
18 30 17 0
-41 27 48 0
-13 -50 -46 0
-18 -48 36 0
29 -2 5 0
-5 -29 46 0
-6 -5 -38 0
13 -40 33 0
-19 12 27 0
6 -44 -37 0
47 -45 -9 0
-30 48 -20 0
-45 35 -47 0
43 -2 6 0
-25 7 37 0
15 22 12 0
-34 39 17 0
20 39 -43 0
-47 -48 7 0
-27 -28 -36 0
42 -9 46 0
-5 17 39 0
15 -24 -29 0
-12 32 -27 0
-50 10 -2 0
9 -16 15 0
21 -9 -6 0
-29 11 -10 0
33 -31 -11 0
-26 45 38 0
27 -27 -13 0
-44 -48 -36 0
17 -1 -44 0
1 -19 35 0
-8 -25 43 0
-16 -24 -48 0
4 -48 6 0
50 44 14 0
36 41 -38 0
-45 23 -15 0
-9 -9 -21 0
-32 8 -2 0
27 38 9 0
-18 17 -20 0
-37 25 25 0
48 -12 8 0
-32 -18 -27 0
4 -41 45 0
-50 -32 20 0
5 -33 -39 0
11 -41 -46 0
-40 29 4 0
26 33 -10 0
13 -34 -39 0
-25 -18 -50 0
-34 23 -6 0
-15 -19 -13 0
-11 -23 -36 0
37 -1 4 0
-12 32 6 0
28 -26 -45 0
-33 50 48 0
49 11 -32 0
-30 19 32 0
35 -30 30 0
25 44 35 0
18 -44 -25 0
-7 23 35 0
-10 38 -4 0
-30 -29 -8 0
-1 20 -47 0
-19 -20 -10 0
-39 31 38 0
-25 -48 41 0
-20 4 48 0
15 -2 31 0
-15 11 -14 0
-33 11 34 0
-18 49 31 0
14 -46 36 0
-38 30 4 0
-46 16 31 0
28 -38 7 0
27 -3 43 0
-39 -7 43 0
-40 6 -6 0
4 -5 8 0
11 -24 36 0
40 -27 -50 0
-11 4 -4 0
47 -35 37 0
47 19 -38 0
21 -46 29 0
-39 -24 -47 0
42 11 28 0
42 10 11 0
-36 -20 48 0
23 41 -19 0
42 -17 36 0
-6 25 41 0
37 1 -2 0
-13 -50 -47 0
29 42 23 0
25 -43 24 0
2 -1 -21 0
27 13 -41 0
-18 -49 39 0
-33 20 -13 0
-16 -47 44 0
-38 13 -41 0
-23 37 5 0
-37 1 35 0
25 -10 44 0
-46 43 16 0
38 -23 40 0
-17 -43 22 0
5 3 -49 0
-7 20 -27 0
45 -8 -14 0
13 -41 39 0
-7 10 -27 0
-11 -34 -28 0
6 -17 -49 0
-50 -45 -38 0
43 43 -10 0
40 3 -49 0
36 50 -17 0
1 -35 -47 0
-47 19 -38 0
24 -40 13 0
47 8 -32 0
9 -21 -38 0
18 -45 -13 0
-14 43 7 0
24 -37 2 0
23 -42 27 0
36 -49 -6 0
49 29 -31 0
31 -30 41 0
26 -11 29 0
38 27 -12 0
-47 -36 48 0
3 -14 -17 0
-16 -36 -16 0
19 12 -46 0
28 -9 -40 0
-45 -45 39 0
-20 -2 39 0
