c CNF generator v0.9
p cnf 50 240
34 46 -1 0
42 -44 37 0
-16 8 -3 0
34 34 9 0
38 14 16 0
6 37 -39 0
-48 11 46 0
-5 -47 -48 0
-2 36 -31 0
13 -15 -23 0
37 41 12 0
24 -19 47 0
9 9 50 0
-15 34 5 0
31 -45 -34 0
-33 38 26 0
23 5 -25 0
-4 -4 -44 0
-2 9 8 0
-49 -44 -33 0
-37 -3 -42 0
-28 -3 -44 0
-36 -30 27 0
-19 -46 -48 0
2 -43 33 0
-48 -34 -12 0
20 -35 -9 0
-12 37 -31 0
-7 -15 14 0
13 -27 18 0
-2 40 37 0
16 -9 -50 0
-43 24 14 0
-8 -7 37 0
-17 -12 -46 0
-19 -11 6 0
8 26 -34 0
-19 -46 35 0
-3 19 3 0
38 -31 14 0
25 -18 -5 0
4 -49 -12 0
23 29 -19 0
18 -3 -37 0
-48 -31 -16 0
-32 23 -50 0
16 40 -35 0
49 -29 23 0
-44 12 -35 0
-8 18 -13 0
27 -46 -34 0
37 -29 21 0
47 17 -48 0
-19 -45 -40 0
-7 5 -12 0
3 -10 -28 0
2 -7 -34 0
9 49 -27 0
-30 -41 23 0
-15 3 -48 0
1 -14 40 0
26 -1 -33 0
-9 11 -27 0
-4 12 25 0
-23 50 -48 0
-9 47 45 0
-39 -44 23 0
25 23 12 0
49 -1 -22 0
27 -15 -7 0
14 -32 30 0
-33 35 48 0
46 3 -7 0
-40 -41 17 0
-13 -29 43 0
-5 50 -47 0
39 -42 17 0
-22 -7 -40 0
39 -27 7 0
-43 -24 -49 0
-40 24 -2 0
-43 -49 17 0
-12 -24 -39 0
19 -13 -5 0
-48 24 3 0
15 -35 9 0
44 -38 -48 0
-50 12 16 0
40 7 -44 0
46 -13 -23 0
20 -27 -35 0
14 27 -46 0
-35 32 35 0
39 -34 19 0
44 -30 -22 0
27 1 -36 0
32 -50 14 0
49 -48 -31 0
-26 -46 21 0
-17 -11 23 0
11 -3 -35 0
21 48 -44 0
-43 38 2 0
12 35 13 0
19 -9 -26 0
20 -44 30 0
5 28 -40 0
-23 -30 17 0
-26 -10 -49 0
-25 4 8 0
50 -46 9 0
36 -49 -32 0
-5 11 -30 0
-6 -16 -16 0
2 -50 27 0
-48 -5 -35 0
-16 -22 39 0
13 -44 32 0
23 7 -3 0
-21 -16 -48 0
-33 -31 -1 0
-8 46 38 0
-49 -17 23 0
-37 27 -38 0
15 46 6 0
12 -12 -10 0
9 22 -37 0
27 -26 17 0
-38 -5 43 0
24 14 -2 0
32 40 -6 0
3 27 43 0
26 1 -13 0
-21 -44 29 0
38 25 35 0
-26 -29 -39 0
-33 49 43 0
-10 -38 9 0
22 14 -15 0
10 4 -32 0
41 -11 48 0
19 -25 47 0
31 37 -11 0
-3 -49 -16 0
-34 26 -49 0
50 21 42 0
3 10 50 0
38 9 -16 0
-36 42 -9 0
-13 14 -39 0
16 41 25 0
-40 -30 -22 0
5 -8 26 0
34 -25 -40 0
-41 3 -39 0
18 -1 24 0
27 7 -19 0
29 -40 49 0
-45 -15 -47 0
-2 3 22 0
-44 -17 18 0
-10 -26 -22 0
49 45 32 0
-32 27 -16 0
-31 -11 -19 0
28 7 -17 0
-34 3 -41 0
15 39 20 0
-26 36 3 0
35 8 -50 0
25 22 -49 0
-48 14 -49 0
11 -3 -13 0
37 2 50 0
43 -42 -5 0
-22 26 16 0
-21 21 -44 0
-38 20 36 0
27 24 1 0
21 19 -29 0
-22 -3 -31 0
49 -9 48 0
48 -2 28 0
33 -5 16 0
9 31 4 0
50 31 -1 0
16 47 39 0
32 -37 20 0
42 47 -42 0
-29 30 10 0
26 6 46 0
47 11 -36 0
34 23 17 0
25 26 -11 0
21 43 50 0
-45 15 -19 0
10 -29 -5 0
-29 -17 -11 0
-15 -13 -5 0
49 40 -45 0
23 9 34 0
38 17 -25 0
-41 -34 -34 0
-25 -3 45 0
-18 -49 -47 0
-15 -41 -39 0
12 -47 -34 0
22 28 -44 0
14 -24 -17 0
-12 -9 -22 0
-45 -48 -43 0
-3 23 -46 0
22 30 -11 0
-22 -41 -1 0
20 -4 1 0
45 13 -5 0
-8 -28 -1 0
40 5 -40 0
13 40 -29 0
11 17 -14 0
40 -19 -23 0
40 3 -4 0
-6 -47 -33 0
20 46 2 0
50 -28 30 0
-4 -3 25 0
-43 -33 14 0
-37 -25 -14 0
43 3 37 0
20 -9 16 0
-41 -35 9 0
47 28 -16 0
11 10 -33 0
-10 -12 27 0
12 36 -25 0
-38 -11 -21 0
-40 -33 48 0
35 23 25 0
32 11 28 0
-9 -9 -36 0
