c CNF generator v0.9
p cnf 50 245
3 30 -37 0
-28 -38 -35 0
6 -39 -14 0
49 25 -26 0
43 9 -42 0
-11 -48 -24 0
27 -16 -19 0
35 -13 -30 0
24 48 -23 0
-25 -40 21 0
-39 -48 6 0
-4 -45 19 0
-23 40 35 0
28 38 13 0
-21 41 33 0
22 18 -21 0
-24 -43 -26 0
11 -23 -28 0
-50 4 29 0
50 10 -26 0
-29 4 39 0
-29 3 -40 0
-39 -4 17 0
5 -44 -45 0
2 -14 -15 0
4 -3 44 0
30 18 14 0
17 44 50 0
46 26 33 0
-29 31 -4 0
-28 38 -14 0
41 -9 -4 0
-3 -5 6 0
-43 20 -36 0
-17 -35 28 0
30 2 45 0
-16 -33 -46 0
20 26 26 0
27 -48 -46 0
25 18 -1 0
-10 -6 -21 0
30 11 -40 0
42 3 -4 0
-44 -12 -38 0
-27 5 33 0
-33 41 29 0
-36 45 -42 0
44 29 -21 0
28 22 29 0
-49 -22 -18 0
38 -15 -46 0
23 -31 36 0
-20 50 -18 0
21 17 -3 0
-43 -3 11 0
-37 -16 -47 0
-47 8 -47 0
14 -3 25 0
-43 28 32 0
-45 30 -3 0
-21 15 -1 0
-11 -37 45 0
40 -47 -9 0
23 17 14 0
-49 18 30 0
-22 -23 30 0
30 1 -18 0
15 -44 48 0
-13 -42 34 0
11 32 -21 0
39 33 30 0
-9 -9 23 0
9 14 -15 0
14 42 -46 0
19 -2 12 0
-6 -15 -38 0
-8 28 -46 0
37 -11 -18 0
1 29 25 0
-48 33 6 0
18 -15 -38 0
27 5 -5 0
9 38 5 0
-42 -16 -6 0
32 -1 -38 0
-33 -25 33 0
40 33 30 0
3 -20 44 0
-2 8 -44 0
-45 24 -31 0
-48 43 37 0
47 -21 -27 0
4 -10 43 0
-26 29 33 0
-19 41 41 0
-38 43 -17 0
-45 31 1 0
-49 12 -15 0
-24 -33 -5 0
-23 12 32 0
-48 -9 35 0
32 23 23 0
-3 -50 27 0
-43 35 25 0
-11 -2 1 0
29 -17 -17 0
-26 -10 48 0
-38 -11 -38 0
-33 -15 8 0
32 -16 47 0
-5 13 -19 0
50 32 -4 0
48 26 -28 0
-3 20 -10 0
-1 41 19 0
-33 36 18 0
15 -34 43 0
19 -36 47 0
12 -11 41 0
23 8 45 0
7 6 33 0
-1 32 -2 0
-49 -23 -19 0
18 22 -40 0
7 18 17 0
-17 48 -32 0
-4 14 6 0
-6 -7 -24 0
-40 -10 -32 0
-12 -35 15 0
-28 -15 -11 0
26 40 36 0
-9 30 -19 0
-13 48 -13 0
9 -22 -11 0
-34 6 49 0
12 -44 14 0
1 31 19 0
-2 -1 -50 0
17 -24 41 0
50 23 21 0
16 18 -20 0
-24 47 14 0
14 -20 -37 0
-37 49 -45 0
-24 47 -36 0
30 29 15 0
43 39 -40 0
-27 31 6 0
-13 -50 31 0
-27 -3 -3 0
47 48 38 0
-2 14 -32 0
-22 -39 22 0
2 47 -16 0
36 17 -22 0
42 25 49 0
-49 -50 -19 0
-11 -11 -7 0
4 -30 16 0
-17 -32 49 0
7 -15 -30 0
32 48 -34 0
16 8 43 0
34 -39 -34 0
-47 -48 -7 0
31 1 -40 0
20 -42 7 0
-7 36 -33 0
-32 -13 26 0
8 -24 -35 0
34 46 -44 0
30 43 3 0
8 34 -11 0
-14 -22 26 0
-47 -46 -3 0
-3 34 -5 0
-44 48 34 0
-37 36 50 0
13 -46 42 0
28 16 -18 0
-35 -14 -5 0
26 1 -8 0
38 -16 6 0
18 47 10 0
-26 -15 38 0
-16 47 35 0
11 32 50 0
12 45 10 0
42 -35 -40 0
20 29 -39 0
29 48 32 0
-32 -47 -12 0
-19 21 -6 0
-19 2 16 0
24 -37 -32 0
23 26 -32 0
-6 19 43 0
-36 -48 -49 0
-5 -45 4 0
34 33 48 0
37 -33 28 0
38 19 37 0
-4 21 -40 0
-20 8 7 0
-36 -42 40 0
-25 -23 -27 0
-21 42 -24 0
18 -48 15 0
-50 -41 26 0
-44 36 5 0
45 -1 36 0
38 23 -22 0
-8 -46 17 0
-37 -25 -11 0
-4 2 41 0
45 -13 -8 0
18 -11 -26 0
-10 -29 -46 0
-34 25 -26 0
33 -20 22 0
-13 -7 -23 0
8 43 -35 0
9 45 28 0
-31 -48 -32 0
40 41 10 0
-46 -33 -49 0
-47 -7 -3 0
33 -33 29 0
20 -44 15 0
-48 -42 -28 0
7 43 -14 0
41 3 33 0
10 32 28 0
33 31 -6 0
-15 -11 39 0
-3 -5 45 0
-46 -30 33 0
6 25 -9 0
46 6 -9 0
-29 13 49 0
-9 35 -34 0
-35 10 -32 0
50 -32 -29 0
-50 1 -32 0
