c CNF generator v0.9
p cnf 50 245
-39 31 43 0
-17 12 10 0
20 -5 -38 0
-27 34 -2 0
-42 30 14 0
21 13 -45 0
-47 47 18 0
-25 20 10 0
-22 30 -13 0
-26 5 -47 0
32 30 30 0
-5 -34 -44 0
-22 -29 -34 0
-16 -20 -41 0
-12 15 -34 0
6 -49 -18 0
39 -25 23 0
-36 -33 32 0
-21 -10 41 0
-26 -3 -9 0
-26 25 23 0
-31 -37 43 0
11 4 32 0
50 3 -49 0
26 -44 -4 0
35 38 3 0
-3 -14 35 0
-44 -40 -32 0
24 9 -1 0
-10 -42 -45 0
45 24 -23 0
7 31 20 0
-19 -20 47 0
22 3 13 0
49 41 -46 0
40 35 2 0
50 -7 6 0
45 -42 -42 0
21 36 38 0
38 -28 -16 0
27 -27 -34 0
24 4 23 0
-12 -21 12 0
47 48 18 0
-33 9 24 0
42 30 10 0
-31 -43 -8 0
-32 -1 -35 0
44 -3 -21 0
-16 -38 46 0
-3 -21 22 0
-44 -16 -1 0
37 10 21 0
-48 -36 34 0
26 -8 -40 0
-25 -7 -12 0
30 -21 -12 0
26 44 -49 0
-28 49 -29 0
-20 -31 14 0
-19 -43 20 0
2 49 -20 0
-41 39 -40 0
-23 -26 6 0
-10 14 -44 0
10 -23 24 0
-6 -25 -28 0
-12 -25 -19 0
-31 46 45 0
-3 50 23 0
44 -49 1 0
36 -17 -36 0
-31 -20 -46 0
-30 -48 -44 0
-49 -15 22 0
-27 5 9 0
16 35 21 0
-43 -3 -33 0
-3 6 3 0
-49 28 39 0
15 30 -8 0
-5 15 47 0
4 -31 -48 0
40 27 50 0
-29 49 20 0
37 22 -28 0
-39 44 -27 0
10 28 1 0
-31 -45 -34 0
-33 -40 -46 0
-23 10 28 0
46 45 -14 0
19 -47 40 0
7 10 -20 0
-4 -7 31 0
-44 34 -18 0
-22 -41 -50 0
46 -18 20 0
12 45 30 0
33 34 -39 0
-6 27 17 0
-31 -49 35 0
-31 50 16 0
-49 39 -6 0
2 -12 15 0
-36 27 20 0
-25 45 4 0
-42 -30 -6 0
18 -9 25 0
3 -43 41 0
45 -34 -7 0
45 20 -42 0
-7 -49 49 0
4 -34 -14 0
21 50 12 0
24 11 -18 0
20 6 -13 0
-10 -7 33 0
40 -28 19 0
-4 -3 -42 0
42 6 40 0
8 6 -26 0
-8 24 38 0
24 35 44 0
35 -26 -42 0
-25 -12 1 0
-10 10 -31 0
50 -46 -47 0
-1 -8 -5 0
25 -35 -35 0
39 7 -45 0
15 38 24 0
9 6 26 0
-46 30 33 0
20 24 -5 0
-17 20 -16 0
16 -45 -38 0
42 -25 -44 0
-12 -17 2 0
50 45 -5 0
-48 38 -27 0
23 50 -17 0
-30 -4 -5 0
-14 14 50 0
-28 -6 29 0
10 42 -21 0
42 -7 -26 0
39 43 5 0
-9 33 -18 0
18 -25 -19 0
-16 31 12 0
-45 17 41 0
-22 3 29 0
8 16 34 0
32 29 47 0
-13 16 16 0
29 24 -8 0
-2 -21 17 0
-13 -31 -7 0
-17 -26 2 0
18 -29 9 0
-39 18 -2 0
-27 -20 43 0
47 21 34 0
27 18 -2 0
-40 -23 50 0
33 -9 -36 0
-38 -20 48 0
-15 24 27 0
17 22 -32 0
-3 -49 39 0
-2 14 -21 0
-10 -48 21 0
-4 -39 -4 0
31 20 7 0
-14 -28 -42 0
36 -5 -38 0
-13 21 -34 0
-9 -19 50 0
-23 -23 -11 0
-23 26 -31 0
-23 -20 29 0
-5 17 -50 0
-43 -5 -20 0
46 31 5 0
-37 5 -14 0
-47 45 26 0
19 39 3 0
14 -32 29 0
-33 -49 -7 0
2 28 1 0
18 40 -14 0
21 -46 12 0
-25 -41 31 0
24 -33 16 0
-10 50 -39 0
-3 -47 -19 0
24 18 20 0
30 15 -38 0
-12 -18 48 0
-46 46 8 0
-3 28 50 0
-36 -11 11 0
19 -46 16 0
-13 -1 31 0
-18 6 42 0
-42 -48 45 0
11 -22 44 0
49 -12 -10 0
-24 13 39 0
25 7 -23 0
-26 48 -27 0
27 14 7 0
31 50 1 0
-29 18 38 0
-5 -9 3 0
6 2 39 0
-37 -47 42 0
9 38 -5 0
40 37 37 0
11 -31 35 0
-10 -42 7 0
17 -34 17 0
35 32 -15 0
50 28 -19 0
9 -30 -9 0
-30 47 -13 0
45 -15 16 0
-9 -5 -20 0
-13 -46 -2 0
29 33 27 0
-20 32 -35 0
-31 -49 28 0
-8 6 21 0
-11 29 -30 0
-14 45 -31 0
37 37 31 0
13 -19 -40 0
50 11 -15 0
-4 17 -12 0
-9 26 -45 0
-36 13 -2 0
35 33 32 0
-46 -13 1 0
-1 -28 44 0
