c CNF generator v0.9
p cnf 50 245
36 -36 22 0
-41 -29 -25 0
39 -3 6 0
-26 34 -15 0
50 12 -39 0
5 9 -17 0
-40 41 38 0
-46 -21 50 0
-10 -14 24 0
-32 -48 -49 0
-14 -40 12 0
50 35 15 0
47 -33 26 0
-7 2 34 0
14 4 31 0
27 25 -13 0
-36 -33 -37 0
-46 44 -48 0
-24 -6 -43 0
2 -36 31 0
-7 -37 5 0
-26 -34 48 0
-6 -7 12 0
4 23 -36 0
-4 14 26 0
35 -14 -33 0
8 -49 -11 0
-28 -20 41 0
-11 47 -38 0
4 48 -5 0
-32 17 23 0
-3 46 -27 0
-13 7 35 0
-17 -42 -23 0
-13 44 -8 0
28 -42 40 0
10 -39 -50 0
-27 34 22 0
30 5 -34 0
47 -9 9 0
-28 37 -30 0
41 -31 -4 0
-42 -49 -31 0
47 -4 3 0
-22 -30 -45 0
14 21 14 0
14 10 33 0
49 39 -32 0
-43 6 -49 0
47 -43 -40 0
-45 -7 39 0
34 21 -39 0
18 -36 -22 0
-29 1 -18 0
-36 -42 26 0
43 -48 -47 0
-43 33 25 0
49 -39 46 0
-19 -6 -34 0
16 37 50 0
-46 -38 23 0
-46 -49 -8 0
1 29 40 0
11 26 31 0
37 -14 -21 0
-34 14 39 0
-38 44 -22 0
-27 34 -7 0
45 -19 -23 0
-37 29 -38 0
-38 -14 9 0
-17 1 29 0
-41 16 -46 0
45 -37 -47 0
-48 49 -2 0
45 7 -45 0
17 -14 38 0
-27 -15 48 0
40 -41 -14 0
20 41 21 0
-32 -35 -44 0
-20 -25 -12 0
-5 24 -26 0
-36 13 15 0
-22 36 8 0
15 36 -17 0
-33 31 13 0
-28 26 -35 0
-16 -46 13 0
25 36 -31 0
-19 -38 18 0
41 -34 43 0
-20 45 -23 0
-47 40 26 0
40 30 25 0
-6 4 -33 0
31 31 -9 0
12 40 41 0
-27 26 -43 0
15 30 -1 0
30 -35 47 0
25 -15 -16 0
-46 43 -44 0
-46 -9 40 0
25 11 33 0
30 -2 2 0
-18 14 1 0
-39 29 14 0
40 41 27 0
-5 36 8 0
25 -47 -17 0
6 4 28 0
17 -2 -12 0
13 -4 50 0
-4 25 -33 0
9 -22 -9 0
2 -40 -45 0
30 -16 -23 0
-3 28 -5 0
-48 1 -32 0
-27 -7 -9 0
9 -35 -8 0
48 -13 -37 0
11 -40 -42 0
-29 47 -14 0
-9 -15 -18 0
-37 24 5 0
-4 -11 28 0
45 -24 -18 0
12 -36 -21 0
-48 49 11 0
18 38 4 0
-43 20 41 0
31 11 8 0
-29 -27 -31 0
-7 -3 -16 0
36 2 -39 0
-23 -20 27 0
-48 10 20 0
-32 -40 -38 0
-29 27 45 0
-42 32 14 0
11 -6 14 0
44 24 -50 0
3 -19 31 0
13 -40 48 0
-10 16 -22 0
-46 -12 -32 0
-40 -11 19 0
-13 -17 -9 0
37 -21 -42 0
33 50 3 0
-42 -48 -15 0
45 5 -10 0
-9 -8 45 0
46 -30 -48 0
40 -34 49 0
28 25 30 0
-26 6 14 0
34 22 -24 0
-25 1 -19 0
-21 -20 7 0
-37 23 6 0
-36 -43 -5 0
-26 -16 34 0
15 -29 36 0
-39 31 34 0
34 -12 34 0
32 6 -2 0
-42 -30 -48 0
-47 34 -6 0
-23 40 -20 0
-27 18 30 0
12 -34 30 0
19 49 -39 0
-2 -23 -27 0
2 33 -46 0
37 -7 -26 0
43 -44 -5 0
-44 -2 -4 0
-12 6 50 0
-23 -1 9 0
43 40 -47 0
16 1 30 0
-12 -28 35 0
-49 12 -13 0
-18 30 41 0
25 -41 10 0
-7 42 -10 0
43 26 34 0
-16 8 -28 0
-36 -33 43 0
1 -19 8 0
-38 -2 -18 0
40 -31 -12 0
-31 -11 35 0
19 3 -22 0
-33 -23 10 0
40 -49 38 0
-45 -12 -28 0
43 -11 -28 0
-30 -14 48 0
47 -20 -37 0
8 12 -12 0
18 2 -16 0
18 -50 26 0
-47 38 38 0
22 47 -23 0
30 -24 -31 0
-29 15 -45 0
15 -33 -9 0
29 -26 -9 0
3 -30 44 0
26 -23 -11 0
-49 -12 -20 0
-23 -29 -7 0
13 7 -8 0
-30 -22 -40 0
-33 -45 37 0
-32 23 9 0
-30 -10 -3 0
-43 -40 4 0
-49 34 25 0
-26 -10 -1 0
17 50 -26 0
-25 14 -32 0
5 10 43 0
42 -10 -33 0
-13 -22 -23 0
-31 44 -28 0
18 32 -43 0
42 19 -35 0
34 -31 19 0
19 -12 -13 0
-34 38 49 0
25 48 -9 0
-28 14 3 0
-28 48 -28 0
27 -33 5 0
-4 -6 42 0
39 -4 40 0
-14 -10 -31 0
45 19 -8 0
38 -6 16 0
25 49 -18 0
