c CNF generator v0.9
p cnf 50 245
31 -24 -4 0
27 1 34 0
-41 9 -16 0
-44 31 37 0
-44 -3 -7 0
47 45 2 0
9 -2 19 0
23 -47 29 0
38 -45 -26 0
13 -44 30 0
18 48 33 0
28 19 23 0
50 35 47 0
15 20 33 0
40 -29 25 0
-9 -49 -25 0
-45 14 -21 0
29 -33 -17 0
42 32 19 0
-8 -30 10 0
9 -13 14 0
11 -17 -5 0
29 42 38 0
-49 -34 -7 0
-23 9 49 0
-35 -2 29 0
33 -30 39 0
43 48 -47 0
24 -11 -38 0
-37 -30 28 0
5 -43 37 0
21 -15 -11 0
1 19 -5 0
32 45 -39 0
27 -29 -29 0
-38 -9 -11 0
8 45 5 0
-28 13 -8 0
8 -4 49 0
-35 -15 -50 0
-42 19 -12 0
-14 -50 5 0
1 -3 8 0
-48 18 49 0
-3 13 -49 0
25 -13 28 0
12 -5 39 0
-41 42 5 0
4 -6 3 0
-48 27 3 0
41 19 6 0
-27 -15 -1 0
41 13 45 0
-33 31 39 0
-2 -20 -16 0
-35 -37 -39 0
33 22 14 0
12 -5 37 0
-28 42 -43 0
-37 -25 16 0
45 31 36 0
-21 -42 -25 0
-6 -37 -26 0
45 -32 -29 0
27 8 -23 0
-5 22 -37 0
27 -22 -4 0
-8 -5 -4 0
14 -39 25 0
-3 -6 -48 0
-7 -42 -49 0
-9 6 -49 0
-35 -25 -28 0
-31 35 -4 0
3 -35 32 0
15 27 50 0
28 20 -30 0
-7 -35 2 0
-14 17 -2 0
-45 -24 44 0
26 -25 -42 0
16 22 -49 0
-36 22 14 0
-21 -35 16 0
-49 12 -46 0
27 22 44 0
32 7 -8 0
32 -44 39 0
9 -22 -41 0
-46 34 -36 0
41 16 20 0
21 13 -9 0
38 34 -1 0
42 -17 -25 0
-39 8 2 0
43 -14 -27 0
-43 -7 -46 0
19 -2 -43 0
19 -38 -20 0
-47 46 -11 0
8 46 45 0
43 -18 -18 0
48 -23 28 0
35 -38 40 0
37 -20 46 0
-8 -4 -21 0
47 38 13 0
-31 40 18 0
47 -7 -26 0
-39 -12 -17 0
-14 28 40 0
21 33 -19 0
20 -25 8 0
-34 50 35 0
-29 -38 27 0
24 34 8 0
-19 20 -7 0
35 18 -6 0
-36 32 -49 0
2 -49 -26 0
-47 -18 -48 0
49 -34 -34 0
-20 -44 -5 0
-29 -27 12 0
36 32 43 0
42 -7 33 0
46 -8 47 0
-37 -29 29 0
39 -44 -12 0
-4 -38 23 0
46 -16 19 0
-8 -24 10 0
-46 1 -46 0
2 9 5 0
-22 -49 36 0
25 45 -21 0
-5 -50 -4 0
43 47 -20 0
25 -32 -20 0
-42 3 -30 0
-16 48 2 0
-7 38 -25 0
-10 40 -33 0
26 -45 -26 0
-6 -47 13 0
40 36 -42 0
23 -11 -34 0
43 40 -33 0
-33 -19 -23 0
35 33 24 0
-43 -50 34 0
-50 -8 -35 0
-37 38 -34 0
39 31 1 0
-27 42 -14 0
-5 -2 -49 0
33 -16 -16 0
44 -50 -16 0
13 30 -21 0
31 -35 -8 0
-9 30 -36 0
10 18 -39 0
10 50 -16 0
-29 43 -17 0
43 15 -18 0
-20 -6 -39 0
13 -13 25 0
-21 -5 -13 0
19 37 19 0
-45 -10 -28 0
25 12 24 0
28 24 36 0
-24 -6 50 0
-2 25 27 0
40 33 27 0
28 -11 35 0
-30 25 14 0
24 10 29 0
35 17 -44 0
26 50 18 0
40 36 -50 0
-3 24 26 0
33 -10 33 0
-34 34 -36 0
41 46 3 0
17 -23 14 0
-42 -39 2 0
-44 14 -19 0
49 24 -19 0
24 -3 -20 0
12 27 9 0
-23 4 33 0
-19 19 -10 0
25 32 -20 0
9 -48 -20 0
15 26 43 0
5 10 -13 0
-12 49 -10 0
-15 35 44 0
-38 -37 -23 0
6 27 -11 0
22 -49 -19 0
-35 26 35 0
-23 -5 34 0
-39 -5 8 0
-20 -2 37 0
-42 9 41 0
-20 -40 -46 0
-29 29 45 0
-13 31 26 0
-20 15 -5 0
15 50 -15 0
-29 -19 -14 0
4 39 34 0
26 -30 1 0
27 39 43 0
-33 29 -39 0
-45 18 -2 0
-7 25 2 0
11 -19 36 0
20 30 -14 0
46 26 1 0
45 -40 39 0
21 -29 -42 0
19 7 50 0
23 -3 -30 0
16 21 6 0
21 -23 18 0
-20 -48 27 0
38 -16 -46 0
-3 20 -23 0
-48 -4 17 0
6 -7 -36 0
-18 -31 -25 0
16 -2 -19 0
26 41 -40 0
31 -26 -22 0
-34 -43 19 0
-46 -6 -39 0
-38 32 -25 0
-5 41 -2 0
9 -17 -2 0
32 -1 1 0
-27 30 35 0
25 34 49 0
