c CNF generator v0.9
p cnf 50 245
41 -49 -46 0
44 2 -5 0
-31 -47 -4 0
5 -9 -41 0
24 -19 -18 0
-28 31 -5 0
-23 24 -4 0
-48 48 33 0
14 -32 25 0
-47 -18 29 0
31 -34 -44 0
-46 -20 20 0
32 11 -41 0
11 44 40 0
-29 36 29 0
-41 -31 39 0
8 14 -17 0
-28 -13 49 0
13 45 7 0
48 9 28 0
-41 46 -11 0
-38 26 -32 0
38 -24 7 0
-24 -12 23 0
-44 -15 13 0
-31 40 33 0
39 -35 -34 0
46 32 44 0
33 17 32 0
-7 1 -26 0
-19 -31 -7 0
18 -32 -17 0
5 35 42 0
12 41 -8 0
-20 -16 32 0
36 -43 -21 0
-1 35 -44 0
-1 -4 16 0
-48 -26 -3 0
50 28 36 0
-3 20 33 0
-42 48 -9 0
25 21 -49 0
46 44 36 0
-21 13 30 0
20 27 -5 0
28 6 23 0
7 -14 4 0
-19 21 3 0
-38 14 -8 0
3 -16 -47 0
30 -40 -17 0
-20 -10 -9 0
-38 -26 -29 0
-9 -48 -11 0
-44 -22 -33 0
6 -3 -41 0
11 -45 6 0
-41 11 -36 0
41 -38 7 0
15 18 -7 0
-39 8 37 0
-45 -19 -24 0
30 16 4 0
43 -20 -3 0
-7 43 -29 0
6 -34 -27 0
-26 -19 -27 0
29 48 -24 0
-25 31 -1 0
45 -41 23 0
-18 8 18 0
45 -3 18 0
-14 44 41 0
28 47 -26 0
-5 -48 45 0
-50 6 -8 0
35 -32 -38 0
24 4 -37 0
13 -43 -20 0
13 -10 -36 0
2 2 39 0
-42 -1 -42 0
20 20 26 0
-6 15 -13 0
-20 -33 8 0
50 -20 -20 0
-27 24 16 0
-48 -30 -20 0
-36 -3 36 0
32 39 -9 0
-38 -18 9 0
-33 15 14 0
-4 -28 39 0
-26 10 -27 0
-5 35 27 0
5 -30 -34 0
-1 13 17 0
21 3 -49 0
-2 7 8 0
-40 33 -20 0
-22 -13 -37 0
36 31 27 0
-3 10 -7 0
-4 40 27 0
-32 -3 -33 0
-28 32 -5 0
19 -24 28 0
-43 46 21 0
-28 -45 44 0
-23 -14 -35 0
10 -27 22 0
36 41 -27 0
-21 18 -12 0
-42 4 9 0
-37 -25 -18 0
42 -7 -29 0
-8 1 39 0
-28 -49 -15 0
18 25 31 0
21 46 9 0
40 26 -29 0
37 3 -43 0
-10 -24 -24 0
7 -39 -23 0
30 45 -34 0
12 -4 -10 0
36 12 9 0
18 47 -38 0
-40 27 -20 0
-21 -45 37 0
-50 -23 -34 0
-29 34 -10 0
-41 -14 9 0
50 37 -25 0
40 25 -33 0
20 36 -42 0
-21 -6 18 0
-9 11 11 0
6 24 -14 0
43 36 -41 0
-24 -8 39 0
45 -33 -39 0
40 -40 -42 0
13 -22 49 0
-4 47 31 0
2 29 -28 0
-41 35 11 0
-20 38 -23 0
-7 -26 -36 0
-29 -29 14 0
-16 -31 4 0
-19 -7 -6 0
-1 18 -36 0
-36 -14 23 0
7 -40 -38 0
-36 32 20 0
45 39 -29 0
21 36 -38 0
17 10 -4 0
-3 37 -29 0
13 -26 18 0
41 -4 -33 0
36 -15 36 0
48 49 2 0
16 -42 -38 0
-34 2 34 0
-1 -40 -1 0
37 -23 17 0
-24 34 44 0
30 -22 22 0
21 -49 40 0
-43 -4 -20 0
8 -30 33 0
-31 -21 -24 0
25 -50 -2 0
38 -37 -7 0
41 30 44 0
-24 31 49 0
3 -3 5 0
32 5 -47 0
50 -23 19 0
-5 50 39 0
5 -32 2 0
-40 20 -43 0
14 -30 -11 0
4 -46 -26 0
31 -48 1 0
-19 34 -14 0
-33 -1 41 0
-19 -24 33 0
-28 -2 13 0
27 40 45 0
-34 -10 39 0
19 -24 11 0
-21 -28 31 0
22 17 -30 0
-14 40 -20 0
5 37 -1 0
37 46 27 0
13 -1 20 0
-5 -9 -45 0
-45 11 24 0
-29 -9 -26 0
-28 -6 49 0
-25 11 12 0
-10 50 16 0
-25 27 5 0
-44 2 -6 0
44 -17 -7 0
48 12 46 0
-35 -42 -46 0
40 6 36 0
22 36 21 0
-3 -35 -38 0
33 3 41 0
25 -31 -32 0
-23 -6 22 0
24 -5 -28 0
20 29 -2 0
18 -45 47 0
-10 18 13 0
33 44 -39 0
-24 -37 48 0
15 -32 -30 0
-37 -20 32 0
43 40 -29 0
-9 1 -50 0
-19 26 43 0
10 -34 8 0
-1 28 29 0
11 35 -9 0
-21 50 -1 0
29 26 -9 0
6 -49 39 0
-11 -40 -45 0
32 35 31 0
11 -17 -4 0
-24 -30 5 0
-7 31 -39 0
41 18 45 0
47 41 -9 0
-40 8 -9 0
-49 18 -11 0
-7 -41 -50 0
