c CNF generator v0.9
p cnf 50 245
-4 -23 -50 0
-32 21 -37 0
12 32 -35 0
24 -20 38 0
26 36 -43 0
-34 27 -7 0
25 16 38 0
-1 -12 -19 0
2 -22 -37 0
21 8 40 0
-15 -42 9 0
3 26 14 0
-17 48 28 0
-22 -41 36 0
-3 -32 -40 0
-18 -1 26 0
-29 25 48 0
-1 -11 41 0
-48 21 36 0
48 -6 37 0
-1 43 19 0
-31 1 37 0
14 48 -12 0
-40 35 30 0
-6 -40 24 0
19 41 3 0
-33 6 -23 0
7 -32 48 0
38 -45 6 0
-10 8 14 0
9 -27 40 0
-27 -3 1 0
16 -29 2 0
50 29 -34 0
-17 38 -42 0
30 -40 -2 0
11 -36 -29 0
36 28 49 0
-27 34 -4 0
-17 -5 -47 0
24 31 -38 0
3 -50 4 0
-34 28 -15 0
-32 30 -37 0
14 -16 -48 0
49 27 2 0
49 7 -13 0
-25 -13 8 0
-46 -39 -22 0
-32 3 29 0
29 -23 27 0
-23 -43 49 0
11 -12 8 0
-20 48 24 0
-23 48 41 0
10 -46 16 0
6 25 28 0
-44 -35 36 0
39 22 47 0
-4 -41 -45 0
41 41 -19 0
35 40 -11 0
-28 13 26 0
-15 -46 -33 0
-15 -4 45 0
32 -45 16 0
10 2 25 0
47 35 -14 0
39 -15 -45 0
-2 -21 10 0
-2 -41 -19 0
5 -42 7 0
25 32 -14 0
38 -2 -30 0
18 -4 19 0
-7 -11 41 0
-42 -6 44 0
29 -47 2 0
-36 -27 -21 0
11 -20 39 0
-46 25 -40 0
11 19 -6 0
47 -47 47 0
-35 -15 34 0
-36 -9 -9 0
4 -25 20 0
-19 -50 -34 0
-35 36 -16 0
-31 -49 25 0
9 37 8 0
44 -41 7 0
6 -37 39 0
-15 38 -19 0
37 -49 -39 0
-19 33 -31 0
-31 12 -37 0
13 -23 34 0
-16 -15 19 0
1 -2 8 0
-39 26 34 0
46 44 -23 0
-6 -38 -25 0
-17 23 31 0
-33 -16 -17 0
47 10 45 0
37 14 11 0
-28 21 -3 0
-28 -49 25 0
47 18 27 0
5 32 -36 0
-38 -2 -40 0
10 -1 -41 0
31 -38 14 0
-18 -19 50 0
-25 43 -40 0
23 47 46 0
-7 21 20 0
-15 -23 47 0
35 34 -34 0
-29 -46 -30 0
45 10 13 0
-6 35 28 0
-29 -4 -33 0
41 -26 48 0
-4 31 43 0
16 -21 27 0
39 31 -30 0
-25 -6 17 0
30 -2 30 0
34 -33 -8 0
-16 44 47 0
29 -29 -18 0
-21 -50 41 0
-11 -37 50 0
16 -13 -30 0
-24 8 42 0
3 30 -36 0
34 4 21 0
-34 21 39 0
-27 -24 -17 0
-46 -31 4 0
-14 30 34 0
-34 4 15 0
48 -11 -42 0
-16 43 38 0
24 35 1 0
-43 -45 -15 0
41 -49 -26 0
-15 47 30 0
44 -12 47 0
-15 19 -9 0
-46 -44 -3 0
28 50 5 0
-21 -45 -36 0
-40 29 19 0
-13 20 -36 0
-20 12 27 0
8 15 -31 0
-44 21 -3 0
-13 -23 50 0
-33 -48 -15 0
-11 -15 4 0
-8 -33 28 0
-35 8 -1 0
35 -42 48 0
-37 -45 31 0
-9 17 39 0
29 -1 47 0
-38 39 24 0
19 -2 -14 0
-12 -4 -5 0
50 -38 -17 0
8 29 -23 0
13 -39 21 0
-35 38 -4 0
-1 -37 -18 0
8 30 -24 0
50 -12 -25 0
16 46 41 0
-22 -10 -36 0
-40 -46 3 0
31 4 -28 0
27 -27 -4 0
47 23 22 0
-36 35 47 0
-40 26 2 0
-45 -34 37 0
38 43 -18 0
27 -43 -24 0
-41 36 -28 0
-34 -22 20 0
49 -18 30 0
8 -30 -18 0
40 3 -9 0
44 -4 -3 0
-15 22 -43 0
5 -8 48 0
22 17 40 0
-10 45 -28 0
-42 -42 31 0
4 -28 13 0
28 38 -36 0
46 -15 -17 0
14 -47 6 0
-26 -44 -48 0
42 -35 -9 0
-28 32 19 0
25 -37 42 0
-9 -34 -7 0
-1 50 10 0
-21 -44 48 0
3 -16 -34 0
34 21 29 0
6 9 42 0
-31 43 -9 0
34 -47 -19 0
32 -11 5 0
31 8 48 0
36 -32 25 0
-17 -45 -16 0
-25 16 -27 0
-20 -35 5 0
48 48 45 0
16 -41 -43 0
35 42 2 0
1 -20 -13 0
-41 -18 -15 0
38 1 -10 0
-50 -13 11 0
-8 16 21 0
47 -12 -41 0
-49 49 -2 0
-28 -29 4 0
14 -23 -41 0
-50 48 -12 0
-27 -16 8 0
16 -21 29 0
4 30 -42 0
34 -40 -20 0
-1 17 13 0
-23 20 16 0
-40 31 -9 0
-2 42 5 0
-38 28 29 0
22 -40 -16 0
