c CNF generator v0.9
p cnf 50 245
-1 -6 41 0
-39 -17 11 0
-42 17 -4 0
-21 49 -30 0
8 -49 -15 0
-14 -44 5 0
-5 35 10 0
1 -13 16 0
40 28 9 0
-16 -45 -12 0
-36 -14 34 0
14 -12 35 0
-39 21 40 0
-16 28 -39 0
-19 -18 -9 0
-42 35 30 0
-7 19 -15 0
31 -48 28 0
12 44 -4 0
-20 10 -37 0
43 -6 -3 0
6 41 -43 0
-32 -45 8 0
40 -49 22 0
26 35 -44 0
24 47 -28 0
-33 -26 32 0
-21 3 37 0
15 -29 32 0
-18 44 10 0
46 -11 -4 0
5 -42 9 0
-33 -7 -1 0
-24 -30 36 0
47 -36 13 0
11 -44 22 0
23 12 27 0
-15 -24 -16 0
47 20 -43 0
-2 29 -6 0
29 37 37 0
-45 -2 -31 0
35 12 -4 0
-36 -1 -29 0
-36 -21 32 0
-22 29 -39 0
-19 -43 16 0
-10 -9 -41 0
-19 -14 15 0
5 11 41 0
7 4 13 0
22 33 -41 0
-20 -48 12 0
46 -8 17 0
44 24 -12 0
8 32 34 0
-8 2 24 0
23 -28 -10 0
-23 5 27 0
41 15 -20 0
29 42 -10 0
1 -20 -39 0
35 -17 -6 0
20 -48 16 0
-4 50 35 0
30 -30 19 0
28 36 35 0
9 -45 -3 0
-45 -31 -18 0
-47 19 -47 0
-22 -4 -25 0
-20 -25 30 0
47 -23 -43 0
-46 -38 27 0
-5 -34 -8 0
-31 -29 34 0
-28 8 -26 0
8 36 32 0
8 -3 3 0
-50 6 -42 0
47 -40 -30 0
31 -35 -44 0
-28 -3 20 0
-7 -7 4 0
-50 8 11 0
27 10 -29 0
12 31 -38 0
-48 12 45 0
-21 28 21 0
-6 35 -49 0
35 9 -11 0
26 9 -50 0
-30 14 -41 0
37 -39 11 0
31 -41 -27 0
-43 -32 -48 0
-10 -36 -4 0
6 -37 -32 0
-4 25 44 0
48 -14 1 0
-4 3 26 0
-31 -3 10 0
38 21 30 0
41 37 -17 0
40 -11 -19 0
45 -3 -24 0
-14 7 48 0
-24 4 -47 0
-31 -34 23 0
-40 -23 -48 0
5 -41 18 0
-11 -12 42 0
50 15 -27 0
-46 -45 -42 0
-14 -39 -28 0
38 -48 -4 0
32 -20 40 0
13 25 23 0
-14 1 12 0
25 -25 -40 0
-19 17 9 0
8 -5 7 0
14 26 18 0
8 -38 -19 0
-26 33 -44 0
-15 9 -32 0
28 -21 -11 0
-11 40 -25 0
-5 -1 14 0
13 -47 -24 0
46 43 -36 0
10 -37 8 0
-46 -13 -47 0
-17 -5 45 0
-27 -30 -27 0
16 17 22 0
-1 17 21 0
-18 -22 -31 0
29 10 2 0
13 -16 -13 0
-4 33 7 0
50 26 -6 0
24 1 17 0
31 20 -29 0
-7 17 -28 0
2 32 -36 0
-5 -38 33 0
-22 6 -29 0
43 32 -43 0
31 25 7 0
-5 -22 39 0
7 -31 -23 0
14 7 14 0
-19 4 17 0
-21 36 26 0
-28 -35 7 0
37 -3 35 0
-21 -41 -41 0
33 13 -50 0
50 39 -40 0
-22 5 17 0
-17 32 -25 0
40 -30 -22 0
33 44 34 0
23 -48 -39 0
21 31 -13 0
11 37 6 0
-9 -31 16 0
39 17 14 0
-32 -3 -44 0
24 14 13 0
-30 16 15 0
45 -24 26 0
-6 22 -44 0
-22 35 2 0
18 21 -31 0
32 32 33 0
38 29 36 0
-19 -11 -31 0
45 45 -42 0
41 -28 -19 0
38 -4 -6 0
-40 6 41 0
-1 -31 -13 0
-46 -44 27 0
28 36 37 0
26 -1 12 0
-24 35 -15 0
-5 5 -30 0
-19 27 12 0
33 39 -24 0
-48 -14 22 0
43 -19 1 0
17 16 -30 0
-48 -33 -44 0
-3 9 45 0
33 49 10 0
-41 23 -26 0
-24 -34 -12 0
38 30 -7 0
9 -26 -28 0
31 -8 43 0
-7 -45 9 0
35 -10 -27 0
-48 -19 18 0
-46 -33 -18 0
-28 -9 -3 0
-4 40 30 0
-12 47 7 0
49 32 -49 0
19 -48 32 0
3 -38 -5 0
17 -23 38 0
-12 -48 -42 0
49 39 40 0
16 -15 46 0
25 -13 10 0
18 -25 -5 0
-14 18 24 0
11 -21 -39 0
44 -23 -9 0
38 -15 47 0
-31 -19 -41 0
-26 -3 7 0
36 -41 -23 0
-26 49 40 0
-3 12 -4 0
-32 31 -46 0
7 -47 1 0
-13 4 12 0
37 3 -2 0
36 -12 -15 0
-13 22 27 0
-7 31 18 0
-4 -38 32 0
-8 8 45 0
-20 -12 -17 0
24 29 -8 0
-30 39 -35 0
-49 -39 -2 0
-40 28 17 0
23 -32 14 0
-49 -47 -40 0
9 -21 -40 0
22 -21 -50 0
