c CNF generator v0.9
p cnf 50 245
-11 17 -4 0
-27 40 14 0
-33 -4 3 0
41 -50 -40 0
-31 -27 -48 0
1 -15 -34 0
-33 -16 41 0
31 -38 -4 0
44 -30 -3 0
-38 26 15 0
-30 28 41 0
44 21 -27 0
19 39 11 0
-35 -36 -13 0
3 25 10 0
-8 9 16 0
-40 -39 16 0
-17 -26 -4 0
39 47 4 0
-36 -44 22 0
-39 -1 -24 0
-11 -47 50 0
40 -48 -22 0
-37 50 30 0
-13 -20 39 0
14 -32 -9 0
-23 -11 42 0
43 -20 39 0
-42 -43 34 0
-48 48 -29 0
-29 -5 40 0
-33 26 -38 0
-5 -27 33 0
-12 -27 19 0
18 25 -7 0
15 7 -21 0
-39 32 32 0
-26 -49 37 0
-35 39 -46 0
30 -40 19 0
32 39 -48 0
-38 -30 -14 0
-4 11 -9 0
-10 -28 -6 0
9 -27 -15 0
-2 13 13 0
-3 -46 -45 0
14 -44 -31 0
17 -33 -34 0
35 -38 31 0
19 -21 -21 0
8 22 47 0
12 -41 10 0
34 5 39 0
2 32 26 0
23 -50 22 0
-27 6 29 0
45 37 18 0
11 43 28 0
45 -19 41 0
50 -10 13 0
2 34 -9 0
6 -20 -28 0
-43 7 -28 0
-41 5 -5 0
14 -25 -14 0
-40 -23 5 0
14 -17 12 0
-13 35 28 0
40 -44 22 0
6 43 -7 0
5 4 5 0
6 43 -26 0
-46 -21 -50 0
-39 7 18 0
26 -39 17 0
-2 40 -10 0
-31 27 -14 0
15 29 15 0
-43 47 -16 0
-26 10 11 0
20 48 -19 0
-12 -31 -50 0
50 21 -21 0
4 45 -36 0
35 32 28 0
-6 27 28 0
-18 32 28 0
18 12 24 0
-33 42 -33 0
50 -14 -3 0
-47 46 32 0
48 23 -42 0
17 -4 -10 0
40 9 -5 0
10 -50 -19 0
-43 -33 -9 0
8 36 -1 0
-33 -42 -45 0
18 18 -28 0
7 -46 30 0
49 -32 -11 0
30 25 24 0
18 -50 27 0
-15 37 8 0
-30 3 7 0
-45 -37 -40 0
-29 18 -42 0
27 -46 5 0
-38 -16 -19 0
10 -32 26 0
-16 45 31 0
41 -38 25 0
-46 -31 14 0
14 -5 5 0
-12 6 2 0
-47 37 -46 0
13 -31 29 0
9 17 21 0
-1 -10 30 0
-43 37 -34 0
24 -41 42 0
-25 -50 -1 0
39 5 13 0
-43 -22 -35 0
43 35 36 0
-12 -34 20 0
12 17 -15 0
42 5 -2 0
48 -45 -2 0
-1 -5 23 0
-38 -46 -44 0
-2 7 44 0
-24 -6 44 0
-20 -10 -25 0
4 -21 3 0
-41 5 3 0
-12 -27 -30 0
30 11 35 0
-33 19 -25 0
14 29 42 0
1 20 -50 0
34 32 -46 0
10 10 -24 0
-13 7 -9 0
-41 -26 38 0
-18 18 -33 0
-29 -18 -12 0
48 -22 -14 0
32 -14 -7 0
-49 26 31 0
-28 -29 15 0
24 3 36 0
4 18 -26 0
-7 -33 -48 0
-11 -6 34 0
-47 -45 -18 0
34 1 -29 0
35 48 -40 0
6 -3 14 0
-36 48 -34 0
30 -9 42 0
19 4 -17 0
-22 -21 -3 0
20 -9 16 0
41 -31 -48 0
7 -27 2 0
-29 -23 -31 0
31 41 -19 0
35 12 -2 0
9 -31 33 0
38 -6 -5 0
-31 15 -17 0
-3 -42 -45 0
43 -9 2 0
20 -21 -50 0
42 -8 -37 0
-7 -46 -36 0
-11 -4 48 0
31 17 39 0
10 22 46 0
-8 -2 25 0
50 1 49 0
-43 -9 22 0
-49 36 48 0
18 43 -11 0
-16 25 -27 0
27 42 5 0
-27 6 39 0
-48 -4 -21 0
24 24 13 0
48 24 -37 0
-45 -14 18 0
-10 -39 45 0
42 -30 -42 0
25 -40 -16 0
-15 -29 -34 0
-30 45 -3 0
-40 -10 -44 0
11 -38 14 0
35 39 -13 0
-33 50 -4 0
10 12 47 0
48 -12 34 0
44 -2 -5 0
-28 1 -9 0
-21 -43 -40 0
24 17 9 0
40 -21 21 0
-6 -3 -38 0
-17 -25 -42 0
14 30 50 0
-10 13 -28 0
13 -31 41 0
23 16 24 0
-2 20 -7 0
-50 -6 40 0
-42 22 26 0
41 -36 16 0
-41 49 -2 0
-18 -1 8 0
4 9 46 0
-34 7 36 0
29 8 26 0
8 -13 42 0
-44 25 45 0
-5 -42 4 0
34 -38 35 0
46 -23 43 0
-36 37 47 0
-10 34 -33 0
-42 -42 -13 0
20 -37 -26 0
30 -18 34 0
15 -4 -17 0
4 -31 49 0
39 -15 44 0
-36 -17 36 0
-38 17 10 0
29 -29 45 0
-26 18 5 0
37 -4 24 0
-2 -9 -39 0
30 16 13 0
-9 -39 5 0
