c CNF generator v0.9
p cnf 50 245
-37 3 -40 0
-15 -7 34 0
24 -1 1 0
45 7 22 0
-14 44 27 0
46 8 -23 0
-17 -42 19 0
-20 30 -26 0
-7 39 1 0
19 -24 44 0
7 17 -40 0
5 32 44 0
33 1 50 0
-2 -27 3 0
1 34 -28 0
48 -37 8 0
-4 -49 32 0
-24 8 -14 0
12 -1 -20 0
-30 47 38 0
-48 25 40 0
-7 -32 5 0
15 19 50 0
23 -32 -30 0
-12 42 -7 0
47 -2 -30 0
39 15 -15 0
38 4 1 0
16 16 50 0
-49 -31 -35 0
-43 43 19 0
2 31 -15 0
-28 43 -44 0
33 5 -12 0
20 28 2 0
-33 35 27 0
28 22 -37 0
45 50 -12 0
-41 18 -44 0
13 37 18 0
19 -41 -1 0
50 36 9 0
-33 17 46 0
21 -45 -40 0
-18 -41 -18 0
-26 31 22 0
43 -50 -21 0
-50 7 -4 0
-25 -31 -8 0
-21 -30 -4 0
-25 -37 -28 0
-48 41 -50 0
-20 6 -29 0
47 -40 40 0
-2 46 -35 0
50 25 39 0
19 -49 -21 0
2 42 36 0
-4 -24 14 0
46 11 10 0
-14 49 13 0
-12 12 26 0
7 -17 -8 0
-16 -9 -38 0
-12 42 19 0
-1 -4 -15 0
-19 11 -34 0
-9 -23 22 0
16 43 30 0
-15 -50 -23 0
-31 34 -13 0
-50 -6 45 0
16 44 -19 0
-11 -8 -29 0
-46 -32 -29 0
-19 -38 -23 0
12 -42 -28 0
-36 15 -48 0
-11 -27 -31 0
-30 37 38 0
15 34 -28 0
17 -9 -29 0
-20 45 -34 0
16 21 -10 0
18 19 39 0
-11 5 -21 0
-22 -15 -19 0
-39 46 -35 0
-48 -46 -22 0
-30 -14 31 0
-12 -24 19 0
8 -4 -41 0
10 3 -25 0
-11 24 48 0
-12 34 -8 0
22 -16 -25 0
-46 -7 -49 0
-8 -25 -1 0
-23 38 37 0
-37 36 45 0
-22 36 -44 0
-30 6 -36 0
35 34 -6 0
19 -26 -35 0
38 -4 5 0
44 6 -34 0
-14 -46 13 0
13 -31 5 0
-45 -2 -8 0
-49 -29 25 0
-17 -27 -35 0
44 -9 -38 0
-14 -6 47 0
32 1 -8 0
13 -5 14 0
40 -35 10 0
-12 -10 -50 0
-31 30 31 0
13 4 33 0
-7 -5 -43 0
24 20 10 0
48 -26 19 0
-45 -19 -2 0
-32 39 -45 0
2 43 38 0
-23 27 31 0
10 -24 13 0
-28 19 38 0
-23 -7 -27 0
-14 -35 -36 0
-2 -10 -31 0
-37 1 23 0
-28 15 -50 0
-17 -42 2 0
-19 42 17 0
28 -34 -44 0
8 37 25 0
41 -11 -26 0
-50 -23 18 0
-45 25 45 0
-43 -50 -2 0
34 -37 -44 0
40 -42 -22 0
-10 -11 -45 0
10 -49 9 0
42 31 -20 0
-9 -23 24 0
-16 45 23 0
-18 -41 -21 0
-29 -41 -24 0
39 -13 19 0
48 19 1 0
-47 1 -27 0
-41 41 -13 0
-13 -33 -13 0
-20 9 -20 0
-20 -43 50 0
17 -15 43 0
44 50 11 0
-7 49 2 0
42 -32 -9 0
1 33 -19 0
-41 5 -27 0
-29 -15 -2 0
-27 -6 36 0
3 1 15 0
26 -32 1 0
48 34 -9 0
6 10 -15 0
42 -6 -32 0
-25 18 24 0
1 -2 -27 0
-50 -19 45 0
40 -19 -14 0
-14 39 5 0
39 48 -37 0
16 36 4 0
41 -31 35 0
16 39 11 0
23 -33 -45 0
25 -22 -25 0
13 39 30 0
-18 -49 43 0
-42 38 -23 0
13 12 -22 0
41 -26 -47 0
-22 -37 -39 0
-44 39 12 0
17 -50 -6 0
4 26 22 0
33 24 -50 0
21 26 35 0
47 -31 47 0
44 -15 28 0
6 4 -29 0
-25 49 18 0
6 -10 12 0
-16 47 45 0
-30 -21 50 0
-27 34 -17 0
-10 -7 -8 0
-29 -32 24 0
40 -7 -33 0
30 -34 -39 0
-32 -15 14 0
-33 -16 36 0
33 -26 48 0
-10 -38 -24 0
4 -17 -14 0
21 48 10 0
-8 -18 -41 0
-21 -10 14 0
-41 -27 -9 0
45 -41 -48 0
-15 -24 -17 0
-7 35 -31 0
14 43 35 0
-37 -11 -3 0
36 19 31 0
-13 -3 -29 0
46 -22 50 0
16 39 16 0
-22 22 -17 0
28 -5 -5 0
-17 -12 16 0
-48 -14 11 0
-29 34 -27 0
-36 19 40 0
-43 -3 23 0
21 -27 27 0
35 -13 -23 0
11 -29 -38 0
-37 -8 -24 0
31 1 -2 0
-3 -22 -13 0
24 -5 20 0
6 -23 -3 0
-40 -4 -6 0
-42 33 44 0
36 15 11 0
-8 13 36 0
7 19 43 0
-17 -26 24 0
-12 -7 -19 0
-44 11 18 0
