c CNF generator v0.9
p cnf 50 245
8 -30 39 0
-45 23 40 0
-19 9 14 0
23 9 -32 0
-10 44 -40 0
18 -43 -8 0
9 -30 30 0
5 -35 11 0
-24 44 -46 0
-50 20 -35 0
25 -37 -33 0
-24 -11 21 0
-18 -50 -30 0
-28 -33 25 0
28 46 19 0
-21 26 49 0
-9 -38 14 0
4 -50 -40 0
-48 -14 -36 0
-14 18 -35 0
50 41 -26 0
-18 29 -47 0
-4 28 -11 0
-27 -19 33 0
31 -21 -26 0
31 -1 -44 0
3 -5 42 0
-44 44 -42 0
8 -39 31 0
37 33 20 0
-10 19 -20 0
2 13 -11 0
-34 -15 -37 0
-20 43 44 0
-30 -1 -35 0
-9 40 19 0
-36 -31 -16 0
-30 40 50 0
25 28 14 0
-18 46 27 0
-50 20 22 0
13 -9 50 0
6 -46 35 0
-18 -30 -7 0
-48 -19 -13 0
32 43 19 0
-2 5 1 0
7 -37 -17 0
-46 -25 36 0
-14 15 -41 0
-9 19 -35 0
-36 -10 33 0
-39 37 32 0
-49 33 11 0
-33 -25 20 0
-14 50 -44 0
-17 25 38 0
31 32 -36 0
3 -2 7 0
23 -15 -47 0
-27 -32 -40 0
-32 26 14 0
-28 32 28 0
20 -7 -27 0
-7 -22 -24 0
36 -7 31 0
33 11 -29 0
10 -12 25 0
-41 -4 50 0
-11 -8 16 0
50 -25 -30 0
-35 48 16 0
-19 37 -40 0
-7 -18 -7 0
38 30 4 0
31 -21 23 0
-9 -15 -39 0
10 25 29 0
40 18 37 0
29 20 -6 0
10 9 -16 0
2 -17 9 0
41 -10 35 0
-9 34 6 0
4 -14 30 0
-11 38 -43 0
8 14 33 0
5 -2 -49 0
-10 10 -22 0
-4 -10 15 0
23 23 -5 0
34 27 -8 0
-18 42 39 0
25 46 50 0
17 -16 -37 0
28 -6 50 0
-50 -42 12 0
-7 -25 -13 0
36 -44 -14 0
41 -23 23 0
-4 -37 -17 0
-39 -39 7 0
14 41 -31 0
-38 -21 14 0
-32 -1 43 0
38 21 -1 0
45 48 -26 0
-50 17 -7 0
7 -7 28 0
-10 -23 -45 0
-33 9 -10 0
-17 3 -24 0
-22 -32 40 0
-8 -8 -10 0
41 42 24 0
-40 40 -37 0
44 39 -29 0
28 -39 47 0
-5 38 -16 0
12 -22 -15 0
-14 -38 -30 0
48 -5 43 0
-17 8 -45 0
-45 -4 -39 0
-20 18 17 0
28 37 15 0
13 17 -7 0
6 50 45 0
-35 -2 7 0
-4 -30 16 0
6 -3 -3 0
36 47 36 0
-39 -18 -9 0
34 15 -41 0
-38 6 17 0
-10 -23 30 0
-39 -39 -38 0
-36 -24 5 0
28 -25 -14 0
23 49 -15 0
33 49 14 0
20 16 -38 0
-24 30 -41 0
-44 -13 -10 0
-28 32 32 0
8 -13 32 0
39 30 8 0
-39 5 -46 0
25 -44 4 0
-36 30 18 0
47 38 -3 0
13 -33 4 0
1 -44 1 0
19 -26 -7 0
40 -38 -50 0
-10 4 -21 0
-24 30 26 0
29 -28 -37 0
-20 -49 -32 0
1 -39 6 0
-39 12 -29 0
-35 12 -33 0
29 -49 -38 0
-34 -39 -48 0
28 29 -28 0
-34 -2 -28 0
2 9 -36 0
47 8 13 0
-18 -16 -37 0
1 -42 9 0
-5 35 -46 0
-32 -34 46 0
-43 19 40 0
-14 -18 -2 0
34 35 -42 0
34 -11 48 0
22 40 1 0
-38 -4 -1 0
9 22 7 0
-25 -31 43 0
-19 -49 30 0
11 -13 6 0
28 -4 4 0
33 23 6 0
21 -50 23 0
43 -21 -20 0
-2 -35 -26 0
2 -27 -22 0
-48 50 18 0
-40 33 -30 0
-42 -39 11 0
-13 17 -15 0
-28 -22 29 0
37 21 -34 0
-10 22 29 0
-11 -27 -35 0
42 -2 -21 0
19 -36 34 0
30 12 -43 0
-49 -1 -47 0
48 -30 -44 0
25 -7 10 0
-48 -9 -49 0
44 31 9 0
-41 18 -47 0
-10 -31 -13 0
7 21 -37 0
-13 10 36 0
-28 6 -33 0
6 -17 -38 0
-36 -20 -37 0
46 8 -22 0
-39 25 37 0
-11 43 3 0
20 50 32 0
-31 18 25 0
-7 -24 11 0
-38 29 -10 0
43 12 -33 0
21 -26 -32 0
-28 -25 3 0
15 -2 7 0
-28 -12 -11 0
-24 10 18 0
-2 42 17 0
24 20 41 0
-3 -21 -5 0
-48 39 27 0
-39 15 -4 0
-50 43 23 0
1 17 -36 0
-2 -46 -4 0
9 -5 -34 0
25 23 -11 0
-37 40 -14 0
17 -18 23 0
-19 -32 38 0
-37 3 38 0
-17 -18 -40 0
35 32 -12 0
10 8 12 0
45 11 -49 0
-38 -20 -36 0
20 -32 -43 0
-27 -46 23 0
