c CNF generator v0.9
p cnf 50 245
-21 -18 -20 0
-29 -17 -15 0
-4 -3 -10 0
2 46 48 0
-19 8 -4 0
-38 1 41 0
40 24 47 0
41 -33 34 0
39 -21 41 0
17 -41 -49 0
-30 30 2 0
30 50 -34 0
-26 34 -31 0
4 -2 42 0
27 -42 32 0
-28 16 48 0
-43 29 -20 0
30 -8 28 0
7 -11 24 0
19 22 12 0
3 11 -42 0
-5 -6 9 0
38 -32 -13 0
-13 14 8 0
9 15 36 0
46 22 -6 0
-3 38 13 0
5 6 34 0
-12 -11 -50 0
-47 49 25 0
23 -21 29 0
24 -4 27 0
38 -3 -41 0
25 2 -24 0
50 -26 33 0
-31 -13 17 0
23 39 37 0
14 -6 38 0
-2 -29 -35 0
-43 -13 36 0
-3 -8 -26 0
40 -26 -18 0
46 26 -28 0
4 40 36 0
-23 -15 -35 0
-29 16 -28 0
-1 43 -6 0
-29 18 14 0
-30 23 37 0
27 -7 -36 0
-46 -50 3 0
-7 -26 -23 0
40 -26 -20 0
-21 8 -7 0
41 -30 -7 0
-45 27 -49 0
25 -47 -22 0
-34 45 10 0
9 38 34 0
-50 48 -6 0
-21 -48 41 0
-41 29 -22 0
-22 14 -17 0
-13 33 -44 0
-39 9 4 0
30 -9 -36 0
46 6 -24 0
-20 22 -16 0
-18 18 22 0
-2 44 16 0
-31 -5 -45 0
45 -26 23 0
17 13 -14 0
23 27 50 0
1 12 -17 0
6 -4 17 0
23 42 36 0
19 43 33 0
-39 -24 -42 0
43 -43 24 0
-25 10 -3 0
10 -7 -19 0
-35 37 13 0
50 24 31 0
-45 -29 16 0
9 -30 -6 0
41 19 -23 0
16 28 10 0
-33 28 9 0
-47 15 -24 0
-44 -13 -48 0
-7 27 -23 0
-37 -25 -31 0
19 2 45 0
21 -42 -1 0
-10 -26 -39 0
-30 -43 33 0
41 -7 -8 0
-20 47 -39 0
-41 13 -3 0
-9 25 -23 0
31 8 -16 0
46 14 -27 0
-21 38 39 0
-35 30 5 0
-14 35 1 0
28 -44 25 0
-40 -3 18 0
-22 -14 -30 0
18 3 -40 0
-15 8 50 0
8 -45 50 0
-28 -15 30 0
23 -40 -31 0
50 37 18 0
10 -16 -40 0
20 44 14 0
-12 -17 32 0
21 -26 25 0
37 42 -43 0
-47 28 23 0
-29 34 34 0
-10 49 -10 0
13 45 32 0
-48 -8 38 0
-50 -33 13 0
-48 -43 45 0
13 -42 32 0
-23 43 -48 0
12 -26 -19 0
32 -35 45 0
4 8 -32 0
-20 -1 18 0
-38 3 -11 0
15 -4 31 0
-24 28 -6 0
-47 -21 -22 0
45 20 -23 0
-18 -24 -42 0
-9 -41 -35 0
43 25 3 0
32 -4 -1 0
-36 43 36 0
33 14 35 0
26 47 -22 0
-10 -16 -19 0
-42 39 50 0
3 -26 34 0
23 -4 30 0
-28 35 -15 0
11 2 3 0
-48 -16 -26 0
-47 -21 21 0
-40 -42 44 0
22 -6 15 0
-18 44 -3 0
-13 -41 41 0
4 -48 3 0
-22 -42 22 0
42 -5 45 0
40 43 22 0
-48 26 23 0
9 36 -13 0
37 -27 31 0
5 36 -12 0
-30 -27 15 0
22 33 34 0
-38 42 -15 0
17 -11 4 0
-8 -20 -18 0
25 1 18 0
-39 12 -9 0
-4 50 13 0
44 -23 8 0
34 21 47 0
-50 22 3 0
-11 -11 -34 0
-25 44 -29 0
-49 40 -33 0
33 32 27 0
46 26 -11 0
30 27 -29 0
15 -46 10 0
37 -35 2 0
-9 14 -39 0
16 -40 40 0
46 37 24 0
-21 -26 23 0
10 46 -26 0
-5 43 -15 0
-11 26 8 0
48 -47 -48 0
20 22 -15 0
20 -2 -50 0
-41 48 -50 0
-36 -26 -10 0
-26 -48 -23 0
32 -37 19 0
-15 6 28 0
-5 -15 -26 0
13 -6 7 0
-48 -22 34 0
-9 -13 -21 0
-42 47 -27 0
-3 -29 -33 0
26 -22 23 0
-49 -22 -39 0
-44 5 2 0
36 -24 7 0
48 -45 15 0
35 29 -47 0
3 1 5 0
45 -7 -3 0
30 14 9 0
-9 -50 36 0
-11 48 -37 0
-10 -43 -37 0
4 8 -37 0
24 -26 32 0
33 -2 -6 0
-6 12 -21 0
-9 -40 29 0
-13 34 -19 0
11 19 25 0
39 -42 -47 0
34 -24 22 0
-4 31 -42 0
24 34 -6 0
-39 -39 -31 0
-40 50 39 0
4 -9 -15 0
14 -43 -29 0
-16 22 -8 0
-13 -30 -4 0
-6 -36 46 0
22 -49 36 0
-49 -26 37 0
-26 20 -33 0
-40 -2 6 0
42 -38 -23 0
8 44 49 0
-22 43 12 0
29 -44 33 0
-21 -33 -11 0
-34 -28 32 0
