c CNF generator v0.9
p cnf 50 245
36 -34 -14 0
17 46 16 0
38 34 -5 0
-9 4 28 0
-35 -44 13 0
-46 40 -33 0
-5 -21 -39 0
34 -19 17 0
43 30 34 0
5 7 31 0
50 -49 -42 0
-2 49 -16 0
-44 -39 -30 0
34 9 2 0
22 -11 -17 0
23 -9 -6 0
43 43 40 0
-2 -4 -28 0
25 -13 26 0
49 8 -12 0
5 -49 -13 0
-32 36 -33 0
-40 -41 -42 0
-28 -37 35 0
48 19 -45 0
-50 -24 27 0
-34 3 -30 0
-24 5 -1 0
-34 -26 17 0
-24 -17 45 0
-2 -25 10 0
42 -36 -40 0
42 -1 -6 0
-48 -45 22 0
11 -47 -30 0
5 31 37 0
45 -9 -12 0
47 10 -33 0
-46 38 11 0
-43 9 -43 0
18 5 31 0
32 -5 -19 0
-29 36 -33 0
13 46 39 0
-24 39 30 0
28 39 -46 0
-2 -22 -48 0
27 -7 33 0
-27 36 -2 0
25 22 -11 0
-4 -42 15 0
-8 -30 -35 0
-8 -16 -32 0
-32 -7 25 0
19 -38 -39 0
35 -49 -41 0
5 -42 16 0
-11 5 -17 0
37 29 -40 0
-5 31 -8 0
39 48 -16 0
-3 -10 -48 0
-36 12 15 0
-41 -10 20 0
-20 47 -20 0
21 -33 20 0
46 -26 -6 0
-43 49 30 0
30 -13 35 0
-41 -16 -34 0
-45 38 -16 0
-30 -17 40 0
24 35 32 0
28 -47 34 0
21 -48 -40 0
3 19 -25 0
-32 48 13 0
48 -7 -3 0
6 48 -4 0
41 -13 5 0
42 -19 22 0
35 37 43 0
-32 -43 3 0
42 50 -25 0
12 36 -7 0
24 14 28 0
-34 35 -9 0
-18 23 -21 0
41 -39 -11 0
-14 -20 10 0
-11 -36 -38 0
45 -4 -7 0
-8 20 11 0
35 43 35 0
-33 13 26 0
13 -32 -9 0
34 -4 -36 0
30 10 24 0
-36 -1 -25 0
3 48 9 0
-24 -40 38 0
-50 43 36 0
41 -21 -16 0
27 -48 28 0
-23 36 -26 0
23 -1 -19 0
30 -5 -32 0
-33 -39 -4 0
44 40 6 0
28 9 -23 0
41 11 -12 0
-23 42 -29 0
-7 -26 -12 0
-45 43 28 0
-35 -26 1 0
37 5 -31 0
-1 33 42 0
20 24 36 0
43 12 40 0
46 47 -38 0
30 46 46 0
-13 23 22 0
-29 24 49 0
-32 38 1 0
-17 -32 -50 0
-40 -27 -41 0
35 35 39 0
-37 24 -35 0
38 9 46 0
-36 -7 29 0
-30 42 -18 0
-8 -22 15 0
17 11 49 0
36 21 -44 0
-42 37 30 0
-41 36 12 0
17 30 -45 0
1 -13 5 0
-8 -34 -17 0
-2 4 -6 0
5 45 15 0
2 -42 5 0
47 28 50 0
-4 -4 9 0
-3 -30 30 0
-45 27 33 0
-11 26 29 0
6 50 19 0
35 -35 5 0
-3 25 43 0
24 -31 46 0
38 -18 -42 0
-28 23 -4 0
24 18 15 0
-1 -31 -27 0
-50 17 -11 0
50 -19 -33 0
-34 22 -23 0
-38 22 38 0
13 -13 -42 0
-43 -40 -1 0
43 42 27 0
32 -42 39 0
-50 31 26 0
-14 12 -32 0
-34 -7 -32 0
-44 -12 -43 0
48 -27 4 0
6 49 -36 0
-14 -26 -35 0
-12 -24 -21 0
39 -28 -18 0
17 -6 8 0
34 18 -25 0
32 39 38 0
44 -7 -41 0
36 -13 27 0
-35 -29 -8 0
-21 -23 -17 0
-31 -21 23 0
9 -30 -46 0
35 -20 45 0
-23 -34 31 0
-49 6 -17 0
-28 24 49 0
-44 42 35 0
-6 -43 36 0
-39 -47 49 0
-34 45 -5 0
-15 8 -25 0
-44 -44 -33 0
-17 36 25 0
-45 -1 -49 0
19 -33 38 0
-2 -17 45 0
37 -50 -21 0
-5 33 -49 0
6 37 -38 0
29 6 -44 0
-35 -43 16 0
-35 48 36 0
-17 -31 45 0
-46 -2 33 0
42 18 -34 0
43 45 -4 0
42 -3 21 0
20 -18 1 0
19 1 -30 0
-47 33 49 0
39 5 29 0
3 23 -32 0
-14 -45 8 0
31 -36 14 0
14 36 -48 0
44 -47 39 0
31 47 -19 0
-18 16 29 0
41 -8 37 0
-31 -30 11 0
46 -41 -24 0
-43 14 -46 0
42 -15 -26 0
18 -1 35 0
43 -42 -28 0
27 -22 -18 0
-41 -10 -4 0
30 -2 10 0
-10 5 -2 0
50 29 45 0
20 -45 -43 0
-30 -12 -11 0
16 -26 -13 0
32 35 18 0
2 5 -12 0
12 22 -7 0
-8 32 6 0
-18 46 -31 0
5 -49 35 0
14 -29 -25 0
-45 -8 -20 0
-39 -2 -16 0
21 -11 41 0
-9 32 -4 0
-2 29 10 0
-7 -32 -41 0
