c CNF generator v0.9
p cnf 50 245
44 22 9 0
-9 40 -20 0
9 -48 -39 0
22 24 -2 0
11 33 -33 0
-48 20 42 0
34 49 18 0
-15 -48 36 0
-47 38 -22 0
19 5 -6 0
9 -13 -24 0
-3 2 -39 0
-35 -20 19 0
16 -21 -17 0
50 46 -45 0
-19 20 6 0
41 -24 31 0
31 -11 8 0
7 9 47 0
6 -25 7 0
-9 6 34 0
24 36 -44 0
3 11 34 0
16 -45 25 0
35 -40 45 0
36 35 30 0
-28 43 -5 0
15 -13 3 0
1 -3 43 0
32 -47 32 0
40 10 48 0
-23 6 48 0
49 12 50 0
-35 -45 -48 0
3 -42 46 0
-31 -13 4 0
-11 -44 -34 0
-1 46 -35 0
-28 11 -6 0
-22 -36 15 0
-29 -48 -48 0
38 11 19 0
-27 -10 4 0
-31 -39 -36 0
-48 12 24 0
-9 -14 -50 0
33 -47 10 0
-1 -6 -5 0
-44 -6 -4 0
-11 45 -11 0
-17 24 -17 0
20 -23 30 0
-44 -10 -33 0
15 23 -41 0
11 20 -43 0
16 32 32 0
-41 -43 -31 0
-21 24 40 0
38 -42 38 0
37 -35 -40 0
32 -45 -42 0
-41 39 -38 0
-21 11 47 0
32 -18 -45 0
11 31 -10 0
49 19 47 0
-13 12 -48 0
-32 7 14 0
-10 -46 -23 0
-14 28 -48 0
-6 50 -2 0
4 31 40 0
40 -43 -3 0
41 -7 -28 0
-25 -13 33 0
27 46 43 0
-16 7 -21 0
19 -25 -14 0
-50 2 20 0
16 5 3 0
24 -37 1 0
15 38 22 0
-18 32 -20 0
-41 -45 12 0
19 -20 -48 0
-32 39 -13 0
-27 -30 18 0
-2 -25 47 0
48 6 10 0
-45 -49 -21 0
-36 -27 15 0
-22 -48 -38 0
15 21 11 0
4 17 14 0
5 -25 46 0
-45 3 -34 0
30 -23 3 0
-23 4 5 0
-27 18 -6 0
-29 9 28 0
-22 2 46 0
-2 41 -35 0
-16 29 1 0
39 -21 -49 0
29 43 -41 0
4 7 29 0
-47 31 -47 0
-6 -15 -36 0
2 -23 49 0
-46 -26 -39 0
35 -23 20 0
-9 -36 19 0
-46 -39 25 0
40 30 49 0
41 -33 23 0
6 3 47 0
-21 -13 26 0
-2 11 -28 0
-13 47 -18 0
-30 -25 32 0
50 -21 -23 0
-10 1 -19 0
8 -12 -14 0
-46 15 -21 0
-28 -47 3 0
35 17 -19 0
-44 -25 22 0
-2 26 21 0
41 -23 -43 0
43 24 -6 0
-3 48 -13 0
47 27 -12 0
-37 1 -40 0
-39 12 -8 0
-41 -23 13 0
-5 -38 -49 0
27 -16 6 0
-2 -19 -49 0
-29 28 -17 0
11 24 34 0
-4 5 14 0
-2 2 48 0
-23 41 32 0
4 1 4 0
28 18 7 0
32 36 -32 0
5 2 -28 0
12 -35 -48 0
-37 -4 9 0
-36 32 -32 0
18 -2 -13 0
-14 8 -9 0
11 -50 -11 0
-7 -12 -10 0
-32 -15 12 0
15 44 50 0
13 -6 14 0
-22 10 -1 0
-35 9 5 0
-7 -5 15 0
13 39 -35 0
21 -7 -44 0
-41 -11 -31 0
17 -43 43 0
23 38 -1 0
47 -33 -20 0
19 50 50 0
-1 -43 -41 0
23 9 43 0
-25 -33 -10 0
33 31 8 0
42 -23 -39 0
-25 -13 36 0
-44 -19 9 0
44 34 -10 0
-16 -50 4 0
-27 6 25 0
-36 30 49 0
-41 31 17 0
-2 25 -29 0
50 3 47 0
-4 -34 2 0
-48 25 -37 0
19 -49 29 0
16 12 -16 0
-22 19 -25 0
29 -20 -8 0
-14 -32 18 0
24 -2 -2 0
26 -44 22 0
-21 -45 27 0
-12 24 -24 0
-38 -23 -7 0
11 10 41 0
50 43 -44 0
5 -44 6 0
-20 33 -19 0
-42 -22 4 0
-44 -48 -12 0
-45 8 1 0
32 -18 10 0
3 32 46 0
41 -32 -15 0
-40 -44 -37 0
29 39 13 0
-16 43 22 0
6 21 22 0
18 43 4 0
35 -35 -23 0
28 -8 2 0
-21 -6 -20 0
-8 40 27 0
26 15 -45 0
-4 -44 -32 0
-23 -4 -31 0
37 32 -11 0
7 3 25 0
-19 -19 30 0
-3 42 -17 0
44 25 -12 0
50 -27 -50 0
21 43 34 0
11 -10 6 0
-13 -3 -24 0
41 22 31 0
36 -5 33 0
-30 -37 30 0
-16 -48 -16 0
45 39 -27 0
-34 -5 -4 0
-50 37 7 0
-19 -29 -16 0
40 1 -29 0
-30 -5 3 0
-36 27 11 0
40 -18 29 0
-15 22 41 0
-20 22 44 0
-8 -4 32 0
-20 -34 -3 0
3 -37 -49 0
-7 -8 46 0
42 -34 -39 0
1 22 13 0
-22 -25 -10 0
