c CNF generator v0.9
p cnf 50 245
42 33 25 0
-14 -23 -25 0
20 45 -16 0
-32 24 -42 0
-15 10 -37 0
-33 -16 34 0
-28 -43 -26 0
21 30 13 0
-24 -6 44 0
-30 -36 -37 0
-28 -41 -28 0
7 3 -39 0
14 24 18 0
-17 -25 1 0
19 3 16 0
-12 22 19 0
21 29 43 0
39 -47 43 0
-44 -19 40 0
-49 -13 -50 0
-5 12 38 0
37 22 16 0
-38 -36 -8 0
43 16 39 0
-12 -37 -41 0
-9 -26 17 0
36 -29 31 0
-48 -45 -46 0
-25 9 3 0
33 -5 -7 0
-1 -12 -24 0
20 50 -18 0
-32 -14 41 0
-27 2 -8 0
44 -40 -20 0
34 29 7 0
-37 1 -39 0
-39 -12 -13 0
-28 19 47 0
37 -7 39 0
27 -30 -40 0
44 -20 47 0
-5 48 -44 0
23 -22 36 0
-39 -25 35 0
50 -3 -12 0
-48 17 -36 0
46 -46 -10 0
40 -22 5 0
1 48 5 0
22 34 -17 0
4 20 46 0
-43 1 -18 0
12 -17 -39 0
48 -49 -6 0
8 -50 -12 0
-19 3 -7 0
15 15 45 0
-13 30 36 0
-27 -50 46 0
-11 -19 -24 0
34 -44 -34 0
-15 -29 -37 0
13 -35 47 0
-43 3 39 0
-26 -2 5 0
48 25 -46 0
-2 -46 30 0
-44 -10 11 0
41 40 -43 0
19 -37 -46 0
-8 15 41 0
-15 -4 -30 0
-23 46 -5 0
-45 -26 18 0
36 -47 -50 0
14 -3 -45 0
-24 13 -25 0
30 48 36 0
47 47 43 0
-48 2 -13 0
33 12 26 0
6 22 -50 0
42 -43 48 0
18 27 13 0
-28 -42 -24 0
-19 -49 48 0
-25 -9 -8 0
32 28 11 0
1 -50 -46 0
36 -8 41 0
42 -35 -10 0
-13 15 -41 0
-40 -32 48 0
-34 40 38 0
-43 -13 47 0
-48 -41 -17 0
-33 38 14 0
46 3 3 0
3 -47 40 0
-38 -23 -18 0
-3 -1 -28 0
-12 -36 -14 0
38 14 23 0
-8 34 48 0
-41 -38 -42 0
-46 32 -32 0
48 -47 -35 0
1 -10 12 0
1 31 -13 0
-33 38 14 0
43 9 24 0
-28 24 35 0
-44 45 7 0
-22 -15 20 0
35 43 -8 0
-30 -50 -49 0
-18 16 -47 0
-47 17 -19 0
42 -25 44 0
3 12 -7 0
-3 -28 -28 0
23 -4 12 0
36 -7 -18 0
-46 -48 45 0
-12 -35 16 0
49 -29 -33 0
-19 -25 47 0
36 -6 3 0
49 24 -46 0
-16 -5 -25 0
-12 -49 47 0
-13 14 8 0
-19 35 2 0
-12 -46 -1 0
-11 -35 3 0
38 -4 -18 0
-50 17 7 0
33 -26 -42 0
29 -10 29 0
48 31 -47 0
37 -25 -18 0
10 -24 38 0
-30 3 -15 0
21 18 29 0
36 -8 47 0
-20 17 38 0
35 14 21 0
-24 -2 47 0
14 11 25 0
-6 -46 35 0
-9 -44 -30 0
15 32 -40 0
31 15 27 0
32 48 -5 0
9 -25 -43 0
-32 46 10 0
-48 46 2 0
2 -3 -28 0
19 -18 -12 0
19 -26 12 0
14 -22 -2 0
-2 34 -22 0
6 -37 17 0
46 40 45 0
32 12 15 0
-5 1 47 0
-44 -29 26 0
-4 25 42 0
22 29 46 0
11 -19 26 0
4 -44 21 0
21 -36 21 0
44 29 16 0
-7 -2 40 0
32 -38 48 0
-49 -42 -23 0
40 27 -33 0
4 10 -31 0
-22 18 16 0
-50 -32 -34 0
-11 29 -10 0
-23 -31 18 0
-29 -3 44 0
18 6 -40 0
-24 -39 38 0
-15 -26 16 0
-29 -4 31 0
4 43 -14 0
36 -33 -16 0
1 -20 33 0
43 6 7 0
18 50 -18 0
12 -46 -8 0
6 20 -45 0
-21 30 -24 0
17 30 37 0
-30 14 -22 0
40 26 39 0
-29 2 44 0
21 19 -3 0
-14 34 28 0
16 22 -5 0
-16 -26 9 0
-49 17 21 0
34 11 25 0
40 18 -22 0
-45 2 50 0
-37 11 -28 0
-43 -46 25 0
-8 -49 -45 0
-19 -18 -2 0
38 50 3 0
-22 -6 36 0
36 48 -27 0
18 40 48 0
-4 -30 -40 0
-14 -9 -12 0
27 33 -2 0
-32 38 -18 0
45 3 49 0
-29 39 -41 0
48 -32 19 0
34 -1 42 0
43 -20 46 0
-41 30 21 0
-23 -35 48 0
17 -2 -2 0
-42 -8 -48 0
-37 13 31 0
42 19 -13 0
14 30 -36 0
-37 50 19 0
46 -41 14 0
37 17 -9 0
42 41 -7 0
-33 -9 -30 0
25 -19 46 0
13 -3 -17 0
-21 33 -32 0
-24 -39 40 0
18 8 -12 0
45 50 29 0
4 36 -31 0
36 -8 10 0
