c CNF generator v0.9
p cnf 50 245
41 33 21 0
-2 -7 41 0
-21 37 -17 0
-22 33 17 0
40 29 -18 0
-48 -11 -17 0
21 -43 43 0
-3 13 -23 0
15 17 6 0
-49 21 -44 0
13 46 -11 0
-14 45 -31 0
21 -15 13 0
-46 6 -3 0
-24 -32 -43 0
-8 49 -22 0
-40 -26 23 0
-38 28 21 0
43 32 -37 0
-45 -29 -8 0
24 11 -21 0
49 -11 -34 0
8 3 29 0
-19 17 -5 0
-43 -49 -44 0
34 -43 20 0
3 1 33 0
-41 40 17 0
35 -4 33 0
43 50 7 0
-46 -19 13 0
-43 -9 -40 0
31 -23 -44 0
48 -44 -28 0
33 26 -50 0
-32 -43 -33 0
-49 -48 -37 0
25 -28 -38 0
-2 50 21 0
-5 -19 -42 0
-16 -29 -42 0
-27 22 -19 0
-29 -47 -11 0
-42 -46 50 0
-4 -4 -33 0
-48 -4 16 0
44 40 -1 0
21 -4 -7 0
10 2 -38 0
-31 -32 -24 0
-29 15 36 0
39 37 14 0
1 15 -3 0
-7 -10 -37 0
20 33 -13 0
15 25 -21 0
-26 -37 -31 0
-45 -9 -25 0
-26 -25 -30 0
31 -42 13 0
-20 33 -41 0
24 -36 32 0
22 42 14 0
42 -8 -20 0
27 -42 16 0
8 13 -25 0
-12 46 -27 0
34 -6 -14 0
-23 -2 -44 0
13 27 39 0
2 10 46 0
-17 -47 9 0
31 30 -22 0
-39 -21 -37 0
16 44 -27 0
8 12 11 0
44 -31 8 0
-23 -24 -11 0
43 -42 -15 0
-50 9 19 0
-25 -3 47 0
44 29 34 0
-34 -43 -35 0
15 9 36 0
46 23 -19 0
-15 6 -24 0
9 38 -1 0
37 -37 -34 0
19 -30 -33 0
-21 -8 -33 0
-11 33 35 0
33 -41 -33 0
-19 -24 35 0
16 -6 27 0
-2 15 40 0
26 29 15 0
-37 -28 -43 0
8 4 19 0
-26 11 33 0
-7 46 31 0
39 12 44 0
-6 -25 39 0
-13 -9 -24 0
45 28 -16 0
-26 15 -44 0
-18 28 -8 0
36 21 -42 0
-8 16 -8 0
47 -13 -18 0
-34 7 28 0
12 26 -15 0
29 -5 12 0
-39 41 -30 0
-35 50 -10 0
2 28 25 0
9 16 -39 0
35 19 -39 0
50 44 20 0
23 6 31 0
13 -5 -32 0
15 -24 14 0
42 50 10 0
-50 43 -50 0
-49 39 -43 0
16 47 -6 0
42 -34 -45 0
-9 38 21 0
-43 6 25 0
39 -35 49 0
6 40 -32 0
-3 5 -43 0
-2 -21 -16 0
45 -30 -47 0
-38 6 -50 0
24 27 15 0
-10 17 -38 0
-25 -13 11 0
12 19 24 0
-5 10 33 0
22 -42 28 0
-12 22 -12 0
3 29 -48 0
33 18 -50 0
37 17 11 0
-5 12 21 0
12 -45 -11 0
18 -11 10 0
-19 41 41 0
5 -3 -31 0
36 44 -15 0
25 -3 -15 0
18 -23 16 0
-5 43 24 0
-2 -19 45 0
-18 6 -14 0
-1 -50 -10 0
2 14 -5 0
-20 -37 -36 0
-22 -36 -14 0
-50 -8 -15 0
46 -32 37 0
-28 -13 22 0
-45 33 -17 0
-38 6 -47 0
-45 -30 49 0
-39 -10 10 0
7 27 41 0
-30 23 -11 0
21 -4 -30 0
-47 18 37 0
40 42 22 0
-8 -28 23 0
17 -30 46 0
4 4 -27 0
18 -44 50 0
-44 -21 -34 0
3 39 -15 0
37 -34 1 0
-9 -27 -16 0
-9 2 41 0
33 -49 46 0
37 -8 -43 0
-28 22 9 0
-38 46 -31 0
26 -18 47 0
-14 28 -50 0
-23 -50 24 0
-16 44 10 0
-11 -11 47 0
-5 -16 50 0
11 -47 -15 0
14 -29 -23 0
-34 13 7 0
2 -35 -48 0
-32 43 25 0
28 -47 10 0
-21 44 -29 0
-27 26 -45 0
-46 -23 44 0
39 -36 -15 0
11 47 -38 0
44 -48 4 0
39 -33 49 0
38 -29 45 0
-50 -43 40 0
20 -30 -17 0
-38 21 -43 0
26 -37 -43 0
17 44 -38 0
6 -10 11 0
25 34 -7 0
-34 -31 32 0
-11 41 -17 0
24 17 15 0
29 -1 -28 0
-19 -30 -50 0
41 -21 -45 0
-41 17 47 0
-41 38 10 0
28 10 21 0
-3 -15 -7 0
5 -3 -39 0
45 -8 32 0
-18 -28 50 0
-36 20 -45 0
16 43 40 0
46 9 -12 0
-4 28 -1 0
-27 42 -7 0
-47 -2 21 0
-46 -47 21 0
33 15 39 0
-45 48 37 0
-3 -49 27 0
-42 7 -50 0
13 27 25 0
-49 -36 -29 0
-7 1 19 0
-39 -14 41 0
25 22 -38 0
-40 15 50 0
-26 -50 -29 0
9 -48 24 0
-24 20 -22 0
-20 -8 -30 0
