c CNF generator v0.9
p cnf 50 245
49 23 -5 0
19 34 23 0
-9 33 34 0
-13 8 -16 0
4 14 -38 0
3 -16 -13 0
-21 -43 -46 0
-47 -23 27 0
28 42 -28 0
38 -5 -32 0
-23 -33 47 0
-1 -15 -27 0
43 -12 4 0
-48 32 -29 0
17 -35 -31 0
-17 21 -29 0
-50 23 11 0
-3 -50 -37 0
12 7 36 0
21 -37 1 0
-7 7 -20 0
-30 -45 -16 0
-39 -33 -26 0
32 49 49 0
-33 46 -18 0
28 -15 -12 0
12 -25 -37 0
39 41 -33 0
32 24 29 0
15 -37 46 0
44 -23 20 0
-39 42 -50 0
-11 -32 -1 0
31 -33 -19 0
-46 20 -13 0
6 7 13 0
-10 41 -4 0
-20 25 25 0
-23 21 -20 0
17 16 43 0
-45 -5 41 0
14 -30 -22 0
5 -6 -27 0
-31 29 -15 0
34 39 4 0
-39 -50 9 0
-32 -15 -31 0
-14 -27 -36 0
-26 44 33 0
-49 22 -33 0
2 -22 3 0
38 -6 -13 0
22 46 6 0
-22 -16 -22 0
5 28 7 0
46 -43 -34 0
49 -12 37 0
14 19 -14 0
23 37 29 0
-30 30 -16 0
-11 -47 -25 0
-43 21 28 0
46 50 -10 0
8 -24 15 0
-46 -44 -48 0
-38 -23 38 0
-11 -5 4 0
39 -10 -34 0
10 -13 -46 0
15 -43 -44 0
-42 -7 9 0
23 -49 34 0
47 -35 -13 0
-43 -44 -24 0
6 -6 41 0
2 6 17 0
4 34 9 0
-5 -17 16 0
10 12 8 0
-3 -22 14 0
26 18 -13 0
-26 -10 -40 0
-47 -47 -25 0
-13 -27 -21 0
4 32 -36 0
30 15 40 0
-5 35 -30 0
18 -33 -38 0
16 11 -38 0
8 -29 39 0
-2 -40 -2 0
33 49 -13 0
45 -32 1 0
12 -45 32 0
11 34 2 0
-27 -16 -25 0
-44 -7 -8 0
-18 26 -38 0
-27 14 -12 0
-26 -35 -6 0
16 35 14 0
14 32 -48 0
-6 -33 -10 0
-9 11 -5 0
34 9 34 0
-18 37 -29 0
40 -17 -43 0
49 1 -17 0
40 -11 49 0
-28 -35 30 0
-35 -40 48 0
43 -40 -4 0
40 34 11 0
-26 23 14 0
-11 -15 12 0
6 34 -27 0
-21 -48 6 0
32 44 -11 0
24 32 -6 0
-15 1 -26 0
19 -15 -29 0
30 19 21 0
-33 -2 -8 0
-44 -6 26 0
24 -11 -18 0
-44 25 39 0
31 24 -24 0
31 -22 6 0
9 -43 -29 0
-23 -6 -16 0
-15 24 14 0
13 -2 29 0
-43 35 25 0
-29 42 -20 0
17 -21 5 0
32 8 -2 0
-22 45 -17 0
-23 -9 -50 0
37 -26 -39 0
25 -42 49 0
46 22 -12 0
48 40 21 0
12 27 43 0
-8 20 47 0
31 32 -11 0
-13 34 -30 0
47 -27 5 0
28 3 24 0
-6 -14 -20 0
-4 -44 13 0
35 47 43 0
49 13 -12 0
-38 37 -16 0
32 -31 -32 0
-34 30 31 0
-16 40 49 0
-4 2 -43 0
5 40 -40 0
-32 -28 -31 0
-2 -14 -12 0
40 25 -21 0
17 -32 48 0
17 -1 28 0
-29 -17 49 0
-37 -10 -47 0
48 -16 31 0
-30 -47 46 0
-18 50 17 0
27 3 4 0
31 22 33 0
-7 -10 -44 0
20 5 -3 0
30 -33 48 0
15 -1 -25 0
50 -28 49 0
-34 -24 23 0
-27 -32 -37 0
9 -45 -24 0
47 36 40 0
25 7 27 0
43 -27 -42 0
20 -43 -2 0
-40 -11 -15 0
2 1 30 0
49 15 30 0
29 -16 -49 0
-1 40 -50 0
43 29 24 0
-27 38 -10 0
-43 -23 28 0
-16 -32 -39 0
8 15 -25 0
-13 -25 22 0
26 -10 30 0
-8 -15 31 0
-30 -3 34 0
-24 20 20 0
7 37 6 0
-5 -2 -5 0
29 28 -8 0
47 -13 13 0
-46 -14 -34 0
18 16 11 0
-37 6 39 0
41 -8 24 0
16 -26 38 0
8 -47 21 0
-2 -44 10 0
14 -38 -45 0
-7 -33 46 0
-39 16 35 0
42 -44 15 0
22 21 -14 0
-21 28 -39 0
-26 -48 48 0
-33 7 -11 0
21 -27 -15 0
21 9 -38 0
-19 -2 25 0
43 -22 -5 0
-36 11 24 0
41 -44 37 0
-23 16 4 0
9 -43 -17 0
46 9 -49 0
-9 20 -44 0
-31 -48 -50 0
18 -17 -38 0
4 -22 -11 0
-17 -10 -49 0
20 37 32 0
34 -24 -37 0
26 -47 -16 0
33 -14 1 0
-29 1 -22 0
47 -3 7 0
23 -4 -42 0
-39 -47 9 0
-20 20 1 0
-47 -46 -37 0
38 -48 10 0
29 -39 22 0
4 -35 18 0
44 14 34 0
36 6 -15 0
