c CNF generator v0.9
p cnf 50 245
-4 46 50 0
17 7 -48 0
38 10 1 0
-27 8 -49 0
1 25 19 0
-49 -38 36 0
22 -5 17 0
1 13 5 0
-21 -23 -4 0
27 21 -6 0
-48 29 39 0
19 -34 44 0
10 10 -7 0
-10 1 -19 0
18 -29 -20 0
36 36 -13 0
3 -36 -30 0
-13 46 26 0
-20 10 7 0
-23 32 -50 0
-44 -14 37 0
-6 39 -49 0
-7 48 -29 0
49 -40 -31 0
26 -25 12 0
-33 24 -24 0
-14 15 -35 0
-4 20 -46 0
42 28 48 0
10 11 -45 0
15 10 18 0
-11 -34 -7 0
30 37 -29 0
-44 20 16 0
-35 -6 -38 0
-29 42 -33 0
-40 35 -15 0
-42 16 -50 0
35 23 15 0
-45 47 -44 0
45 29 5 0
-23 -8 15 0
23 37 -31 0
-37 13 28 0
-21 15 -47 0
-13 -47 11 0
40 40 48 0
-27 7 -48 0
-34 -22 31 0
-40 -19 42 0
6 -50 24 0
-9 26 -28 0
50 1 2 0
-10 -24 1 0
-11 -14 -44 0
-31 8 -20 0
30 -29 -2 0
-2 34 -27 0
38 23 -45 0
50 -24 -23 0
-14 -1 -35 0
-26 -42 -50 0
1 14 -9 0
-9 -18 40 0
-29 -34 -43 0
-20 -31 31 0
-18 -39 13 0
1 -19 -45 0
-28 11 -33 0
-29 -19 16 0
-16 -12 -13 0
-22 14 -36 0
-19 -30 4 0
32 -42 -31 0
19 15 -49 0
-6 48 32 0
-19 18 -49 0
8 -18 -48 0
-35 -40 -4 0
38 38 4 0
32 -21 10 0
39 22 41 0
44 42 -43 0
-50 19 -50 0
-19 2 -7 0
23 24 45 0
-46 18 -26 0
-3 48 -13 0
-16 -4 -17 0
-15 -41 42 0
-45 19 31 0
-22 22 -45 0
21 7 15 0
45 36 3 0
7 -3 -27 0
50 20 3 0
-46 21 11 0
-13 40 -39 0
23 -41 -50 0
-47 -17 6 0
25 -2 -17 0
-6 -49 44 0
20 -20 7 0
-6 -47 -29 0
-37 -40 -40 0
-12 -15 25 0
4 37 43 0
-10 -11 16 0
-26 -10 26 0
33 -22 16 0
25 31 18 0
-11 -27 -43 0
47 29 -5 0
-10 18 -42 0
26 40 -28 0
21 -48 4 0
6 7 28 0
-36 -11 -3 0
-46 42 48 0
-48 -1 14 0
28 -27 -13 0
-30 -16 -14 0
15 -1 -17 0
18 24 -18 0
2 -18 10 0
-1 -49 14 0
27 -18 31 0
26 20 -46 0
31 50 -25 0
-45 46 -50 0
-8 -18 26 0
-20 7 -10 0
-45 -3 -9 0
12 30 -37 0
35 42 -49 0
36 8 6 0
-3 -11 -7 0
43 -18 47 0
14 27 27 0
43 -24 48 0
29 -6 28 0
-38 -43 -33 0
-2 -3 -48 0
30 35 36 0
-20 47 -38 0
-6 3 30 0
44 -23 -31 0
10 -45 45 0
-40 38 19 0
15 -47 -27 0
41 -39 34 0
50 25 -38 0
-26 42 -18 0
-43 48 -35 0
-30 -3 -12 0
-6 -13 12 0
-12 12 -26 0
12 -11 -50 0
-3 -46 40 0
-11 17 30 0
8 16 -23 0
-29 41 -18 0
-28 -13 -15 0
2 35 45 0
18 -20 -35 0
9 -24 -45 0
37 11 -9 0
-40 25 48 0
49 13 25 0
11 46 -9 0
-34 25 -46 0
-30 -44 -20 0
-9 -12 3 0
35 20 7 0
-21 9 22 0
-11 8 -33 0
-29 -9 -37 0
-13 -1 -50 0
-17 -5 -41 0
49 -44 48 0
23 2 48 0
6 -37 -33 0
-22 -33 15 0
-41 25 -46 0
30 -13 50 0
-29 49 -15 0
-11 1 -28 0
47 -31 -40 0
-7 37 2 0
29 -14 47 0
-26 -41 22 0
-18 -37 11 0
23 -45 -7 0
-15 -7 -13 0
19 6 -47 0
-27 -1 -13 0
35 -36 43 0
35 26 -35 0
13 -20 -39 0
-6 2 -24 0
49 25 -5 0
-6 36 15 0
14 2 -6 0
-3 31 -31 0
-30 -40 6 0
35 -33 -45 0
-43 17 25 0
-18 2 -45 0
-47 43 14 0
5 12 44 0
17 -6 39 0
-35 -1 5 0
46 27 45 0
27 1 -45 0
17 45 5 0
-13 20 24 0
-16 -15 23 0
1 9 -44 0
-40 40 27 0
-33 -20 40 0
-31 -43 -45 0
-28 -3 -31 0
34 -33 -44 0
11 22 -31 0
-4 15 -2 0
-47 -19 32 0
31 49 10 0
-17 -21 -28 0
26 46 -7 0
6 2 -47 0
-43 -3 -2 0
36 15 -32 0
11 -45 -8 0
-43 -47 23 0
42 -35 -21 0
-48 -27 43 0
-30 -1 -37 0
-16 -4 32 0
-4 47 -11 0
-22 -22 -45 0
34 25 -26 0
14 34 -1 0
26 26 -22 0
25 -16 20 0
-8 45 7 0
