c CNF generator v0.9
p cnf 50 245
-21 16 -35 0
-6 13 36 0
-38 -1 -17 0
-9 -27 -47 0
-19 -30 14 0
15 21 2 0
-36 6 6 0
32 -46 44 0
48 25 26 0
7 50 3 0
-18 -19 -18 0
42 18 38 0
21 -3 -42 0
-4 15 1 0
-32 32 -13 0
33 -4 -12 0
-42 -40 12 0
-9 -41 3 0
-49 27 -46 0
-23 25 -33 0
33 -18 7 0
3 39 18 0
-3 41 24 0
33 15 50 0
22 32 -4 0
31 41 -15 0
-20 27 -28 0
-44 -47 31 0
39 25 -30 0
-3 23 23 0
2 -7 -1 0
-28 35 45 0
-5 -41 -21 0
-32 42 -22 0
31 35 9 0
-36 -13 19 0
-23 46 -6 0
8 11 38 0
15 -28 -47 0
36 45 46 0
-35 47 15 0
40 -10 27 0
6 12 -30 0
31 6 43 0
-37 9 -48 0
-1 26 -48 0
-11 42 -36 0
44 14 25 0
16 14 41 0
-40 19 -9 0
9 -49 -40 0
37 -46 26 0
-46 -15 -36 0
-10 28 2 0
42 48 -37 0
5 29 21 0
41 -26 -11 0
-37 8 -16 0
-20 45 25 0
24 17 30 0
-7 -50 -34 0
-28 -14 -29 0
18 10 -16 0
-5 -35 17 0
33 22 1 0
41 4 -32 0
-14 5 -45 0
19 -13 33 0
-13 36 -16 0
-3 12 48 0
-43 18 -10 0
35 10 27 0
26 35 49 0
19 6 49 0
-2 13 -43 0
30 -35 2 0
29 22 33 0
7 48 -9 0
-9 35 -45 0
-22 -3 -46 0
30 -47 28 0
1 -8 20 0
5 38 44 0
-42 41 -26 0
8 -24 -15 0
-34 8 49 0
-33 45 -12 0
37 -37 20 0
-34 -22 29 0
23 -40 -21 0
-1 -50 -21 0
5 -40 11 0
-27 16 35 0
-40 32 -13 0
46 -19 -1 0
-30 -16 -29 0
-49 33 33 0
5 9 38 0
39 42 -24 0
38 -23 39 0
19 27 22 0
-24 -25 -20 0
-47 -8 41 0
9 31 -37 0
-29 -23 -4 0
50 49 -2 0
-26 -38 -27 0
-14 -11 24 0
17 32 -39 0
49 40 -19 0
-36 25 38 0
-34 -5 -46 0
20 -9 -37 0
-12 27 -21 0
25 -21 -27 0
34 -20 -11 0
6 -33 -37 0
27 25 13 0
9 -46 41 0
15 -15 48 0
18 2 8 0
35 9 28 0
-16 7 -48 0
-30 32 -21 0
31 8 -17 0
1 14 -45 0
-19 18 -42 0
10 -21 40 0
-9 14 -11 0
36 -29 45 0
-27 -6 -30 0
-47 33 -31 0
-19 19 -1 0
-17 42 -11 0
-37 -26 1 0
-32 -18 17 0
38 -48 -16 0
8 -26 9 0
46 -6 18 0
11 42 8 0
41 13 46 0
49 -22 10 0
26 42 -28 0
8 12 -19 0
-16 -38 16 0
-43 -29 50 0
38 7 -22 0
5 37 1 0
22 10 -50 0
17 -10 -46 0
-5 6 -15 0
31 33 -50 0
29 -17 -9 0
-22 16 -39 0
47 -26 20 0
-25 -37 -8 0
-9 -44 19 0
3 -42 29 0
-13 23 -48 0
25 33 13 0
32 28 -24 0
6 16 41 0
-23 8 -11 0
7 8 41 0
-9 -40 39 0
-7 13 -23 0
11 37 2 0
50 35 -7 0
-36 32 26 0
-43 -45 -22 0
16 -33 -18 0
-5 2 40 0
23 21 -43 0
-9 16 -28 0
7 -12 -37 0
-12 18 -46 0
27 2 -8 0
-37 -22 -13 0
9 25 -48 0
-34 32 9 0
17 -33 -45 0
25 13 5 0
36 9 -4 0
-16 31 32 0
-28 -14 22 0
5 -49 33 0
36 -11 30 0
46 -30 -48 0
-23 21 -33 0
6 -4 -33 0
30 29 22 0
-13 36 19 0
34 35 -40 0
-21 -29 22 0
-10 -48 12 0
-6 -34 -8 0
45 25 -4 0
-34 -6 10 0
-47 32 12 0
-10 11 -13 0
41 -1 -2 0
-21 36 10 0
-4 -21 6 0
40 4 -8 0
-21 49 -38 0
-24 -28 42 0
-35 15 -49 0
-38 30 49 0
-1 38 47 0
-35 7 8 0
-9 33 -9 0
-7 -28 -17 0
-19 6 17 0
3 15 32 0
-29 19 -30 0
-20 12 -14 0
12 14 31 0
3 -44 -34 0
-38 8 20 0
-46 -47 47 0
-32 -23 11 0
-16 21 -3 0
27 48 -1 0
-10 -21 -20 0
17 -31 13 0
12 -34 -11 0
40 -39 13 0
-30 24 48 0
48 -48 34 0
-40 49 14 0
17 45 -50 0
6 4 19 0
-25 -30 -5 0
12 33 -28 0
8 -30 10 0
3 20 -27 0
22 -30 -20 0
46 -35 -46 0
31 -38 -27 0
8 46 -31 0
34 40 13 0
-29 18 9 0
8 -20 -36 0
2 38 -43 0
-39 -24 15 0
