c CNF generator v0.9
p cnf 50 245
9 48 -35 0
-49 28 19 0
28 -39 -27 0
43 12 -18 0
-6 31 -40 0
-41 46 6 0
-26 21 32 0
-24 34 45 0
-40 -34 -17 0
-39 1 16 0
30 -7 13 0
-39 -3 38 0
37 30 -44 0
-30 -12 42 0
48 19 50 0
-21 9 -33 0
36 -5 7 0
-15 2 -43 0
-44 29 -38 0
-50 33 50 0
-1 4 -8 0
-9 -24 -7 0
-47 -14 11 0
-33 7 -30 0
-5 -12 6 0
-8 -20 12 0
14 19 39 0
25 26 36 0
24 46 -42 0
11 15 -40 0
38 44 -7 0
26 23 -18 0
50 8 -44 0
-39 -47 50 0
28 -25 -39 0
-22 -11 31 0
-50 -28 -39 0
22 -3 31 0
18 45 -48 0
-5 43 1 0
-18 44 -17 0
-5 33 44 0
-45 48 -42 0
-38 8 -47 0
45 -26 9 0
-47 -26 12 0
23 -16 36 0
23 41 -32 0
21 38 1 0
-32 -38 36 0
-37 37 19 0
15 14 -9 0
33 -38 -50 0
-12 -24 7 0
-27 18 8 0
-17 18 22 0
23 -36 -29 0
-40 -22 14 0
-22 17 43 0
-50 -17 1 0
18 -35 20 0
-32 8 11 0
-1 49 29 0
-45 30 -20 0
46 31 29 0
-12 42 32 0
5 37 4 0
-40 -18 23 0
-29 23 -12 0
-29 9 48 0
17 3 -5 0
-24 -6 36 0
5 -38 -47 0
31 -24 -13 0
31 10 34 0
-37 -4 -17 0
-46 -33 4 0
-6 -14 34 0
44 29 -17 0
44 -4 -38 0
41 9 -20 0
-6 -27 -14 0
42 29 -24 0
21 -2 -43 0
-36 -21 6 0
29 37 -27 0
-43 -14 47 0
-12 16 -21 0
47 47 36 0
-27 46 -50 0
8 17 50 0
20 32 -42 0
26 29 -3 0
7 14 18 0
-37 4 -49 0
41 19 -31 0
25 11 34 0
-42 38 9 0
-41 37 38 0
19 35 -19 0
7 -41 -24 0
48 48 -16 0
27 3 9 0
41 21 43 0
45 -21 19 0
-20 24 -42 0
22 34 36 0
-40 -31 38 0
9 18 -33 0
43 12 -44 0
10 27 -10 0
29 12 -43 0
-31 33 29 0
-27 20 -25 0
-48 -45 23 0
-3 9 -9 0
-7 37 36 0
40 -38 -18 0
17 40 -2 0
-30 17 -31 0
-46 -20 -45 0
-49 -41 4 0
44 -7 22 0
-10 -35 -1 0
19 -7 31 0
1 7 -19 0
15 -21 38 0
-43 -3 26 0
-43 -13 50 0
37 19 9 0
3 43 50 0
-26 -18 15 0
24 -46 -49 0
-44 21 -12 0
24 -23 28 0
7 -38 13 0
41 -1 27 0
-5 -23 -18 0
-42 -30 12 0
37 -10 -49 0
4 -15 -37 0
5 -4 48 0
9 22 49 0
-21 30 -48 0
30 23 -34 0
45 37 6 0
-49 -7 -7 0
31 33 33 0
-10 38 28 0
-22 -29 -39 0
-9 -19 -17 0
8 43 6 0
-14 -28 18 0
-14 -21 10 0
-48 27 27 0
-30 -13 -4 0
-19 -7 -26 0
48 19 45 0
-35 15 -2 0
9 -20 15 0
-39 5 -13 0
39 -9 37 0
43 -13 -14 0
-15 -35 -41 0
44 34 -13 0
23 8 -48 0
18 28 14 0
46 -20 22 0
5 -2 -36 0
-29 -47 31 0
12 -4 -44 0
-25 43 -40 0
48 24 28 0
4 -9 43 0
33 17 -12 0
-10 -30 9 0
-46 26 35 0
-7 30 -8 0
-5 -33 -42 0
-1 -28 19 0
-31 -16 42 0
-17 -11 -26 0
47 41 -34 0
-31 46 33 0
1 -50 -22 0
1 18 -46 0
-29 39 -3 0
-45 14 15 0
32 20 35 0
6 -34 -22 0
17 -6 41 0
-39 20 12 0
-9 -2 45 0
47 2 -13 0
9 -25 -46 0
36 12 29 0
-47 -33 32 0
-11 -17 13 0
-5 -8 30 0
-48 -29 1 0
-41 33 28 0
-44 -31 28 0
4 11 27 0
-33 -20 -42 0
-48 -13 50 0
-12 16 -7 0
40 -25 -43 0
50 48 -2 0
-33 -17 17 0
33 48 -11 0
-15 -4 -34 0
39 -44 26 0
17 47 -9 0
23 -33 -37 0
-38 6 -24 0
41 -1 16 0
-33 6 14 0
4 8 -35 0
-29 46 19 0
6 -38 26 0
-18 -50 39 0
-14 -39 20 0
5 48 7 0
47 3 -3 0
37 10 -13 0
27 -24 43 0
30 -50 -46 0
35 8 -4 0
36 23 -35 0
49 27 -14 0
-8 -17 44 0
16 27 -44 0
20 -16 -19 0
-1 34 -28 0
44 -49 -3 0
-6 -1 -49 0
13 -49 -43 0
28 44 4 0
36 27 -8 0
41 15 -47 0
27 20 -23 0
-49 -17 -20 0
37 4 -49 0
-21 22 8 0
2 -30 5 0
