c CNF generator v0.9
p cnf 50 245
-28 -12 -35 0
-7 -19 36 0
47 -39 44 0
3 17 -34 0
38 -37 37 0
-26 -31 35 0
-1 -13 47 0
20 -11 24 0
-30 -35 -48 0
14 -46 -38 0
-14 22 39 0
17 -44 -37 0
21 28 17 0
34 -49 3 0
21 43 -32 0
19 -8 26 0
26 45 -4 0
31 24 -17 0
11 -45 39 0
-31 35 -50 0
-47 -12 -6 0
-50 50 43 0
-22 41 -36 0
-41 8 16 0
5 41 21 0
2 -8 19 0
-9 5 -37 0
-4 18 22 0
38 -15 19 0
43 -44 -36 0
30 35 11 0
25 19 -18 0
-32 6 22 0
28 -17 -39 0
36 -3 11 0
-23 14 50 0
42 -41 24 0
-37 18 -16 0
50 50 7 0
-16 -2 39 0
8 38 41 0
-3 15 28 0
-33 31 6 0
-32 -30 -42 0
36 -50 3 0
-1 -21 15 0
-46 -17 -28 0
-11 -14 7 0
20 43 -2 0
-33 -27 44 0
-43 23 41 0
11 -42 8 0
43 44 10 0
15 -34 -10 0
-43 -29 -29 0
-41 31 47 0
-17 -22 -47 0
-15 11 39 0
-13 -41 -36 0
50 -49 -7 0
48 -6 4 0
9 41 2 0
-49 18 3 0
11 39 -29 0
41 -19 50 0
50 3 2 0
24 29 -6 0
34 -6 -31 0
-19 -32 -39 0
-39 39 -41 0
-27 -6 -29 0
-46 41 3 0
-32 -38 13 0
-20 -33 -11 0
50 -28 34 0
-1 -22 -15 0
-24 39 40 0
-41 2 45 0
-19 43 27 0
-6 26 27 0
38 48 33 0
45 -18 40 0
21 31 35 0
-47 -18 -34 0
-49 48 9 0
50 -34 12 0
16 -34 46 0
38 26 -34 0
-20 21 -8 0
-39 13 -33 0
-46 -22 40 0
27 -31 24 0
-13 10 -22 0
-28 16 29 0
-4 4 36 0
38 39 4 0
-28 -26 6 0
17 -15 -29 0
46 -2 -25 0
32 24 9 0
1 -34 -19 0
-2 -49 26 0
39 44 -49 0
8 -26 38 0
-3 -49 -42 0
-25 12 -14 0
-38 -41 36 0
6 46 48 0
-28 -30 16 0
-47 44 -7 0
-47 36 29 0
1 14 -49 0
-26 -10 -49 0
33 32 49 0
36 39 43 0
47 -16 7 0
-43 -48 44 0
-48 -28 39 0
-22 -24 15 0
34 49 50 0
-44 -34 25 0
-10 29 6 0
-28 -43 29 0
39 47 37 0
10 15 -50 0
9 50 49 0
-40 -42 40 0
-28 -11 -50 0
-8 17 -13 0
-33 22 -16 0
-49 -2 -26 0
45 38 -7 0
-24 -3 22 0
32 6 -39 0
-8 10 25 0
-24 6 -30 0
34 45 12 0
-32 -43 8 0
3 -43 25 0
-18 2 -33 0
9 -15 10 0
-7 22 -42 0
-10 -14 -14 0
-14 16 -49 0
40 -47 -28 0
48 15 3 0
-24 27 25 0
35 46 29 0
-40 1 49 0
-14 19 3 0
-7 7 22 0
7 -12 -36 0
-12 -46 -5 0
38 15 -3 0
-1 4 25 0
47 -13 50 0
-37 32 28 0
47 35 -32 0
17 -46 35 0
7 7 -35 0
9 -8 32 0
5 -12 9 0
-50 -2 -47 0
9 18 11 0
21 -41 -9 0
38 47 3 0
23 10 -41 0
35 -15 26 0
-45 -22 -1 0
-17 36 -42 0
47 25 -20 0
39 -12 31 0
21 -33 -10 0
41 -47 -43 0
-29 19 47 0
-47 7 25 0
23 13 -39 0
22 -27 -16 0
-1 41 47 0
-3 -4 -28 0
48 -26 38 0
12 32 28 0
-39 11 35 0
-6 24 12 0
-42 41 -36 0
-24 41 37 0
-33 -5 -1 0
21 33 46 0
40 -16 16 0
1 -3 -20 0
-31 -17 -37 0
-47 -8 20 0
-49 2 -43 0
6 5 6 0
12 10 48 0
-33 -26 31 0
45 28 18 0
-22 40 46 0
-15 25 -41 0
11 20 -20 0
-22 19 32 0
21 -49 22 0
-9 9 -15 0
-13 -30 -42 0
-5 -13 18 0
28 -32 1 0
-35 43 -17 0
34 5 20 0
-33 12 16 0
37 48 -17 0
34 48 -32 0
-16 -1 -42 0
47 -27 43 0
-35 2 39 0
42 17 35 0
-7 35 -50 0
-12 43 43 0
-22 -37 -25 0
-31 8 -49 0
-9 18 36 0
21 2 18 0
-2 -39 27 0
-38 32 9 0
49 8 17 0
16 -31 -26 0
-49 16 48 0
-45 44 4 0
9 6 42 0
44 -45 28 0
-32 36 -2 0
17 -19 -16 0
10 32 -26 0
-21 3 -39 0
36 33 -28 0
47 -17 48 0
-46 -14 48 0
-49 -5 -37 0
-24 -34 8 0
-41 -32 16 0
15 -34 16 0
48 -1 11 0
-8 14 -12 0
47 -10 -14 0
-42 -23 38 0
15 -37 -26 0
