c CNF generator v0.9
p cnf 50 245
27 32 -29 0
27 29 46 0
-13 42 41 0
5 11 -31 0
46 -23 -46 0
10 -21 25 0
30 -13 40 0
-16 8 -24 0
17 -25 26 0
37 46 27 0
43 2 -17 0
15 -42 -45 0
-16 50 -20 0
23 9 12 0
-1 -3 -28 0
-24 30 34 0
21 -41 40 0
-46 37 2 0
-46 40 -26 0
29 32 1 0
40 24 -33 0
-11 -1 31 0
-42 31 -23 0
-28 39 35 0
6 -14 42 0
-41 -47 -20 0
-41 -21 45 0
-31 2 21 0
-13 -3 -45 0
8 -3 -22 0
4 -43 46 0
44 5 -24 0
-15 -24 -39 0
-13 26 35 0
-27 -23 46 0
50 -4 -45 0
11 -9 -25 0
12 17 7 0
17 -47 -49 0
26 -11 42 0
-26 39 26 0
-31 -46 38 0
-33 -33 -28 0
39 -30 7 0
-46 -49 29 0
-3 -33 9 0
49 19 -4 0
-40 -20 -23 0
31 -47 -32 0
37 9 50 0
18 14 -22 0
-19 -24 2 0
-26 48 12 0
-8 28 -22 0
23 20 27 0
-10 -39 -31 0
49 -12 -19 0
41 -38 -26 0
20 -28 -9 0
-5 -32 41 0
-37 10 -28 0
2 23 39 0
34 -38 -21 0
19 -22 3 0
-26 -10 -42 0
-26 -49 -39 0
25 -49 -5 0
10 25 -34 0
46 -45 -44 0
-42 47 -47 0
38 -12 9 0
44 -5 -18 0
25 -31 37 0
-47 23 13 0
17 30 20 0
-43 -25 45 0
-34 46 -6 0
20 8 -7 0
-11 48 -10 0
-30 23 27 0
-34 34 27 0
1 15 -36 0
21 -23 4 0
-47 39 3 0
-6 47 13 0
32 17 23 0
4 -3 27 0
35 2 50 0
39 -20 -37 0
21 -34 -42 0
-6 50 40 0
-20 -49 -1 0
-30 -42 -1 0
33 8 31 0
-40 -10 -16 0
32 -44 -43 0
22 -22 24 0
22 -36 32 0
45 -7 48 0
-28 -50 -36 0
-41 30 21 0
24 11 -37 0
27 38 18 0
-14 -38 -14 0
-2 -27 39 0
-9 -17 -33 0
-35 33 40 0
-2 -1 13 0
31 -19 -47 0
5 4 -5 0
38 43 -26 0
46 43 -20 0
13 44 46 0
13 -37 46 0
-22 -7 -22 0
-19 -18 -18 0
-4 40 -22 0
-39 39 40 0
-24 -40 -14 0
23 39 10 0
11 -4 43 0
-4 -25 -7 0
-40 -6 17 0
43 -25 28 0
8 -23 -32 0
-46 12 -14 0
-31 -27 21 0
43 -11 37 0
-20 40 23 0
33 39 -36 0
-7 39 36 0
-16 35 31 0
46 8 15 0
-24 19 -14 0
-42 -8 -5 0
37 -34 -21 0
-37 6 -20 0
-49 -10 -40 0
-23 -47 14 0
-28 7 35 0
5 40 -17 0
46 -5 -8 0
38 -17 3 0
-46 20 -42 0
-45 35 20 0
-45 46 -24 0
4 6 -5 0
35 -11 -36 0
-46 -29 -14 0
33 -24 34 0
3 -40 -12 0
-30 21 48 0
-49 21 40 0
-42 -37 50 0
37 28 44 0
16 29 -3 0
45 -41 46 0
-49 -4 32 0
17 24 -3 0
36 -8 -31 0
45 13 -16 0
6 -15 22 0
-1 31 27 0
-49 -48 -22 0
19 -4 -8 0
19 22 -26 0
-2 -22 46 0
38 41 -39 0
44 45 -2 0
-11 35 -48 0
37 -26 -34 0
-5 -50 -22 0
12 -8 12 0
8 -2 -33 0
8 -8 37 0
-33 -35 9 0
11 -9 11 0
18 -50 11 0
48 4 -23 0
-6 -22 21 0
-4 4 8 0
-50 -1 30 0
39 -3 26 0
-32 -42 40 0
-28 -27 50 0
40 -41 2 0
-47 -6 21 0
-37 -2 -50 0
7 -32 -14 0
10 44 41 0
-2 27 -28 0
-49 49 -39 0
6 -25 43 0
25 -16 -26 0
32 24 9 0
28 -25 -36 0
-38 35 -20 0
42 -44 49 0
-49 38 -27 0
-1 2 -40 0
5 15 46 0
21 -4 15 0
-18 4 -26 0
-10 -4 -44 0
-27 -50 -8 0
46 -17 -46 0
-23 16 22 0
-38 -14 3 0
-25 27 18 0
-26 5 35 0
-46 4 38 0
2 -10 17 0
-15 -43 -23 0
11 -31 -47 0
20 6 29 0
-13 -38 -32 0
10 -29 44 0
-14 47 -31 0
-31 -12 36 0
-11 -44 -6 0
47 49 31 0
4 -36 -18 0
24 4 30 0
-27 -40 -32 0
-15 -46 22 0
-48 8 -38 0
-24 30 36 0
43 -32 30 0
-19 14 16 0
-37 39 -9 0
-17 13 22 0
-20 -26 -16 0
47 -8 34 0
14 -47 -30 0
26 49 6 0
29 22 -29 0
2 -48 -40 0
-44 28 30 0
-26 -13 5 0
17 35 -7 0
-15 24 -35 0
-25 -17 44 0
1 34 41 0
-7 13 -9 0
-5 -44 -9 0
