c CNF generator v0.9
p cnf 50 245
17 -27 -44 0
23 -39 -21 0
-20 -25 -31 0
-19 -43 10 0
-2 -24 47 0
-42 -8 20 0
8 47 -47 0
-4 -16 34 0
-17 -43 19 0
17 8 -33 0
-5 42 -11 0
3 -8 33 0
6 -43 34 0
14 47 -4 0
-7 -50 37 0
10 -3 17 0
6 -33 -24 0
-14 -27 9 0
-32 41 33 0
41 38 -11 0
-31 1 -37 0
1 50 19 0
20 -37 -13 0
-1 10 -17 0
-39 47 -39 0
-39 17 -37 0
9 -29 -5 0
-39 -10 30 0
13 -37 48 0
-33 -3 -16 0
20 20 -10 0
-47 -32 -49 0
-24 1 -47 0
10 35 50 0
10 -38 -27 0
13 29 -42 0
38 42 24 0
35 42 -12 0
-4 21 37 0
-20 -4 4 0
46 4 -13 0
26 -4 -33 0
21 1 29 0
-7 39 -1 0
20 -34 -42 0
46 -6 -30 0
10 38 -12 0
-3 -40 14 0
-4 -17 -8 0
44 -1 -28 0
-32 -28 34 0
-3 -4 -3 0
1 -29 -10 0
-14 4 11 0
-2 -29 -34 0
-33 21 -17 0
49 -20 38 0
5 10 2 0
43 -30 -13 0
-35 -33 4 0
22 -41 29 0
-3 -33 -45 0
-1 4 29 0
43 -21 -9 0
-15 43 -43 0
20 10 -20 0
-30 -47 -43 0
-6 1 14 0
-14 21 35 0
25 -33 18 0
-28 -33 -34 0
43 25 19 0
7 12 -46 0
-17 -2 -13 0
45 -19 40 0
-45 -20 -17 0
2 34 -5 0
25 -6 41 0
17 33 -28 0
29 -17 -14 0
-34 -1 -17 0
21 -11 23 0
22 -31 -43 0
37 12 28 0
-48 8 -2 0
46 13 38 0
-13 43 -18 0
5 -30 -9 0
-22 -23 4 0
-14 13 48 0
-35 45 22 0
-27 -46 12 0
-41 25 -46 0
45 23 -50 0
45 3 40 0
-46 30 -19 0
-34 6 2 0
36 -2 7 0
-36 -21 -15 0
-38 -17 -8 0
-11 -24 41 0
-30 -29 -28 0
39 33 -18 0
1 -6 33 0
-27 47 -41 0
25 38 -23 0
13 37 46 0
33 11 45 0
-28 4 27 0
-11 7 26 0
-36 -27 -18 0
16 14 -23 0
-20 -36 29 0
49 -7 18 0
-16 -29 -36 0
11 -10 48 0
6 -8 43 0
-46 -7 -18 0
5 -35 25 0
35 -5 29 0
-30 -40 31 0
-1 -30 -38 0
37 -19 -50 0
28 -33 18 0
-50 34 44 0
-24 -4 -8 0
-24 -14 23 0
37 -29 -7 0
11 -31 16 0
47 -35 31 0
-20 48 5 0
13 29 40 0
-32 20 -12 0
20 4 16 0
19 28 3 0
-45 45 38 0
-35 -38 8 0
30 21 42 0
-29 9 -15 0
4 -20 48 0
10 18 16 0
14 -20 37 0
-46 -34 -28 0
-38 47 -6 0
32 24 -39 0
18 -22 19 0
37 -33 29 0
-50 14 -12 0
32 21 37 0
38 47 -19 0
22 4 -7 0
24 -14 -7 0
41 -24 -28 0
-32 -4 -36 0
-38 17 3 0
43 -34 48 0
-31 32 -20 0
-26 -44 -15 0
42 -28 -44 0
-35 -42 -42 0
11 -15 -18 0
6 50 42 0
26 -8 15 0
-43 -17 -20 0
-34 -39 -10 0
-9 -19 35 0
32 -40 27 0
-25 -8 8 0
-7 25 31 0
-28 23 8 0
30 -14 3 0
2 -12 17 0
-5 -20 10 0
35 -10 -16 0
18 31 6 0
-49 48 9 0
49 22 39 0
22 -10 -46 0
-41 43 48 0
-35 -49 12 0
-48 -42 -31 0
18 9 50 0
-38 -27 -10 0
2 -27 -32 0
-32 29 -25 0
-29 -21 30 0
-16 41 -15 0
-4 -9 5 0
39 -9 -39 0
-13 -49 36 0
-34 -27 47 0
-1 -39 24 0
-42 -22 10 0
-23 37 36 0
-47 -35 -49 0
-43 -22 11 0
35 33 -32 0
-13 -48 23 0
-3 35 20 0
-5 -25 -34 0
-43 -26 36 0
9 22 5 0
-32 37 4 0
35 21 -22 0
-41 41 -42 0
34 33 44 0
-43 -18 29 0
-2 39 12 0
5 -18 -41 0
6 39 -12 0
16 -31 44 0
-8 35 -16 0
-4 -21 -25 0
-17 -15 33 0
-13 11 38 0
41 -28 -18 0
3 23 -36 0
-1 33 -25 0
15 14 -47 0
47 27 -38 0
28 -12 23 0
-37 -16 -33 0
-17 41 -45 0
-43 8 32 0
34 5 6 0
1 45 -14 0
13 -4 -45 0
47 48 -8 0
21 -18 22 0
-21 -24 34 0
44 5 21 0
15 -12 -24 0
25 -22 -15 0
11 -11 -14 0
-23 -50 19 0
40 37 -6 0
18 -37 26 0
5 31 -23 0
-21 -28 -3 0
1 -34 24 0
40 10 -38 0
2 -49 37 0
28 -40 -45 0
-39 -4 35 0
-42 -18 -35 0
