c CNF generator v0.9
p cnf 50 245
47 15 -1 0
2 32 47 0
21 -45 -10 0
-22 -21 -6 0
-1 36 13 0
30 39 -35 0
25 -13 30 0
-36 49 4 0
31 -19 22 0
20 -9 2 0
6 -47 32 0
-36 17 37 0
-17 27 13 0
36 -20 5 0
5 -46 2 0
11 47 -23 0
-19 25 -25 0
11 -25 28 0
-17 -38 -16 0
-13 11 -21 0
31 -19 -2 0
-31 -16 27 0
37 22 31 0
-49 3 47 0
-42 -6 -12 0
-29 27 39 0
19 -7 42 0
-37 9 -10 0
5 -45 41 0
-17 -1 -34 0
28 32 2 0
-17 2 11 0
27 23 15 0
-38 28 -46 0
-21 10 14 0
33 11 5 0
2 -37 4 0
44 -44 -47 0
31 32 34 0
-16 14 48 0
-32 -37 -41 0
49 -50 -50 0
-34 13 -17 0
-37 35 -41 0
4 21 40 0
41 48 -39 0
41 -20 28 0
17 -6 12 0
31 9 -1 0
-38 5 -13 0
-32 37 36 0
-8 40 49 0
-4 -44 27 0
-35 -7 4 0
50 -5 46 0
-10 22 -9 0
-37 40 30 0
-8 7 29 0
31 -23 4 0
-28 42 49 0
-42 19 27 0
-39 11 49 0
50 -26 35 0
-48 24 -23 0
37 2 40 0
4 -10 40 0
1 -50 3 0
19 23 -38 0
-5 42 45 0
-49 -33 -12 0
48 24 -45 0
5 26 -13 0
-11 27 -23 0
-8 7 -14 0
12 50 39 0
18 -31 -46 0
38 -18 44 0
10 -28 30 0
33 -29 -40 0
16 -20 -17 0
28 -27 9 0
5 6 -8 0
-5 24 40 0
36 -45 -15 0
-44 -38 -19 0
-14 9 9 0
-21 -16 -14 0
-10 -17 40 0
-22 16 -45 0
-18 22 7 0
21 47 -23 0
27 -38 -13 0
-21 32 16 0
4 -26 22 0
43 -7 7 0
-12 -8 -47 0
-3 -26 20 0
40 -13 9 0
20 10 37 0
36 37 21 0
-22 17 -26 0
-35 23 27 0
34 20 49 0
9 25 -3 0
40 21 18 0
4 -30 34 0
-45 -33 40 0
15 -17 -6 0
-13 46 27 0
-34 48 15 0
-16 -47 -28 0
-21 38 18 0
-8 9 35 0
25 -28 -23 0
20 -41 34 0
9 -32 19 0
29 31 -31 0
43 14 7 0
-26 49 46 0
-18 -44 -50 0
47 42 -11 0
50 -46 -43 0
-25 10 -26 0
25 43 -48 0
28 44 7 0
34 -48 13 0
5 -5 -10 0
9 38 33 0
33 -45 -41 0
-43 13 26 0
-32 -30 9 0
-1 25 -16 0
-30 1 -16 0
19 -2 -19 0
4 26 36 0
-26 -1 -1 0
-17 -33 -35 0
3 3 44 0
16 47 50 0
-45 8 24 0
-13 -44 27 0
27 48 35 0
-19 -40 9 0
19 10 -47 0
2 -15 -15 0
-40 24 -20 0
2 -42 47 0
-37 21 -23 0
-47 -50 -5 0
-42 -19 -12 0
40 46 -50 0
17 -45 -11 0
-12 7 -34 0
-40 -29 47 0
46 -27 -44 0
-14 -35 -35 0
22 -43 6 0
5 -6 -49 0
8 -20 44 0
-6 17 20 0
22 -17 -29 0
31 14 -6 0
35 -2 -15 0
37 -36 2 0
28 -40 -41 0
3 8 42 0
2 15 6 0
-16 -8 -40 0
-28 25 30 0
-33 24 -38 0
-23 -23 -31 0
27 -31 -4 0
27 -19 47 0
-13 -11 -41 0
-35 -23 37 0
-2 35 -41 0
36 40 22 0
-44 42 15 0
-26 -45 -17 0
-18 31 -46 0
22 -36 9 0
-41 13 29 0
5 9 48 0
23 7 20 0
-41 -41 -38 0
-34 -30 -50 0
-2 40 -23 0
-26 18 16 0
9 -27 -2 0
39 -34 17 0
-36 16 -22 0
47 39 -38 0
-28 -23 15 0
-34 36 7 0
-27 33 35 0
31 -49 -17 0
7 24 18 0
3 -21 11 0
44 -27 -11 0
20 -38 -43 0
23 44 -45 0
-40 48 -13 0
37 25 -46 0
20 -7 -36 0
-37 -8 45 0
-25 49 -12 0
-2 -49 -16 0
29 2 42 0
-26 -2 -50 0
-25 20 43 0
15 15 24 0
24 -34 -4 0
42 14 28 0
-16 27 -7 0
25 -47 -25 0
13 50 -45 0
-21 -20 29 0
-45 11 -28 0
-3 -12 -47 0
-16 28 -7 0
-27 6 13 0
-12 -28 6 0
-15 -50 38 0
-6 30 29 0
11 30 -15 0
35 9 -2 0
18 -17 -38 0
11 20 -27 0
48 -44 -19 0
38 -17 21 0
3 34 -46 0
1 12 -11 0
-7 -44 -17 0
25 -43 49 0
35 13 -25 0
-30 24 18 0
-45 24 47 0
-22 26 45 0
14 50 -18 0
35 18 34 0
49 -35 45 0
-17 47 24 0
-21 28 1 0
-10 22 35 0
3 -20 30 0
