c CNF generator v0.9
p cnf 50 245
45 48 49 0
-16 5 -27 0
37 32 45 0
-25 -13 7 0
47 -47 -41 0
33 49 32 0
22 -7 11 0
44 -30 -18 0
-18 -39 15 0
-23 -40 4 0
22 -6 -6 0
-9 -23 41 0
42 -9 -10 0
-34 -15 18 0
6 24 43 0
11 -1 48 0
41 -42 -10 0
47 -1 -29 0
-41 21 27 0
-33 -35 17 0
43 -46 21 0
-15 -18 47 0
37 -29 3 0
25 -15 -37 0
-4 -38 -25 0
-3 35 -19 0
9 -17 30 0
46 -22 -14 0
39 29 40 0
-34 -30 21 0
-24 40 30 0
43 -29 44 0
2 32 -17 0
48 30 19 0
8 -4 24 0
-49 50 -12 0
10 19 -4 0
-14 -45 -20 0
-50 -46 31 0
-37 37 -13 0
44 -43 -49 0
-20 -36 9 0
-40 33 -26 0
24 19 -17 0
17 22 21 0
-9 35 37 0
29 -17 23 0
-49 -7 21 0
-49 8 26 0
-19 29 -15 0
8 -11 41 0
5 20 11 0
4 9 -25 0
-50 -46 9 0
-33 -33 -38 0
-4 -2 30 0
-2 -38 -34 0
29 -1 -16 0
28 17 -32 0
23 34 -49 0
-22 29 30 0
50 47 40 0
-11 34 -25 0
-5 3 46 0
-21 -2 41 0
43 19 23 0
24 -17 -50 0
-10 -27 10 0
-40 4 -12 0
2 -43 -37 0
28 7 44 0
16 43 27 0
-25 50 -11 0
-2 17 17 0
20 -22 43 0
-6 1 9 0
25 -36 -42 0
8 -17 -20 0
47 -4 -23 0
37 20 10 0
13 -21 -17 0
-35 -46 -49 0
-27 -34 -49 0
-49 42 -42 0
27 47 -16 0
6 20 30 0
30 34 23 0
25 25 -6 0
13 -2 -36 0
-14 -2 17 0
-35 -5 -4 0
1 49 -49 0
35 -22 -31 0
14 -13 19 0
26 -44 36 0
19 20 -4 0
-28 -50 -7 0
-14 34 44 0
-3 35 6 0
-24 20 50 0
-46 7 45 0
15 -12 26 0
36 27 -6 0
-40 -21 50 0
34 38 -22 0
7 -50 -14 0
38 -43 -31 0
-23 -37 42 0
20 -5 -11 0
-43 13 -7 0
42 44 37 0
-41 -9 15 0
-42 1 -15 0
-31 -21 34 0
43 -33 26 0
12 27 13 0
8 -42 -34 0
-3 -48 -37 0
-32 24 -16 0
-10 -7 23 0
-49 25 -25 0
-16 -46 39 0
8 -30 38 0
33 30 -20 0
6 -24 -39 0
-39 35 -20 0
33 45 19 0
-17 -32 30 0
-41 -1 -47 0
-14 -42 -10 0
2 45 -46 0
50 43 -16 0
-12 -33 -48 0
33 -24 -23 0
-29 2 11 0
-6 -37 -24 0
-41 -20 -6 0
39 -36 31 0
29 46 -24 0
11 26 -8 0
-10 3 50 0
-6 -38 24 0
34 -15 -28 0
-17 32 40 0
18 5 24 0
-30 28 46 0
-46 -14 -8 0
-30 14 28 0
12 -11 17 0
46 22 27 0
-26 2 -5 0
-37 3 -35 0
-40 31 10 0
-15 8 -44 0
45 -24 -43 0
-13 -7 4 0
-32 36 -9 0
-29 -23 -1 0
36 -19 9 0
-29 26 8 0
43 -3 35 0
-7 -19 16 0
-21 -13 14 0
-44 6 28 0
-48 -42 34 0
39 17 23 0
41 -15 17 0
-15 39 13 0
10 -19 -13 0
-7 -24 19 0
17 -40 27 0
47 21 31 0
16 35 -8 0
-10 -26 15 0
-39 1 2 0
-1 -28 47 0
46 20 44 0
-20 -11 -3 0
40 9 3 0
18 -27 -30 0
-28 22 1 0
9 -28 22 0
-22 28 -32 0
-12 49 -28 0
34 8 2 0
20 -38 -12 0
-1 37 23 0
9 -4 -46 0
47 -40 -13 0
-25 28 -44 0
38 -16 5 0
23 14 -1 0
2 -30 -20 0
-4 -15 39 0
6 5 22 0
-14 42 23 0
-34 -15 -8 0
11 9 -46 0
-50 -1 42 0
-2 -6 43 0
-4 -40 -25 0
-49 -28 28 0
-46 -38 -12 0
-41 8 -32 0
-8 5 -49 0
-47 -9 -43 0
-29 12 47 0
22 18 -29 0
12 -31 32 0
7 -50 -17 0
-47 -48 49 0
-2 8 -47 0
24 -15 -3 0
10 -26 -1 0
-42 -32 49 0
6 22 5 0
-9 -33 -10 0
43 43 43 0
-31 35 24 0
17 -16 24 0
21 -44 -21 0
-10 13 -22 0
-11 8 13 0
36 -8 -17 0
18 41 -28 0
-26 44 -4 0
-38 11 -20 0
8 -48 -31 0
-48 -38 42 0
-9 37 30 0
44 16 -5 0
23 -16 -1 0
-45 -27 -4 0
9 7 -14 0
-38 20 29 0
-45 -46 -31 0
-40 7 27 0
7 3 -10 0
9 -42 39 0
4 -28 -26 0
-8 -40 -6 0
5 15 32 0
42 43 13 0
46 -6 21 0
-25 -46 -49 0
