c CNF generator v0.9
p cnf 50 245
46 -35 -44 0
39 -47 39 0
-35 8 34 0
-44 9 -32 0
33 45 -34 0
38 39 21 0
-44 39 -34 0
-22 13 -14 0
46 -39 -27 0
-44 -26 28 0
25 37 -40 0
36 40 -41 0
-22 -17 -26 0
44 23 -15 0
48 -10 -39 0
30 34 -37 0
16 -49 -19 0
-50 31 -18 0
17 -50 17 0
-13 -9 -16 0
7 50 -3 0
-41 -13 -45 0
50 39 -34 0
-8 23 26 0
-26 -9 45 0
21 -11 20 0
-46 -2 16 0
-28 41 -32 0
-20 6 6 0
38 9 -47 0
44 -41 -19 0
39 46 -10 0
50 -33 28 0
32 14 -15 0
26 15 3 0
-40 17 13 0
-49 19 -35 0
8 33 -16 0
-49 -39 -46 0
-24 -25 -35 0
42 -5 -36 0
-35 32 -27 0
24 21 -25 0
14 23 15 0
20 6 -22 0
13 -13 33 0
-5 -2 21 0
47 -22 -17 0
-17 9 -25 0
46 -47 -4 0
4 -7 28 0
-39 -48 16 0
30 6 9 0
-39 32 -18 0
-19 50 18 0
-37 43 42 0
5 19 -48 0
31 -18 -12 0
-37 7 -8 0
-9 31 33 0
43 -34 -37 0
-24 -20 -33 0
-48 29 17 0
45 -46 -27 0
-39 -8 28 0
29 38 -36 0
42 25 27 0
-18 38 38 0
-49 4 47 0
18 -2 -6 0
1 -48 -4 0
-20 43 41 0
-16 -17 -13 0
-20 28 47 0
35 -10 50 0
-9 -42 16 0
36 -2 25 0
-39 -33 17 0
-37 5 -13 0
48 -50 -38 0
20 -15 19 0
9 8 -17 0
-20 12 -46 0
-26 -38 39 0
-47 46 30 0
-20 -30 -8 0
14 -31 -27 0
-11 -44 28 0
11 -33 -39 0
-48 29 -50 0
15 36 32 0
24 -38 -46 0
-34 17 42 0
47 -39 36 0
26 -38 -48 0
-40 32 -28 0
45 -16 -30 0
-36 15 -47 0
-9 -15 36 0
9 10 -36 0
-28 -2 -46 0
14 -10 16 0
18 -33 4 0
12 29 -46 0
35 1 22 0
-46 -46 -1 0
-21 15 10 0
32 12 20 0
2 23 12 0
-5 -13 -4 0
40 -11 -8 0
-39 15 -31 0
-27 -41 -25 0
45 -40 47 0
11 -45 36 0
16 -22 -43 0
3 -46 27 0
25 3 -28 0
-18 19 2 0
-49 8 -14 0
46 -14 2 0
-35 4 17 0
36 -15 -35 0
-10 7 21 0
41 -12 -41 0
21 -32 -29 0
39 15 5 0
-20 30 -21 0
-37 5 20 0
33 -15 21 0
-11 50 21 0
36 13 25 0
14 -4 29 0
10 34 46 0
-5 42 9 0
23 -23 -46 0
31 -28 -30 0
47 -50 37 0
-13 -10 -7 0
35 27 -13 0
20 9 -5 0
19 35 -16 0
40 -30 42 0
-28 19 30 0
34 46 47 0
-26 46 -34 0
-49 -34 16 0
25 -39 -1 0
43 43 -24 0
-11 32 -50 0
-43 -5 -22 0
-35 12 25 0
14 41 -35 0
48 9 41 0
-20 -17 43 0
-11 5 -30 0
16 -48 -12 0
28 45 19 0
-49 -47 8 0
-25 25 21 0
-18 7 9 0
-13 22 -26 0
32 -9 -20 0
-47 -49 15 0
-15 44 14 0
22 -47 39 0
2 8 13 0
-1 -50 -46 0
-30 8 -9 0
1 -13 -7 0
12 4 -41 0
2 -33 17 0
-42 -12 -36 0
11 -31 6 0
-50 7 18 0
23 11 41 0
45 -21 -38 0
-1 -47 45 0
-3 8 -14 0
32 2 -37 0
8 -31 45 0
30 25 15 0
-22 13 -13 0
15 21 1 0
38 -4 -19 0
-49 33 -9 0
2 20 -28 0
10 37 17 0
35 15 -25 0
-12 29 -48 0
-35 4 23 0
27 -43 33 0
2 -39 -25 0
4 29 -28 0
-42 5 -37 0
37 -40 -44 0
-32 32 -39 0
15 -3 46 0
-37 -44 10 0
-28 14 28 0
47 45 8 0
4 27 -22 0
32 36 16 0
12 37 8 0
8 -3 35 0
-11 8 -34 0
13 8 -10 0
-49 -16 23 0
-50 -48 12 0
-6 -47 34 0
-45 -5 8 0
-17 18 43 0
-2 -24 32 0
33 -6 9 0
28 -43 -25 0
26 21 -28 0
32 21 26 0
21 -26 -37 0
30 18 -12 0
-19 43 1 0
42 34 -34 0
-23 48 38 0
-44 30 32 0
-25 12 -29 0
-38 -9 14 0
44 -46 -33 0
10 -2 40 0
-10 47 42 0
27 -35 -29 0
4 31 -50 0
-10 32 -10 0
3 45 50 0
8 46 32 0
-47 4 48 0
-10 -3 -14 0
-9 -15 21 0
-37 40 29 0
19 -14 -4 0
-7 25 21 0
16 49 28 0
14 13 43 0
15 40 -41 0
21 7 -26 0
18 -9 -38 0
-12 21 -16 0
