c CNF generator v0.9
p cnf 50 245
13 -13 -48 0
22 23 -28 0
-19 -13 -45 0
-32 42 -24 0
-7 -20 -26 0
-29 43 23 0
27 -9 14 0
-32 50 43 0
32 34 50 0
40 4 49 0
11 23 40 0
28 15 2 0
50 -21 -33 0
20 30 28 0
-12 -23 -15 0
-13 -13 -34 0
-50 -36 39 0
-24 17 46 0
-16 -4 3 0
43 43 -46 0
-40 -47 -1 0
6 -43 27 0
-47 24 19 0
42 -2 14 0
-11 24 28 0
-32 -7 17 0
44 35 -5 0
23 2 -22 0
-46 49 41 0
7 -42 -44 0
-14 28 40 0
16 -3 16 0
-16 39 18 0
36 32 -11 0
48 39 -36 0
31 18 29 0
-7 13 28 0
15 17 -6 0
-1 37 27 0
19 14 -24 0
-20 30 -44 0
41 -23 48 0
-25 -18 24 0
-42 34 -33 0
-11 17 22 0
-9 2 -37 0
47 28 34 0
-26 -3 9 0
10 -19 9 0
-45 19 -32 0
-27 18 33 0
7 41 -21 0
33 39 -13 0
9 -43 -41 0
20 -46 50 0
33 24 -7 0
-1 19 -33 0
-5 -34 -30 0
34 -15 10 0
-22 38 4 0
-14 32 42 0
-17 -13 -9 0
39 -16 17 0
-46 48 37 0
45 26 -42 0
-35 30 -32 0
-22 17 -11 0
25 -48 -8 0
25 41 8 0
-30 -4 40 0
5 -5 20 0
-19 19 35 0
-17 -38 -20 0
49 32 -37 0
3 -40 -25 0
-26 -18 47 0
34 -46 42 0
-11 -11 -25 0
10 -16 33 0
-9 2 33 0
41 -7 -17 0
-31 23 42 0
10 -21 -1 0
-15 40 -32 0
37 42 13 0
40 -49 -10 0
-9 -39 -35 0
-9 14 42 0
9 2 -1 0
-9 -24 16 0
-9 -38 -40 0
-21 -48 -46 0
39 9 17 0
5 5 28 0
40 -3 27 0
8 -18 -45 0
-19 39 -13 0
-11 -7 25 0
-37 -50 -23 0
-26 -38 -11 0
-19 -11 33 0
5 38 -23 0
16 -25 13 0
18 -5 29 0
-47 29 26 0
10 12 31 0
43 23 39 0
7 -36 -11 0
17 50 1 0
49 43 -41 0
-19 40 -34 0
-20 32 -15 0
-36 -17 -25 0
-23 -47 -26 0
36 -8 19 0
-44 -18 29 0
-5 45 -24 0
35 -50 26 0
-46 25 -9 0
26 30 -2 0
-28 -46 14 0
17 39 -15 0
-40 -18 -30 0
31 13 -11 0
17 -15 -10 0
37 -24 47 0
-6 19 -45 0
-12 -16 25 0
-30 24 29 0
23 43 44 0
15 -19 42 0
-3 -38 38 0
10 1 -44 0
24 19 -15 0
-31 38 22 0
-33 28 36 0
34 5 -23 0
-14 46 50 0
33 37 -3 0
-15 -18 20 0
-36 47 48 0
25 -43 -15 0
-17 -21 -22 0
-44 23 22 0
-16 -13 1 0
-48 34 32 0
-44 26 -9 0
-4 15 -11 0
-3 46 -43 0
22 -3 21 0
-17 -38 22 0
22 29 27 0
20 -43 37 0
43 -21 -2 0
49 -2 -32 0
-2 -37 -38 0
27 44 14 0
48 -32 40 0
-2 24 23 0
-1 24 -34 0
22 19 -20 0
9 -39 -39 0
-8 50 -23 0
-6 38 14 0
-35 19 50 0
48 9 -28 0
19 31 37 0
34 26 -8 0
39 -18 -24 0
-8 -35 -28 0
-40 15 -47 0
31 -37 45 0
44 41 39 0
-38 -22 -30 0
-26 42 -39 0
-31 45 38 0
-30 25 -31 0
-40 -28 48 0
11 -37 2 0
-6 13 42 0
-11 15 -22 0
5 24 5 0
-9 31 30 0
26 37 9 0
3 21 -8 0
27 24 -32 0
28 -10 -31 0
-27 28 23 0
25 -2 -7 0
-6 11 20 0
28 -7 2 0
49 -14 17 0
-24 -24 50 0
-7 -31 23 0
50 -37 24 0
-49 14 -9 0
-50 -15 17 0
-33 35 9 0
34 25 44 0
5 50 46 0
-44 -48 43 0
-12 33 -6 0
30 -13 37 0
8 -34 -41 0
-41 -24 4 0
-28 9 26 0
-18 25 -33 0
3 -28 -45 0
30 -23 39 0
3 17 -13 0
1 50 30 0
-14 15 -49 0
-3 -6 30 0
1 -10 -13 0
-22 39 50 0
42 -40 -28 0
-45 29 37 0
43 11 -17 0
49 -16 -38 0
17 28 -39 0
-36 -30 13 0
-26 -27 21 0
-40 27 -13 0
-12 47 -43 0
-10 45 -14 0
41 -5 36 0
40 22 -50 0
4 -7 -39 0
-31 43 23 0
-44 -17 -50 0
39 -44 10 0
42 50 -15 0
-19 -41 46 0
21 -2 22 0
-41 27 -50 0
-33 -6 6 0
-5 23 40 0
-19 -38 5 0
34 -5 32 0
8 -10 46 0
-1 -20 -34 0
9 27 43 0
-10 10 -23 0
42 33 15 0
-30 44 2 0
