c CNF generator v0.9
p cnf 50 245
-11 30 -6 0
19 39 -21 0
-45 6 -15 0
40 -36 4 0
20 -49 -34 0
-43 -43 29 0
-39 -9 36 0
27 -29 -26 0
29 6 48 0
37 -42 17 0
-36 21 49 0
40 28 27 0
26 -29 -41 0
-3 14 -31 0
6 -17 -48 0
-33 24 -47 0
17 9 -26 0
25 32 -17 0
41 -28 -12 0
-26 -42 -14 0
10 12 5 0
-22 31 44 0
-50 -1 -41 0
-10 8 -1 0
-24 4 -50 0
45 33 46 0
-42 30 8 0
-48 -41 41 0
19 -33 -13 0
5 -28 -9 0
-14 -35 24 0
-28 6 -26 0
-35 -33 2 0
26 -35 -21 0
41 11 24 0
25 -31 22 0
49 -5 49 0
-44 50 25 0
-12 6 -4 0
-42 -43 -45 0
-19 -35 -41 0
-7 -28 10 0
35 -39 13 0
-9 -45 -32 0
28 -31 26 0
-22 18 34 0
18 18 -7 0
-22 -44 -24 0
-7 49 -16 0
6 25 47 0
6 -17 -20 0
-48 13 19 0
8 -5 18 0
23 49 -48 0
-46 47 -12 0
-43 -30 34 0
23 -23 -50 0
-19 47 -38 0
-5 -14 17 0
7 46 13 0
26 3 6 0
-19 15 -4 0
47 36 -37 0
5 -15 17 0
-2 45 -3 0
3 -3 13 0
-6 -16 -40 0
-22 14 -15 0
17 37 -45 0
38 5 -39 0
32 10 -50 0
10 -42 29 0
46 -16 -35 0
-40 41 11 0
-21 -31 -30 0
-6 26 -32 0
-8 -1 41 0
18 -11 -18 0
36 -7 21 0
6 -31 -4 0
9 21 50 0
23 25 49 0
12 41 -42 0
-17 26 44 0
35 8 -50 0
-44 21 25 0
39 29 9 0
-17 -7 -1 0
11 -1 -31 0
29 27 -26 0
4 -50 -11 0
-9 -17 -14 0
49 -46 5 0
31 11 20 0
45 16 -5 0
3 11 16 0
-31 44 41 0
-23 -8 -33 0
24 29 -47 0
11 26 -17 0
-50 2 -27 0
-25 -44 41 0
11 41 -38 0
-42 48 24 0
-43 18 -11 0
-16 -23 -19 0
14 -9 -45 0
-7 -39 34 0
-28 -17 -34 0
-18 3 19 0
-27 12 -10 0
28 -48 7 0
44 -17 4 0
-32 49 31 0
4 38 18 0
-27 20 -39 0
-45 -12 25 0
33 33 -47 0
17 -3 -45 0
-22 47 -8 0
-25 33 -19 0
-10 17 -6 0
-47 8 -33 0
-20 6 10 0
38 45 5 0
-11 37 -42 0
40 35 13 0
-43 42 -40 0
49 -12 -11 0
-23 -3 32 0
-30 -35 -44 0
19 9 -27 0
-46 14 34 0
-25 49 -17 0
-19 -43 15 0
-26 -19 -36 0
12 17 -25 0
-22 22 17 0
-31 39 4 0
-26 48 50 0
-22 -33 -31 0
26 30 23 0
2 31 33 0
18 -28 -8 0
-46 13 -6 0
-5 -34 -36 0
-10 13 19 0
41 35 29 0
44 -26 -19 0
16 36 -44 0
30 16 46 0
-38 2 47 0
41 20 19 0
-42 -48 8 0
-21 -41 9 0
26 21 35 0
-11 -50 -34 0
-46 -8 -44 0
-20 -45 29 0
-21 -14 -29 0
-19 -38 -25 0
46 17 -29 0
-38 28 2 0
-8 -48 19 0
-45 33 -38 0
44 22 9 0
6 -35 49 0
46 -17 -27 0
35 2 -11 0
-28 -43 25 0
18 6 -45 0
24 12 -12 0
-6 -8 -25 0
29 -35 35 0
-36 -42 20 0
-19 22 -15 0
-9 8 40 0
-5 -18 -12 0
34 -15 1 0
15 37 -24 0
-9 31 -17 0
-4 22 20 0
-39 18 -4 0
-7 -13 -41 0
-4 -21 -8 0
-39 -46 -18 0
17 -17 33 0
8 15 -3 0
-22 -26 -1 0
30 -46 35 0
-43 9 47 0
-38 -36 -37 0
-16 9 -9 0
-32 -32 -28 0
-26 34 -21 0
-4 48 24 0
-33 -11 31 0
-36 -2 -3 0
11 -18 -44 0
-31 36 20 0
27 21 23 0
40 -15 30 0
35 11 -38 0
13 9 49 0
-10 20 -20 0
-24 28 -39 0
-37 -4 3 0
-32 -4 -48 0
-2 -36 44 0
46 32 -31 0
-32 -27 32 0
45 20 6 0
7 -32 42 0
-28 3 30 0
10 31 -39 0
37 -18 50 0
12 18 6 0
-47 21 39 0
24 10 23 0
-42 22 49 0
36 12 -35 0
21 -32 11 0
-30 9 25 0
8 -40 -48 0
-40 -36 28 0
20 40 5 0
-34 16 21 0
50 46 -15 0
-3 -14 37 0
-38 14 -44 0
6 45 -7 0
43 -35 -7 0
18 -4 30 0
-1 10 11 0
6 8 37 0
-1 7 37 0
-17 -41 -44 0
46 1 -47 0
-50 -43 -9 0
-18 -40 -30 0
-47 -36 49 0
44 6 -28 0
34 -15 31 0
18 2 -25 0
-14 37 -34 0
