c CNF generator v0.9
p cnf 50 245
-15 -40 50 0
41 -22 39 0
-48 39 -18 0
-30 -4 45 0
-27 -25 -43 0
10 41 5 0
7 23 -39 0
-22 -15 47 0
-7 21 9 0
-13 37 -20 0
-13 2 -24 0
-43 -25 -23 0
29 46 -50 0
-22 -16 -32 0
8 37 -39 0
-50 -23 4 0
15 20 17 0
-23 -50 -21 0
-38 16 40 0
-9 -22 -49 0
29 -11 39 0
9 32 16 0
42 -21 28 0
46 -23 17 0
-13 6 -3 0
-26 21 -34 0
-5 -42 -4 0
22 -7 -40 0
-30 24 -12 0
41 20 22 0
1 -38 36 0
32 -2 -26 0
-1 -17 18 0
-29 -29 -35 0
-49 8 -9 0
-24 11 37 0
14 25 9 0
-33 33 43 0
-30 -43 15 0
33 -15 4 0
-37 45 2 0
-14 14 -2 0
-19 -29 -3 0
-32 -41 -33 0
-33 19 -24 0
-50 22 7 0
-5 -10 -22 0
-19 -13 18 0
25 -46 14 0
34 -27 34 0
11 -6 44 0
-32 37 -35 0
-47 34 -29 0
36 32 -29 0
31 16 45 0
-12 -17 6 0
23 19 44 0
35 41 -15 0
1 -32 22 0
7 -39 -25 0
-26 -39 -11 0
-3 17 7 0
-10 -19 5 0
48 -38 46 0
-25 -1 37 0
26 30 34 0
5 -6 -40 0
-20 -14 9 0
4 19 -19 0
-47 17 -3 0
40 -18 42 0
6 17 -23 0
4 -28 19 0
-13 -16 30 0
35 -5 4 0
-38 29 -25 0
-44 36 10 0
4 -23 -1 0
-34 -40 -25 0
-13 42 -42 0
-1 -13 -47 0
-45 -46 16 0
-7 29 1 0
21 -7 47 0
-11 10 -11 0
-31 -26 10 0
21 -29 -24 0
-32 -1 5 0
-24 -50 -21 0
48 -34 2 0
-48 30 -8 0
-18 28 23 0
-46 -1 5 0
5 41 5 0
-43 43 -50 0
9 3 -46 0
41 -3 37 0
-27 34 -42 0
-7 -11 -40 0
17 -16 25 0
41 -46 29 0
3 -47 -37 0
-49 26 6 0
-8 45 3 0
28 -12 -4 0
-32 22 36 0
32 -27 -21 0
-34 -13 47 0
-35 49 -50 0
8 5 50 0
31 -15 36 0
-33 -24 37 0
31 -8 -37 0
-18 -5 -45 0
-5 -42 14 0
-39 -22 -47 0
-21 -9 28 0
-12 46 7 0
28 -7 -7 0
13 27 -45 0
21 35 46 0
9 -44 43 0
3 -6 10 0
-42 -18 -37 0
23 23 -6 0
-35 5 -26 0
46 8 24 0
-30 46 31 0
-12 -2 -36 0
50 43 14 0
23 -48 25 0
19 -35 37 0
-33 -38 -38 0
-8 -40 20 0
8 11 -38 0
39 -21 -26 0
5 48 -17 0
43 10 30 0
3 29 24 0
-14 31 16 0
48 34 -13 0
-19 37 10 0
34 -49 -13 0
-3 7 17 0
-44 -40 -20 0
-25 -34 -18 0
37 23 -9 0
22 43 -46 0
44 19 -31 0
-27 -44 -9 0
-46 13 1 0
27 -1 -28 0
5 30 -41 0
-26 5 14 0
-37 30 50 0
25 -42 41 0
-19 -34 -8 0
-12 15 -15 0
7 -24 -24 0
-3 -37 29 0
-10 39 -33 0
-49 -34 -21 0
2 35 29 0
46 -17 32 0
-13 -3 -28 0
-33 -26 6 0
4 -7 12 0
-39 -27 -30 0
-41 15 28 0
38 -48 12 0
-24 -41 50 0
28 -2 46 0
25 -19 49 0
7 -33 -38 0
50 11 33 0
-47 -38 -36 0
45 46 34 0
-4 31 37 0
-6 -42 20 0
-38 24 -8 0
32 45 33 0
5 36 -8 0
27 38 38 0
24 -7 -16 0
13 -11 40 0
7 -35 14 0
16 -8 45 0
49 -12 -12 0
-9 -4 32 0
-32 28 -14 0
7 42 50 0
16 -41 8 0
11 29 2 0
50 1 -11 0
-49 -36 -28 0
-42 30 -40 0
-7 -26 -16 0
35 -24 -12 0
42 -3 -10 0
-30 7 -30 0
15 11 -24 0
-17 -26 -31 0
-18 33 -26 0
26 -18 41 0
-25 40 44 0
-5 29 4 0
26 38 7 0
21 -11 43 0
-14 -14 -25 0
17 9 -10 0
49 -5 16 0
-5 -19 21 0
5 3 -11 0
-34 44 -44 0
1 42 40 0
36 14 -4 0
27 1 44 0
4 -30 3 0
24 -12 9 0
30 -15 32 0
1 26 36 0
-19 30 25 0
10 -20 17 0
-5 -20 21 0
-1 34 -21 0
-29 -6 -37 0
-49 45 -42 0
-11 8 23 0
41 -27 -22 0
-32 -14 -5 0
22 31 37 0
46 50 10 0
-33 1 20 0
-26 22 -19 0
4 -15 -22 0
16 45 -45 0
21 46 28 0
-20 49 -50 0
27 -41 -11 0
-13 -22 4 0
-41 -46 -25 0
-22 -10 43 0
32 4 -18 0
35 21 -28 0
45 -49 37 0
