c CNF generator v0.9
p cnf 50 245
-26 -49 4 0
-40 30 29 0
27 -17 15 0
-40 -31 -9 0
-27 36 -49 0
38 -9 -17 0
-14 -6 -44 0
49 -39 37 0
47 14 1 0
-28 -20 12 0
40 -20 -32 0
-23 -48 -48 0
33 40 18 0
-13 -31 -45 0
-14 18 49 0
-30 -39 47 0
-16 -19 27 0
-32 -40 39 0
-32 5 -3 0
28 42 18 0
21 -5 -44 0
47 6 16 0
-37 -6 -38 0
-35 35 -22 0
-9 -2 -39 0
-17 -46 20 0
32 46 -16 0
11 -41 -19 0
-19 21 -48 0
40 34 20 0
41 -47 8 0
-46 -32 48 0
24 -49 -47 0
31 16 -46 0
45 23 29 0
-40 -11 17 0
30 -45 -7 0
-30 31 -3 0
19 47 -15 0
-27 -19 35 0
-42 23 40 0
25 -5 30 0
-26 -14 6 0
34 -24 12 0
-50 5 -45 0
32 12 -44 0
-20 32 39 0
-2 -50 -7 0
-49 19 -4 0
4 -31 25 0
11 -4 31 0
2 36 -2 0
-35 42 -4 0
-9 -8 -8 0
20 -40 1 0
46 17 17 0
28 -18 -28 0
50 37 -29 0
-9 48 -32 0
46 -3 -19 0
45 30 25 0
27 -6 11 0
-12 -8 -41 0
-28 -4 28 0
48 -29 10 0
21 14 -14 0
-34 -38 -15 0
13 43 6 0
-43 36 45 0
6 30 28 0
-28 -14 -41 0
14 11 -32 0
-9 30 21 0
-18 -49 4 0
3 -26 23 0
41 50 -16 0
-50 45 -34 0
43 -11 18 0
-33 20 7 0
-21 -24 -39 0
-20 -1 42 0
-33 -36 45 0
-1 -5 -46 0
17 4 12 0
16 -10 -36 0
-41 -1 42 0
32 35 33 0
49 4 -38 0
40 -2 -29 0
4 -5 -18 0
-48 12 -4 0
2 32 4 0
-28 25 -4 0
-13 40 48 0
3 22 27 0
-30 -5 8 0
26 24 -50 0
-8 -42 9 0
-32 -6 -28 0
38 1 -21 0
44 43 -1 0
40 -10 18 0
28 49 -11 0
-44 -50 -28 0
-41 4 42 0
-11 -6 25 0
-26 -50 34 0
-12 50 -46 0
39 -39 16 0
46 -10 17 0
49 -9 36 0
17 25 -49 0
-19 -45 3 0
29 -45 3 0
-17 -26 -3 0
41 15 47 0
-46 -29 4 0
16 -21 34 0
-5 35 38 0
-21 30 -25 0
12 -49 -45 0
-31 -25 26 0
36 23 -45 0
2 20 -8 0
34 44 -7 0
44 -16 45 0
-3 4 44 0
-12 17 -50 0
44 42 45 0
-33 2 27 0
-24 -37 50 0
-6 3 -16 0
-35 42 -17 0
27 -32 4 0
-46 -46 39 0
36 -38 -40 0
7 -28 37 0
20 -49 49 0
1 -50 10 0
41 11 31 0
-43 -29 -9 0
33 29 -35 0
-50 27 -22 0
-38 -19 17 0
14 -5 36 0
24 16 -39 0
-43 -38 50 0
2 23 17 0
31 45 24 0
-26 2 -39 0
-49 18 41 0
-5 25 -3 0
13 -38 17 0
38 46 32 0
23 7 -27 0
12 -16 -17 0
9 16 -46 0
12 -45 18 0
47 -32 50 0
-2 40 -14 0
6 -16 -8 0
42 -20 12 0
12 -32 4 0
-7 -28 23 0
-8 -46 19 0
-44 8 40 0
-41 -46 -25 0
-22 39 42 0
46 -50 -24 0
-13 48 -4 0
34 -16 39 0
30 43 -21 0
43 31 44 0
-4 -39 -26 0
26 -6 31 0
-16 42 48 0
25 46 -8 0
16 -30 34 0
15 41 17 0
-7 10 28 0
-3 -49 -5 0
3 11 21 0
-37 41 8 0
8 28 36 0
36 -33 -40 0
-27 -28 18 0
-27 20 -46 0
20 37 2 0
12 -18 36 0
27 41 -3 0
-3 34 29 0
-40 32 -9 0
38 -42 38 0
1 -25 -14 0
14 -15 18 0
-5 -18 -21 0
-17 -9 -16 0
-7 -4 -34 0
-3 -16 3 0
40 36 26 0
-42 40 -11 0
-9 21 18 0
47 20 17 0
31 -6 20 0
35 -33 26 0
-38 -48 26 0
42 50 7 0
27 -40 22 0
28 20 -49 0
-9 15 -2 0
-15 -13 22 0
44 30 3 0
-19 -23 -5 0
43 -16 -28 0
17 16 2 0
-33 30 35 0
-9 10 -23 0
-10 33 16 0
-8 -45 -3 0
38 -48 8 0
35 30 -20 0
4 16 -39 0
-47 39 31 0
29 -38 14 0
25 -13 43 0
-41 -24 -26 0
-4 -42 -19 0
-50 31 -43 0
19 -39 -6 0
-22 6 20 0
-21 -12 33 0
-34 49 -13 0
42 48 30 0
-34 32 5 0
-12 -5 25 0
49 26 -24 0
41 21 -29 0
-33 -46 50 0
-40 -17 -50 0
-30 6 27 0
46 -29 46 0
39 -41 -21 0
26 -14 36 0
41 -17 -40 0
46 29 -46 0
