c CNF generator v0.9
p cnf 50 250
26 -18 4 0
13 -25 -29 0
-33 -2 -8 0
24 -20 48 0
45 44 23 0
11 -11 41 0
33 2 49 0
23 -8 46 0
-41 -12 -35 0
32 -6 -47 0
-9 -48 -2 0
46 50 19 0
-28 -47 -16 0
8 -32 -36 0
30 42 14 0
30 -42 47 0
32 2 -34 0
-23 -21 -48 0
-44 27 -19 0
-45 35 41 0
33 -29 47 0
-44 27 -43 0
6 28 38 0
-45 1 29 0
-40 2 -5 0
45 19 -23 0
15 40 -46 0
42 -36 -17 0
-5 -43 -4 0
-27 45 -10 0
-10 -23 29 0
-20 -34 49 0
22 31 -36 0
10 45 7 0
-50 -38 45 0
30 -12 -17 0
-28 -37 2 0
-18 13 -1 0
-20 17 37 0
26 26 4 0
-42 -15 -34 0
11 -23 -38 0
49 -49 -33 0
-50 -35 44 0
4 35 -5 0
48 -41 -46 0
-4 7 -46 0
-2 -38 -13 0
-43 23 40 0
-46 32 17 0
-48 50 6 0
18 11 -23 0
-31 30 -18 0
-28 38 -3 0
-27 18 -21 0
33 -22 4 0
42 39 15 0
-27 -22 -23 0
15 -23 -14 0
25 -46 -32 0
3 -19 25 0
-8 16 -32 0
28 -49 -28 0
-32 -33 35 0
12 -7 -29 0
-38 -36 -6 0
48 -20 -12 0
-31 -15 35 0
18 -48 -17 0
42 -31 -47 0
-23 -21 -12 0
26 29 -48 0
-13 1 -29 0
33 9 -18 0
-1 14 3 0
-36 9 50 0
-34 -20 22 0
-8 33 -44 0
-46 45 -36 0
-17 -13 49 0
-12 47 33 0
-39 -26 44 0
2 22 -21 0
25 -32 -43 0
27 -32 49 0
13 13 -24 0
-30 25 39 0
-25 -22 34 0
-3 42 44 0
-32 -8 6 0
-27 -5 -37 0
-15 50 9 0
48 14 16 0
-48 -9 4 0
-32 -30 -49 0
-46 45 24 0
6 -43 39 0
-1 21 -40 0
-8 -14 -39 0
-25 -2 -6 0
-9 -41 -14 0
-18 41 11 0
-8 -36 27 0
-7 -1 -4 0
48 46 49 0
-14 13 38 0
20 19 14 0
28 -23 -4 0
-8 -1 -37 0
-10 35 48 0
-8 -5 22 0
31 -37 -27 0
-49 42 19 0
-25 38 25 0
42 27 -17 0
30 -49 27 0
-48 -15 -23 0
-23 22 36 0
-36 -4 9 0
-16 -15 -41 0
7 -35 -48 0
44 -11 44 0
27 -31 49 0
-18 -44 -11 0
49 19 23 0
-31 -15 40 0
-18 14 -21 0
9 -20 -12 0
-42 -41 24 0
17 -8 49 0
-12 -5 12 0
28 -10 25 0
22 -18 40 0
-48 -37 -25 0
-37 -8 35 0
20 2 -48 0
36 5 -10 0
-15 20 40 0
-10 22 -32 0
-17 -21 -34 0
17 46 -24 0
18 -22 25 0
-12 -8 38 0
18 28 28 0
25 44 46 0
-47 -21 24 0
26 5 39 0
13 -48 -32 0
32 -29 -14 0
20 -43 11 0
-15 45 35 0
-34 -16 13 0
-29 -1 -39 0
13 37 20 0
41 20 10 0
-37 24 -2 0
11 -7 -34 0
-33 19 -15 0
40 27 8 0
34 15 -34 0
45 45 4 0
-2 25 33 0
-12 40 25 0
-24 -27 2 0
-39 -36 -5 0
-30 7 -16 0
1 14 20 0
-29 3 47 0
-40 -22 -10 0
-34 -49 -45 0
9 50 30 0
-27 -43 -8 0
-17 31 -8 0
-9 -47 48 0
49 -7 29 0
-30 7 6 0
34 -39 -33 0
33 -21 22 0
-14 -2 31 0
-33 -41 -24 0
-7 34 30 0
20 44 16 0
24 13 -38 0
15 -38 10 0
21 -12 9 0
45 -27 -22 0
-47 4 37 0
-48 48 23 0
-44 25 32 0
9 -5 -46 0
25 -33 -48 0
-34 26 -31 0
16 -10 -49 0
-23 -47 -14 0
-20 -18 -45 0
44 -9 -8 0
50 13 47 0
29 43 10 0
-10 24 -13 0
48 41 -22 0
17 -33 34 0
-13 -20 17 0
-7 41 -16 0
-38 37 21 0
-48 28 -37 0
47 48 -48 0
-9 18 -41 0
29 -32 3 0
46 -10 42 0
36 15 -21 0
6 -20 -12 0
-10 48 27 0
49 -39 49 0
22 14 27 0
16 2 35 0
27 -7 -41 0
44 28 29 0
30 17 -18 0
-3 34 4 0
-25 -18 -48 0
-4 44 -28 0
-20 -10 -35 0
48 -31 -29 0
-43 -11 -16 0
8 14 -6 0
20 -46 1 0
49 38 35 0
-46 38 -18 0
-14 -17 13 0
21 46 1 0
-18 6 2 0
-11 -27 35 0
-32 -12 16 0
-49 -37 -35 0
17 9 8 0
-31 -45 -48 0
-25 5 -23 0
-32 19 -33 0
-16 2 16 0
-22 -43 30 0
-34 -35 30 0
18 30 -27 0
36 21 -5 0
16 10 13 0
5 13 49 0
-14 -45 6 0
-42 -5 47 0
-18 17 34 0
26 7 -23 0
4 29 -29 0
