c CNF generator v0.9
p cnf 50 250
22 -34 19 0
39 23 -44 0
-37 -24 17 0
-32 -20 -18 0
3 -7 10 0
39 44 24 0
-32 6 7 0
-13 -46 15 0
-20 5 40 0
49 -23 1 0
43 -50 11 0
-30 -3 -15 0
11 20 48 0
-33 -2 -15 0
-32 -40 33 0
32 -50 33 0
46 22 41 0
16 43 -8 0
-9 -35 26 0
10 30 -30 0
38 -35 -5 0
49 11 -16 0
21 -38 -6 0
17 33 21 0
-41 -20 -40 0
43 -11 -2 0
-48 -37 -24 0
-22 39 31 0
-10 -22 -35 0
20 25 46 0
14 -1 23 0
-48 14 48 0
-40 -24 -47 0
1 -29 47 0
-11 -24 14 0
43 -29 35 0
24 -43 -40 0
-5 30 19 0
-8 -9 2 0
-1 4 -44 0
37 31 47 0
-7 -16 19 0
-4 -43 32 0
7 -47 -36 0
-2 -20 1 0
18 -34 13 0
13 -6 34 0
-31 33 -9 0
38 -45 47 0
24 -13 20 0
36 -33 21 0
-7 -38 27 0
24 -27 -2 0
-2 3 22 0
2 -7 -31 0
49 -20 -11 0
4 -47 40 0
32 14 -32 0
-49 19 6 0
-20 32 16 0
-13 13 10 0
7 -37 42 0
44 -14 3 0
12 -26 43 0
15 6 18 0
-11 5 34 0
38 -11 7 0
6 41 -3 0
-39 -5 32 0
-37 -10 -33 0
21 -48 -17 0
50 8 -14 0
-37 -50 45 0
-10 -38 -17 0
-8 -35 16 0
35 -43 28 0
14 -41 47 0
-47 -18 -32 0
48 16 18 0
-13 -30 -16 0
-31 -42 22 0
23 37 33 0
-50 -5 45 0
-32 -13 -4 0
-37 -29 13 0
10 33 24 0
49 -18 10 0
4 -43 15 0
-30 30 29 0
-29 -5 -14 0
12 12 -9 0
3 -37 -11 0
-29 -50 22 0
-32 -31 -12 0
-48 36 -35 0
44 -31 -32 0
30 -9 -13 0
-27 -3 -45 0
6 -23 -1 0
-22 32 -18 0
49 -39 -26 0
17 4 -44 0
-49 2 -16 0
42 38 -48 0
-10 48 34 0
17 29 27 0
30 38 -39 0
-34 27 17 0
-50 39 25 0
-6 -30 -7 0
-43 -12 32 0
3 4 10 0
-31 -5 -40 0
-49 -10 -39 0
-33 37 -36 0
-5 49 13 0
-36 21 -20 0
-28 31 -38 0
21 3 27 0
3 -50 -50 0
46 -47 47 0
-31 -1 10 0
-27 43 42 0
43 10 -40 0
13 -5 -5 0
-39 -46 31 0
38 50 16 0
-9 30 -30 0
16 -25 21 0
-47 -38 4 0
27 -33 -12 0
-43 -22 -37 0
-22 2 17 0
22 41 -6 0
-14 35 7 0
-31 -37 42 0
50 -18 5 0
-4 49 -11 0
46 24 10 0
43 17 27 0
16 14 41 0
25 -30 6 0
26 48 39 0
22 28 -33 0
-32 6 50 0
-2 44 25 0
-5 -2 19 0
-34 14 43 0
37 19 -18 0
-20 -47 3 0
44 -2 5 0
-36 23 2 0
19 45 3 0
-20 12 -44 0
6 -33 13 0
-12 34 28 0
-49 25 -36 0
-48 12 21 0
44 46 4 0
-19 -17 -18 0
-22 -47 8 0
-12 35 44 0
-17 -19 1 0
16 6 -34 0
39 -16 -7 0
-44 -7 5 0
10 27 30 0
-1 31 -20 0
-2 -8 -27 0
-7 26 3 0
-18 5 25 0
40 14 9 0
-36 33 5 0
2 5 1 0
-25 -44 -29 0
5 32 -38 0
18 2 42 0
31 -23 -11 0
-5 16 -6 0
15 -25 36 0
-4 3 35 0
-36 14 -13 0
10 39 -28 0
-29 3 -47 0
21 12 32 0
2 34 29 0
-25 1 44 0
-22 9 -30 0
19 20 -31 0
-44 -40 -13 0
-38 -39 -8 0
2 30 -16 0
-24 -29 -30 0
-50 -17 -15 0
22 -33 -33 0
3 40 -25 0
-12 15 -26 0
-33 -12 -40 0
11 -28 -30 0
26 -5 -1 0
-47 34 -7 0
45 -48 20 0
17 49 -12 0
-49 -22 -43 0
6 20 25 0
-48 49 -1 0
23 41 -34 0
6 -50 -43 0
6 40 46 0
6 44 13 0
18 -39 -6 0
-17 -4 -8 0
27 11 -1 0
46 50 32 0
-22 -48 -17 0
-19 16 -28 0
-11 -36 43 0
-42 -12 1 0
7 -29 30 0
27 47 10 0
13 50 47 0
26 15 43 0
-9 -10 -37 0
-26 7 -6 0
-26 -10 41 0
-23 -30 40 0
-25 7 -40 0
6 44 43 0
38 -36 -15 0
-39 18 -10 0
20 35 -43 0
11 -42 42 0
33 49 8 0
34 -40 25 0
-35 -37 24 0
-33 25 -36 0
-28 -1 23 0
31 30 31 0
16 15 -30 0
43 42 34 0
-16 -42 -15 0
43 -47 -10 0
-2 7 -45 0
-46 21 48 0
-46 28 35 0
-12 -11 -2 0
18 38 -7 0
34 26 -35 0
21 31 -7 0
24 6 12 0
