c CNF generator v0.9
p cnf 50 250
-42 -9 14 0
43 -25 -5 0
18 10 -38 0
29 48 8 0
17 18 40 0
-27 -43 -17 0
34 41 -7 0
-35 3 34 0
-36 -28 42 0
17 36 -16 0
12 -17 19 0
-29 38 -1 0
30 -41 -32 0
35 1 -29 0
29 49 -26 0
-15 30 3 0
-11 -27 42 0
13 34 -29 0
-39 -36 37 0
-29 -32 -27 0
31 29 6 0
28 -18 -47 0
31 8 27 0
-3 6 -17 0
-9 -3 25 0
12 8 -37 0
2 5 24 0
28 14 -8 0
46 -19 50 0
-50 -3 19 0
31 -48 11 0
-8 8 7 0
45 50 -11 0
4 48 21 0
39 -40 -16 0
8 -30 -11 0
-24 -20 -8 0
40 18 -42 0
15 14 33 0
-1 18 31 0
-30 -46 7 0
38 -44 5 0
-2 15 -45 0
-8 30 -43 0
39 35 -34 0
19 39 38 0
-21 -31 -49 0
-45 -11 -4 0
-15 -15 -5 0
46 40 46 0
-29 49 50 0
-26 50 -21 0
14 -47 47 0
8 23 -17 0
5 -40 -45 0
-2 -38 -40 0
-27 29 -37 0
50 -24 -21 0
-15 -39 38 0
36 -21 4 0
15 -22 -48 0
-8 -23 -15 0
-10 41 -23 0
-26 -16 16 0
43 20 48 0
-48 22 30 0
23 35 47 0
18 -21 -10 0
21 -34 8 0
-45 -47 23 0
-31 4 -28 0
-17 21 6 0
25 14 41 0
14 16 6 0
-44 43 1 0
-5 -23 45 0
9 -1 45 0
41 37 -17 0
-29 22 -9 0
-22 -21 8 0
-2 42 29 0
-21 42 38 0
32 -32 7 0
-9 16 -47 0
-1 -46 -35 0
17 41 24 0
-17 -30 -6 0
-32 12 50 0
-10 6 -48 0
38 48 -38 0
48 -39 22 0
-7 17 -45 0
-15 -8 -27 0
-31 -49 10 0
1 26 -2 0
-32 1 -23 0
30 -1 -50 0
34 37 -25 0
-8 -46 30 0
29 16 -44 0
41 44 -24 0
30 -2 14 0
-28 42 -41 0
44 2 -43 0
7 10 40 0
49 10 20 0
38 22 -37 0
-28 -36 -43 0
-36 48 31 0
-31 -48 -7 0
32 -10 -36 0
-20 20 -15 0
-19 -38 37 0
37 22 -23 0
-40 38 -42 0
-49 -2 48 0
5 -48 36 0
-14 -24 -10 0
-19 33 39 0
19 -10 37 0
50 -14 44 0
4 13 14 0
5 -49 -12 0
23 3 1 0
42 36 -35 0
-27 -30 -7 0
-49 -48 33 0
-3 -29 32 0
13 15 41 0
-13 7 -49 0
8 -21 -15 0
-12 26 17 0
-8 -37 -5 0
46 20 9 0
45 18 14 0
37 -3 28 0
-23 32 -49 0
-1 -2 -1 0
38 -29 -41 0
9 24 -45 0
24 12 -50 0
-3 -44 4 0
-8 -49 29 0
31 -48 -38 0
33 -7 -33 0
30 24 11 0
23 -45 -37 0
8 -28 33 0
41 -48 -39 0
33 -8 31 0
-9 -5 -8 0
-18 28 47 0
40 48 16 0
16 -49 -38 0
44 -27 -6 0
-36 24 33 0
50 -7 27 0
-12 -40 -20 0
2 -47 6 0
22 32 -38 0
12 -43 44 0
34 33 -35 0
-39 12 -9 0
-26 25 -5 0
-48 -3 3 0
29 -36 -28 0
25 -14 -43 0
-24 -23 4 0
1 36 50 0
50 27 -17 0
42 11 13 0
45 25 -12 0
9 -5 9 0
-10 15 -34 0
33 6 40 0
10 -50 49 0
-44 -1 14 0
4 11 -20 0
-3 -43 14 0
48 30 -28 0
-40 -14 -47 0
8 -47 -33 0
45 -47 33 0
-49 25 -37 0
-14 40 36 0
1 -21 13 0
-3 -43 -44 0
-23 -16 41 0
-28 30 39 0
41 27 29 0
26 43 -1 0
29 -21 -25 0
-13 50 -50 0
-21 -46 37 0
-13 -3 30 0
34 24 12 0
-46 38 22 0
28 -29 -13 0
12 -9 48 0
45 18 -32 0
29 -9 35 0
-37 -45 20 0
-26 -22 -14 0
-20 42 -46 0
3 -22 4 0
38 8 -9 0
34 9 -31 0
5 18 -10 0
26 44 -36 0
13 25 47 0
18 42 -10 0
-44 -33 13 0
-28 10 -32 0
-2 17 15 0
33 47 14 0
48 -49 45 0
18 1 -14 0
-49 -12 -48 0
-15 28 -13 0
4 -50 -3 0
16 29 -17 0
-40 20 20 0
6 -50 6 0
13 -42 -9 0
24 -21 -30 0
30 30 -7 0
37 -34 -42 0
34 14 -4 0
-28 4 -33 0
49 37 29 0
-29 25 25 0
46 -32 28 0
-7 5 -24 0
8 12 -39 0
21 41 -6 0
30 21 -3 0
-11 -5 2 0
1 42 37 0
15 -14 45 0
-16 40 42 0
7 38 -49 0
-5 -18 8 0
17 37 7 0
-18 -47 -39 0
-46 46 -6 0
17 37 -33 0
30 12 -40 0
-10 10 31 0
24 14 -47 0
-50 25 49 0
