c CNF generator v0.9
p cnf 50 250
23 -44 23 0
44 -17 -26 0
-31 -37 36 0
-40 -33 44 0
-44 18 -50 0
35 14 44 0
19 7 29 0
10 15 15 0
-4 -14 3 0
23 1 7 0
-26 -49 5 0
-12 15 19 0
-31 -5 5 0
-21 -35 -50 0
42 43 -45 0
14 -20 48 0
-32 3 -47 0
4 -11 28 0
17 -7 26 0
43 1 -46 0
34 -19 36 0
-20 21 -5 0
-16 -34 1 0
-33 9 -7 0
-22 -36 36 0
-4 -22 -41 0
-12 -3 47 0
39 -44 31 0
38 -38 -38 0
-49 -50 -16 0
45 36 -1 0
4 23 -3 0
-1 -7 -33 0
-29 9 30 0
-42 -37 -4 0
14 14 28 0
-31 12 30 0
-50 10 -4 0
18 44 48 0
40 32 -43 0
-38 35 -48 0
-45 46 33 0
1 34 30 0
14 43 44 0
22 -50 28 0
-29 -39 -40 0
-34 43 -25 0
48 -18 -11 0
43 40 31 0
-41 45 40 0
-20 9 8 0
-12 10 12 0
15 -1 6 0
33 2 11 0
50 30 3 0
-31 -49 49 0
36 -22 22 0
-44 2 30 0
21 -22 10 0
-18 46 -35 0
48 43 -10 0
-9 25 35 0
-11 -12 -50 0
16 -22 39 0
-27 -36 33 0
29 -10 18 0
-13 25 13 0
9 13 -20 0
24 30 28 0
25 -21 10 0
21 -39 15 0
-47 32 -21 0
-34 25 -38 0
27 -25 3 0
13 18 -1 0
49 15 -27 0
-30 6 -50 0
-28 37 33 0
-28 2 40 0
-34 15 -39 0
22 -8 8 0
20 -20 20 0
-47 24 -39 0
18 45 -21 0
19 -14 42 0
-30 -48 6 0
35 1 -12 0
17 24 24 0
-47 -24 -13 0
18 -30 14 0
-1 -24 24 0
10 -20 -10 0
44 7 47 0
-5 -44 2 0
12 29 8 0
-17 -20 -7 0
7 9 4 0
-45 12 17 0
-46 -23 -12 0
25 24 28 0
-4 -6 -25 0
-24 -13 20 0
-30 -30 -37 0
-37 -42 19 0
-11 -22 -25 0
15 -40 -33 0
-39 -1 -4 0
8 45 -41 0
-9 -33 2 0
-8 39 26 0
35 -40 19 0
-11 23 -10 0
-15 -15 -46 0
-30 29 -8 0
-38 18 -25 0
-38 -6 -33 0
35 32 -22 0
31 -13 22 0
20 -19 28 0
-39 -6 -11 0
10 -13 19 0
26 49 5 0
33 -40 -26 0
-5 -16 -39 0
8 17 -41 0
43 -39 14 0
28 12 36 0
18 12 -9 0
45 9 -3 0
45 -26 -47 0
47 14 -1 0
-26 15 10 0
34 20 -47 0
44 -3 44 0
-26 -23 24 0
15 17 16 0
-2 46 15 0
34 -43 -38 0
42 -7 50 0
27 -27 6 0
42 9 13 0
3 48 33 0
-35 19 28 0
11 -39 -46 0
10 1 -39 0
-13 31 -16 0
-19 16 -23 0
29 33 -50 0
28 -37 17 0
13 -20 23 0
-32 30 2 0
-50 16 -38 0
-8 -2 19 0
33 -11 20 0
40 -17 -49 0
-44 18 48 0
-16 -31 20 0
-47 -46 -49 0
-4 -45 -50 0
7 1 28 0
13 9 38 0
-31 8 -38 0
42 -42 24 0
-14 -48 -12 0
19 31 44 0
-41 -22 -1 0
-37 15 17 0
49 17 -31 0
20 38 -45 0
2 -43 -3 0
-19 -36 -43 0
43 -21 -26 0
50 -31 3 0
35 -26 -8 0
-34 33 -35 0
-42 11 34 0
35 -4 18 0
16 28 -43 0
46 -6 -1 0
38 36 -11 0
11 22 -20 0
27 21 -19 0
5 41 33 0
-42 -10 5 0
26 -7 13 0
-32 33 -47 0
-41 30 -43 0
39 -42 -49 0
-46 -22 -44 0
48 -6 -27 0
45 10 32 0
48 -13 -4 0
15 22 -21 0
44 20 -45 0
43 19 -25 0
7 49 17 0
7 42 9 0
-29 26 -47 0
-37 -32 -41 0
-30 -1 38 0
33 12 -19 0
3 40 -48 0
48 -21 25 0
-50 11 -47 0
-5 -20 -10 0
7 -49 -13 0
-14 -36 -28 0
30 7 10 0
3 -10 -27 0
-19 -37 4 0
50 6 44 0
25 26 44 0
-42 1 -28 0
12 -22 43 0
-29 8 -12 0
-41 36 15 0
32 -3 9 0
-15 4 38 0
-7 -5 34 0
38 -44 -48 0
5 -3 33 0
36 -5 -48 0
38 -24 24 0
-14 14 -15 0
34 -21 -6 0
-46 34 -30 0
47 -1 -16 0
50 10 9 0
21 15 -33 0
-33 27 -4 0
-43 30 -11 0
-1 26 -20 0
-48 -32 -33 0
15 -10 23 0
8 14 15 0
-48 30 -25 0
49 -39 -39 0
13 -11 6 0
33 -46 3 0
19 43 -48 0
36 -26 -4 0
-22 -48 23 0
21 -47 -38 0
-33 -5 -3 0
-31 -36 -49 0
-50 13 -45 0
-43 -1 -39 0
-17 32 26 0
-28 47 3 0
-20 5 37 0
