c CNF generator v0.9
p cnf 50 250
29 -33 23 0
-23 -31 -38 0
31 -11 36 0
-40 2 47 0
-13 15 -17 0
24 -40 41 0
36 -4 -35 0
13 45 18 0
-36 39 33 0
-27 20 -4 0
32 28 -13 0
46 -27 47 0
22 5 -33 0
41 15 -30 0
-23 -44 29 0
-29 -17 -20 0
-38 -3 24 0
-23 18 37 0
37 26 -4 0
11 37 -23 0
19 -49 -1 0
-23 21 -35 0
-50 -45 20 0
-45 38 -24 0
26 36 -13 0
-36 28 -39 0
-8 29 49 0
31 -33 -9 0
-3 -38 -40 0
-39 15 -44 0
-10 -6 -8 0
24 -14 -27 0
6 -16 -29 0
42 -2 18 0
10 22 29 0
27 -22 -22 0
-15 27 34 0
-45 9 46 0
16 5 -3 0
-14 12 -12 0
-11 44 -9 0
24 -19 -4 0
43 -1 -28 0
-25 -6 4 0
-6 -18 30 0
-45 -48 -40 0
-14 -10 -22 0
-34 -25 -37 0
10 34 -37 0
-17 -2 -43 0
-37 24 -24 0
-38 49 24 0
4 5 -10 0
22 8 -49 0
36 -14 -5 0
-36 -20 20 0
28 35 -11 0
-34 47 -4 0
34 -50 18 0
-20 -25 -5 0
24 -2 21 0
1 47 32 0
19 -24 1 0
43 -32 -42 0
-47 -10 8 0
27 -20 44 0
-2 27 17 0
-22 25 -16 0
-7 47 23 0
32 1 -33 0
6 39 11 0
9 36 6 0
-12 48 -11 0
-39 -21 34 0
15 -48 -23 0
40 -15 7 0
-12 44 -45 0
50 43 -31 0
-39 4 -42 0
-3 40 39 0
-11 40 -29 0
46 17 24 0
36 -35 -37 0
-6 -6 -17 0
-43 48 -33 0
49 25 -26 0
4 -17 -30 0
20 -29 -23 0
-28 -34 46 0
29 12 -44 0
28 21 7 0
4 -24 50 0
-16 -10 -28 0
45 33 -33 0
-25 50 26 0
24 -45 11 0
-22 6 -27 0
40 -22 13 0
-38 8 -36 0
16 5 43 0
9 -3 8 0
-39 -49 47 0
-5 -49 -13 0
15 17 12 0
17 13 40 0
30 -19 -46 0
-37 -19 -33 0
5 -7 19 0
-12 -41 -40 0
28 18 37 0
26 -16 46 0
-48 -32 -8 0
-43 8 50 0
25 28 -49 0
40 37 -9 0
44 8 -41 0
10 -46 -31 0
38 -5 -50 0
17 -19 28 0
-14 -5 -5 0
-24 -31 34 0
49 -29 45 0
42 24 -24 0
-47 -29 46 0
-41 46 -1 0
37 -5 -38 0
4 32 8 0
-36 -37 45 0
-26 20 25 0
48 -11 16 0
-16 -31 28 0
-28 27 -36 0
20 -4 -36 0
-7 -12 43 0
-7 -1 39 0
-24 -21 -15 0
-1 -15 20 0
-39 6 -2 0
1 27 -15 0
48 46 -33 0
20 49 50 0
27 29 -40 0
-23 11 -2 0
14 -3 46 0
25 -38 4 0
28 48 -4 0
45 31 -4 0
30 36 32 0
4 9 -24 0
22 11 43 0
-11 -15 3 0
-48 24 -27 0
23 -8 -41 0
-34 50 15 0
28 1 14 0
-36 16 26 0
-44 -10 27 0
-47 17 -33 0
41 9 41 0
-11 -32 -1 0
-48 -15 -41 0
6 50 -32 0
4 33 4 0
-7 25 -10 0
26 11 39 0
-44 49 -23 0
3 49 -12 0
12 6 -23 0
29 32 -21 0
31 38 38 0
-25 -42 5 0
30 46 9 0
-16 -13 -15 0
-7 -50 -19 0
45 -49 30 0
-11 -36 -29 0
-23 -23 -36 0
5 -46 37 0
-17 -37 25 0
-20 12 16 0
-11 27 -24 0
14 -21 47 0
-23 -49 -5 0
8 27 9 0
46 17 46 0
-19 -6 29 0
-22 -50 21 0
5 9 20 0
9 -7 40 0
-8 -7 -9 0
-21 -22 -36 0
40 -41 -47 0
-7 -2 -31 0
13 33 -32 0
-50 -16 -2 0
14 29 18 0
-35 -33 -1 0
50 -42 -13 0
10 -10 -28 0
12 41 -34 0
-24 47 -34 0
10 40 -15 0
48 41 40 0
31 9 10 0
14 -31 37 0
22 -2 -12 0
26 -10 12 0
-33 -41 36 0
-50 47 8 0
22 -24 -22 0
37 -47 -8 0
-17 27 46 0
-35 10 -35 0
-40 -4 12 0
-28 42 -16 0
3 2 -49 0
38 -37 -47 0
-18 49 -3 0
34 -31 -19 0
20 46 -28 0
19 -47 -22 0
-23 48 26 0
-44 46 -43 0
-34 36 36 0
6 -30 -39 0
32 14 49 0
1 12 40 0
10 -32 46 0
-50 38 -43 0
-11 1 10 0
14 48 9 0
-10 6 14 0
-44 36 33 0
-42 1 -1 0
24 18 41 0
29 42 13 0
-16 23 32 0
-9 -39 -1 0
-38 30 20 0
4 38 19 0
-10 45 -8 0
-10 -44 39 0
5 35 44 0
26 -9 18 0
49 5 11 0
-40 35 9 0
19 -43 -8 0
-17 -29 -6 0
-13 -34 48 0
43 -25 27 0
