c CNF generator v0.9
p cnf 50 250
-39 -27 -3 0
32 -45 -27 0
-10 -8 -47 0
-39 -16 9 0
-17 -16 -3 0
42 28 -2 0
-10 21 23 0
-32 43 -32 0
-20 -35 -15 0
20 -29 28 0
-46 31 23 0
-25 -13 17 0
25 -20 -24 0
2 -22 -3 0
13 -15 35 0
18 37 -19 0
-36 21 -39 0
-15 -4 -47 0
-42 11 -28 0
1 -7 1 0
39 -18 42 0
28 38 21 0
-28 20 24 0
49 2 10 0
4 48 -49 0
24 6 -46 0
11 3 20 0
-41 -29 15 0
-11 44 14 0
-33 -30 -15 0
-36 -5 -29 0
8 -16 32 0
29 -12 -4 0
-38 -49 4 0
-12 14 9 0
-10 -41 38 0
7 32 -8 0
-14 -44 19 0
14 27 -23 0
-49 -40 48 0
-32 -28 30 0
-28 -3 -32 0
23 17 4 0
-46 37 41 0
-48 33 -42 0
44 -45 -35 0
-46 -26 -4 0
-34 -14 20 0
11 -36 -2 0
46 -10 -25 0
20 15 8 0
22 23 19 0
-38 -43 -10 0
-36 16 -3 0
-30 -22 17 0
-22 -5 21 0
-15 23 41 0
-16 36 -29 0
31 48 -3 0
49 45 30 0
34 -4 -3 0
-43 -11 5 0
34 38 32 0
-47 -20 -5 0
-12 1 -12 0
26 -31 -32 0
-27 5 -1 0
24 4 34 0
-20 -31 -18 0
12 -43 -43 0
-21 -5 -44 0
-28 -22 -46 0
19 -22 47 0
31 21 -6 0
9 36 -39 0
-10 -50 42 0
18 50 42 0
14 45 -15 0
-12 8 -11 0
-32 -31 9 0
39 50 40 0
10 -2 -7 0
-38 -24 18 0
-21 30 19 0
-43 44 31 0
-41 25 -23 0
-38 33 -30 0
-7 -3 -45 0
-7 -8 44 0
29 -38 33 0
44 29 48 0
31 -3 -31 0
-8 47 -15 0
38 22 50 0
-32 -34 23 0
-27 -16 -39 0
4 -42 -23 0
49 31 -49 0
36 -22 29 0
17 2 -43 0
35 -48 7 0
17 35 -21 0
18 -22 -1 0
-23 37 -8 0
28 33 18 0
-42 23 -44 0
-38 -32 -30 0
-32 -31 21 0
43 31 -42 0
41 -6 -38 0
1 24 7 0
33 -46 2 0
3 -30 -3 0
3 6 31 0
2 -24 -12 0
5 -12 7 0
-47 1 15 0
40 17 -31 0
-11 -14 -13 0
-17 -26 -42 0
-24 36 -10 0
50 27 -2 0
-48 -47 35 0
21 -17 -18 0
9 -43 10 0
19 -16 -10 0
44 31 -17 0
-1 10 8 0
-31 31 -41 0
-30 37 44 0
9 29 -19 0
-43 10 47 0
-31 -29 -27 0
-50 -3 31 0
36 -3 -35 0
30 -47 41 0
4 10 -12 0
49 3 38 0
-46 -4 13 0
-6 45 -46 0
-47 46 47 0
-15 37 39 0
-14 40 -50 0
-49 -45 -13 0
28 21 14 0
-23 -45 -38 0
38 -19 -46 0
47 -15 -43 0
20 13 -28 0
6 36 -18 0
21 -47 -1 0
-47 -14 -24 0
-5 15 6 0
-17 13 -22 0
47 20 11 0
34 29 6 0
-35 -45 -47 0
-2 31 49 0
44 -9 38 0
-9 -2 -32 0
-3 -28 41 0
26 -15 -11 0
44 2 -25 0
21 25 -16 0
11 18 -5 0
37 30 8 0
-31 14 -10 0
-4 32 -41 0
-25 7 -21 0
-43 -8 -19 0
-39 42 42 0
24 44 -46 0
20 6 35 0
2 29 -17 0
-41 10 31 0
-12 -37 8 0
-40 12 -49 0
46 -17 -30 0
44 20 23 0
-39 -32 50 0
34 3 13 0
-49 -14 2 0
-16 -23 9 0
-33 -30 -16 0
-34 43 -5 0
15 -39 26 0
15 -32 -38 0
35 -13 -36 0
27 17 -15 0
-3 -21 -21 0
-38 -34 33 0
47 -25 -41 0
-33 -26 9 0
6 -28 12 0
-31 26 -22 0
39 -1 -3 0
40 8 -17 0
37 -45 49 0
49 40 6 0
-46 -37 42 0
48 -12 25 0
-41 36 -33 0
45 24 16 0
27 -45 32 0
-46 31 -12 0
34 31 -44 0
-29 33 37 0
10 -10 25 0
-50 21 -24 0
45 22 -38 0
18 -45 -13 0
2 49 -28 0
-14 25 16 0
-13 -13 41 0
-13 39 32 0
-16 6 -21 0
3 -42 -19 0
38 -8 28 0
16 -31 11 0
-50 4 33 0
33 -17 -46 0
-19 -9 27 0
6 -23 -5 0
-23 -21 -48 0
-28 -40 35 0
-42 28 -10 0
41 -45 50 0
35 1 38 0
4 -2 -31 0
-35 21 -6 0
31 -19 -25 0
-6 6 -50 0
-34 32 7 0
26 19 -20 0
-9 -21 -41 0
32 -7 -18 0
-14 1 -15 0
-46 27 -15 0
-38 -49 48 0
45 -18 -45 0
-45 39 -7 0
50 22 -16 0
29 32 -24 0
16 14 37 0
-42 -26 34 0
-10 -44 -29 0
28 16 15 0
-31 -38 -6 0
24 -6 18 0
-15 45 10 0
