c CNF generator v0.9
p cnf 50 250
-45 20 25 0
-1 49 -18 0
-34 -37 45 0
15 13 27 0
-23 -34 -28 0
-10 46 36 0
12 37 49 0
1 -13 18 0
-44 -28 26 0
-45 -31 30 0
42 22 36 0
13 48 19 0
29 19 3 0
-50 41 -28 0
36 2 26 0
4 49 -4 0
-14 45 -22 0
-27 41 -46 0
-25 -42 3 0
-46 30 7 0
45 -34 47 0
-38 30 -6 0
45 -34 -11 0
20 13 4 0
3 -2 -34 0
6 -1 -32 0
-29 30 8 0
-43 -7 33 0
-35 5 19 0
-43 26 39 0
46 -17 43 0
-26 26 -35 0
15 -26 31 0
35 3 36 0
-48 -25 27 0
43 -7 -33 0
12 2 -6 0
-22 -26 32 0
29 4 5 0
-16 23 -23 0
-43 -1 -6 0
18 29 -11 0
-18 -6 -48 0
-44 -13 -10 0
-18 41 -46 0
42 8 -35 0
43 20 11 0
-37 -25 -35 0
-26 12 12 0
-44 28 -32 0
43 39 -36 0
20 16 -12 0
36 -37 41 0
-8 25 -3 0
27 -27 21 0
-7 -34 -33 0
31 -47 -10 0
20 47 -39 0
-20 -10 -41 0
-6 -21 -25 0
-36 -38 35 0
-2 19 42 0
14 -25 -5 0
4 29 36 0
23 -13 20 0
2 3 -8 0
-22 -3 10 0
3 50 -26 0
35 4 25 0
38 43 20 0
14 31 -4 0
39 36 -18 0
-36 36 15 0
-6 6 16 0
-34 32 5 0
-47 -17 45 0
-43 34 -20 0
-46 42 11 0
-44 26 31 0
-31 23 -9 0
-33 40 -15 0
-49 -12 15 0
-42 2 -16 0
-48 -33 9 0
23 19 -9 0
-46 22 -15 0
44 -15 -19 0
-30 4 17 0
32 9 -30 0
-50 -33 18 0
-34 -44 -23 0
14 -35 -36 0
-15 25 36 0
-3 -11 -39 0
-4 32 -2 0
-32 24 -26 0
2 36 6 0
28 -44 -22 0
6 -7 -3 0
21 -50 -4 0
30 47 -50 0
-9 16 30 0
-12 35 -34 0
-33 16 -40 0
14 47 44 0
-15 -18 -4 0
-27 -34 -31 0
30 36 -4 0
-43 44 -7 0
-39 8 24 0
-39 -26 24 0
46 29 -31 0
-45 -19 8 0
-13 32 39 0
-22 2 -21 0
22 38 8 0
46 -23 33 0
-26 5 21 0
-50 -38 18 0
31 47 17 0
-25 32 35 0
18 -11 -11 0
-18 -42 35 0
-5 -39 14 0
5 38 -30 0
7 34 -2 0
-16 -40 -48 0
-48 6 41 0
48 -5 20 0
16 -2 -23 0
-50 -7 26 0
-41 -18 -17 0
21 37 -13 0
-16 28 34 0
32 9 21 0
20 -44 30 0
-35 -23 -30 0
-13 -30 50 0
-34 -5 37 0
-28 11 28 0
4 -32 -7 0
5 -3 -24 0
28 -36 32 0
-12 22 -29 0
-4 9 31 0
24 -34 -1 0
31 40 -26 0
-26 -49 1 0
41 47 27 0
-42 -32 -23 0
-17 -46 25 0
-20 24 33 0
-9 -19 23 0
34 -29 -26 0
-33 -37 35 0
-34 -38 -30 0
46 -8 -27 0
43 -22 -29 0
-15 -13 11 0
-43 25 -3 0
-43 -14 30 0
-23 32 3 0
-35 -1 26 0
42 -42 -29 0
-38 46 12 0
1 -41 21 0
35 29 -9 0
-18 -48 50 0
-13 26 -6 0
-17 26 -35 0
-8 -8 -31 0
-35 -1 -31 0
15 34 12 0
18 -11 -41 0
25 -28 -25 0
36 46 37 0
-8 -22 8 0
-25 50 37 0
30 6 39 0
-25 -18 -35 0
39 -13 39 0
-49 34 -8 0
32 46 13 0
-39 19 24 0
-41 4 2 0
-25 43 -20 0
3 23 -17 0
48 -34 -44 0
50 9 -8 0
8 -24 -13 0
11 35 -24 0
-3 3 48 0
20 30 -17 0
-14 5 40 0
45 39 -2 0
-18 -36 -7 0
4 24 -23 0
25 -48 -33 0
35 -16 46 0
2 -24 -25 0
21 -40 -11 0
50 6 39 0
-11 43 19 0
-29 -48 47 0
-21 45 14 0
4 32 -7 0
43 -20 -16 0
-7 -35 -24 0
-31 29 -44 0
22 -36 -15 0
-46 3 30 0
-44 27 2 0
42 -38 27 0
23 -49 -25 0
45 -28 -38 0
-9 -18 -17 0
-7 27 9 0
9 15 -39 0
29 14 19 0
34 -33 -12 0
7 39 -44 0
-29 -17 -7 0
34 -43 -29 0
34 -38 -30 0
-43 -19 25 0
-27 -37 44 0
-40 -48 3 0
-21 32 -9 0
29 -44 -45 0
-17 14 -30 0
47 18 -5 0
14 -30 35 0
-45 -23 -11 0
-49 -5 -35 0
-15 26 29 0
-21 14 25 0
-11 -2 -8 0
47 -50 31 0
17 43 47 0
-18 26 -46 0
22 22 13 0
-49 -3 42 0
11 34 -33 0
-11 -2 42 0
-38 36 -48 0
-24 39 -11 0
40 12 -41 0
22 -4 33 0
-31 43 -34 0
-7 46 -37 0
