c CNF generator v0.9
p cnf 50 250
4 -43 -48 0
-18 44 -41 0
11 37 29 0
-10 -1 -7 0
-37 -46 -16 0
28 -45 12 0
-28 32 -15 0
18 43 8 0
-49 9 -3 0
-44 9 24 0
-29 -21 -44 0
5 -3 1 0
4 33 -36 0
-40 39 6 0
-11 -8 43 0
-7 -8 25 0
40 35 29 0
-9 -12 -45 0
-17 12 -19 0
-11 -1 12 0
-38 -3 26 0
40 -14 31 0
-42 -9 -37 0
23 18 -42 0
-32 33 -31 0
15 48 -39 0
-1 18 40 0
24 -23 27 0
46 -16 -33 0
-39 -13 -28 0
-41 25 42 0
33 41 41 0
-39 43 15 0
-43 30 -37 0
-25 -31 18 0
-45 48 -3 0
33 36 -9 0
-1 26 17 0
-12 50 -11 0
13 -42 -4 0
-22 -32 -24 0
-35 29 -28 0
16 40 -25 0
8 -32 -32 0
-9 13 44 0
-42 -30 4 0
29 -25 7 0
4 -32 -10 0
-36 2 -16 0
29 7 -4 0
1 11 8 0
-34 -36 -38 0
10 -7 -33 0
-49 32 20 0
32 19 -6 0
-6 7 43 0
26 35 46 0
-28 -14 42 0
8 -41 48 0
-19 16 -39 0
-44 42 -38 0
-24 -23 -20 0
-49 4 21 0
46 -15 30 0
36 18 41 0
-18 27 6 0
36 -36 -26 0
14 -27 -38 0
16 38 31 0
-22 -47 -9 0
-36 50 -20 0
-35 -15 25 0
-49 -32 -5 0
14 -5 -25 0
10 35 -10 0
49 -7 35 0
42 23 1 0
-50 42 15 0
-1 6 -25 0
-30 34 -47 0
-11 47 20 0
49 -24 3 0
-24 23 26 0
-26 -43 -13 0
13 -42 24 0
-36 26 -42 0
-30 46 26 0
28 24 -19 0
-24 -14 26 0
-11 9 -26 0
39 -21 -20 0
-26 39 -23 0
-20 -7 28 0
34 -21 30 0
13 -19 42 0
45 33 36 0
-16 45 -28 0
31 -23 1 0
-28 -11 29 0
10 22 35 0
2 -33 10 0
18 -14 -50 0
-31 -2 38 0
-17 -28 -12 0
-34 21 -21 0
-13 -26 -21 0
31 -28 27 0
48 34 -45 0
-15 10 -5 0
-18 37 7 0
1 45 25 0
-11 22 -12 0
32 50 -50 0
-36 -24 -43 0
-28 8 -35 0
-15 20 -12 0
3 -42 -21 0
29 27 27 0
46 -20 -15 0
41 47 -22 0
42 -7 -39 0
-40 -32 30 0
-47 48 36 0
-1 22 1 0
10 15 28 0
-21 7 -16 0
28 30 -15 0
34 45 -17 0
28 40 48 0
2 -1 -30 0
33 4 3 0
-21 31 1 0
7 -33 -47 0
-50 22 9 0
15 -1 -45 0
31 -19 -31 0
-41 -31 5 0
-41 -14 -12 0
-35 -37 10 0
7 27 -44 0
-37 -27 -43 0
-26 -46 -33 0
29 -26 -23 0
32 -34 26 0
-33 13 -23 0
47 -23 -26 0
41 -40 -25 0
42 33 -4 0
-33 -6 32 0
-15 39 23 0
-25 6 -39 0
-19 -11 -32 0
-49 -35 -37 0
42 -28 43 0
33 -38 -34 0
-40 19 -41 0
5 -36 12 0
-8 1 -3 0
-20 49 12 0
-20 12 38 0
-46 -16 -30 0
-26 15 -44 0
19 48 23 0
-21 -10 26 0
-18 -4 -24 0
40 11 -30 0
5 -31 17 0
-47 -8 -30 0
-15 28 -16 0
38 45 -4 0
-15 -34 -19 0
32 -4 -50 0
10 -2 -27 0
7 9 49 0
-28 39 -1 0
39 29 -25 0
-6 19 43 0
5 -47 34 0
-14 5 -34 0
-15 -26 19 0
-41 -19 11 0
47 -28 -24 0
-49 -20 -10 0
50 36 -17 0
-43 -3 23 0
12 -3 -43 0
23 28 -43 0
42 -28 37 0
17 -25 -34 0
-19 47 -19 0
-11 -11 40 0
-29 50 -31 0
26 10 -10 0
39 -23 22 0
46 -22 -28 0
28 -31 -20 0
-47 34 7 0
-8 -3 35 0
-42 -6 -5 0
32 -16 -8 0
-6 -38 24 0
-36 40 18 0
-50 42 -43 0
-28 -9 -19 0
14 -10 -45 0
49 -25 22 0
34 33 32 0
4 35 -27 0
21 16 15 0
-6 42 29 0
-33 5 -11 0
18 37 -26 0
-47 -30 26 0
19 31 -30 0
32 -34 43 0
10 46 22 0
-40 5 -41 0
-23 -47 41 0
8 44 -15 0
16 41 37 0
12 -4 -35 0
28 23 6 0
3 -30 -35 0
-21 -47 -44 0
22 13 42 0
47 34 -23 0
-37 -7 -2 0
-22 13 29 0
26 23 -41 0
-31 31 -25 0
13 14 19 0
26 -10 9 0
-24 -44 49 0
-2 2 -34 0
-46 -9 42 0
29 25 14 0
39 -23 8 0
-42 -22 31 0
-3 47 24 0
-47 22 -38 0
-46 -5 -19 0
-11 17 11 0
2 48 -6 0
38 -23 28 0
-19 -3 1 0
-36 10 44 0
-39 -13 -36 0
42 -21 3 0
37 -6 21 0
-21 3 -1 0
