c CNF generator v0.9
p cnf 50 250
-2 25 -7 0
12 -25 35 0
-44 -36 -5 0
-19 -12 27 0
-26 -8 20 0
34 1 29 0
-21 16 29 0
33 -23 -15 0
-11 25 13 0
39 25 22 0
-50 17 -49 0
-8 -50 8 0
38 41 -35 0
-37 14 33 0
-5 -42 37 0
10 -4 -21 0
-37 -29 46 0
2 -13 -9 0
2 44 33 0
16 7 24 0
14 50 -41 0
-17 49 6 0
-24 38 34 0
-29 -20 11 0
44 28 -5 0
-14 42 -23 0
49 48 43 0
27 -12 -21 0
-40 21 27 0
-6 21 46 0
3 21 26 0
24 43 45 0
30 4 -29 0
-4 -45 9 0
1 8 -29 0
45 31 -40 0
-41 -15 25 0
-26 22 48 0
48 30 5 0
27 26 50 0
-5 -19 -21 0
28 21 38 0
35 -6 12 0
-33 -45 -39 0
-11 27 5 0
-5 39 44 0
25 44 -8 0
-10 26 -41 0
44 -12 27 0
-12 -30 35 0
17 -42 -37 0
8 32 -7 0
39 -16 -11 0
-44 -50 -37 0
8 -37 -20 0
-31 -10 -48 0
40 -27 -27 0
24 8 -12 0
-1 -19 -41 0
-36 2 15 0
45 18 36 0
46 -34 41 0
2 36 37 0
-49 10 23 0
50 33 -12 0
36 26 -19 0
39 49 45 0
6 -17 -20 0
45 -10 -50 0
-2 35 -25 0
1 43 23 0
-20 47 40 0
-46 -24 -47 0
-31 -27 39 0
34 -50 -38 0
-4 -50 -21 0
-11 -24 14 0
-5 38 -7 0
35 38 -13 0
-17 -35 42 0
2 1 -37 0
13 42 5 0
-39 -33 -47 0
50 38 38 0
-45 -20 -48 0
-36 39 48 0
-32 28 40 0
42 30 18 0
29 4 30 0
43 -49 45 0
49 4 -15 0
-25 -33 17 0
-44 35 -16 0
43 -19 37 0
-31 20 -4 0
-14 14 42 0
29 -37 -22 0
29 27 -45 0
-30 38 30 0
46 8 11 0
-19 30 -43 0
32 4 -4 0
-47 9 21 0
-36 -16 50 0
19 -27 -4 0
-16 46 -25 0
-31 -13 42 0
43 -23 -8 0
-40 28 -41 0
13 -35 22 0
-21 42 7 0
-15 -40 31 0
17 -16 -36 0
-45 3 11 0
26 -47 29 0
30 -6 19 0
-19 34 34 0
6 -46 -20 0
27 21 -26 0
-49 43 -47 0
-33 -17 21 0
39 -9 22 0
17 49 45 0
-19 -3 -44 0
15 -26 32 0
-9 -7 10 0
22 -3 49 0
7 -10 47 0
-18 -7 -40 0
-1 39 6 0
26 35 5 0
-43 31 -48 0
-7 45 -49 0
45 16 38 0
23 -42 41 0
-49 -50 30 0
13 14 -50 0
25 49 22 0
27 27 -46 0
36 4 26 0
-1 -41 28 0
43 -13 23 0
31 -11 34 0
-47 -30 44 0
-46 39 23 0
41 -7 -15 0
-8 -18 35 0
8 35 -25 0
9 46 15 0
41 42 -5 0
38 22 -1 0
-3 -17 13 0
-22 -49 -43 0
-26 18 -38 0
-25 -25 5 0
12 45 -37 0
-20 28 48 0
-37 -32 44 0
18 -8 37 0
-33 -30 -6 0
-7 16 -44 0
4 27 -20 0
-8 26 21 0
40 -48 -32 0
37 38 -19 0
2 43 -10 0
-34 -36 20 0
16 35 -2 0
-40 -33 7 0
-14 -17 -45 0
14 24 12 0
-23 28 27 0
-38 -44 23 0
28 6 24 0
-48 41 25 0
33 -47 39 0
39 1 -27 0
11 3 49 0
29 38 45 0
13 45 -35 0
-33 5 -17 0
36 11 47 0
15 36 39 0
-40 -24 15 0
39 -25 47 0
-1 -7 -13 0
25 -4 35 0
47 -32 46 0
47 -19 -29 0
-37 6 -18 0
1 47 -42 0
-44 -42 38 0
30 36 -1 0
-22 3 -8 0
4 39 49 0
-9 3 48 0
27 1 -44 0
13 -25 14 0
20 16 -2 0
-41 13 -17 0
9 -7 22 0
-4 28 -2 0
45 33 47 0
16 6 -48 0
-32 4 -42 0
20 12 -8 0
-28 44 -9 0
-19 29 -8 0
14 -34 50 0
-3 49 43 0
-4 -29 -8 0
-11 36 11 0
-10 -20 -48 0
9 31 36 0
-36 42 -16 0
26 26 17 0
-44 41 8 0
-8 18 43 0
10 20 -13 0
-46 21 -4 0
12 11 -47 0
1 11 48 0
-45 18 2 0
-31 24 -12 0
33 -20 -11 0
33 -47 20 0
26 22 41 0
6 36 -30 0
-30 -41 2 0
-29 1 20 0
22 -26 41 0
36 35 -25 0
-42 29 -47 0
39 -5 29 0
21 16 -41 0
-2 15 -32 0
-17 34 -38 0
-9 -46 23 0
9 -20 31 0
2 -12 1 0
29 -38 27 0
10 3 -44 0
17 25 10 0
11 -46 8 0
50 32 33 0
-9 17 6 0
-35 32 6 0
-1 43 -49 0
-19 -12 24 0
3 -9 -50 0
