c CNF generator v0.9
p cnf 50 250
33 -3 29 0
36 -25 -43 0
48 -15 -22 0
-31 44 -45 0
-2 -12 21 0
7 -38 29 0
9 -28 -26 0
-14 29 16 0
-35 -6 -40 0
21 -8 -50 0
12 25 -24 0
19 -6 -30 0
-31 -40 -25 0
22 3 46 0
16 15 -17 0
-8 -6 -22 0
43 12 48 0
-49 49 29 0
-8 -18 -25 0
2 50 -13 0
-7 -2 14 0
31 -23 -23 0
-5 -12 18 0
-23 37 23 0
36 -20 31 0
-32 -34 32 0
30 -15 23 0
-20 13 -40 0
43 -8 47 0
36 -6 9 0
-44 -43 -27 0
-9 47 33 0
-1 -20 -20 0
-2 6 4 0
-2 -18 7 0
16 29 21 0
-3 -15 48 0
-14 34 -27 0
-20 -17 27 0
-10 37 27 0
-30 -49 -22 0
28 -14 43 0
-11 -29 -30 0
-44 -8 12 0
-11 27 2 0
16 -5 35 0
-14 8 14 0
-49 -49 -32 0
-9 37 48 0
-13 9 -27 0
-2 29 -3 0
-22 4 -8 0
-35 1 -34 0
-33 46 1 0
23 19 -39 0
5 -24 -19 0
-15 42 -14 0
35 18 -42 0
-24 49 33 0
-46 -14 -10 0
-37 -28 30 0
-28 -6 -9 0
5 -8 -38 0
26 42 45 0
37 -30 47 0
9 -28 -12 0
29 -45 35 0
2 -36 26 0
-7 -44 -25 0
37 39 1 0
5 48 -8 0
6 11 15 0
-29 23 -41 0
-15 13 18 0
20 47 25 0
11 45 -48 0
39 44 16 0
37 -33 21 0
4 -31 26 0
31 3 18 0
45 -18 -45 0
-24 -38 50 0
-5 7 -34 0
-24 -32 -19 0
13 -5 4 0
15 -27 -8 0
13 29 -10 0
-34 31 -3 0
-37 -15 -38 0
-11 -3 -4 0
34 -17 20 0
-25 6 32 0
-13 14 2 0
2 -10 10 0
22 26 -8 0
-18 -24 -26 0
21 3 19 0
-28 27 42 0
43 -15 24 0
-18 17 10 0
7 -5 39 0
3 4 14 0
44 -46 -22 0
-10 -7 23 0
50 13 -16 0
8 30 -35 0
21 -1 -21 0
14 -29 -31 0
-5 -48 30 0
-9 43 31 0
-29 24 1 0
-34 30 -5 0
48 -2 33 0
-18 -29 8 0
-37 -27 -44 0
36 22 -1 0
-37 36 5 0
31 22 -48 0
-9 -46 26 0
-2 34 -13 0
12 11 18 0
31 8 -33 0
-18 22 8 0
-3 -32 -46 0
50 2 -17 0
44 26 -6 0
8 32 -41 0
-18 12 4 0
-8 45 -32 0
30 -6 -8 0
14 -29 21 0
28 50 -49 0
-4 -44 -20 0
-40 7 17 0
41 -49 -29 0
34 17 -9 0
38 33 33 0
-31 7 33 0
-24 5 11 0
21 8 9 0
-1 -49 36 0
30 9 48 0
40 35 11 0
16 43 -44 0
-8 34 36 0
-1 4 37 0
18 -21 -11 0
3 15 -42 0
41 -13 -9 0
6 -45 17 0
-19 33 48 0
-27 48 -11 0
-44 -4 36 0
-14 -5 23 0
-23 -15 -4 0
-40 15 -36 0
50 30 12 0
-47 44 -3 0
38 -5 -19 0
-48 -10 -5 0
-50 21 14 0
-25 -47 36 0
38 25 -12 0
2 36 18 0
-40 3 32 0
-19 -3 50 0
-46 -13 -19 0
-40 -10 -11 0
20 29 8 0
50 -6 -30 0
-13 -35 -41 0
3 -25 -5 0
-36 -17 -44 0
2 -37 28 0
33 20 -28 0
-13 -36 31 0
5 36 -40 0
36 19 -23 0
-6 28 50 0
13 -19 -46 0
-2 -4 -18 0
-28 30 5 0
36 -23 -31 0
50 -29 3 0
-37 -16 -6 0
-13 44 31 0
-35 -2 16 0
35 -32 45 0
20 6 -18 0
9 -22 32 0
44 -15 -37 0
36 20 -46 0
49 -47 -27 0
-1 42 47 0
-21 28 -17 0
40 -5 15 0
23 33 45 0
45 34 -7 0
-16 20 7 0
37 -22 21 0
21 -10 -23 0
25 47 -48 0
-5 -30 -47 0
2 14 -41 0
28 -8 -11 0
36 -10 -5 0
-3 -18 36 0
31 5 -33 0
-48 12 -9 0
-41 12 1 0
-16 -21 -37 0
25 26 -13 0
44 3 -19 0
-48 46 14 0
18 43 -41 0
-43 -19 -25 0
-29 -9 11 0
-23 35 20 0
44 24 -50 0
50 -14 15 0
-3 40 -35 0
42 -35 15 0
22 -49 -7 0
-17 -30 14 0
-2 9 29 0
-42 11 -9 0
-18 -39 -4 0
-14 1 16 0
-31 -34 7 0
-17 -6 5 0
-1 10 -23 0
-4 -35 44 0
15 -8 15 0
9 38 -16 0
22 -26 -37 0
34 10 -45 0
3 44 19 0
10 -40 -27 0
-5 21 -18 0
-31 -46 -46 0
44 12 -2 0
14 -16 -45 0
-34 -33 21 0
-23 -37 35 0
-23 -28 -32 0
-48 -33 -41 0
21 -45 -39 0
-36 25 48 0
-35 8 -5 0
-5 -35 16 0
