c CNF generator v0.9
p cnf 50 250
36 -3 39 0
35 41 -41 0
4 12 15 0
-5 -11 -40 0
47 -11 -39 0
50 -44 22 0
2 -13 -27 0
48 -9 -45 0
-45 -10 -12 0
-27 35 -1 0
-36 -20 35 0
48 21 24 0
6 9 -29 0
-9 38 -7 0
15 -10 25 0
-14 -46 39 0
-43 14 35 0
50 -37 4 0
-6 -43 -2 0
-44 -44 -7 0
-27 -42 -50 0
-6 -44 -44 0
25 -44 2 0
40 39 -48 0
-46 8 4 0
19 -17 -48 0
-35 2 -35 0
-15 -13 -38 0
19 -25 -36 0
50 -32 -32 0
46 19 -32 0
7 41 2 0
47 -44 47 0
7 -46 40 0
30 -26 -48 0
-24 26 24 0
25 27 -26 0
41 -5 -1 0
36 -13 43 0
41 -4 7 0
-13 -34 -20 0
39 -34 -33 0
-19 36 13 0
-34 5 43 0
46 11 28 0
-50 -40 8 0
39 4 1 0
-37 6 22 0
-32 29 -22 0
-9 -28 -32 0
-17 -5 3 0
-8 6 12 0
37 29 -4 0
22 -49 -8 0
34 22 13 0
-22 -5 30 0
50 2 23 0
35 -26 9 0
-20 43 33 0
11 -22 17 0
-15 31 -9 0
4 8 -22 0
3 -48 -35 0
-21 38 19 0
11 -48 -16 0
35 3 -16 0
-41 -11 9 0
2 46 -5 0
48 -41 1 0
-47 -24 13 0
-38 31 -19 0
14 20 41 0
43 -26 36 0
-43 23 -19 0
-15 3 -19 0
-34 -1 24 0
23 -25 17 0
20 -26 48 0
-7 26 39 0
9 -50 42 0
17 -12 16 0
-31 -20 41 0
-22 -34 -18 0
-38 -3 37 0
37 31 -21 0
-12 -49 -44 0
-49 39 29 0
-49 36 42 0
-27 -49 -14 0
16 -9 43 0
-45 14 -43 0
-16 -39 49 0
47 24 -25 0
50 -35 -41 0
-26 -8 -3 0
11 45 37 0
-30 -43 43 0
-45 15 -30 0
7 40 2 0
45 -13 40 0
32 -27 33 0
18 -18 39 0
-41 -34 5 0
-34 47 41 0
40 33 -7 0
19 -44 -45 0
31 -36 9 0
10 1 2 0
-39 -31 46 0
-45 23 -20 0
-41 10 -35 0
48 -19 -46 0
6 47 30 0
28 -9 -43 0
-29 45 -1 0
14 -19 26 0
-40 24 -19 0
15 12 40 0
9 6 31 0
-21 -16 -9 0
-17 -29 -22 0
6 -6 -10 0
-33 -18 1 0
-24 28 -29 0
4 17 -23 0
-40 29 11 0
-35 1 39 0
-6 30 -50 0
-45 -13 -8 0
33 -2 -24 0
16 28 11 0
-46 8 50 0
-3 27 50 0
-14 13 23 0
11 -22 -23 0
22 1 -10 0
-34 -28 -35 0
16 -21 13 0
24 -1 -29 0
12 -4 -11 0
16 42 40 0
-3 -26 5 0
-31 -6 -39 0
48 -33 37 0
31 -14 -34 0
-26 -22 48 0
16 42 -31 0
-49 -15 50 0
39 20 -7 0
-19 -18 -11 0
-37 -33 -31 0
24 -49 -48 0
39 28 -37 0
23 -16 29 0
7 25 29 0
19 41 -5 0
21 -38 18 0
6 -50 -24 0
22 -31 7 0
-19 -23 14 0
-18 28 -5 0
-11 -47 -6 0
-50 -25 -26 0
-45 -9 11 0
28 -34 -47 0
-38 7 17 0
12 23 15 0
-34 -1 30 0
-28 37 40 0
27 -17 -48 0
33 2 29 0
42 -18 15 0
-19 -14 -37 0
-24 -24 37 0
-13 16 33 0
27 -31 -43 0
22 -20 2 0
-46 -38 -40 0
-3 10 -6 0
17 35 23 0
-10 -19 25 0
-46 34 -1 0
-34 40 -27 0
30 6 -31 0
-9 -38 13 0
7 21 -10 0
36 29 -50 0
50 -11 19 0
-44 -33 -17 0
-43 -29 -34 0
31 15 2 0
-21 29 22 0
19 -33 50 0
30 23 -15 0
-12 23 -40 0
-6 40 -38 0
15 23 -27 0
16 -1 29 0
7 -41 -1 0
3 -13 -33 0
-15 38 -32 0
-31 -41 30 0
-44 44 36 0
-27 -11 -27 0
-22 -1 15 0
16 -43 -44 0
-14 11 -11 0
21 -22 -44 0
-49 45 -6 0
-8 -49 2 0
-33 -40 -48 0
22 11 39 0
-9 -34 -30 0
-48 48 3 0
-16 1 -16 0
42 -15 -32 0
4 41 -5 0
-4 11 45 0
10 -7 -16 0
9 -27 -28 0
-19 36 -35 0
-7 12 -40 0
-9 49 -50 0
14 11 -40 0
23 -41 21 0
38 3 -23 0
7 -28 -11 0
39 -37 -14 0
-28 -16 48 0
-16 -41 47 0
50 -38 3 0
-7 -11 36 0
5 50 5 0
48 42 -47 0
45 -13 43 0
7 -1 -45 0
17 -46 -9 0
34 -26 -26 0
-4 -7 48 0
-48 -33 14 0
34 39 43 0
30 -17 26 0
12 49 7 0
46 -45 14 0
8 19 -46 0
-17 28 19 0
32 -48 32 0
13 -37 -6 0
4 28 -3 0
43 -19 -2 0
