c CNF generator v0.9
p cnf 50 250
-43 -30 -7 0
-44 -19 -26 0
23 -26 -47 0
-26 33 16 0
-42 -16 -9 0
3 10 28 0
33 -2 -13 0
36 9 -42 0
30 29 18 0
2 16 18 0
2 -32 13 0
44 -29 10 0
-42 8 36 0
-11 -13 -48 0
40 25 -11 0
3 -45 31 0
20 -1 -38 0
9 -37 17 0
15 32 -15 0
19 -3 -31 0
11 -34 -3 0
17 31 -23 0
-25 -26 -38 0
-22 -30 5 0
-36 38 -28 0
-15 -46 -7 0
-45 49 -44 0
-48 -18 42 0
-3 25 -12 0
29 36 -23 0
-26 33 -41 0
35 -31 -15 0
-33 -41 -1 0
49 23 5 0
38 -39 -28 0
-22 -9 5 0
40 -19 48 0
13 -32 23 0
-12 10 27 0
-23 12 36 0
28 36 25 0
-32 -4 3 0
25 -2 -17 0
16 -19 -49 0
-37 -43 12 0
-10 -48 -25 0
43 22 -29 0
-14 -46 -12 0
29 -49 24 0
-45 35 -26 0
-49 -47 18 0
36 -12 -5 0
13 -18 -3 0
-11 -35 33 0
-26 -3 -9 0
-44 -48 -24 0
40 -23 -6 0
-24 -1 45 0
-41 -42 -40 0
46 -13 -45 0
-24 -15 22 0
18 20 -8 0
-9 -8 -26 0
49 39 -15 0
-35 35 30 0
-48 23 -9 0
-13 10 -38 0
18 30 25 0
28 -47 -41 0
-7 11 28 0
12 -34 -44 0
24 -19 -29 0
40 1 -48 0
11 -27 -15 0
14 -37 -28 0
18 45 45 0
21 -30 47 0
11 -26 -8 0
-50 37 8 0
-16 8 -28 0
19 -5 -40 0
42 49 -39 0
-36 -28 50 0
-24 2 -1 0
25 -20 -10 0
-6 8 -4 0
48 -50 41 0
37 -20 13 0
-22 -39 -4 0
37 -16 -21 0
19 -49 -39 0
-17 -15 -22 0
-47 -4 -19 0
-22 -23 43 0
21 38 -20 0
-38 39 36 0
43 14 -47 0
17 45 22 0
1 6 17 0
-50 -20 -20 0
-24 17 36 0
-36 -46 47 0
19 -10 25 0
-45 -18 35 0
30 40 -6 0
40 -14 1 0
15 16 25 0
2 -17 42 0
30 -5 -40 0
50 -25 45 0
-39 36 34 0
-38 -1 11 0
14 35 -2 0
26 -29 -6 0
48 -41 -43 0
39 43 -5 0
-11 26 50 0
-7 33 -14 0
-41 -27 26 0
36 -17 -1 0
48 26 23 0
37 9 27 0
21 -16 -39 0
-25 -20 -50 0
-15 -44 17 0
42 -18 40 0
12 -21 8 0
-38 6 -5 0
47 48 -16 0
10 47 -40 0
2 -4 9 0
-32 -50 30 0
37 -9 -46 0
25 17 -42 0
3 3 43 0
-31 22 16 0
14 19 3 0
29 -47 -45 0
22 19 -3 0
37 -24 -6 0
-1 42 -17 0
-1 34 -37 0
4 35 48 0
-35 -28 31 0
40 -16 30 0
43 -11 45 0
-33 -30 5 0
37 -46 35 0
10 -7 -30 0
16 -30 25 0
-7 9 -19 0
33 29 36 0
-19 -33 45 0
36 -34 -42 0
19 38 4 0
-37 11 24 0
34 -33 -39 0
9 27 -14 0
48 9 -30 0
-33 8 -5 0
12 34 29 0
-1 43 19 0
-40 -49 -24 0
-44 -16 3 0
1 -20 -12 0
24 -18 -5 0
-4 -21 -30 0
21 33 -23 0
6 -18 49 0
-34 -9 -15 0
-31 17 -21 0
13 -8 -39 0
-29 25 -50 0
6 -21 -26 0
-45 -13 -22 0
46 7 -2 0
46 8 -4 0
-3 42 23 0
-46 -37 -41 0
10 -37 6 0
13 -9 -41 0
22 -49 -30 0
-7 39 4 0
5 22 8 0
-25 -24 -26 0
8 41 -23 0
32 -6 42 0
-49 41 -45 0
44 5 -10 0
18 -50 -6 0
-30 21 -10 0
43 -26 -21 0
-2 49 -50 0
27 50 26 0
14 7 44 0
32 46 -32 0
24 -39 -31 0
40 13 40 0
3 20 -31 0
-27 1 -8 0
-25 48 -11 0
3 40 -20 0
-9 -41 -24 0
-34 31 -7 0
-39 -2 38 0
-31 50 -28 0
35 19 34 0
-35 12 -28 0
-33 21 40 0
-33 18 38 0
-49 -11 14 0
50 -36 -14 0
25 -4 -10 0
-8 -16 23 0
-3 -43 35 0
-3 -2 35 0
10 -16 31 0
-3 39 -38 0
8 -37 22 0
13 -37 -44 0
36 32 -36 0
-38 43 31 0
-49 3 30 0
47 -8 13 0
-21 -38 12 0
36 8 -17 0
-42 41 -10 0
25 42 -31 0
-33 -7 5 0
5 -42 -18 0
20 30 9 0
27 42 23 0
19 -37 -12 0
38 22 -43 0
-26 9 -22 0
42 22 -38 0
-13 34 47 0
17 30 -37 0
-40 -3 14 0
25 -19 48 0
9 -2 -15 0
23 -40 40 0
22 -38 -42 0
-14 41 -41 0
-20 48 19 0
5 15 20 0
-13 13 18 0
-29 9 3 0
-42 6 4 0
-2 24 -44 0
