c CNF generator v0.9
p cnf 50 250
-19 -46 -35 0
9 44 -13 0
-43 -9 -34 0
-18 20 -17 0
-28 -48 -18 0
44 9 -48 0
-12 -4 -36 0
-12 -13 -1 0
-33 -19 -25 0
-49 9 -7 0
-48 11 -34 0
-26 -4 -29 0
22 -2 -25 0
-14 -43 22 0
21 -6 29 0
-41 -32 14 0
-11 -30 30 0
17 -33 -1 0
16 5 4 0
49 -45 32 0
-21 -3 -13 0
2 45 18 0
41 -3 44 0
31 22 -23 0
16 13 -33 0
-30 -46 19 0
-13 -47 26 0
-9 -21 -36 0
-22 -40 17 0
-25 14 7 0
-11 42 -24 0
1 31 18 0
-4 24 -18 0
-5 35 32 0
-30 -20 -25 0
-39 28 -3 0
-27 17 11 0
24 -12 -3 0
-14 -11 40 0
-15 30 21 0
-33 48 -1 0
-26 18 -16 0
22 48 8 0
-1 25 -21 0
-33 7 41 0
11 50 -33 0
16 44 16 0
-32 37 -3 0
-41 34 -25 0
22 -20 -17 0
-24 50 -19 0
-24 31 -43 0
41 -30 44 0
-22 -7 31 0
-15 -29 16 0
-30 25 -7 0
-38 26 19 0
19 -39 10 0
34 27 30 0
6 -27 22 0
-36 22 9 0
8 24 1 0
41 29 -48 0
-50 29 30 0
-11 20 34 0
-24 -48 6 0
47 -14 -22 0
-1 -39 12 0
35 -23 5 0
4 36 -13 0
-29 11 50 0
35 1 35 0
-31 -36 18 0
-43 23 29 0
-17 2 -36 0
49 -14 12 0
-41 39 4 0
4 -4 -47 0
-49 39 -38 0
-31 -8 38 0
-20 48 16 0
-39 17 -37 0
28 -24 -32 0
-18 -46 18 0
46 -33 -45 0
-2 28 2 0
-8 17 10 0
11 -23 26 0
-48 44 45 0
-42 27 -20 0
50 -25 26 0
-27 4 27 0
-23 -1 -28 0
50 43 -23 0
17 -36 12 0
-42 -9 -32 0
-32 39 -12 0
-10 15 -45 0
-38 44 -38 0
-28 15 -24 0
22 3 -13 0
-26 -49 26 0
-13 35 14 0
-17 25 -15 0
-49 29 43 0
43 -27 3 0
45 1 2 0
-40 40 -23 0
46 -35 48 0
28 1 9 0
10 21 -30 0
-30 30 -32 0
5 -35 -41 0
49 43 31 0
8 -40 -47 0
-38 1 -5 0
9 2 2 0
6 -26 19 0
48 -16 42 0
-41 -13 24 0
-38 -12 38 0
-21 -50 13 0
19 -8 -23 0
17 -10 41 0
40 49 -24 0
-46 -29 -25 0
-15 48 6 0
33 -48 -20 0
-29 35 -48 0
11 41 5 0
-7 -14 13 0
14 11 42 0
-49 6 -47 0
29 31 34 0
-23 27 -33 0
-1 32 -9 0
-27 -43 -29 0
-43 24 -1 0
-25 -11 17 0
24 13 -33 0
27 15 -23 0
-2 24 11 0
-15 -44 -37 0
11 -39 -11 0
30 -40 -22 0
-40 30 17 0
34 -22 -37 0
24 14 10 0
10 18 -23 0
42 2 -50 0
43 24 -16 0
38 7 -15 0
8 -39 37 0
-28 -28 35 0
10 -17 -13 0
-15 -33 22 0
31 10 -43 0
36 38 -26 0
-16 35 -12 0
28 -16 -13 0
-22 -50 -14 0
2 13 -14 0
43 6 31 0
5 43 11 0
-34 -14 -2 0
8 43 -49 0
-42 25 -27 0
-41 -31 26 0
-37 -8 33 0
-50 44 31 0
9 4 45 0
-14 -25 4 0
28 -21 47 0
-26 37 41 0
-3 -13 49 0
48 45 -32 0
10 1 19 0
-22 -32 17 0
47 18 -9 0
-44 45 -27 0
11 29 42 0
26 10 10 0
-48 -20 -13 0
-34 -43 -15 0
46 -1 28 0
-3 25 2 0
-13 40 36 0
43 -17 37 0
-20 -32 -13 0
31 -25 32 0
-14 -25 47 0
29 23 37 0
-3 -24 17 0
-16 2 -21 0
-24 36 -28 0
-45 17 -12 0
21 -16 -14 0
11 -5 -10 0
-17 24 -19 0
49 -33 34 0
17 27 -31 0
-12 -26 7 0
3 35 -38 0
28 -50 -28 0
-13 28 -2 0
45 42 21 0
40 4 -14 0
-28 20 42 0
-39 10 5 0
-33 -36 2 0
11 42 -24 0
-27 -10 42 0
20 -43 -30 0
-35 -38 -39 0
13 -28 -21 0
43 2 -3 0
-19 6 42 0
9 -17 10 0
-28 34 -7 0
1 -44 -6 0
11 8 31 0
-20 -38 28 0
37 -48 -29 0
-16 50 -37 0
-49 -3 -21 0
-32 -44 8 0
22 -14 28 0
-20 -2 22 0
-14 -13 25 0
21 25 -31 0
37 -22 -28 0
-49 -8 7 0
-24 44 5 0
-44 24 48 0
-47 33 -3 0
40 10 41 0
-22 18 -21 0
24 -41 47 0
12 -19 -8 0
-39 -12 -32 0
-33 32 40 0
-13 44 9 0
32 -13 -34 0
27 36 40 0
-43 27 -3 0
-49 2 1 0
35 30 36 0
-45 40 -21 0
23 -22 -24 0
-18 -31 -50 0
