c CNF generator v0.9
p cnf 50 250
-30 -30 46 0
-18 50 30 0
-48 46 -47 0
-39 -36 -39 0
50 -23 -11 0
-15 -35 2 0
-43 -34 27 0
42 27 -35 0
12 9 8 0
-5 12 8 0
-11 9 -49 0
-9 -1 -24 0
-36 -28 43 0
-44 -6 37 0
8 -14 1 0
25 -17 32 0
-33 -28 -22 0
-17 -41 13 0
-15 -27 -1 0
-28 -30 -48 0
-23 -20 33 0
19 7 -19 0
41 19 -1 0
-42 -46 -47 0
-32 9 49 0
7 46 38 0
49 -26 47 0
43 48 -38 0
15 11 -38 0
-10 -50 42 0
21 49 30 0
-9 44 28 0
14 26 -3 0
-4 33 4 0
-31 -15 36 0
29 14 -10 0
41 -34 -39 0
-25 33 -15 0
17 45 47 0
36 29 -37 0
8 -39 44 0
-14 -20 35 0
-26 -6 -19 0
-25 18 33 0
20 25 -47 0
18 12 -13 0
31 -5 -25 0
11 19 41 0
-10 27 28 0
8 -23 33 0
-10 -22 -5 0
12 49 -25 0
27 21 -21 0
-22 24 34 0
-31 -18 24 0
49 10 -25 0
-6 -32 20 0
-10 -43 8 0
12 41 42 0
-23 -3 -33 0
34 -7 5 0
-11 50 46 0
-36 -36 -5 0
-49 -47 48 0
-13 -49 24 0
17 4 -26 0
-4 -28 -5 0
46 -25 35 0
-36 -7 39 0
5 -21 -13 0
17 -49 -22 0
32 28 -42 0
-3 -42 -49 0
-48 35 -3 0
-49 -44 48 0
6 -6 23 0
22 33 -3 0
27 -23 -1 0
-50 -5 40 0
41 -40 -29 0
-23 -3 -49 0
-10 33 48 0
-27 -41 -42 0
19 19 -9 0
-9 -44 -23 0
40 -29 7 0
11 8 -46 0
21 39 -13 0
-30 -20 -16 0
30 -47 8 0
-46 -36 -10 0
-22 -34 -44 0
27 -4 -47 0
16 -27 -29 0
-23 -33 -18 0
-18 -15 -49 0
-11 -21 -16 0
6 -25 16 0
-1 -24 -6 0
-39 -31 -10 0
-23 12 -30 0
-26 -23 16 0
32 39 7 0
20 40 22 0
20 -33 17 0
-24 23 -17 0
1 -11 32 0
16 -13 -26 0
15 35 31 0
21 35 24 0
-13 -42 -4 0
-47 14 -11 0
50 -15 -18 0
13 7 8 0
-20 -25 40 0
-32 -9 2 0
43 -7 -25 0
48 10 -44 0
6 44 -30 0
19 43 3 0
-4 -23 39 0
-24 -38 -13 0
-31 17 -41 0
46 -19 19 0
1 9 -35 0
-1 5 -16 0
-16 -26 -18 0
12 -48 -17 0
5 6 49 0
18 -50 20 0
-2 17 -3 0
17 -41 -4 0
-50 -29 12 0
20 -17 21 0
26 3 -7 0
-35 -47 23 0
47 34 -18 0
26 -28 -19 0
3 50 -28 0
50 -24 40 0
-43 9 -8 0
45 10 -34 0
-33 14 14 0
-21 -26 21 0
40 30 12 0
30 23 -44 0
39 31 6 0
-11 -39 11 0
-13 -38 34 0
39 -29 12 0
6 22 -46 0
-37 -9 -37 0
14 -42 -29 0
28 -38 13 0
-37 32 8 0
5 -16 4 0
-8 -42 -10 0
-49 -3 -31 0
-27 29 23 0
-35 -14 -30 0
-42 46 5 0
37 -5 17 0
-7 -25 23 0
28 -45 35 0
-19 33 -19 0
5 5 -36 0
-36 36 42 0
33 9 -23 0
-4 -4 3 0
36 27 7 0
20 -45 -40 0
41 -23 -15 0
46 -19 -36 0
-33 -15 9 0
48 -9 -43 0
38 46 -29 0
-10 8 38 0
39 -36 16 0
8 20 -33 0
-3 17 42 0
17 46 -16 0
-10 1 11 0
11 -16 -38 0
19 15 -14 0
14 7 -22 0
18 22 34 0
-24 32 -21 0
43 27 -50 0
-10 -35 14 0
42 -46 -10 0
35 -7 5 0
46 -4 38 0
43 50 -43 0
7 23 15 0
28 -30 -28 0
22 -3 19 0
24 -41 -5 0
16 2 -13 0
25 -20 33 0
-14 5 41 0
-39 -39 8 0
6 -49 31 0
-41 32 -22 0
-2 16 -47 0
23 -13 15 0
-27 42 20 0
-12 -32 -21 0
27 6 -13 0
-23 6 22 0
-11 -28 -31 0
-30 -17 25 0
-43 34 47 0
-23 -39 -7 0
-3 32 27 0
39 -50 -34 0
5 31 26 0
-24 48 19 0
19 -48 -46 0
-27 17 30 0
-22 -28 3 0
24 31 -11 0
2 -26 18 0
-5 -18 26 0
29 -42 -41 0
24 -50 -3 0
42 -12 -42 0
42 -33 10 0
-5 4 -28 0
35 7 -16 0
5 18 -50 0
-49 -10 -3 0
-14 -23 -37 0
33 38 43 0
33 15 -39 0
6 11 -42 0
11 8 41 0
39 32 -30 0
-44 27 -7 0
-33 1 40 0
32 4 -37 0
17 -43 10 0
27 19 30 0
25 -30 -4 0
-31 -28 -41 0
-40 21 26 0
47 20 -26 0
46 50 38 0
27 -9 45 0
41 46 14 0
43 42 -48 0
