c CNF generator v0.9
p cnf 50 250
14 30 48 0
24 -22 1 0
-50 25 -40 0
-21 -16 50 0
-28 -13 -36 0
24 -5 -18 0
-30 38 15 0
-33 27 14 0
42 30 -41 0
14 -43 29 0
-23 40 41 0
28 -27 26 0
6 5 -22 0
-5 -7 20 0
36 -36 -8 0
-6 29 12 0
24 -31 35 0
27 1 -50 0
-17 -42 -32 0
-39 19 -48 0
5 7 16 0
-26 -49 41 0
40 -45 -35 0
39 -16 -45 0
20 38 48 0
-2 -34 36 0
10 -49 42 0
49 -29 -15 0
31 34 4 0
-37 26 39 0
-15 45 1 0
-17 25 -12 0
-37 6 1 0
22 5 1 0
-16 48 13 0
-20 49 38 0
3 6 35 0
-30 9 40 0
-34 -3 -21 0
-44 -48 4 0
31 -27 -33 0
42 7 41 0
-30 -15 -41 0
6 45 49 0
-2 11 38 0
-30 45 -22 0
-19 5 -3 0
24 27 -19 0
41 -45 -37 0
47 -32 -14 0
29 -18 -36 0
43 19 48 0
3 27 49 0
5 -43 3 0
-14 14 -17 0
31 10 37 0
-35 -12 43 0
11 32 1 0
-16 -28 -16 0
20 -22 19 0
-41 23 -34 0
-13 30 -45 0
47 -11 -45 0
-41 16 32 0
10 30 -48 0
-11 26 7 0
-9 -17 -21 0
4 -3 -42 0
42 -13 -23 0
31 38 31 0
17 -15 -34 0
-35 -43 -41 0
-48 -29 10 0
33 -9 -42 0
41 -48 24 0
-6 -29 6 0
-37 2 19 0
-48 -37 -32 0
36 -17 22 0
-36 -16 -12 0
12 22 -49 0
35 -11 -10 0
4 -39 9 0
-33 40 1 0
-48 6 7 0
-20 -7 47 0
-43 -31 -2 0
-18 -37 -43 0
-38 12 -45 0
-44 -26 12 0
-31 6 27 0
-48 9 24 0
-38 8 -38 0
-45 -9 -38 0
23 25 2 0
-31 -10 19 0
-17 6 11 0
23 -31 -15 0
7 -12 -4 0
-39 33 47 0
32 25 -2 0
-23 6 -47 0
-45 -22 40 0
-31 -31 -17 0
-17 26 36 0
-9 -37 32 0
32 1 2 0
20 27 29 0
29 38 2 0
-25 1 19 0
-40 -10 -37 0
-46 1 -13 0
-29 11 -45 0
33 26 -48 0
-27 3 46 0
-25 43 -43 0
30 -17 -50 0
28 -21 -8 0
-49 -34 -34 0
25 41 -4 0
-43 -8 -46 0
11 -48 -9 0
47 15 41 0
-37 47 46 0
-41 13 36 0
-37 -23 38 0
-10 -16 -19 0
12 -36 33 0
-20 -3 -24 0
-46 33 8 0
31 26 35 0
1 39 -47 0
-47 10 -16 0
47 2 10 0
6 -31 40 0
-22 4 -44 0
40 4 -17 0
-24 38 -15 0
48 -46 -31 0
25 -8 -36 0
24 -41 -16 0
19 11 48 0
-47 50 -16 0
-45 30 31 0
-35 -38 39 0
-36 7 -39 0
50 6 46 0
17 -6 -11 0
-25 36 -45 0
-47 31 38 0
-3 46 10 0
29 50 47 0
-9 27 18 0
-32 -15 29 0
-47 3 24 0
-7 -47 -5 0
-41 49 -6 0
-37 -20 3 0
18 1 24 0
38 4 22 0
-44 -38 5 0
-19 28 -26 0
9 -39 17 0
-32 -39 24 0
-37 -18 -12 0
-27 -13 43 0
-39 13 -12 0
48 34 -32 0
48 -8 5 0
14 42 45 0
21 24 40 0
48 -29 -21 0
23 2 -3 0
39 35 22 0
-37 -49 -17 0
48 -29 -10 0
-22 41 47 0
34 25 -12 0
-33 -15 5 0
13 7 29 0
9 3 39 0
17 -21 -36 0
15 50 -1 0
3 -50 -17 0
-50 -21 -19 0
-38 3 -35 0
-40 -2 -9 0
2 4 -20 0
-42 -32 -40 0
-4 22 39 0
33 10 -15 0
27 -35 13 0
28 9 -37 0
-34 -30 43 0
21 -39 6 0
11 9 14 0
-43 37 14 0
43 27 -32 0
-40 -45 27 0
-44 8 -45 0
-36 -41 -5 0
-12 41 27 0
-15 -31 7 0
28 -37 3 0
16 49 -34 0
5 -24 48 0
-46 -6 34 0
-33 13 -24 0
-46 13 42 0
-49 38 -44 0
26 5 -32 0
-32 -27 21 0
25 -27 28 0
14 40 -25 0
-47 -32 -27 0
-21 -29 44 0
-30 24 -8 0
-44 -32 1 0
-43 -17 50 0
-26 18 9 0
-3 42 39 0
18 22 -8 0
47 30 23 0
-27 41 -20 0
41 40 -10 0
-27 5 -3 0
35 26 -13 0
-26 42 47 0
25 -28 -2 0
6 -23 37 0
-30 11 35 0
48 21 -6 0
-3 -2 -49 0
26 35 43 0
-23 -7 -14 0
5 -22 38 0
-45 -20 -16 0
-35 22 -2 0
-44 -46 13 0
18 -6 -49 0
-28 -2 -40 0
-1 -26 10 0
-37 -11 -24 0
-12 -48 20 0
7 -34 -46 0
41 18 -14 0
28 27 47 0
18 16 -2 0
-46 5 21 0
-44 -23 -15 0
