c CNF generator v0.9
p cnf 50 250
41 -3 35 0
-1 -20 -8 0
26 16 -21 0
-23 -45 25 0
-35 -18 37 0
22 -25 -14 0
-41 29 -37 0
-11 -2 29 0
49 26 -35 0
-20 24 19 0
27 15 -18 0
50 2 34 0
29 -47 -47 0
-10 -29 22 0
12 -46 6 0
26 -35 -29 0
-28 18 -35 0
-44 50 -28 0
18 44 7 0
-2 4 -19 0
-39 7 -32 0
-38 -21 10 0
44 47 -8 0
-27 -50 50 0
-12 -42 37 0
8 23 11 0
36 7 46 0
37 48 30 0
2 -43 20 0
39 -46 21 0
13 44 -1 0
50 6 19 0
-44 25 26 0
-19 -2 -28 0
34 43 -9 0
37 26 -18 0
-4 15 -34 0
30 -10 -32 0
-24 35 -18 0
-23 -36 1 0
42 -26 30 0
-35 26 -6 0
32 -32 -9 0
-4 1 -1 0
-19 -12 47 0
-40 -4 16 0
-48 9 21 0
4 24 -46 0
28 -47 2 0
34 42 49 0
16 -31 15 0
-33 29 16 0
-47 -9 -2 0
-34 9 -13 0
-35 18 -49 0
-30 2 15 0
-33 3 -46 0
37 23 11 0
-2 38 29 0
30 -34 -15 0
-20 -1 11 0
-37 -45 42 0
-37 49 -38 0
28 20 -27 0
-16 -2 -12 0
8 2 8 0
-35 -4 -47 0
-50 12 29 0
24 36 -2 0
31 -42 -23 0
-6 -46 38 0
33 -33 23 0
-32 -1 16 0
35 -22 -13 0
-38 43 18 0
-17 -16 -50 0
6 -28 2 0
15 28 -17 0
-21 -6 18 0
17 -17 27 0
-14 -32 -26 0
31 34 -21 0
6 5 33 0
-1 -7 45 0
22 -34 -39 0
20 35 1 0
-27 -19 25 0
34 3 24 0
46 9 18 0
-7 -27 10 0
1 -48 9 0
36 22 8 0
13 19 -10 0
-27 10 16 0
-33 -44 -35 0
3 -6 -2 0
32 -22 26 0
49 -26 -46 0
12 27 -45 0
32 38 -32 0
41 -25 34 0
-47 4 -19 0
-5 -23 -27 0
-29 41 50 0
33 14 1 0
6 -17 35 0
-21 10 -25 0
18 9 9 0
18 36 -24 0
11 -11 -10 0
-10 45 -7 0
-40 -38 -12 0
-20 13 -39 0
-19 19 42 0
-46 -40 -49 0
-27 44 6 0
28 -48 2 0
4 -6 31 0
18 42 -6 0
17 3 8 0
49 -10 14 0
-44 -25 14 0
13 9 -38 0
13 -32 10 0
33 -16 -2 0
33 -20 41 0
5 -5 40 0
-46 -42 -28 0
-17 -45 -37 0
13 50 -41 0
-13 28 25 0
32 -7 -35 0
21 12 -38 0
26 47 -31 0
-33 16 -24 0
3 18 6 0
14 -41 -30 0
-27 13 -48 0
19 -9 18 0
31 44 -21 0
-39 22 -41 0
-10 -11 18 0
36 -26 -22 0
-5 21 18 0
45 -41 -40 0
6 -1 -10 0
-4 -2 9 0
-13 49 17 0
-23 35 -1 0
13 30 -7 0
-30 38 -31 0
3 49 -30 0
-2 10 -13 0
-34 -44 -23 0
-40 31 15 0
-17 29 50 0
-9 25 -37 0
-43 26 -26 0
43 40 17 0
25 -30 26 0
22 30 -28 0
-27 49 -50 0
16 -2 -43 0
-34 47 -41 0
45 17 -4 0
-35 40 -37 0
39 2 36 0
-32 -11 25 0
43 12 34 0
10 -11 27 0
-19 -34 -32 0
8 -6 11 0
43 -3 33 0
34 -16 41 0
37 41 -49 0
44 19 12 0
4 8 -19 0
12 43 45 0
20 -38 8 0
10 -38 25 0
-21 -44 42 0
-31 29 -25 0
-21 22 -21 0
45 49 -12 0
-43 -3 -33 0
9 -6 6 0
39 -16 47 0
-40 -45 45 0
-31 -50 45 0
-11 31 35 0
27 -12 -40 0
4 -13 22 0
-14 -29 44 0
37 29 14 0
4 -39 44 0
38 3 -27 0
5 -10 -44 0
-36 25 -45 0
-30 -9 -39 0
22 2 49 0
-16 -36 -16 0
39 -40 43 0
7 -3 -45 0
-36 27 -11 0
7 11 -50 0
37 -24 -29 0
24 31 -2 0
-31 -16 32 0
50 44 31 0
-8 -4 29 0
-3 -40 38 0
-44 39 -38 0
31 9 -5 0
-42 32 37 0
-6 31 -40 0
37 -5 12 0
-2 -21 16 0
5 -13 -38 0
48 25 -20 0
-29 -28 -39 0
29 37 45 0
-42 37 -9 0
8 -40 -25 0
6 47 -40 0
18 24 -4 0
28 48 13 0
47 -31 -17 0
28 -11 16 0
11 44 -40 0
-49 -34 -4 0
48 -22 -4 0
33 21 -44 0
-26 17 29 0
23 -31 41 0
45 23 3 0
31 43 2 0
13 9 -47 0
-12 -38 34 0
22 -16 -46 0
7 34 -29 0
-48 -17 -36 0
21 11 -49 0
-7 26 -15 0
-2 24 19 0
41 42 -11 0
42 15 -32 0
-35 8 -29 0
-27 35 -25 0
45 -39 15 0
11 -24 -50 0
