c CNF generator v0.9
p cnf 50 250
30 -27 -13 0
47 7 -1 0
-39 25 3 0
16 -47 27 0
3 27 -13 0
44 -41 22 0
-14 27 -33 0
-40 36 27 0
5 -11 -12 0
-3 6 19 0
-22 -41 -13 0
-42 8 -41 0
-49 5 3 0
-14 17 -15 0
23 45 -42 0
-34 -33 28 0
23 -27 2 0
-44 27 -36 0
36 47 49 0
10 25 9 0
-16 -44 -4 0
-40 11 -17 0
38 -19 15 0
41 3 -45 0
-32 21 -32 0
38 -48 -11 0
-7 19 -47 0
27 -2 -22 0
37 46 13 0
41 9 -18 0
43 -49 16 0
-41 -6 24 0
-35 41 29 0
43 -50 -39 0
17 -34 50 0
36 35 -45 0
-17 36 -27 0
25 46 -16 0
-4 -47 -2 0
8 -16 -30 0
25 -29 -24 0
-6 31 2 0
-30 18 -1 0
-32 -44 4 0
-15 10 -22 0
32 27 18 0
-23 -48 29 0
4 -42 20 0
-38 -6 -25 0
-40 -32 23 0
1 18 -3 0
-37 -10 48 0
12 19 -34 0
49 48 -26 0
-5 -10 36 0
-16 24 -15 0
23 39 -33 0
19 33 19 0
39 -39 43 0
13 -31 48 0
-41 21 13 0
9 5 13 0
-49 -24 37 0
1 -43 -18 0
5 -32 -30 0
-25 -49 -23 0
-31 -45 -39 0
31 -31 -48 0
-5 -29 -24 0
30 -17 13 0
-17 -25 -16 0
-18 -23 45 0
-16 22 -2 0
2 8 -36 0
7 34 -19 0
-36 -10 -15 0
-11 -35 1 0
-24 -47 5 0
10 9 -9 0
46 -26 32 0
-38 13 -15 0
49 17 19 0
28 -44 -46 0
42 -23 -45 0
33 -40 48 0
22 24 34 0
-28 10 26 0
-26 46 24 0
47 -23 49 0
12 30 34 0
-50 -41 -13 0
-27 50 39 0
-26 -41 10 0
-23 -38 -8 0
38 3 -5 0
-48 20 28 0
32 -16 20 0
37 -32 -1 0
-2 32 -28 0
-1 -24 50 0
-5 -28 49 0
22 -42 -33 0
-15 -35 25 0
42 -21 -48 0
34 -39 -18 0
-40 -3 26 0
-49 -41 15 0
-10 -12 2 0
-5 -46 20 0
50 -48 -43 0
6 -17 41 0
-32 -16 38 0
-1 10 11 0
-45 -20 21 0
-11 47 -15 0
-17 -15 -44 0
-43 -48 -17 0
38 37 -10 0
-48 -43 14 0
-25 -41 4 0
15 -30 2 0
43 -13 -18 0
23 -2 -35 0
24 -35 5 0
40 -23 -34 0
18 -34 50 0
25 -13 -7 0
24 -15 -26 0
8 37 11 0
43 49 42 0
-20 29 -45 0
24 3 -23 0
-2 5 -33 0
20 -4 49 0
7 40 31 0
8 -10 -30 0
-34 -8 -34 0
-10 -26 -9 0
11 -7 39 0
29 34 4 0
6 24 -35 0
-9 26 -33 0
-18 -33 36 0
19 31 -18 0
10 -15 -30 0
-4 -44 39 0
-2 5 15 0
17 -19 15 0
-22 -3 33 0
2 -15 -46 0
-27 42 42 0
5 27 24 0
-41 38 -1 0
-41 36 6 0
43 24 -23 0
-18 -37 -19 0
-41 -23 46 0
-33 15 -28 0
-10 -2 -21 0
-36 -50 -38 0
-31 31 30 0
30 33 29 0
37 -14 -2 0
-37 49 37 0
41 -22 -48 0
50 17 -25 0
-26 -40 -17 0
19 -14 41 0
-4 -21 -19 0
26 25 -47 0
-34 45 -49 0
30 -50 -13 0
47 -13 -11 0
-17 -19 46 0
6 23 -23 0
-11 25 10 0
33 22 42 0
13 -27 8 0
-13 -33 -44 0
-14 -32 13 0
45 -27 -21 0
-22 -44 -39 0
1 -41 -38 0
26 -32 -48 0
39 13 -41 0
-22 -39 -24 0
41 -31 -41 0
47 -30 -18 0
32 -34 27 0
-25 9 33 0
-5 -26 -43 0
46 49 6 0
36 -40 -13 0
-45 38 -28 0
37 -3 40 0
-2 -24 -31 0
27 -23 19 0
33 21 3 0
37 -7 49 0
-34 -38 -13 0
18 48 -35 0
44 1 12 0
-31 14 24 0
-32 44 -2 0
-22 19 18 0
31 -18 -25 0
-25 21 25 0
-20 47 -28 0
-4 20 49 0
-14 34 13 0
38 37 -25 0
-18 30 -34 0
-31 -9 27 0
39 -32 -39 0
17 -30 -34 0
-5 33 -2 0
29 -3 22 0
-8 47 -15 0
-32 -17 24 0
42 -11 23 0
43 -47 36 0
23 34 -1 0
11 4 21 0
6 -3 11 0
-26 -7 -2 0
36 -26 21 0
-13 3 11 0
-29 -23 -25 0
-20 -5 -29 0
-18 39 -15 0
-48 3 42 0
29 -36 22 0
-12 33 -38 0
-16 -20 -6 0
-2 -25 28 0
-3 39 -37 0
-1 32 8 0
-43 8 -42 0
1 20 -49 0
44 -10 39 0
-9 3 -1 0
44 -2 14 0
26 -23 -25 0
-45 14 -8 0
-4 -23 50 0
28 -6 -22 0
-29 -20 -28 0
16 -16 -5 0
-11 -24 -28 0
-49 11 32 0
