c CNF generator v0.9
p cnf 50 250
28 30 42 0
-22 1 35 0
-8 28 -29 0
27 21 40 0
-16 -27 2 0
14 -12 17 0
-29 12 -12 0
21 3 -17 0
38 -42 -12 0
2 -19 43 0
-9 19 6 0
-24 46 37 0
35 -22 -21 0
34 -15 24 0
-2 10 -26 0
-49 17 1 0
31 25 -10 0
-48 -40 49 0
2 37 -37 0
34 -25 -2 0
49 36 25 0
12 -19 35 0
12 35 26 0
-44 -5 29 0
-42 46 37 0
7 38 -43 0
-15 44 -2 0
-18 -47 -41 0
-4 16 -36 0
26 27 -25 0
7 -45 5 0
39 29 4 0
-39 46 -47 0
-35 -12 -15 0
49 7 -19 0
3 -47 -29 0
15 -9 -36 0
44 21 1 0
42 23 -37 0
-40 20 -4 0
10 -45 -8 0
7 13 22 0
-25 -31 -16 0
9 -18 -4 0
11 31 33 0
36 30 -11 0
12 11 24 0
25 -30 -33 0
-49 -45 -47 0
47 8 -3 0
30 27 -28 0
18 -35 39 0
30 -9 37 0
39 15 -31 0
37 38 -30 0
-15 46 16 0
35 24 10 0
35 33 -35 0
23 1 22 0
-49 -16 7 0
-25 18 5 0
-4 -39 16 0
45 -25 42 0
17 30 -13 0
-30 -44 25 0
-26 -19 49 0
-23 41 39 0
5 31 -31 0
32 -34 5 0
49 -14 -49 0
16 -39 3 0
5 -1 -15 0
22 -30 11 0
-47 -46 12 0
2 45 13 0
-7 25 -1 0
50 -5 -27 0
-44 -6 -40 0
-40 -1 8 0
38 25 47 0
-19 44 49 0
5 38 -34 0
35 10 -15 0
32 -49 -14 0
28 32 -41 0
-43 47 1 0
-32 47 -49 0
-31 -11 29 0
10 27 13 0
-5 31 -9 0
-49 13 36 0
27 -34 -18 0
-13 11 -41 0
5 10 34 0
8 48 10 0
-2 39 -15 0
50 -9 -30 0
21 48 -19 0
-39 -40 -23 0
-12 32 -8 0
-11 -26 35 0
-41 31 -35 0
-9 -2 -40 0
12 -5 -2 0
-8 23 19 0
-43 -4 37 0
-16 -7 36 0
-31 -2 -24 0
-46 11 18 0
26 -44 18 0
43 36 -10 0
-3 -16 -8 0
48 -22 48 0
-3 -31 -42 0
-45 5 39 0
41 -4 -29 0
-40 -47 15 0
-12 33 47 0
-1 -9 -33 0
-48 -31 -23 0
-1 -37 20 0
3 21 30 0
44 -24 34 0
17 -19 13 0
36 -27 19 0
-23 -39 -46 0
16 -48 -43 0
-39 46 -34 0
-23 -49 -12 0
19 -24 2 0
-50 7 -14 0
-43 -10 40 0
2 -11 49 0
-21 -36 25 0
34 6 -23 0
25 22 5 0
-2 -23 -12 0
47 -37 16 0
-19 21 35 0
35 -16 28 0
7 -35 11 0
-38 -29 -15 0
-13 47 -37 0
36 15 23 0
-8 -12 38 0
41 47 25 0
-28 -18 -30 0
9 -18 -28 0
38 -48 -3 0
-2 -7 -15 0
27 3 11 0
24 -32 -46 0
-36 13 1 0
48 40 39 0
-11 -6 14 0
33 -19 18 0
4 33 15 0
24 12 -44 0
-32 -19 -45 0
44 -22 -47 0
-3 26 -20 0
-7 27 -35 0
-11 -50 46 0
33 -33 -15 0
41 7 -35 0
-1 20 41 0
43 18 18 0
-5 -19 -4 0
36 5 -5 0
-48 4 11 0
-18 -34 8 0
12 -4 -6 0
38 28 -41 0
-14 -23 11 0
35 7 23 0
43 -31 -22 0
23 -35 -26 0
-17 37 47 0
49 -26 10 0
39 27 34 0
17 26 -49 0
-27 -20 -23 0
-13 -33 -27 0
-1 14 48 0
46 -41 -3 0
-4 18 14 0
-48 -6 -22 0
-50 -37 -17 0
30 -39 5 0
1 -45 -28 0
-36 41 44 0
37 -33 -12 0
-1 16 -19 0
-23 32 -27 0
10 -35 -7 0
-19 4 -32 0
-33 -40 -37 0
-49 11 32 0
10 -20 -11 0
-44 21 -13 0
35 35 -23 0
-45 27 18 0
-25 18 19 0
-21 40 6 0
-24 -12 41 0
-5 -49 -28 0
47 25 -14 0
-10 42 30 0
28 -48 17 0
46 18 -8 0
-12 -1 42 0
5 -8 11 0
-19 27 -31 0
-15 16 -26 0
18 12 42 0
-18 -3 36 0
-47 1 -14 0
-13 46 -49 0
-5 -28 32 0
-27 3 32 0
50 -13 -34 0
-24 -34 -31 0
39 -29 34 0
-40 17 -9 0
-9 21 -25 0
-42 38 -44 0
-47 14 -12 0
45 -13 -15 0
2 5 -44 0
-6 -17 15 0
29 8 -31 0
-28 17 -9 0
-37 -25 -28 0
29 -6 -43 0
-32 25 6 0
-47 46 -44 0
-47 12 11 0
47 2 -18 0
22 5 1 0
-1 -34 16 0
-23 29 -47 0
-44 23 -43 0
-41 44 21 0
18 -29 -35 0
-2 35 -14 0
19 21 -16 0
-17 18 -4 0
44 -7 4 0
43 -35 24 0
29 -47 -44 0
