c CNF generator v0.9
p cnf 50 250
-44 23 31 0
17 -46 11 0
-13 31 13 0
32 -20 -19 0
44 27 4 0
15 25 -7 0
1 -38 19 0
20 -40 -19 0
9 -22 21 0
-13 8 -20 0
-16 -21 18 0
35 42 20 0
-12 27 -1 0
-23 -16 -48 0
1 47 -6 0
-13 43 2 0
-1 -26 28 0
-29 -13 11 0
37 -16 -44 0
19 39 6 0
8 -34 50 0
-46 36 46 0
-49 9 24 0
-42 -5 -18 0
-32 29 24 0
-3 26 44 0
19 -4 4 0
38 10 17 0
-4 20 -6 0
40 32 -25 0
-5 41 47 0
21 -4 11 0
22 -16 24 0
38 -34 43 0
2 -40 -9 0
-19 -18 39 0
-2 -42 -11 0
-40 -24 -19 0
39 1 15 0
32 39 43 0
-36 -4 33 0
-44 -13 -21 0
-16 40 36 0
-25 -13 -12 0
44 7 -4 0
33 -46 46 0
-1 -41 12 0
-37 19 -44 0
33 12 29 0
-40 -18 -8 0
38 9 -18 0
-1 48 -27 0
-26 30 -35 0
23 -5 -42 0
38 -30 49 0
42 -45 -13 0
35 47 33 0
9 32 -33 0
-12 -4 -18 0
-39 -17 7 0
-47 -35 48 0
25 28 -40 0
45 -22 -20 0
25 39 26 0
-23 -37 38 0
8 29 10 0
-37 -10 -16 0
34 20 -39 0
-8 10 -37 0
-23 37 34 0
15 14 -32 0
7 26 -13 0
18 -37 -45 0
-24 17 -26 0
-36 38 20 0
36 -49 -1 0
-24 -2 -45 0
41 36 7 0
-30 38 -3 0
-27 -39 25 0
-38 41 -49 0
45 43 49 0
-28 -31 11 0
-14 -26 3 0
-34 -46 -6 0
9 18 5 0
23 -44 -42 0
26 -15 -26 0
-20 26 -39 0
-40 -43 34 0
-49 4 -34 0
22 27 -44 0
-39 -13 29 0
-27 30 48 0
16 33 25 0
-20 32 -33 0
-33 23 -32 0
-44 20 -8 0
-17 -48 -28 0
10 12 23 0
40 7 -31 0
3 50 16 0
-5 29 -46 0
39 30 9 0
47 49 -37 0
-17 -24 -37 0
-8 39 13 0
50 17 4 0
42 6 2 0
27 38 31 0
-24 18 -15 0
-36 40 -20 0
28 -27 40 0
7 34 -26 0
-27 -35 -38 0
33 -29 -41 0
14 -42 -8 0
17 7 24 0
-2 46 34 0
-43 -26 16 0
10 -43 18 0
-45 34 40 0
47 35 35 0
21 10 -6 0
-9 8 -28 0
4 2 -40 0
16 35 -25 0
-50 5 -27 0
-24 47 -33 0
-45 -9 -31 0
25 50 31 0
45 -50 -46 0
25 -17 -18 0
-32 -2 23 0
-10 24 19 0
-13 -45 -14 0
49 20 7 0
-41 -1 -5 0
-25 -1 -37 0
13 -13 -32 0
33 -42 -13 0
12 32 29 0
29 -49 24 0
39 18 47 0
-13 45 44 0
31 -27 5 0
-50 -39 -37 0
-24 38 3 0
-14 -39 40 0
-29 18 -21 0
-15 -11 40 0
7 -38 7 0
50 -39 -28 0
24 -23 35 0
24 -16 3 0
11 -39 45 0
31 14 22 0
-4 36 -22 0
45 -13 1 0
49 -36 -30 0
50 -19 37 0
-30 -38 -50 0
1 -9 40 0
25 -49 26 0
-43 -5 -31 0
10 -39 -3 0
18 5 25 0
17 -37 -41 0
-44 -20 35 0
-16 -8 -21 0
-49 -20 5 0
2 1 19 0
-37 -23 -38 0
-7 -6 29 0
-11 -12 44 0
23 -2 39 0
-34 19 36 0
-21 -36 -30 0
5 38 24 0
-41 -28 45 0
-7 -45 45 0
7 -30 24 0
-21 -48 -27 0
12 15 22 0
-27 24 49 0
27 -46 -33 0
15 -25 45 0
-42 -30 36 0
-2 23 12 0
18 40 31 0
-6 39 3 0
9 33 26 0
33 25 30 0
31 -45 47 0
-30 34 21 0
14 -14 -43 0
46 -31 13 0
-31 36 -12 0
34 -32 -9 0
35 -38 17 0
28 12 -33 0
-12 -31 -46 0
25 -17 -16 0
15 43 9 0
-16 -32 43 0
22 -7 -5 0
-47 5 14 0
-20 33 45 0
-26 37 -41 0
-27 -19 6 0
-34 35 -3 0
-3 -28 41 0
-3 36 17 0
-40 21 -30 0
-22 -32 45 0
34 39 21 0
-17 30 -20 0
-13 46 -30 0
41 -11 -38 0
-32 4 7 0
38 26 -6 0
-40 49 -7 0
7 -9 -3 0
-43 -32 -11 0
-40 -39 41 0
-20 -40 -30 0
47 26 7 0
-38 -16 31 0
-30 -1 26 0
-9 26 -49 0
-25 48 31 0
-39 20 -40 0
10 14 30 0
-18 -25 -37 0
-16 -6 -46 0
18 -23 12 0
-34 25 -23 0
-33 -41 3 0
1 50 18 0
-16 -13 -24 0
-39 6 -17 0
15 -2 17 0
-11 22 -2 0
-47 21 -13 0
-44 6 15 0
22 -17 47 0
-20 -2 -13 0
-27 36 -14 0
-15 -33 -42 0
22 -27 -15 0
