c CNF generator v0.9
p cnf 50 250
-29 -18 46 0
23 30 -31 0
2 7 29 0
-21 -5 29 0
14 7 40 0
19 -6 -10 0
-46 -42 -42 0
-33 47 -35 0
31 -10 14 0
-29 50 -44 0
23 10 -13 0
20 30 5 0
21 47 -15 0
40 39 11 0
20 15 15 0
-16 -28 -4 0
-2 1 -49 0
-5 13 -26 0
-50 12 -43 0
-46 33 37 0
3 -47 43 0
-22 39 21 0
-36 -12 -8 0
-40 -8 -26 0
7 -3 -48 0
-36 9 50 0
49 -23 -5 0
1 49 50 0
-7 -4 -39 0
28 -24 -45 0
8 -6 21 0
-33 22 -36 0
18 -42 37 0
-3 -31 14 0
7 -5 -48 0
18 15 -46 0
21 9 -25 0
10 -50 -26 0
-46 -13 9 0
48 18 -49 0
-50 -45 17 0
12 -38 -5 0
17 -2 -44 0
4 -15 -9 0
5 18 11 0
45 -38 -5 0
41 -13 -45 0
5 -4 15 0
-9 -30 -49 0
-47 32 35 0
-20 -49 36 0
-4 -20 -27 0
-14 -47 -43 0
-41 -3 -22 0
26 49 -13 0
-34 4 -2 0
-3 -39 -44 0
1 5 11 0
12 -38 -26 0
-44 46 -22 0
15 -38 -26 0
-49 -2 -1 0
8 42 31 0
17 -23 -31 0
22 8 10 0
37 -25 8 0
-24 49 -49 0
8 19 5 0
-50 36 -33 0
32 -40 30 0
-25 13 -34 0
-40 24 25 0
-24 -40 35 0
23 22 35 0
-25 34 1 0
-22 -15 -6 0
15 6 -37 0
-6 -10 1 0
12 13 3 0
42 28 -33 0
-7 -6 47 0
-9 41 -22 0
-8 -39 -39 0
-31 -1 -8 0
3 12 -46 0
-10 32 -6 0
49 41 -45 0
17 -37 -3 0
19 50 -19 0
3 32 44 0
-43 21 -49 0
20 -14 15 0
1 -8 -19 0
-49 -15 -2 0
6 47 -10 0
40 22 5 0
20 14 -27 0
33 18 37 0
42 -35 20 0
-12 39 40 0
11 -7 -14 0
-25 43 44 0
6 11 46 0
11 13 -30 0
24 -21 -18 0
13 -17 11 0
27 40 -9 0
8 -36 42 0
-37 2 27 0
-36 -17 -27 0
-44 2 -28 0
-17 34 -21 0
-3 22 23 0
-17 40 14 0
30 4 -46 0
-31 -38 14 0
-50 -33 -22 0
-35 35 27 0
-13 13 -26 0
-41 -31 -26 0
13 19 12 0
41 16 2 0
40 -1 -43 0
5 7 -17 0
-13 -41 32 0
-35 18 34 0
-41 -50 22 0
22 19 -24 0
-38 -1 -46 0
-23 19 -29 0
23 -7 35 0
42 19 -39 0
-40 -33 8 0
49 31 -4 0
-47 15 1 0
-13 -1 -38 0
-4 -16 32 0
24 21 -35 0
-6 -40 26 0
-50 -14 24 0
3 -34 43 0
-23 45 48 0
-1 -50 45 0
14 10 33 0
-23 10 -33 0
-27 -3 39 0
4 49 -28 0
4 3 -38 0
30 46 48 0
15 -13 15 0
-9 7 -38 0
-28 -26 -43 0
37 10 -14 0
23 26 11 0
38 -14 2 0
-29 31 12 0
37 48 13 0
50 -16 -50 0
15 32 -35 0
1 -19 -36 0
-18 -34 20 0
25 16 -3 0
26 -43 29 0
-14 27 -12 0
-49 -21 -29 0
-5 34 -8 0
18 38 -33 0
9 38 23 0
-48 34 -24 0
44 17 21 0
-39 26 13 0
9 -11 -31 0
11 30 14 0
-7 36 10 0
7 48 -41 0
-12 -26 -1 0
-27 -12 30 0
43 -20 -42 0
38 -2 -35 0
16 46 -32 0
39 30 -28 0
-22 -12 42 0
42 26 20 0
-36 -32 2 0
33 22 25 0
-49 40 37 0
18 30 -14 0
-19 -21 24 0
-24 50 19 0
-43 -41 10 0
-10 -8 -6 0
-32 -18 24 0
-42 36 13 0
22 -19 37 0
-12 34 48 0
-33 -37 -28 0
-15 -39 -26 0
-47 37 20 0
31 -9 -45 0
14 -15 9 0
-32 -11 -36 0
33 -40 18 0
-35 -4 -39 0
3 18 16 0
48 -41 -48 0
-1 11 13 0
2 -36 34 0
33 -26 48 0
-12 42 28 0
-46 -31 -46 0
24 8 -31 0
43 -24 26 0
7 9 -34 0
34 -21 -41 0
14 -27 34 0
-11 -2 -42 0
15 -36 35 0
28 9 -45 0
-49 -11 27 0
-24 -7 37 0
-16 15 -4 0
-10 -34 26 0
1 32 11 0
1 49 18 0
-38 14 37 0
41 3 -39 0
47 -44 42 0
-27 10 39 0
-40 17 -44 0
27 -40 -7 0
34 1 39 0
21 -40 4 0
45 27 42 0
-15 -4 27 0
-18 37 27 0
6 13 -31 0
23 -33 -43 0
23 -4 45 0
28 29 37 0
23 -37 10 0
-50 45 41 0
-28 -38 -42 0
-8 42 -13 0
-10 39 44 0
12 -20 44 0
15 44 34 0
42 26 -46 0
-15 -12 -16 0
32 -34 -2 0
-31 -43 47 0
