c CNF generator v0.9
p cnf 50 250
-22 4 -7 0
8 21 24 0
-15 29 48 0
-2 34 24 0
22 37 -28 0
49 -1 9 0
22 -22 13 0
27 35 5 0
-46 4 44 0
-17 -14 -26 0
-12 -37 -28 0
39 -22 43 0
45 39 -22 0
32 40 -49 0
-15 32 32 0
-17 28 -8 0
-40 46 39 0
-13 27 1 0
13 -44 -2 0
50 -41 33 0
35 -11 -13 0
-26 -29 -15 0
14 4 12 0
-32 -27 -9 0
40 -28 -41 0
36 -47 -33 0
-46 -7 2 0
30 -39 18 0
8 21 -43 0
-23 27 -24 0
44 45 -2 0
-24 9 -28 0
-46 42 -36 0
-16 8 16 0
-34 37 34 0
9 36 -29 0
37 16 -2 0
19 43 -26 0
29 21 25 0
8 23 11 0
-16 20 30 0
-20 35 15 0
46 1 6 0
41 32 13 0
25 -41 44 0
4 -13 31 0
-2 17 -16 0
10 -5 -16 0
39 -50 13 0
-13 40 6 0
25 -49 -15 0
-21 -48 -26 0
-17 -35 -37 0
-21 26 -6 0
25 -46 -21 0
2 21 -4 0
-3 18 9 0
-35 27 -22 0
18 44 -12 0
-34 20 34 0
21 4 -25 0
46 -42 33 0
19 -31 -16 0
-40 46 -19 0
-38 -15 32 0
50 12 -21 0
25 -36 -50 0
-36 5 2 0
19 35 -3 0
-44 27 48 0
-20 -20 -43 0
29 39 -36 0
30 -46 -43 0
-41 40 2 0
-23 -5 -33 0
2 -11 27 0
-23 -40 49 0
-30 19 -41 0
31 25 -1 0
-16 -48 16 0
-30 -24 4 0
-21 -42 41 0
-12 12 40 0
31 32 32 0
-36 36 -48 0
-37 -24 -18 0
10 31 -36 0
-26 23 -26 0
-2 -13 1 0
15 -17 -17 0
35 -12 -29 0
17 -48 13 0
-22 45 42 0
8 20 -32 0
44 5 12 0
-48 -15 -25 0
-11 13 36 0
-27 -25 41 0
-37 -12 1 0
-15 -49 36 0
-50 -6 13 0
-24 9 -11 0
-35 -43 -41 0
16 41 5 0
-44 45 31 0
-44 -20 -24 0
-31 21 -23 0
-17 23 -9 0
33 23 15 0
46 7 -13 0
36 27 26 0
-33 -21 7 0
-22 -38 42 0
-17 -4 39 0
-31 27 42 0
-20 -48 -9 0
44 10 30 0
-45 -9 12 0
-39 29 -22 0
25 11 5 0
43 12 -14 0
-33 11 4 0
37 27 46 0
-15 -26 34 0
-7 -1 -33 0
-43 -17 -31 0
-37 50 22 0
27 -4 -50 0
-39 30 23 0
-36 -30 23 0
4 31 45 0
38 5 -2 0
22 6 43 0
24 49 -47 0
45 20 -14 0
-10 -31 -30 0
8 39 8 0
34 43 15 0
31 -33 -41 0
48 -9 -36 0
49 -35 -26 0
16 -16 17 0
5 -41 47 0
7 -32 -34 0
-6 -32 -21 0
12 26 13 0
1 -37 -17 0
-42 38 -33 0
47 -38 46 0
13 18 -10 0
1 -5 -5 0
-49 -41 -17 0
-21 19 -29 0
47 46 23 0
-48 23 -1 0
32 -34 13 0
-29 38 36 0
40 -12 20 0
34 -35 -10 0
-48 -27 26 0
2 -9 13 0
23 9 -19 0
24 14 -32 0
14 33 19 0
44 25 29 0
30 -18 9 0
50 -38 47 0
-42 -49 23 0
-18 6 -12 0
-45 -6 11 0
50 -19 -13 0
-21 -23 -12 0
-9 -21 -29 0
1 50 -43 0
47 25 -38 0
26 -19 -31 0
-15 -32 -9 0
3 4 19 0
-40 -12 43 0
44 -28 -15 0
20 46 -2 0
28 30 11 0
42 43 23 0
14 -4 26 0
-14 4 -17 0
39 -36 40 0
-30 11 -46 0
22 -10 -48 0
-2 31 7 0
-23 9 50 0
-28 -43 34 0
27 -7 -42 0
-15 -6 -28 0
2 18 -28 0
9 43 -49 0
-35 11 -39 0
33 25 31 0
42 50 40 0
35 5 19 0
38 38 -36 0
40 46 -15 0
7 -22 2 0
-13 -5 -22 0
15 45 19 0
-4 -7 -24 0
-41 -9 32 0
-34 5 18 0
-11 38 39 0
7 -3 6 0
-26 -10 -2 0
14 -2 25 0
-32 26 -47 0
-3 -18 44 0
-17 45 25 0
50 -17 7 0
-10 -40 12 0
-35 20 14 0
-49 33 31 0
27 13 46 0
-9 -28 -49 0
-15 -46 -8 0
-43 -20 9 0
-3 33 -15 0
-9 -18 -46 0
-44 -8 21 0
4 -19 27 0
-35 8 44 0
21 -47 46 0
-5 24 49 0
49 -27 -17 0
35 -41 50 0
30 -20 3 0
49 15 12 0
-50 40 3 0
-18 -8 30 0
-30 24 -3 0
-10 20 -49 0
40 -45 15 0
-42 -20 -23 0
-32 -14 30 0
31 -45 -47 0
-32 38 36 0
2 -1 27 0
28 46 8 0
4 -31 -32 0
-10 3 33 0
11 27 -49 0
9 -25 -44 0
3 39 5 0
19 -2 35 0
