c CNF generator v0.9
p cnf 50 250
-15 -23 -26 0
-18 49 42 0
-29 -42 -19 0
23 36 -5 0
-44 13 -9 0
42 -12 20 0
-42 -1 19 0
43 16 -39 0
2 50 41 0
11 17 -48 0
50 22 5 0
-13 14 -30 0
-21 -9 35 0
-11 16 3 0
-27 -26 7 0
41 -11 25 0
-13 -22 32 0
37 -42 -7 0
-47 -20 20 0
-10 -5 33 0
12 44 -41 0
35 -36 5 0
22 13 12 0
-24 36 39 0
-3 -9 -19 0
-46 -40 35 0
-43 45 24 0
50 5 -5 0
-3 48 47 0
-31 27 -34 0
8 -41 -5 0
36 -33 41 0
-38 -11 -50 0
18 8 43 0
7 15 -2 0
11 46 -13 0
-4 6 41 0
50 -5 16 0
-20 41 -45 0
-1 14 24 0
21 28 -3 0
-46 -26 -19 0
-31 -26 43 0
-20 -40 -19 0
-2 2 -4 0
-5 44 38 0
45 -19 43 0
-49 -17 12 0
-40 20 -44 0
-43 -43 -40 0
-30 19 -29 0
46 42 25 0
21 50 19 0
24 17 44 0
-14 8 46 0
17 21 -19 0
11 22 -38 0
24 -41 9 0
-40 47 -24 0
15 8 15 0
27 -38 -11 0
-34 49 29 0
15 -5 15 0
-24 31 -15 0
-20 12 -37 0
-10 -36 -44 0
41 -36 -37 0
8 1 46 0
11 45 4 0
1 13 45 0
-16 50 -4 0
33 -24 -6 0
-13 19 16 0
14 -49 26 0
9 32 3 0
-41 -32 13 0
-44 -12 2 0
-40 17 -9 0
25 -24 27 0
13 -5 -35 0
49 -32 17 0
-48 -15 -14 0
5 49 -50 0
32 34 -37 0
31 -45 -29 0
47 -42 -48 0
5 49 22 0
11 40 37 0
-37 -34 -8 0
-18 -31 50 0
-18 -31 36 0
35 -40 -25 0
-24 -18 2 0
-3 28 -41 0
-24 39 43 0
-45 -50 -46 0
-13 -5 50 0
48 9 -39 0
15 -50 15 0
39 -44 8 0
45 45 -45 0
22 -30 -20 0
45 -7 -48 0
36 25 11 0
-37 16 -22 0
-2 -5 50 0
10 35 -3 0
-16 36 -8 0
-7 -16 -39 0
-8 47 20 0
37 -23 1 0
27 26 -48 0
-42 -43 39 0
-10 38 27 0
-10 -5 -7 0
45 -2 -25 0
20 43 -49 0
-49 -8 -7 0
-41 6 -22 0
20 -28 41 0
21 -35 -13 0
-39 34 36 0
-17 -34 12 0
-34 -39 15 0
15 19 42 0
39 -23 2 0
9 31 -15 0
26 -29 -26 0
-12 -22 27 0
-50 -10 -16 0
-41 -16 -2 0
28 19 18 0
26 23 -14 0
9 -34 -19 0
20 -18 33 0
-29 39 17 0
5 27 -43 0
-36 -48 47 0
-33 50 30 0
43 -26 -24 0
40 14 27 0
-20 8 -26 0
49 -11 -33 0
-41 12 2 0
-41 -27 4 0
-34 -44 -46 0
13 47 -11 0
27 -12 -46 0
-39 34 15 0
38 34 3 0
-5 -3 14 0
25 23 19 0
19 -29 17 0
-15 -2 -26 0
3 3 -25 0
-20 28 13 0
-28 -30 -25 0
-35 -35 -33 0
2 -40 37 0
-42 17 12 0
-41 -35 -30 0
-23 16 47 0
31 -18 -39 0
45 -22 -26 0
-17 17 -9 0
22 -38 -48 0
-17 -31 43 0
-12 -13 28 0
35 -26 -48 0
-42 36 15 0
47 -22 -18 0
14 -41 -34 0
-49 2 -48 0
46 27 -49 0
34 2 4 0
11 11 -27 0
30 44 16 0
26 19 -25 0
29 -21 12 0
20 -24 -36 0
-20 -13 17 0
28 -22 -28 0
1 30 7 0
-32 7 30 0
-21 -35 33 0
37 39 -46 0
-43 -36 -45 0
-2 44 12 0
41 -26 -42 0
-25 2 -2 0
-48 -9 -43 0
-38 -6 2 0
-49 -44 50 0
33 40 -17 0
-36 -20 9 0
-19 27 14 0
30 -46 -13 0
19 10 50 0
-4 42 -13 0
2 41 16 0
-40 -50 46 0
-37 -4 48 0
-14 -47 -45 0
-50 -22 50 0
2 -2 -28 0
-32 -26 49 0
14 -2 12 0
-24 -15 -21 0
17 50 -6 0
-46 -21 -17 0
-30 -13 24 0
6 -26 6 0
5 2 -50 0
1 -28 -7 0
25 29 41 0
-39 22 42 0
42 35 -25 0
-23 -39 -46 0
-17 34 -48 0
-48 2 20 0
-20 -45 46 0
-42 -49 3 0
19 34 48 0
-44 16 -50 0
26 7 -29 0
-48 -17 -30 0
44 -12 -43 0
-45 4 31 0
7 16 8 0
50 -8 -1 0
37 -38 16 0
-34 -22 18 0
-8 11 33 0
47 -18 -39 0
-18 7 -19 0
-47 -34 32 0
-25 49 22 0
10 -37 4 0
39 5 -35 0
-15 12 -10 0
-47 -1 -11 0
-23 -39 -27 0
42 -7 -38 0
-12 17 -38 0
-10 9 -26 0
-30 8 -30 0
-21 23 30 0
15 -43 49 0
-12 5 -7 0
47 41 -5 0
