c CNF generator v0.9
p cnf 50 250
-11 -42 -44 0
50 10 28 0
-20 -5 13 0
-26 -15 -21 0
-44 26 18 0
-34 16 39 0
1 1 -38 0
-50 28 5 0
-4 8 -19 0
5 -40 29 0
-44 -12 -30 0
4 -32 -33 0
6 -11 -22 0
-1 22 -14 0
-16 22 -9 0
-30 -19 -26 0
-7 44 -19 0
-16 -50 -14 0
49 10 3 0
42 -8 -2 0
-44 -26 35 0
-16 38 -18 0
-33 28 -27 0
-49 20 -20 0
-2 -47 31 0
-3 43 -14 0
27 -44 5 0
27 -36 39 0
26 -45 -37 0
-39 -42 47 0
49 10 50 0
-29 -39 -22 0
-25 -10 -26 0
-27 7 31 0
-22 -17 -18 0
21 40 -21 0
44 -42 -43 0
-3 -33 22 0
4 42 40 0
34 -6 40 0
-22 24 8 0
11 -14 22 0
30 -29 -35 0
18 19 -31 0
32 4 -17 0
-3 -18 37 0
-50 -40 -31 0
-6 33 47 0
26 -11 -35 0
24 -28 45 0
38 -17 -19 0
-45 -48 -23 0
47 20 42 0
43 32 -41 0
-22 12 48 0
36 11 -32 0
-2 -1 50 0
-12 -8 -39 0
-19 27 -40 0
15 21 26 0
-43 20 38 0
45 45 12 0
-1 34 -33 0
31 5 -3 0
19 -19 -48 0
-44 -42 -14 0
20 -26 -6 0
-5 -40 -34 0
49 -21 20 0
34 45 -42 0
-1 -15 3 0
-1 -16 30 0
37 -41 3 0
24 -18 -19 0
-9 -30 -26 0
-8 13 -16 0
-32 29 -38 0
-33 -32 -17 0
-8 -3 -41 0
-14 24 -4 0
11 4 -9 0
13 30 4 0
-24 -42 5 0
6 -25 -20 0
-17 5 -17 0
33 15 41 0
-19 -4 18 0
43 -49 29 0
-9 -19 37 0
49 -33 -33 0
5 -35 -20 0
-50 -23 -17 0
4 9 -15 0
-4 41 -45 0
-35 36 8 0
33 -49 -24 0
43 -8 -18 0
-10 -49 -7 0
15 1 -13 0
30 9 -20 0
-9 -26 -13 0
-4 -31 46 0
22 -47 43 0
-21 47 -50 0
-41 -25 -13 0
-8 25 7 0
-23 -8 30 0
-13 31 44 0
42 6 -27 0
-21 -35 -24 0
32 22 -19 0
1 20 -21 0
14 -32 -22 0
-36 -36 -28 0
-26 42 43 0
-24 27 14 0
31 31 -10 0
-36 6 30 0
22 -8 -37 0
42 -49 -9 0
-25 21 -24 0
50 -15 -36 0
-42 -16 -45 0
42 7 -16 0
23 38 28 0
-46 -16 -24 0
-33 33 -23 0
21 8 37 0
5 17 11 0
45 28 -13 0
11 27 -5 0
28 14 49 0
-16 41 4 0
13 -11 -19 0
37 -25 28 0
12 23 32 0
28 -18 -20 0
19 39 -21 0
-19 -16 33 0
-7 -15 -36 0
47 10 26 0
-23 21 13 0
-44 -5 15 0
25 -31 -49 0
-26 19 6 0
-13 -6 28 0
22 17 -19 0
28 -34 -18 0
-38 38 37 0
24 -41 50 0
-19 -38 -29 0
-31 42 46 0
35 -20 -4 0
-50 -14 2 0
-42 20 -20 0
6 -18 36 0
45 -38 -15 0
-43 -28 -26 0
-49 -49 -33 0
30 16 -1 0
10 -22 25 0
-9 7 -4 0
5 -12 4 0
-9 -11 15 0
-23 -22 27 0
-32 -33 10 0
-34 -29 -49 0
-50 -2 4 0
-45 -48 22 0
40 34 -27 0
31 41 -5 0
1 -24 -8 0
-9 22 23 0
49 -40 -4 0
5 14 -5 0
48 -3 8 0
-9 25 13 0
26 -2 23 0
-14 33 24 0
25 31 -49 0
-24 -30 -7 0
7 40 -45 0
21 -1 -33 0
31 9 38 0
-29 -8 -12 0
-29 46 28 0
-15 -22 -30 0
24 -30 11 0
36 -17 1 0
16 47 -21 0
-10 -14 -18 0
-17 17 17 0
-48 39 46 0
40 8 -9 0
15 29 49 0
-23 -22 8 0
-38 32 27 0
-36 -45 31 0
5 6 -24 0
12 -39 45 0
18 -50 -11 0
-11 -7 12 0
35 -39 -21 0
7 41 -42 0
46 20 9 0
-12 -29 -39 0
15 26 21 0
2 -44 48 0
7 -26 -35 0
8 -6 -34 0
-48 -16 -4 0
-27 -6 13 0
7 -17 -8 0
47 13 -30 0
-48 29 45 0
14 26 -7 0
-25 33 19 0
15 40 -20 0
-21 12 -31 0
-22 5 -41 0
-16 -49 8 0
7 -47 19 0
-42 30 15 0
-13 -34 -43 0
-3 28 27 0
9 39 -12 0
-17 3 21 0
-33 13 1 0
-3 29 -20 0
-12 21 -9 0
-37 27 47 0
16 12 -40 0
-37 -16 47 0
4 -42 50 0
-1 38 -11 0
-11 19 -24 0
-44 26 44 0
-30 21 33 0
-2 1 -26 0
23 41 -3 0
50 -7 -34 0
5 27 3 0
10 44 45 0
13 -28 2 0
-39 42 6 0
-2 -3 -37 0
30 -48 33 0
24 29 24 0
-23 47 7 0
32 14 48 0
