c CNF generator v0.9
p cnf 50 250
-44 -37 32 0
-13 -8 -38 0
-26 14 46 0
-5 23 14 0
-45 -9 42 0
-49 15 14 0
-27 -46 27 0
8 44 12 0
-11 -46 -8 0
39 50 46 0
-29 -50 -11 0
44 10 -25 0
11 23 11 0
-50 44 -4 0
-11 46 -10 0
-43 -38 26 0
-6 16 -44 0
-43 -6 -39 0
-3 -35 -48 0
-12 -30 46 0
25 -10 -25 0
35 -9 8 0
25 49 6 0
29 30 27 0
-35 38 1 0
-26 10 32 0
-18 38 18 0
-34 27 -10 0
-14 -12 11 0
31 5 28 0
25 -20 50 0
7 -33 -37 0
-14 30 -20 0
38 9 -34 0
-31 47 29 0
22 -17 23 0
23 12 7 0
-32 -46 14 0
-44 23 -41 0
36 14 -41 0
-24 34 -35 0
-15 29 -33 0
-31 24 11 0
40 -25 20 0
22 -15 -21 0
24 48 8 0
-50 -25 20 0
-40 -1 28 0
3 -22 16 0
27 -27 7 0
-13 21 21 0
46 -10 -48 0
-37 27 25 0
-41 22 -50 0
48 28 14 0
42 -48 -25 0
-14 -50 -35 0
-11 -17 -42 0
-39 7 -50 0
-38 2 39 0
11 40 -40 0
-5 23 38 0
37 -26 -28 0
15 -29 -43 0
-33 -49 -46 0
40 30 13 0
42 37 14 0
-35 50 -16 0
42 50 -35 0
-32 -32 -12 0
36 -32 -37 0
-25 -5 7 0
-44 26 -34 0
12 -40 -15 0
20 37 -31 0
-23 -34 45 0
10 -22 -5 0
-26 -4 39 0
50 21 -44 0
-28 46 10 0
19 5 39 0
11 -40 35 0
-49 -7 -46 0
-33 -17 -28 0
32 -49 -36 0
-31 -18 -42 0
-38 5 25 0
21 -37 31 0
-18 -30 -48 0
2 32 -27 0
35 3 -30 0
-6 -28 -33 0
19 -10 18 0
-42 46 44 0
13 4 -16 0
38 -11 13 0
-14 50 -31 0
-44 12 11 0
49 5 27 0
-44 32 35 0
30 39 -41 0
-40 -41 50 0
7 -44 1 0
44 -40 46 0
-48 -36 48 0
42 20 16 0
6 23 1 0
21 -6 -32 0
29 -28 -8 0
-26 -35 -15 0
14 20 -22 0
30 -22 24 0
-34 -23 -50 0
36 38 -33 0
21 29 -27 0
-27 36 -2 0
42 -21 -47 0
3 -5 34 0
-29 9 -35 0
-6 -39 -18 0
-18 -22 18 0
-17 -28 -14 0
-22 -7 -30 0
32 10 4 0
46 43 7 0
2 34 -14 0
-47 -34 -38 0
26 -2 -43 0
-5 39 7 0
-34 13 48 0
-34 32 28 0
7 -8 -1 0
-45 -15 19 0
24 15 -5 0
37 -22 35 0
-35 40 -5 0
-6 5 21 0
43 7 3 0
33 10 45 0
22 7 -33 0
10 10 28 0
44 -20 35 0
-9 -6 36 0
-18 -13 -6 0
5 29 -9 0
-42 7 -5 0
7 26 45 0
-37 -1 -45 0
41 -30 -2 0
18 21 42 0
40 -38 -48 0
-40 -35 14 0
-28 34 -47 0
-14 43 43 0
-20 16 -34 0
20 -20 26 0
21 35 19 0
-5 -7 16 0
-31 -2 -44 0
-31 2 31 0
-16 -13 -9 0
43 -45 -44 0
3 -6 -14 0
45 48 -28 0
-4 -39 -17 0
49 -47 43 0
-45 28 21 0
5 -25 16 0
-50 -28 17 0
-13 15 -14 0
-23 -10 6 0
-27 -34 -25 0
-39 48 29 0
27 -26 25 0
-12 28 46 0
-22 11 3 0
20 7 40 0
-9 -15 -26 0
-31 2 -50 0
-49 -42 16 0
-28 -22 -25 0
-37 31 2 0
3 -22 34 0
43 -23 9 0
-14 -23 29 0
-30 17 -43 0
-25 -41 -23 0
-7 45 25 0
-32 -18 -28 0
-33 30 -23 0
-50 -5 39 0
-7 -25 44 0
17 40 -30 0
40 -12 -9 0
9 38 -17 0
-17 24 -50 0
9 -11 25 0
32 15 -37 0
-7 36 -28 0
-29 -46 21 0
-40 7 -49 0
-10 2 5 0
33 -49 -24 0
-42 40 45 0
-40 -2 -14 0
-9 -3 -2 0
-8 -4 -26 0
27 40 4 0
-34 23 -44 0
-13 -21 27 0
46 -41 -22 0
15 -9 40 0
-1 -31 -27 0
27 -49 36 0
37 39 10 0
-49 41 12 0
-30 -9 -44 0
43 11 29 0
-12 -48 -10 0
-1 14 -10 0
-13 -48 48 0
-27 7 -45 0
-38 29 -33 0
29 15 12 0
-40 -32 -28 0
45 30 -44 0
-42 -35 -19 0
21 -20 -19 0
2 15 38 0
5 45 -25 0
41 13 2 0
-17 16 23 0
-7 1 -20 0
-13 12 -47 0
-27 36 31 0
-17 -2 49 0
29 39 -48 0
-20 26 9 0
-45 8 -33 0
49 48 33 0
-35 25 -9 0
-34 40 15 0
40 43 -40 0
36 48 4 0
36 9 -6 0
22 23 -31 0
-37 2 21 0
-2 -30 -31 0
-1 -32 -45 0
40 14 -13 0
