c CNF generator v0.9
p cnf 50 250
4 -37 -28 0
34 -47 -11 0
-31 -30 -17 0
-26 29 -8 0
-37 -47 12 0
-47 50 -6 0
8 10 15 0
-38 -35 28 0
31 -42 35 0
21 10 -4 0
9 -15 21 0
-14 -16 -3 0
43 -39 -47 0
6 14 -43 0
34 38 14 0
45 43 30 0
-39 -3 36 0
36 17 -24 0
-49 3 -36 0
-36 -21 -48 0
-22 -14 -44 0
-19 -14 -1 0
46 26 46 0
13 -3 -31 0
31 -25 2 0
-23 28 -13 0
-29 16 49 0
-19 20 46 0
-10 6 16 0
10 40 16 0
50 -38 12 0
46 -23 -15 0
-32 14 9 0
3 -43 11 0
-3 49 18 0
-39 45 -25 0
-27 4 44 0
22 27 10 0
-32 -2 -40 0
3 13 6 0
9 -24 9 0
38 -2 28 0
44 7 -12 0
37 15 4 0
-50 -37 -36 0
-26 -3 -29 0
5 14 -3 0
-22 35 -21 0
-1 38 14 0
-14 17 7 0
46 -8 -23 0
46 -44 7 0
-46 -21 3 0
16 18 28 0
4 -39 31 0
-2 18 -27 0
7 -7 -9 0
-5 1 15 0
-28 -32 7 0
-35 -40 5 0
-19 48 -15 0
-4 45 37 0
14 -21 -23 0
-43 -15 46 0
-1 39 -49 0
-47 -41 -50 0
18 20 32 0
-6 23 -20 0
-27 41 -47 0
-31 -17 -32 0
27 15 44 0
-48 -21 42 0
-17 41 -12 0
31 -7 -30 0
18 -20 -10 0
-49 32 -42 0
-49 -25 20 0
-31 -12 -32 0
-1 -19 23 0
40 44 -43 0
1 44 25 0
-46 -3 13 0
12 -8 -13 0
-50 -2 11 0
2 -23 32 0
-15 -29 -7 0
45 20 -21 0
50 31 18 0
-15 49 -6 0
-30 -2 -31 0
35 -43 -24 0
21 6 -26 0
44 12 22 0
44 1 40 0
13 31 27 0
50 -42 32 0
-20 -48 -19 0
-24 21 27 0
-20 -11 -19 0
-2 28 47 0
38 42 -15 0
-19 34 -21 0
-22 41 -17 0
-37 -33 -50 0
25 5 10 0
30 24 -1 0
14 -5 27 0
4 3 -42 0
-5 -2 36 0
-5 -38 -25 0
-43 -3 41 0
-1 16 50 0
-45 21 -28 0
-26 -21 -14 0
-43 33 40 0
20 50 20 0
19 -24 22 0
38 40 40 0
39 40 2 0
29 -29 -18 0
35 49 37 0
28 -19 28 0
48 41 -35 0
25 -2 5 0
45 33 48 0
17 20 3 0
-28 -29 13 0
33 26 1 0
40 -4 -40 0
-22 -47 11 0
7 18 12 0
-27 -15 -2 0
-18 8 29 0
-27 -7 -49 0
-10 -25 1 0
43 -45 36 0
-19 48 20 0
34 -11 25 0
36 -36 25 0
24 49 -14 0
12 -38 -18 0
12 43 -12 0
-29 -44 -22 0
7 -2 31 0
19 -43 -41 0
16 -27 48 0
29 -11 6 0
-11 -47 21 0
35 4 -5 0
-18 -31 45 0
-48 -32 -37 0
-6 24 -30 0
9 -17 17 0
-22 8 -11 0
-43 -47 13 0
-22 35 -39 0
-41 -26 -23 0
-18 -39 -25 0
42 6 40 0
-44 -17 5 0
-36 -41 35 0
-33 -29 -33 0
29 50 -34 0
25 20 40 0
-23 -32 -2 0
26 24 40 0
-20 -45 34 0
10 -11 43 0
-42 -8 37 0
7 -35 -22 0
17 -13 -6 0
28 12 29 0
48 -49 20 0
14 8 -46 0
-22 10 -16 0
18 30 19 0
36 11 -48 0
-21 -49 20 0
26 -14 -49 0
-46 -11 -44 0
-36 -6 -7 0
-38 26 16 0
-35 -2 16 0
-37 5 -14 0
-47 30 -11 0
10 -43 18 0
48 -6 9 0
-8 -5 38 0
-29 28 -17 0
45 -42 -40 0
49 -43 14 0
-22 -18 18 0
14 -25 25 0
-39 9 -43 0
48 -38 -32 0
-38 41 43 0
23 38 12 0
5 15 43 0
-34 28 35 0
12 -12 -43 0
38 -2 -14 0
-3 -16 8 0
-25 -16 -32 0
-26 -50 -32 0
31 1 32 0
31 -7 24 0
4 -11 8 0
-27 -38 22 0
34 16 5 0
40 -27 48 0
-6 -13 -45 0
-26 -35 -30 0
37 18 33 0
18 -27 -25 0
2 29 5 0
18 1 -22 0
34 -46 36 0
-6 -27 -43 0
-48 -49 30 0
49 -26 -7 0
-46 -33 12 0
46 23 18 0
48 22 -18 0
35 -29 -35 0
-11 36 -7 0
-17 1 -16 0
-17 2 -18 0
10 -6 -3 0
22 -28 25 0
22 -6 20 0
-33 19 16 0
5 5 -12 0
19 46 -12 0
34 3 -5 0
-49 -27 34 0
36 -37 -38 0
11 45 -18 0
-27 38 -11 0
40 24 25 0
-48 -30 6 0
-7 21 20 0
-17 10 -46 0
-2 6 -45 0
27 30 38 0
49 42 -38 0
-32 -32 7 0
29 4 -8 0
8 -1 30 0
46 -1 -2 0
15 12 45 0
