c CNF generator v0.9
p cnf 50 262
45 -35 -29 0
-23 29 -17 0
1 -8 -6 0
13 -46 19 0
20 -48 -33 0
40 -48 15 0
-34 34 19 0
34 -3 33 0
-9 -44 39 0
-40 -24 -13 0
9 36 45 0
-18 -27 -4 0
8 2 -8 0
-9 -15 -6 0
40 31 -48 0
-49 30 36 0
29 -45 -44 0
5 -39 -4 0
-44 8 -6 0
16 -16 -24 0
6 -9 -21 0
11 -29 15 0
-36 28 -13 0
17 29 -24 0
26 -26 -19 0
17 -15 4 0
-35 -39 -45 0
27 47 -34 0
27 47 42 0
-5 -5 33 0
31 9 20 0
41 46 20 0
-25 25 42 0
21 9 19 0
-15 49 20 0
8 -13 -38 0
-30 -37 -50 0
-38 50 41 0
-4 -4 -33 0
21 -24 46 0
31 36 -32 0
-47 -33 43 0
-10 15 17 0
-30 39 18 0
22 -18 18 0
-50 47 6 0
50 6 29 0
-43 -6 -27 0
38 48 19 0
3 -29 -38 0
28 33 35 0
-19 -35 49 0
-31 13 -31 0
39 -22 21 0
46 23 19 0
6 -20 -17 0
-9 -20 43 0
30 -2 -47 0
41 -1 -34 0
-3 -29 38 0
-2 -42 34 0
-7 -34 -12 0
-17 -31 -46 0
7 -6 46 0
-28 -11 48 0
-36 -48 -45 0
-13 23 -42 0
-12 8 -6 0
39 -48 47 0
24 26 43 0
35 13 40 0
-9 11 14 0
14 43 -4 0
-18 -18 -27 0
-3 19 -45 0
-17 22 43 0
-45 13 2 0
-50 -31 4 0
41 -47 -44 0
21 12 50 0
-38 -24 21 0
-27 49 -46 0
-13 -48 -35 0
49 -28 -18 0
-47 -38 22 0
13 23 -19 0
-30 -6 -46 0
13 9 30 0
16 15 46 0
39 -38 -47 0
36 29 39 0
-21 -42 20 0
-31 13 2 0
-23 7 24 0
-45 4 -30 0
28 12 -31 0
25 -9 5 0
-28 19 3 0
4 36 41 0
-41 -45 -6 0
5 4 -12 0
-41 -33 -4 0
-39 -4 -4 0
-46 22 7 0
32 46 -21 0
13 -33 -11 0
3 -10 -21 0
-23 -15 26 0
49 29 -34 0
8 23 12 0
-35 -32 29 0
-6 6 31 0
6 -7 -39 0
-25 11 17 0
-1 13 42 0
-48 11 -46 0
-12 -44 -1 0
18 33 -19 0
33 -19 -50 0
-32 -26 12 0
30 1 10 0
-1 8 8 0
-18 -15 -26 0
-25 39 -21 0
-26 -20 44 0
49 -22 -26 0
-40 42 8 0
16 50 15 0
-9 -28 -21 0
-25 -26 -44 0
-44 -46 26 0
-6 -8 12 0
-11 6 39 0
49 -21 -12 0
7 17 -27 0
-2 -1 7 0
24 -34 37 0
-17 31 49 0
-45 -15 43 0
-16 28 19 0
-47 -29 14 0
-22 25 -27 0
47 -13 -22 0
38 -28 47 0
14 -12 -16 0
47 -31 -34 0
8 20 12 0
18 -4 -46 0
-43 -41 -20 0
35 -16 -49 0
49 11 2 0
-7 8 40 0
15 -32 48 0
-14 -25 -4 0
-6 -38 -7 0
-20 21 31 0
36 15 14 0
-20 49 -22 0
26 -38 -20 0
4 -41 -36 0
-50 -40 -43 0
-31 -33 14 0
45 13 19 0
7 5 -47 0
-19 -32 -46 0
50 4 31 0
-32 -20 44 0
-17 -43 -41 0
-25 22 -3 0
-39 -49 35 0
-12 26 18 0
39 -20 -30 0
-20 7 -46 0
-43 15 -41 0
26 -37 30 0
29 1 41 0
-22 -1 -8 0
48 -15 13 0
-13 -39 -18 0
41 43 26 0
12 23 -49 0
41 -26 40 0
40 -26 -47 0
38 17 38 0
17 -4 24 0
46 44 23 0
-19 -22 -27 0
-3 12 -1 0
-21 45 -8 0
20 -30 1 0
-27 -50 29 0
46 -7 22 0
1 -13 17 0
-3 -4 -43 0
-24 -13 9 0
-12 -39 28 0
5 44 39 0
-43 31 8 0
16 45 -27 0
30 26 39 0
-47 -34 -7 0
44 -46 -4 0
30 23 44 0
-32 -43 -26 0
28 42 -46 0
14 13 28 0
7 -38 21 0
-29 -34 -6 0
48 30 -38 0
22 -11 -6 0
-34 48 -42 0
-43 13 -39 0
-7 46 -5 0
-4 -38 27 0
-20 -46 25 0
-50 37 -15 0
-46 42 -2 0
-5 -31 30 0
35 17 -18 0
-30 -31 49 0
-35 -8 24 0
29 43 -44 0
-21 -5 -27 0
10 32 -21 0
33 -45 -13 0
-17 -8 49 0
43 12 -2 0
14 -26 33 0
-33 -13 50 0
30 37 29 0
31 -40 20 0
-41 -10 -3 0
-40 47 -29 0
-38 30 -50 0
12 -42 33 0
13 -50 11 0
-15 31 48 0
34 4 -16 0
-33 44 -37 0
12 -4 -28 0
2 -38 26 0
-35 -12 -26 0
5 2 8 0
30 16 22 0
-48 -37 36 0
-14 48 -32 0
-49 2 -40 0
-35 -11 19 0
42 4 -48 0
-40 15 -23 0
-42 23 26 0
-1 -37 38 0
-23 7 29 0
46 -37 44 0
22 50 36 0
-3 41 1 0
-6 -32 1 0
31 -27 -25 0
-32 7 -8 0
-37 -2 -34 0
-23 33 38 0
35 48 -48 0
