c CNF generator v0.9
p cnf 50 262
-1 -49 28 0
-1 -47 6 0
-24 16 43 0
-7 -36 -2 0
-8 35 10 0
-43 -1 47 0
18 3 9 0
42 9 -31 0
-7 1 42 0
13 22 -34 0
17 -13 -33 0
-41 8 -24 0
18 13 7 0
-49 -2 50 0
48 25 -50 0
14 -3 -30 0
-17 11 24 0
-31 -33 -49 0
-13 28 -11 0
44 -13 -29 0
-31 11 10 0
-36 -10 -43 0
46 -35 -24 0
37 15 -47 0
-3 5 -26 0
5 -30 -37 0
42 5 -22 0
21 10 -3 0
40 9 40 0
22 13 11 0
29 42 31 0
-18 28 -11 0
12 35 -12 0
-48 9 -10 0
-13 14 -3 0
-42 35 -50 0
38 32 -1 0
-26 -27 13 0
3 -25 -47 0
32 50 39 0
-1 44 12 0
4 -13 5 0
7 -11 42 0
-41 -14 15 0
7 -15 37 0
-23 33 -33 0
-27 -4 -37 0
-16 -15 27 0
42 33 14 0
-47 36 -23 0
-23 1 -17 0
-11 -45 -38 0
25 -7 37 0
9 -40 32 0
31 -14 -34 0
41 -7 35 0
-17 30 -44 0
49 -17 -7 0
-46 43 -7 0
48 -45 44 0
-5 -33 -33 0
11 45 -3 0
-34 -4 17 0
15 13 -6 0
22 6 -3 0
-36 -14 -38 0
40 30 -24 0
-26 -46 -26 0
10 -31 -10 0
-30 -38 -40 0
-11 -18 -43 0
27 14 -27 0
-8 48 1 0
20 -23 46 0
-27 -10 -30 0
34 -46 -31 0
-43 12 40 0
-1 9 27 0
-39 -15 -26 0
15 11 28 0
-38 -45 35 0
-7 4 23 0
-9 25 24 0
30 3 -2 0
-1 44 9 0
-47 -50 -7 0
12 37 -38 0
50 35 41 0
-35 -23 30 0
31 -35 23 0
-38 3 -50 0
-7 -42 46 0
12 -45 17 0
44 34 -30 0
8 -10 -18 0
2 -22 20 0
-27 48 -31 0
41 -32 -28 0
49 36 -47 0
-33 -31 22 0
-36 -23 31 0
-23 -6 -8 0
-28 14 -13 0
21 -7 18 0
-26 21 -42 0
16 -18 10 0
48 -33 8 0
39 -39 33 0
34 34 -8 0
19 21 10 0
36 -45 -1 0
33 48 41 0
-8 45 -29 0
21 43 9 0
-49 3 -43 0
-35 31 -19 0
47 49 -49 0
-32 39 16 0
-11 -45 18 0
-39 35 35 0
2 -19 50 0
41 -32 35 0
11 -31 -39 0
-28 -11 -23 0
21 39 4 0
-39 32 -26 0
38 36 -39 0
-3 24 -3 0
33 11 -48 0
-33 -3 -31 0
34 19 35 0
-41 -39 33 0
-30 38 -44 0
12 29 31 0
28 32 24 0
46 -18 44 0
-24 14 13 0
7 7 35 0
-5 42 35 0
26 -35 35 0
50 39 13 0
-37 -28 45 0
-43 -25 -11 0
6 42 -46 0
-38 -23 -20 0
15 17 44 0
-41 1 -9 0
32 16 -45 0
9 26 29 0
22 -15 -2 0
-20 26 -37 0
26 -41 -45 0
6 -17 44 0
25 -19 -9 0
-43 39 50 0
42 -4 -31 0
-10 -35 14 0
24 39 37 0
34 22 21 0
25 -21 -37 0
-23 -13 -32 0
12 -27 -33 0
39 -49 6 0
2 4 -27 0
8 -28 -13 0
-25 -25 -48 0
48 -38 -40 0
-2 37 31 0
40 27 -37 0
2 -19 -6 0
28 -3 38 0
15 36 1 0
9 -10 26 0
37 39 7 0
-10 -45 29 0
-19 -49 28 0
-24 22 -38 0
20 -21 3 0
44 30 -22 0
40 -21 33 0
37 3 -30 0
15 -2 10 0
-28 22 47 0
23 19 -25 0
-28 17 -34 0
31 42 -46 0
31 -25 29 0
-43 -21 18 0
3 -30 48 0
-16 27 -43 0
26 18 12 0
40 -5 33 0
7 -26 -21 0
-25 3 22 0
-15 48 39 0
36 -6 -36 0
-27 29 -9 0
-38 2 19 0
-47 26 -33 0
-35 -33 -27 0
-12 44 -20 0
-36 -22 33 0
17 -9 42 0
48 -12 26 0
-50 -13 16 0
42 41 5 0
-49 -37 10 0
48 -27 -19 0
-24 35 46 0
48 -47 4 0
35 -23 -20 0
-17 31 28 0
-10 50 46 0
-1 1 -34 0
-29 -21 18 0
-9 31 11 0
17 -41 -25 0
37 19 8 0
29 -14 -25 0
2 -40 21 0
11 -18 44 0
-17 42 -38 0
8 -45 -38 0
44 3 23 0
21 -11 -44 0
24 -43 18 0
-29 28 -39 0
-18 48 -20 0
-19 -23 -22 0
-30 -15 -38 0
-41 -1 24 0
-3 26 -23 0
8 34 31 0
-19 -2 -30 0
40 -28 3 0
-15 38 46 0
40 -24 9 0
29 -16 -29 0
4 -11 46 0
15 -44 -11 0
18 46 -40 0
3 -45 1 0
-41 -21 29 0
39 -50 21 0
-44 -45 -41 0
46 -26 30 0
29 -45 -9 0
4 39 -36 0
39 49 -31 0
-16 24 -13 0
-49 -49 -38 0
-9 -38 18 0
-28 11 -38 0
-21 -9 -29 0
-14 14 -46 0
-3 3 35 0
46 -28 23 0
-7 44 -28 0
-50 -37 -4 0
-16 28 15 0
-18 -23 -18 0
-22 -20 50 0
