c CNF generator v0.9
p cnf 50 262
1 13 -48 0
43 -27 50 0
-5 -24 23 0
-49 29 38 0
-5 7 -42 0
-22 -8 11 0
31 -13 -33 0
-40 13 32 0
14 -21 -26 0
6 37 27 0
-18 47 43 0
24 -41 -6 0
-35 -19 -27 0
15 -38 -47 0
-28 -5 -48 0
-6 -20 -40 0
27 13 -40 0
43 23 -2 0
31 2 -4 0
20 -23 47 0
-38 10 -1 0
7 11 -44 0
44 -43 -5 0
10 16 -4 0
50 20 -25 0
-36 -2 10 0
13 -16 18 0
-32 -47 5 0
25 -33 -7 0
34 1 24 0
-42 -49 -2 0
46 49 -6 0
23 -6 -37 0
-30 -14 -6 0
-35 -31 -23 0
10 41 48 0
-2 -6 6 0
23 -28 -36 0
34 -3 -28 0
18 -40 -42 0
38 31 -9 0
-26 -44 29 0
30 -14 -48 0
-35 1 -5 0
49 -43 -8 0
-10 -13 -2 0
47 -13 26 0
17 5 3 0
41 -38 50 0
-3 38 -50 0
-41 -20 16 0
-13 -3 -34 0
-42 -11 -8 0
-18 37 -31 0
-10 50 11 0
-37 -22 -35 0
-8 -4 15 0
33 17 -28 0
-36 46 -23 0
-36 24 -21 0
-44 -50 42 0
5 -29 -33 0
12 7 41 0
-18 -49 -3 0
19 -25 42 0
-26 7 19 0
40 21 29 0
20 36 1 0
-18 -38 -6 0
19 -24 -36 0
17 -20 50 0
-28 -3 27 0
-11 -37 42 0
-16 -9 -29 0
38 -43 25 0
43 1 -27 0
33 -3 17 0
-32 48 4 0
-37 -27 -10 0
15 33 14 0
-6 10 5 0
8 -31 36 0
-44 40 -6 0
-6 -11 15 0
-29 -12 -7 0
-49 7 -42 0
-48 9 -28 0
37 36 12 0
23 50 17 0
47 -17 16 0
-31 5 -26 0
-38 -20 35 0
-32 46 -38 0
8 -16 8 0
-27 42 -13 0
29 38 42 0
-30 36 43 0
2 36 47 0
15 19 33 0
-27 48 19 0
29 20 10 0
23 -16 3 0
46 4 44 0
-34 -20 3 0
-37 -41 -4 0
-32 -25 42 0
16 -20 -20 0
-17 -16 -10 0
42 -23 49 0
-39 -34 1 0
-39 46 -32 0
25 -43 34 0
-14 1 43 0
33 -41 -28 0
34 -18 28 0
-5 -27 -37 0
17 4 41 0
2 -32 -5 0
24 18 4 0
24 -1 3 0
-30 34 -7 0
4 -48 -50 0
34 -41 -9 0
14 -13 12 0
15 -23 -34 0
39 32 8 0
-27 25 37 0
-33 21 37 0
-20 -34 -39 0
2 10 44 0
-19 13 -43 0
35 11 47 0
43 -20 -17 0
37 47 -39 0
49 -25 2 0
47 -11 34 0
-2 -29 29 0
22 -24 23 0
10 12 -34 0
43 -45 9 0
38 -45 2 0
42 17 34 0
-4 -6 50 0
-26 44 -31 0
8 42 31 0
-30 38 4 0
3 2 -16 0
-44 7 26 0
6 7 -16 0
25 -16 26 0
48 -1 -48 0
48 -43 -28 0
-15 -5 -47 0
4 -41 46 0
-7 -29 -20 0
-13 -41 -19 0
-5 19 -8 0
-31 29 -5 0
-50 42 -13 0
28 20 35 0
14 49 -42 0
-9 5 36 0
11 -5 33 0
26 -26 -5 0
24 27 7 0
-29 32 38 0
-44 19 20 0
2 10 -31 0
-39 -6 -40 0
-4 47 38 0
-4 11 -11 0
30 -46 50 0
37 24 -33 0
29 -37 15 0
45 39 6 0
34 50 33 0
-44 40 -24 0
13 41 -17 0
28 14 -39 0
-30 48 -44 0
33 -37 8 0
46 -5 26 0
-46 -49 -10 0
33 -43 14 0
50 17 -21 0
-20 -47 50 0
-41 17 48 0
11 -37 -32 0
6 18 -12 0
-40 45 -29 0
-40 -43 43 0
49 -19 -29 0
26 -41 8 0
42 45 -42 0
42 -1 8 0
-18 -42 -15 0
-5 -2 44 0
16 -42 -43 0
-25 2 -42 0
8 -14 38 0
29 21 -42 0
7 -39 -41 0
50 -47 33 0
-35 45 -17 0
6 35 11 0
-10 -27 6 0
-4 25 -22 0
49 -18 -10 0
-50 -26 -45 0
46 33 31 0
-15 26 21 0
-24 -16 16 0
22 -16 -26 0
-24 -2 -11 0
3 42 17 0
-21 12 -37 0
-29 -14 33 0
-24 32 -11 0
-48 3 43 0
4 1 -18 0
-15 -17 -12 0
42 -13 30 0
-16 12 -36 0
10 -14 -50 0
-8 43 4 0
39 -12 11 0
-22 -34 -42 0
50 37 -30 0
26 -48 45 0
-20 1 -6 0
13 33 -4 0
-48 31 7 0
38 -26 -31 0
-21 -5 17 0
-47 44 -32 0
-47 6 -24 0
23 -16 -2 0
-21 43 -12 0
-27 -8 -38 0
-11 9 12 0
-7 14 7 0
-7 33 22 0
-32 21 -48 0
-30 1 -22 0
9 48 27 0
2 -17 27 0
25 -12 -19 0
44 -9 -1 0
37 -4 27 0
-12 -38 -38 0
-8 -37 23 0
-32 19 -32 0
40 -4 45 0
-46 29 -49 0
-12 -43 40 0
-37 -21 -50 0
1 -19 -12 0
35 48 24 0
42 47 -21 0
-22 25 30 0
-35 -45 -12 0
-29 24 23 0
