c CNF generator v0.9
p cnf 50 262
20 -4 18 0
-47 -26 -13 0
-23 40 15 0
36 9 3 0
49 42 18 0
22 42 -50 0
-30 6 25 0
-47 39 6 0
-7 44 -41 0
-21 -22 41 0
-23 39 41 0
-14 -15 20 0
27 -24 -27 0
-33 22 11 0
43 17 29 0
37 35 -19 0
-9 -26 -32 0
18 18 50 0
-18 29 -7 0
23 -33 22 0
-4 -36 -45 0
33 -3 34 0
-22 -21 -34 0
41 -19 -29 0
-12 46 -41 0
-50 -21 -5 0
50 -23 1 0
-2 -13 4 0
24 15 -30 0
49 -37 -50 0
41 30 -43 0
-14 46 -17 0
43 -4 -35 0
32 -22 -13 0
21 18 25 0
25 29 11 0
10 22 24 0
48 -32 -42 0
-13 4 -10 0
-33 49 -41 0
20 9 -7 0
2 2 -43 0
-46 -34 19 0
-24 8 31 0
-39 42 49 0
13 -29 -12 0
42 29 -4 0
32 15 25 0
38 -49 29 0
9 49 46 0
-3 45 50 0
3 -17 -4 0
45 -19 -40 0
-16 -17 21 0
-2 35 28 0
50 38 -10 0
-27 19 49 0
-20 41 -21 0
-39 -49 15 0
25 35 13 0
-43 -16 -48 0
27 5 26 0
22 42 -6 0
43 31 -47 0
-26 45 -29 0
4 45 -10 0
-16 -3 47 0
17 24 12 0
-23 -45 -22 0
-6 -35 38 0
-31 20 2 0
8 15 5 0
49 32 -38 0
-44 26 9 0
24 -41 22 0
-18 43 -4 0
-4 -31 -7 0
-10 -17 13 0
8 45 -4 0
-33 35 -50 0
-5 14 -27 0
13 42 -40 0
-49 25 -50 0
20 47 10 0
-5 9 -25 0
-26 -29 -41 0
-47 -30 23 0
15 37 24 0
32 46 -12 0
-18 -3 27 0
-12 -4 49 0
19 19 38 0
41 40 -33 0
-18 -20 -35 0
5 25 1 0
-29 -19 49 0
-11 -34 11 0
-8 44 22 0
4 49 -6 0
48 -43 20 0
-8 23 -27 0
-6 13 -34 0
-14 -7 -7 0
-18 15 2 0
-12 -31 34 0
-31 16 3 0
34 30 26 0
17 -5 32 0
-50 -46 -17 0
-39 19 -44 0
-30 43 15 0
-30 24 48 0
-4 -3 6 0
-46 13 3 0
-46 15 -22 0
33 -6 -16 0
-28 -17 -5 0
7 -29 -8 0
43 -42 17 0
-10 -26 -10 0
27 3 35 0
45 -17 32 0
-17 28 18 0
40 43 -23 0
43 -33 24 0
-40 16 -42 0
-42 -11 -35 0
38 8 3 0
-2 49 39 0
-46 -1 -15 0
3 -38 -4 0
11 47 39 0
8 -25 7 0
-31 21 -4 0
-24 -32 -47 0
-30 28 8 0
-17 -14 36 0
4 16 -2 0
42 42 -43 0
20 -28 5 0
9 11 -41 0
-10 -17 37 0
-23 -17 50 0
7 -46 49 0
41 -23 -35 0
-32 -8 2 0
-22 8 41 0
33 -34 17 0
-11 15 -2 0
-50 8 38 0
46 45 -27 0
16 3 46 0
-36 -2 -1 0
31 -1 -46 0
-34 -40 21 0
45 -36 16 0
34 -39 9 0
-7 16 -33 0
15 32 -48 0
-10 -27 45 0
-33 50 -23 0
14 -5 -17 0
-12 25 5 0
-46 20 -41 0
11 29 10 0
15 -39 -50 0
-8 -23 -43 0
-10 -30 -40 0
-2 32 -3 0
-3 -46 31 0
49 11 3 0
-3 -43 -19 0
-7 16 -3 0
21 -5 -37 0
-9 -8 -23 0
6 16 27 0
-49 -12 14 0
29 29 -17 0
30 1 -20 0
27 -36 -13 0
23 -14 16 0
-11 -39 23 0
9 -50 -33 0
49 9 -13 0
6 -12 27 0
-24 -37 39 0
24 44 3 0
36 -34 -35 0
23 -24 -29 0
-13 2 -12 0
32 40 27 0
-35 -16 41 0
-47 41 31 0
-49 34 13 0
24 6 -22 0
-49 31 -35 0
-49 -41 -18 0
-46 -27 -2 0
-41 -37 31 0
36 17 -37 0
-2 1 48 0
-10 -5 33 0
-27 13 -38 0
15 13 16 0
-8 -4 21 0
47 11 50 0
-41 -39 -32 0
-10 44 25 0
-28 26 -12 0
34 -31 45 0
-4 18 -11 0
4 10 -34 0
-21 -20 -20 0
-34 -39 -24 0
-16 38 47 0
-30 -41 -30 0
-21 32 -36 0
40 44 -4 0
23 14 34 0
-27 29 -18 0
-23 -47 -34 0
34 50 -37 0
-6 -21 50 0
-36 -19 -24 0
-42 4 -20 0
25 -7 -13 0
23 37 19 0
23 33 13 0
-3 -37 -21 0
20 -25 7 0
19 -29 11 0
-1 15 48 0
7 33 -43 0
10 -11 -34 0
44 5 49 0
45 15 -25 0
29 29 -41 0
16 -45 43 0
16 38 -49 0
33 -43 5 0
-50 8 -33 0
43 -18 -30 0
4 32 -8 0
2 47 -46 0
49 48 44 0
49 35 23 0
-33 -24 -23 0
-41 40 3 0
-31 -22 44 0
40 4 -43 0
-21 11 41 0
5 -42 -14 0
-50 -4 15 0
9 -21 34 0
-18 36 34 0
-22 -2 -4 0
20 -36 -20 0
-32 -37 -3 0
1 18 -26 0
-6 -50 -1 0
-15 -35 34 0
13 42 -39 0
