c CNF generator v0.9
p cnf 50 262
-23 20 10 0
-30 37 -25 0
-27 40 -29 0
-12 41 49 0
16 -41 9 0
49 20 -26 0
-36 42 -20 0
-5 45 17 0
-31 39 39 0
18 34 2 0
3 26 8 0
48 -30 33 0
20 -37 45 0
7 7 16 0
25 19 -40 0
18 -2 46 0
4 39 32 0
33 -45 -13 0
-25 22 -28 0
-8 9 50 0
-31 -44 -7 0
18 -4 -23 0
-14 -20 -29 0
-26 21 -12 0
-38 6 -40 0
-25 6 7 0
-34 -44 -44 0
-17 -41 -50 0
-25 18 4 0
-44 -13 36 0
-48 42 -43 0
16 -39 25 0
-1 -13 33 0
-48 45 -42 0
-1 -20 -39 0
16 -39 -21 0
35 34 33 0
21 50 -36 0
-27 -15 -26 0
17 14 41 0
-38 43 -36 0
-48 -8 -15 0
18 -29 -39 0
-33 9 -45 0
-25 50 21 0
-32 48 11 0
-7 -40 1 0
-24 50 -47 0
45 -29 -39 0
-31 16 -50 0
13 7 22 0
-32 36 23 0
23 -45 -25 0
46 46 -5 0
46 -25 12 0
-8 -25 33 0
-23 -23 -1 0
-26 42 -45 0
-45 13 -49 0
10 19 -6 0
7 29 5 0
5 -32 -46 0
36 -30 24 0
24 -46 -20 0
-13 31 6 0
-50 40 8 0
7 15 -11 0
-14 -27 -43 0
-20 37 22 0
11 30 -4 0
21 36 -46 0
-34 -41 -3 0
-40 14 -31 0
34 47 7 0
-50 -12 -7 0
-29 -15 -28 0
35 19 48 0
-41 22 25 0
4 30 19 0
23 25 -1 0
6 -35 -36 0
38 -23 -14 0
-17 -49 -35 0
22 2 -31 0
-31 -28 16 0
-18 -31 -32 0
9 4 -25 0
-49 36 -39 0
-34 -14 4 0
36 -20 9 0
-12 19 -21 0
-28 -26 -12 0
-2 7 43 0
9 -36 6 0
50 34 -50 0
-27 36 32 0
1 -40 -25 0
-24 -28 26 0
-37 48 -35 0
-31 -2 -8 0
-23 33 -24 0
-3 23 36 0
41 8 2 0
-25 21 -35 0
-38 28 -12 0
-7 2 -30 0
6 37 34 0
-7 -7 10 0
36 -26 -29 0
30 -5 -34 0
36 -33 6 0
31 -25 -41 0
15 6 -19 0
-50 39 -36 0
41 -26 -9 0
48 -26 32 0
-49 5 22 0
49 8 -14 0
-37 40 20 0
-29 49 -4 0
24 -43 -38 0
16 16 15 0
-3 -18 -12 0
-28 -22 34 0
-43 30 32 0
-12 3 -42 0
-10 28 -43 0
2 32 -30 0
-13 -21 8 0
2 47 -26 0
-7 -25 -45 0
-17 10 47 0
49 -12 38 0
-35 3 36 0
31 -33 24 0
-36 26 45 0
24 -27 6 0
-31 -45 2 0
13 -1 44 0
-30 28 -7 0
8 -47 -7 0
30 19 41 0
38 45 -27 0
-14 23 35 0
-2 -24 -32 0
9 16 -44 0
-47 6 -26 0
6 -39 -43 0
14 14 -47 0
-37 -25 -1 0
-27 4 -13 0
-46 -36 13 0
35 -32 -41 0
8 44 -47 0
50 48 26 0
-34 3 46 0
-16 9 -42 0
-31 5 -36 0
-34 -32 5 0
-9 18 8 0
-22 -42 -29 0
-20 35 4 0
1 -44 -33 0
50 5 -24 0
-20 46 23 0
-37 16 28 0
23 -43 -44 0
45 -39 -30 0
12 -37 -43 0
14 -34 1 0
-20 -39 50 0
-12 -33 -15 0
34 27 10 0
49 -18 -20 0
-12 -4 -27 0
-49 -9 -20 0
-46 17 22 0
20 18 6 0
18 41 19 0
-24 42 -32 0
6 35 27 0
-33 9 15 0
13 32 -39 0
45 23 -26 0
-34 26 -46 0
14 -12 -40 0
22 46 -21 0
-3 -34 -27 0
-45 -6 -33 0
28 22 -11 0
42 40 49 0
3 -30 -8 0
14 -41 27 0
-29 26 -18 0
50 -43 22 0
6 -6 -32 0
-46 -23 -8 0
31 -10 -28 0
-9 34 -3 0
19 -16 14 0
-24 -5 -45 0
28 17 16 0
-17 35 -4 0
-39 -38 10 0
-30 18 -48 0
-21 2 -23 0
24 -15 -26 0
49 49 21 0
10 -49 -41 0
21 14 26 0
12 39 3 0
38 -35 35 0
-49 -32 -4 0
-9 48 17 0
45 -28 -18 0
14 -28 -21 0
14 -31 8 0
13 8 -44 0
23 2 10 0
-4 11 25 0
14 43 17 0
27 37 -41 0
18 27 49 0
7 28 -15 0
-37 -9 32 0
-39 3 -6 0
-34 -36 36 0
-26 39 -19 0
-19 -34 37 0
26 40 -25 0
-35 18 31 0
-48 -43 -31 0
-42 -43 -28 0
48 -25 1 0
5 7 -4 0
-37 33 33 0
-41 -20 22 0
20 30 -30 0
33 -20 15 0
33 5 4 0
49 -14 -37 0
28 40 -17 0
-15 49 -10 0
21 48 28 0
31 -2 7 0
17 43 7 0
38 17 -38 0
-41 -9 42 0
39 -25 16 0
7 35 43 0
-11 -14 -26 0
39 20 -36 0
21 -42 -21 0
-17 34 -31 0
-32 3 41 0
-3 28 -5 0
16 47 44 0
8 16 -41 0
41 44 -19 0
10 16 6 0
11 -31 14 0
4 -7 31 0
