c CNF generator v0.9
p cnf 50 262
3 -10 20 0
43 35 1 0
-24 29 2 0
-27 -25 -40 0
8 -21 10 0
-15 -25 -19 0
-20 8 -30 0
33 38 13 0
-50 -3 -7 0
-6 24 3 0
47 -7 -25 0
26 -31 -23 0
-34 -35 -21 0
20 -4 19 0
-9 46 38 0
14 -6 -8 0
10 33 -13 0
11 20 -49 0
48 50 14 0
16 -29 15 0
-11 -34 7 0
-21 -9 19 0
44 29 -34 0
3 43 -34 0
-22 24 -47 0
-10 -30 -40 0
-38 -1 -10 0
-22 -20 29 0
-31 2 46 0
40 46 32 0
47 -35 -23 0
-38 -48 -28 0
49 -34 10 0
5 -42 -18 0
-10 8 27 0
50 -14 -20 0
-31 -21 5 0
25 36 -4 0
-49 27 27 0
17 -47 -4 0
40 39 33 0
-1 -47 -28 0
-17 -47 -23 0
37 48 27 0
-11 -6 -22 0
15 -11 -42 0
-10 -14 -31 0
-26 -35 -26 0
-8 -22 38 0
-41 21 -13 0
-17 49 38 0
-14 49 -28 0
-28 46 11 0
-2 -14 -12 0
24 -19 37 0
-15 46 33 0
-31 15 -41 0
50 -2 -27 0
31 -35 50 0
-46 -34 12 0
-47 -26 20 0
23 4 -50 0
-21 -48 -3 0
26 -25 -19 0
42 -13 26 0
33 40 29 0
34 -4 -35 0
-26 41 -3 0
-28 42 -31 0
28 -24 -46 0
29 -26 20 0
-46 -42 48 0
-25 46 35 0
48 -10 -38 0
-35 -42 -26 0
36 -10 12 0
-16 -20 -46 0
-26 26 30 0
31 45 -20 0
48 37 40 0
44 9 9 0
-13 39 42 0
-5 -16 -23 0
-20 -36 37 0
-36 13 -17 0
43 36 10 0
10 -31 -3 0
-25 -27 -8 0
27 47 -21 0
-36 28 -9 0
45 -41 37 0
33 -24 13 0
1 30 28 0
-36 24 -18 0
-44 -46 -1 0
-21 -41 11 0
31 35 -9 0
27 9 28 0
-5 23 1 0
-28 43 19 0
-24 -19 5 0
25 29 -38 0
-9 10 -40 0
32 3 -11 0
-47 -8 -43 0
-32 41 -20 0
-30 46 32 0
43 17 38 0
47 -13 -2 0
29 -4 -48 0
28 29 -41 0
40 22 -12 0
44 12 -22 0
15 26 -12 0
40 10 -44 0
-6 14 -1 0
3 15 37 0
18 -36 -21 0
20 41 39 0
-12 10 -16 0
28 -45 3 0
36 35 28 0
42 14 50 0
-11 -3 28 0
-19 4 16 0
12 15 -44 0
-37 34 11 0
-15 -2 -32 0
17 -42 -32 0
-16 39 50 0
16 45 27 0
50 -12 10 0
44 4 27 0
-6 -38 -30 0
27 -41 -37 0
37 -39 -15 0
-34 37 20 0
-32 -43 36 0
25 20 -11 0
16 25 21 0
-44 -49 2 0
14 -37 -40 0
-33 -33 26 0
-40 -13 16 0
50 -11 36 0
-28 -49 25 0
-35 48 -25 0
7 -17 -23 0
9 -24 -1 0
26 -2 -41 0
-50 21 46 0
-13 10 27 0
-22 -43 -6 0
-12 -45 -14 0
25 38 -20 0
18 -32 -36 0
-7 22 -24 0
-2 -13 30 0
-24 -36 -3 0
-23 40 22 0
16 33 39 0
32 -31 47 0
1 36 23 0
25 44 -2 0
-34 -19 -37 0
-28 35 2 0
19 -23 -19 0
-47 36 -19 0
-42 43 -34 0
-22 22 -50 0
12 -28 43 0
-47 -14 46 0
37 21 2 0
34 -33 -9 0
40 -37 -1 0
45 29 -47 0
-5 -39 21 0
-43 -6 -42 0
-14 10 -30 0
8 3 6 0
26 -14 -25 0
37 8 -42 0
-46 -29 -47 0
-19 45 -17 0
11 -43 -30 0
45 20 -12 0
18 -37 38 0
-49 -11 -11 0
-44 37 8 0
8 -20 -45 0
-29 37 37 0
-17 41 19 0
3 -18 3 0
31 -3 -15 0
30 13 43 0
-43 48 45 0
-21 20 -36 0
-34 -44 -41 0
43 -49 -9 0
36 44 -49 0
-18 -30 45 0
-19 -28 -15 0
-35 -26 4 0
7 33 -15 0
39 11 -39 0
-8 24 -42 0
1 33 -42 0
17 41 -21 0
33 6 -13 0
39 33 -4 0
-3 -23 -8 0
-38 -19 23 0
41 -29 37 0
-11 12 -42 0
-24 -19 17 0
32 33 6 0
42 -40 -3 0
15 46 -24 0
-15 -15 40 0
50 12 39 0
-24 11 -3 0
21 20 -21 0
-31 -48 12 0
-37 -17 8 0
-49 -9 33 0
38 25 -36 0
-35 -28 44 0
49 24 -7 0
9 -21 -6 0
50 49 -42 0
10 5 5 0
-19 -16 5 0
20 -39 39 0
-16 -47 -9 0
44 -39 -29 0
-6 -50 -44 0
2 35 -45 0
46 32 11 0
-50 44 -50 0
44 -44 -30 0
48 39 -41 0
-44 -48 -42 0
-18 37 1 0
45 33 -50 0
-38 -17 -4 0
-8 26 18 0
-15 46 50 0
-34 -21 12 0
-21 -6 12 0
-16 -49 -12 0
20 41 -30 0
5 5 -4 0
45 2 31 0
-26 -47 50 0
28 -1 6 0
14 31 29 0
18 -39 -6 0
-41 -42 31 0
-40 -13 48 0
13 6 45 0
-8 37 -11 0
32 -11 -5 0
