c CNF generator v0.9
p cnf 50 262
37 36 1 0
-23 28 -25 0
39 -42 14 0
5 -4 24 0
45 -35 -48 0
40 33 -17 0
-13 43 -24 0
-26 -28 48 0
-40 19 40 0
41 27 25 0
30 -1 18 0
20 8 -33 0
38 -38 -43 0
38 25 26 0
35 -31 -41 0
-35 -17 -9 0
17 4 -16 0
13 -38 26 0
40 28 33 0
26 8 -14 0
-4 -12 38 0
22 -30 -16 0
-22 15 -28 0
17 -36 -43 0
34 19 21 0
4 44 -34 0
-13 48 34 0
-36 8 43 0
39 -32 14 0
-45 35 -8 0
38 -17 -3 0
30 -31 -15 0
37 -34 -16 0
41 -2 2 0
-44 -16 47 0
-37 4 5 0
-34 1 14 0
-30 -9 9 0
21 -41 26 0
-36 50 -24 0
-10 -46 27 0
26 -26 38 0
46 13 -28 0
-45 -46 -15 0
-17 21 -29 0
-6 -26 -48 0
-12 21 -13 0
10 25 19 0
-22 30 -13 0
-35 -9 -25 0
-15 18 -36 0
-28 -14 -37 0
-25 40 23 0
49 21 47 0
48 13 10 0
-25 2 -11 0
7 -29 21 0
14 -17 1 0
49 -23 20 0
-50 22 42 0
-41 -11 -6 0
32 -26 46 0
-27 11 32 0
8 -40 -12 0
6 -24 -35 0
-10 23 -36 0
47 -21 -33 0
-50 38 -40 0
8 16 3 0
39 -16 47 0
-8 -20 -5 0
-6 -45 -16 0
26 30 -41 0
4 -2 -26 0
-34 -8 34 0
-25 1 37 0
-2 -22 18 0
-41 50 31 0
30 -29 -19 0
-41 24 29 0
-34 1 -36 0
-31 8 41 0
-16 50 -10 0
24 43 6 0
9 -34 -10 0
-24 -13 -39 0
-10 47 -43 0
14 29 5 0
-14 1 45 0
27 -10 -8 0
13 3 -15 0
47 -48 48 0
-47 -36 23 0
-12 47 41 0
25 -32 19 0
-37 50 36 0
39 -22 16 0
40 27 4 0
-32 39 -15 0
-44 -50 -1 0
-49 -20 8 0
-5 -50 -15 0
-8 -3 42 0
-11 -11 46 0
31 -13 -25 0
-44 -18 35 0
-32 -41 -20 0
29 31 -49 0
-43 -44 28 0
-42 -10 -18 0
-46 5 37 0
-19 -13 -27 0
14 23 -5 0
-24 13 44 0
3 50 14 0
-28 37 -10 0
-3 -12 -16 0
-25 16 -23 0
-23 46 32 0
-8 13 18 0
11 30 18 0
13 -12 -47 0
35 -26 4 0
39 33 -39 0
32 29 -33 0
17 16 -5 0
39 2 28 0
-21 47 -43 0
47 24 45 0
-4 -45 27 0
-33 -40 8 0
-35 -23 5 0
-6 33 44 0
-48 18 42 0
-4 10 46 0
-24 -21 1 0
-31 42 14 0
-39 33 14 0
-12 -4 16 0
-1 26 21 0
10 -19 40 0
11 22 -31 0
-25 28 19 0
-25 -36 33 0
-16 -8 -8 0
2 -40 40 0
22 32 -9 0
-31 -8 -1 0
-10 1 -9 0
15 -23 -5 0
13 -19 20 0
2 -23 40 0
-3 -33 -5 0
-12 -1 -13 0
-15 -16 8 0
7 9 -33 0
-34 -2 30 0
9 -49 28 0
-33 -50 -9 0
2 48 -2 0
32 11 -44 0
-30 19 -50 0
46 -33 21 0
48 12 49 0
5 -23 33 0
-41 -13 -6 0
-20 -37 26 0
15 -5 -38 0
41 39 -43 0
12 21 -31 0
24 -31 50 0
-46 10 -26 0
-16 27 47 0
-50 20 -16 0
-7 28 -39 0
28 -45 4 0
-6 41 23 0
-25 11 -9 0
41 49 39 0
-16 13 -37 0
-16 -15 5 0
-42 -13 -2 0
1 -36 -47 0
-22 -7 -21 0
44 -14 -44 0
-7 45 -4 0
-25 -37 49 0
-50 -26 27 0
-5 -21 -34 0
10 36 -20 0
37 -2 3 0
-22 -33 11 0
-11 32 -4 0
36 -14 -49 0
-18 16 -20 0
-29 28 14 0
30 -29 -1 0
14 30 -13 0
12 -31 -30 0
17 15 -23 0
50 38 43 0
-31 36 42 0
22 -48 -27 0
-3 15 -2 0
-23 -26 -30 0
46 46 28 0
20 31 -12 0
5 -32 -28 0
-6 -16 5 0
45 -16 -50 0
-36 -5 31 0
27 -3 41 0
5 -34 -3 0
32 -47 -45 0
-8 26 46 0
-36 -47 9 0
-12 3 -30 0
-40 39 -32 0
34 15 -21 0
15 -5 -11 0
15 8 41 0
14 -23 -5 0
-31 -32 -12 0
48 -32 -42 0
-24 43 31 0
41 38 -19 0
43 9 11 0
24 43 30 0
-45 9 27 0
-3 21 -19 0
-34 48 -30 0
45 33 -10 0
-41 15 16 0
-49 -43 36 0
-19 -11 9 0
-22 -4 9 0
13 -43 39 0
-35 29 -9 0
34 1 -4 0
-30 27 9 0
48 -36 33 0
-38 39 1 0
-44 -42 -9 0
42 -40 15 0
-11 2 -7 0
45 49 -37 0
-24 22 -47 0
-38 33 -44 0
-30 48 22 0
7 -11 -20 0
30 -19 38 0
28 -38 39 0
18 22 -46 0
-46 -17 -4 0
-46 -3 -16 0
-44 24 29 0
-32 1 -47 0
21 34 4 0
21 -31 28 0
1 6 -47 0
-2 37 23 0
17 -26 -38 0
