c CNF generator v0.9
p cnf 50 262
24 -34 -50 0
-49 -44 -45 0
35 26 -1 0
23 -44 -35 0
-48 27 -43 0
29 1 9 0
-18 -13 -39 0
-23 29 -5 0
-45 4 38 0
46 38 26 0
-43 40 12 0
-19 -5 -16 0
12 28 6 0
30 -10 42 0
-48 -33 22 0
-1 -24 17 0
17 -5 -19 0
49 -5 23 0
-2 -29 -32 0
26 6 8 0
10 24 11 0
8 -22 3 0
10 17 24 0
-5 28 -18 0
14 6 -45 0
-25 -28 9 0
-20 -37 34 0
38 3 45 0
2 50 41 0
-46 -22 -21 0
47 17 28 0
16 17 -19 0
-16 6 -48 0
-35 -50 -19 0
-11 -37 -31 0
45 25 45 0
-22 7 48 0
-27 -10 -37 0
44 28 -1 0
39 40 -26 0
-22 -24 -16 0
30 8 15 0
5 12 34 0
-4 16 46 0
-50 38 -29 0
-39 29 -49 0
-23 3 -28 0
-42 36 33 0
-17 -37 -26 0
-29 -2 47 0
-37 -11 -34 0
46 23 -29 0
42 31 -26 0
-38 -29 -5 0
-27 -28 -31 0
16 32 2 0
-15 30 3 0
-13 -10 -33 0
-25 47 -40 0
-50 4 37 0
-20 -49 11 0
-43 43 -29 0
36 13 -28 0
-10 2 5 0
19 22 11 0
6 -17 48 0
38 -49 -30 0
-3 -19 40 0
8 20 32 0
17 27 -43 0
48 28 6 0
20 -1 41 0
-28 -40 50 0
30 -45 -23 0
29 8 40 0
5 30 42 0
-48 -3 10 0
46 21 23 0
-33 42 7 0
10 -10 18 0
12 -41 -36 0
37 45 10 0
-31 1 31 0
8 7 -10 0
8 30 21 0
32 26 -45 0
-18 -22 -16 0
-15 36 47 0
10 -44 -4 0
-1 -13 3 0
44 24 37 0
16 28 -8 0
7 40 -40 0
-9 -43 43 0
-41 17 23 0
11 -37 -49 0
43 36 11 0
50 40 24 0
-26 -20 -38 0
-27 31 43 0
-50 15 46 0
7 4 -27 0
18 48 20 0
17 -41 49 0
-41 -1 30 0
-47 -8 40 0
39 -25 -35 0
-4 -16 -14 0
-28 -48 -11 0
7 -16 -33 0
9 30 -1 0
18 -15 -44 0
-14 -37 45 0
-49 -2 -41 0
-30 2 6 0
-24 -4 -21 0
-28 48 -17 0
11 -35 -33 0
-13 -21 -26 0
-10 21 33 0
30 -34 -1 0
19 -40 3 0
-6 -27 47 0
10 -21 20 0
-47 -3 -14 0
-32 32 -32 0
31 45 -45 0
13 -50 39 0
40 33 -48 0
-20 9 -27 0
-10 -44 -31 0
8 23 22 0
-39 49 -15 0
-4 39 -16 0
-10 -34 -41 0
-20 -46 -49 0
-19 -36 -2 0
-31 -21 11 0
-15 -43 41 0
-31 19 -12 0
-47 -5 6 0
28 14 -14 0
42 38 -30 0
33 31 13 0
21 -8 33 0
26 -21 -47 0
-27 26 9 0
-8 31 39 0
38 22 28 0
20 -36 17 0
-34 -17 30 0
-14 9 44 0
-21 48 27 0
-47 -37 -50 0
-45 45 21 0
42 -24 -20 0
-13 42 19 0
-41 48 -16 0
22 20 45 0
6 19 28 0
18 -19 28 0
34 -2 7 0
25 8 -10 0
-18 -22 -6 0
13 -46 -12 0
-2 -39 26 0
-15 -12 -19 0
-11 -18 10 0
8 20 -48 0
-22 -40 -44 0
-50 -29 19 0
-1 42 3 0
-17 -6 29 0
44 22 -13 0
34 30 44 0
-46 -3 -44 0
16 -31 -3 0
14 28 -40 0
-46 11 -12 0
36 -37 -23 0
37 24 -16 0
7 -32 35 0
-12 30 -41 0
-15 -26 -8 0
-25 -41 -26 0
-2 10 32 0
-42 12 35 0
45 21 2 0
-36 -11 -1 0
42 -38 -47 0
-23 -6 -32 0
17 -46 -32 0
15 26 37 0
-26 -41 -22 0
-45 -2 -19 0
-46 26 30 0
-26 31 14 0
45 -22 26 0
-31 -50 -19 0
18 -15 -11 0
22 -5 -16 0
11 -45 -35 0
-14 7 1 0
35 -32 5 0
-6 -40 -16 0
31 43 -10 0
42 -42 -14 0
23 40 -5 0
-10 -26 -12 0
-5 33 2 0
37 -37 -23 0
6 25 50 0
9 33 26 0
10 -23 45 0
15 1 7 0
25 2 34 0
1 -35 -3 0
10 17 14 0
18 39 -24 0
11 -33 24 0
-18 -49 9 0
45 17 -21 0
46 -21 -32 0
-44 3 13 0
42 -18 -2 0
-46 -10 1 0
-34 -16 -9 0
42 -1 -20 0
18 4 -7 0
36 -16 18 0
-14 46 19 0
41 37 46 0
30 -2 -19 0
-48 -21 49 0
39 -47 -4 0
-19 4 48 0
-40 7 30 0
21 -39 7 0
2 -18 -4 0
35 4 -26 0
-27 47 -32 0
-3 6 -33 0
-30 -28 8 0
-25 38 30 0
10 42 18 0
-50 -47 4 0
3 8 -35 0
29 5 -20 0
33 -46 13 0
-21 -19 -50 0
-46 -5 -46 0
50 42 -2 0
39 31 38 0
-32 26 30 0
-33 43 -15 0
-29 36 -4 0
23 -22 29 0
12 -26 -45 0
8 -13 -30 0
27 14 15 0
-9 -5 -16 0
-7 -46 34 0
