c CNF generator v0.9
p cnf 50 262
-6 31 23 0
14 9 7 0
14 30 -30 0
3 -32 -42 0
37 -44 6 0
-35 -22 -43 0
-44 -12 48 0
15 -1 -40 0
-18 3 48 0
-45 45 -48 0
17 -47 -4 0
36 20 -21 0
-8 26 2 0
27 5 41 0
-32 -45 36 0
5 -6 17 0
-50 25 20 0
-29 7 -35 0
37 30 -41 0
-48 28 -43 0
44 -49 37 0
-26 25 44 0
-18 18 29 0
-13 -39 -7 0
-19 12 13 0
37 44 47 0
-38 24 -45 0
18 34 -13 0
21 2 47 0
46 -44 -24 0
44 -20 21 0
41 -19 20 0
-14 2 30 0
39 16 5 0
-19 -4 -16 0
-2 43 -32 0
33 7 -10 0
42 34 -24 0
-23 15 48 0
-21 42 -32 0
-29 -42 -42 0
24 44 -34 0
-26 5 15 0
-27 22 8 0
-27 10 4 0
12 -28 24 0
42 36 32 0
50 48 -11 0
-27 -10 4 0
-25 -18 23 0
44 -48 -35 0
11 32 33 0
28 32 24 0
5 -10 41 0
7 -13 38 0
4 21 -21 0
-23 -38 38 0
4 37 19 0
4 -44 24 0
-12 -15 -8 0
-43 -1 47 0
22 -31 -13 0
-23 -22 27 0
39 32 13 0
-11 -25 5 0
-10 35 -4 0
-22 32 -8 0
-32 20 -13 0
40 7 -18 0
-9 -9 -48 0
-36 2 -14 0
11 -31 -9 0
39 42 7 0
41 -13 -36 0
40 43 -38 0
-35 13 -16 0
43 32 7 0
20 41 -14 0
-26 41 -30 0
-50 41 -24 0
-33 -32 18 0
33 -29 35 0
-38 -5 -47 0
44 34 -44 0
-27 27 -42 0
-27 -32 -32 0
39 23 36 0
-28 -11 -11 0
22 22 -16 0
14 -40 5 0
23 -25 43 0
14 -13 -27 0
26 -49 20 0
-8 -43 2 0
-4 49 -41 0
36 -32 31 0
49 14 -49 0
43 -46 40 0
46 -35 24 0
39 27 4 0
-26 -23 15 0
-22 -17 27 0
35 8 -30 0
9 -32 -39 0
-22 -35 18 0
-48 -34 13 0
10 25 11 0
-35 21 31 0
-46 50 18 0
-21 -47 -25 0
33 14 35 0
10 -31 -1 0
-39 43 24 0
-31 -6 -7 0
5 -26 -39 0
3 4 -34 0
29 -33 47 0
36 22 3 0
-21 5 36 0
-47 -43 19 0
-47 16 -24 0
1 14 15 0
-22 3 2 0
-44 17 -10 0
-46 -26 24 0
-17 36 -2 0
42 -35 -37 0
-4 25 -39 0
-41 -24 34 0
-45 -4 -25 0
35 -33 -50 0
-17 30 17 0
47 23 -19 0
-43 -50 -15 0
-40 -23 30 0
-10 19 18 0
-27 -23 -7 0
-21 28 -50 0
-20 -29 24 0
-33 4 -41 0
28 28 3 0
11 -2 40 0
-33 -26 41 0
-15 27 24 0
23 28 -17 0
-9 46 -11 0
17 -45 47 0
-36 24 15 0
2 4 20 0
-46 -17 -48 0
5 19 18 0
-35 5 -4 0
-30 15 24 0
15 49 -33 0
44 -32 -11 0
-13 -20 12 0
31 28 8 0
35 -4 -17 0
41 -15 23 0
-38 -40 11 0
-35 -37 50 0
2 43 -19 0
35 -26 38 0
-4 -19 -28 0
-12 20 -28 0
-18 24 -26 0
13 41 6 0
17 27 20 0
20 2 48 0
35 23 14 0
44 -38 -18 0
50 -31 -31 0
45 7 42 0
-47 -12 -41 0
10 -17 -18 0
-13 -49 16 0
-27 -30 27 0
41 -45 -26 0
-38 10 45 0
6 31 13 0
-13 -20 -10 0
37 40 2 0
10 27 48 0
-20 34 21 0
-43 -5 2 0
-38 -16 -47 0
-21 13 37 0
-47 -22 33 0
-44 -19 48 0
50 26 -35 0
-17 11 7 0
-42 17 -1 0
-47 35 -33 0
-6 39 3 0
41 8 35 0
-10 -29 34 0
-9 -27 -32 0
27 -19 11 0
45 7 2 0
29 14 -24 0
-1 41 5 0
50 -9 42 0
23 40 23 0
-23 44 15 0
50 -42 -29 0
29 34 36 0
-29 1 -28 0
-18 -11 14 0
23 -48 10 0
-35 17 20 0
25 36 -30 0
-48 29 46 0
-14 43 -48 0
40 25 -13 0
24 2 29 0
26 -44 -48 0
36 42 -24 0
-49 4 -26 0
-12 -14 -2 0
-6 38 -41 0
3 -8 -39 0
42 -30 46 0
-17 -13 15 0
-33 12 -17 0
3 3 -33 0
3 -32 18 0
-5 -28 -1 0
-40 -31 45 0
32 -25 -25 0
-33 -16 -2 0
6 39 50 0
-2 -50 50 0
21 -32 36 0
-18 38 30 0
1 -9 -25 0
-3 -23 -27 0
23 17 -10 0
13 -42 10 0
10 -43 -48 0
8 -33 18 0
-31 -30 -17 0
32 21 41 0
34 32 41 0
26 -8 17 0
19 3 -24 0
49 18 -1 0
3 2 43 0
-41 15 -22 0
-49 16 -45 0
-13 -28 -33 0
-36 -7 -4 0
-39 21 14 0
36 -25 43 0
-3 14 -5 0
-1 -40 -10 0
18 -5 31 0
-14 -33 21 0
12 30 -15 0
15 10 -12 0
-40 -32 27 0
-37 10 -42 0
38 43 7 0
