c CNF generator v0.9
p cnf 50 262
41 -33 42 0
-48 -42 2 0
33 -42 -44 0
50 -42 47 0
29 13 -2 0
41 29 12 0
25 4 10 0
-25 -36 13 0
-15 -13 -23 0
31 36 38 0
-43 35 50 0
37 -8 -34 0
-22 -42 27 0
-17 -32 -9 0
42 -29 -20 0
29 -10 21 0
33 14 16 0
37 34 13 0
44 -9 39 0
20 -32 -38 0
-9 -44 5 0
-4 41 -17 0
25 43 49 0
-16 -6 32 0
-48 -14 -10 0
-17 38 25 0
28 -10 10 0
18 -12 15 0
20 33 22 0
-44 -25 19 0
-6 -31 -14 0
32 -28 40 0
-46 -9 -34 0
-29 -3 35 0
40 7 18 0
35 9 -6 0
-43 34 42 0
-2 -28 22 0
-11 -32 -40 0
-26 45 -32 0
17 -46 -21 0
-10 45 -29 0
14 -27 -18 0
-17 23 -40 0
33 43 -41 0
-48 44 5 0
10 -2 33 0
20 40 -46 0
18 48 -3 0
46 -11 34 0
-25 -14 28 0
-25 9 -44 0
21 39 35 0
-44 -6 -6 0
6 31 -21 0
-4 46 -16 0
-44 48 -5 0
-26 -6 49 0
-42 -50 4 0
-47 28 -38 0
25 -11 26 0
47 -29 -5 0
39 23 -37 0
-12 7 -25 0
16 -20 -42 0
-36 11 45 0
36 21 -48 0
-23 -33 5 0
36 -48 35 0
-6 -18 -15 0
-26 4 18 0
20 -6 -39 0
10 -8 45 0
19 19 -27 0
31 -36 8 0
-45 -33 -7 0
-30 28 36 0
19 13 27 0
31 -44 -16 0
21 13 -12 0
6 -32 24 0
-41 15 1 0
21 22 -48 0
-28 41 -49 0
-48 -40 -49 0
-11 24 -7 0
-19 15 -50 0
-21 -14 -23 0
41 47 -37 0
-45 47 30 0
40 -22 -14 0
43 -46 5 0
-36 -6 24 0
-5 -36 8 0
24 17 31 0
-41 -3 39 0
17 -10 -4 0
-4 45 -34 0
5 39 -26 0
-3 -12 9 0
-18 -23 -18 0
35 -19 18 0
-40 -28 13 0
43 45 14 0
-27 24 48 0
5 -14 32 0
14 40 -6 0
9 28 -24 0
-9 -23 35 0
39 -46 -25 0
17 -33 -19 0
-14 20 23 0
41 -17 -13 0
-46 -10 30 0
-32 -39 -43 0
-26 -19 35 0
-19 5 18 0
24 25 16 0
9 -13 -46 0
-48 -19 -27 0
32 -9 14 0
-16 39 12 0
-36 -14 48 0
-24 -21 -1 0
35 16 -42 0
-34 36 48 0
-43 -35 38 0
43 -25 -36 0
2 6 -48 0
-1 18 -2 0
-9 43 -30 0
-33 19 49 0
-13 35 38 0
17 47 -35 0
38 -34 -21 0
-5 -7 -42 0
28 -28 37 0
-30 39 -26 0
29 46 -38 0
-1 47 13 0
6 45 -23 0
40 8 -28 0
-17 -49 -31 0
-21 39 -40 0
10 17 -22 0
-15 12 17 0
5 -29 47 0
-41 3 32 0
33 6 37 0
-16 -9 -34 0
30 -3 31 0
-7 11 -26 0
35 24 2 0
16 26 6 0
33 3 -39 0
14 3 -12 0
-27 -21 50 0
17 -37 45 0
23 1 -16 0
-40 5 -18 0
15 28 44 0
-31 -36 -1 0
11 11 -5 0
45 14 38 0
49 -18 -38 0
16 -22 -44 0
-32 45 -12 0
-25 -40 -7 0
-27 -36 -49 0
-17 -2 38 0
47 22 18 0
28 -3 -26 0
-47 -43 46 0
24 14 29 0
-4 -32 -35 0
24 -12 20 0
17 -30 -31 0
-32 46 43 0
14 36 -5 0
21 29 10 0
-39 22 -36 0
-39 -11 -48 0
15 -28 -21 0
-45 -40 33 0
-34 50 -40 0
18 -1 -7 0
13 -39 43 0
-6 30 18 0
-46 45 -30 0
17 -21 4 0
20 13 -29 0
42 -49 39 0
16 32 -46 0
-34 -22 15 0
-9 40 29 0
11 4 -40 0
35 -27 40 0
5 -24 36 0
-40 42 -7 0
13 -4 27 0
-40 25 32 0
-15 5 25 0
42 -16 7 0
-34 -29 -21 0
9 -14 41 0
-27 -3 42 0
24 -10 -28 0
25 -19 20 0
12 -40 -7 0
41 40 12 0
1 19 4 0
-18 -29 28 0
-27 7 11 0
-31 10 -44 0
48 46 36 0
34 7 -24 0
37 -16 -40 0
8 30 -28 0
-28 -22 14 0
-46 15 49 0
-29 -12 5 0
-41 -21 39 0
-42 35 -47 0
48 -48 -48 0
9 -46 -23 0
15 -2 43 0
-31 -30 -12 0
-25 15 49 0
-6 -50 -2 0
-16 -32 32 0
-18 -19 -41 0
43 -34 16 0
-3 -43 35 0
-25 18 6 0
-26 7 -23 0
21 -23 -48 0
-44 22 -15 0
3 -23 -19 0
-19 5 -18 0
-37 23 -2 0
14 3 18 0
3 -13 46 0
-32 -38 -28 0
24 -12 -46 0
34 21 40 0
-42 -32 -27 0
-16 -23 -47 0
-35 -32 11 0
-34 10 -30 0
10 -18 -48 0
11 -3 20 0
14 12 -42 0
-41 -38 23 0
-31 1 36 0
-50 46 -23 0
-10 -44 11 0
-37 -32 22 0
22 -15 4 0
-40 47 -50 0
-34 -32 33 0
34 5 -46 0
5 -48 -16 0
