c CNF generator v0.9
p cnf 50 262
-21 -7 13 0
-13 42 29 0
-15 -49 -11 0
4 -27 -33 0
-31 14 47 0
-7 18 9 0
-3 -48 16 0
-12 20 -45 0
-33 -17 -46 0
-27 -36 -4 0
-13 -41 -39 0
45 -6 -3 0
-27 41 -50 0
-13 -7 -36 0
-9 -13 25 0
-3 25 -40 0
-12 -46 -25 0
-1 13 -6 0
27 -39 -25 0
48 6 -22 0
-31 44 17 0
26 -39 -38 0
37 -30 -27 0
1 -37 -42 0
44 -39 -20 0
10 -46 -9 0
32 -33 25 0
-5 42 -27 0
-22 16 -7 0
-16 18 36 0
-14 19 -16 0
50 5 -10 0
-23 -27 1 0
29 4 -15 0
-38 -14 2 0
33 -4 20 0
10 -14 -28 0
46 -45 -13 0
41 37 11 0
12 -47 -3 0
-44 -4 22 0
-19 -27 -40 0
-45 40 -47 0
-30 36 50 0
-30 35 2 0
18 44 39 0
49 -11 -1 0
-50 11 13 0
28 -6 -44 0
-25 -21 5 0
-25 17 -27 0
-42 50 -47 0
36 4 15 0
34 -12 39 0
-6 31 -30 0
-33 23 15 0
6 -29 26 0
1 19 -16 0
-13 -4 19 0
34 1 43 0
-18 43 5 0
3 -13 28 0
-23 -42 -50 0
-21 48 21 0
46 24 -7 0
-50 -20 -10 0
-27 -20 -32 0
-40 -45 -14 0
18 -3 49 0
-21 24 -15 0
-47 16 -34 0
18 49 -27 0
-40 29 -37 0
16 -11 -37 0
-40 25 -31 0
8 -29 26 0
20 47 -46 0
-13 -3 38 0
20 39 -19 0
27 -31 -43 0
-45 28 17 0
34 40 -20 0
-31 -25 -29 0
-45 -34 16 0
-11 16 -37 0
-42 39 -43 0
-33 -49 -17 0
31 -46 30 0
33 -20 -50 0
-6 -31 -36 0
-11 42 31 0
46 -37 13 0
-16 29 22 0
-25 40 40 0
29 -10 30 0
37 -3 34 0
3 15 29 0
7 -7 -40 0
8 -5 -28 0
-45 -5 19 0
-45 11 11 0
-6 -41 -27 0
11 46 42 0
42 40 19 0
-35 12 -12 0
-31 -14 -24 0
32 39 15 0
-44 -39 41 0
-28 -33 -35 0
-40 -12 12 0
-35 10 21 0
6 -39 42 0
23 -45 29 0
40 -48 -37 0
-3 11 3 0
-37 -7 -25 0
42 13 11 0
-34 -29 4 0
4 -35 28 0
-20 16 14 0
4 15 -30 0
-50 -8 25 0
46 -48 -41 0
-3 -38 -13 0
-28 -34 8 0
18 6 -28 0
42 25 -34 0
14 -28 27 0
35 16 8 0
-15 36 -23 0
-5 37 -16 0
-46 6 19 0
8 24 -15 0
8 31 27 0
21 -24 17 0
19 -47 -32 0
-26 43 43 0
34 -40 49 0
29 -42 -33 0
32 -19 1 0
26 25 -9 0
-21 -24 -27 0
43 45 24 0
-26 -46 42 0
12 -25 45 0
-10 -33 49 0
-28 13 37 0
-24 -19 9 0
-21 -35 -1 0
29 -32 -46 0
-41 -35 40 0
-46 -38 25 0
15 -46 -32 0
5 -42 -45 0
16 12 -13 0
-35 -13 49 0
-18 -34 9 0
-14 -25 38 0
24 22 -9 0
2 40 -43 0
48 -17 -21 0
9 18 24 0
24 37 -49 0
-47 3 39 0
-7 -25 48 0
-15 6 20 0
-37 -8 -12 0
-24 32 41 0
-39 -25 42 0
-33 -24 2 0
24 8 -37 0
-49 29 -16 0
-44 19 40 0
-3 -34 -49 0
44 -17 -36 0
-31 -36 -49 0
11 40 -18 0
-48 -30 22 0
-6 26 -27 0
-23 -6 -8 0
6 4 -1 0
26 8 42 0
-47 -3 7 0
17 50 -31 0
46 -14 48 0
-31 6 -26 0
42 -30 -49 0
15 38 24 0
36 30 47 0
45 -23 44 0
2 -27 -45 0
-16 -37 31 0
31 40 13 0
49 -3 -3 0
2 41 -47 0
36 9 -41 0
9 -36 49 0
49 28 -38 0
26 26 14 0
-4 -43 -21 0
2 -14 -28 0
26 -4 -18 0
-21 3 30 0
11 41 44 0
-49 43 -1 0
-6 21 44 0
49 -42 -47 0
-45 -29 -50 0
-24 45 -12 0
-19 -15 18 0
-16 -16 -40 0
36 -20 24 0
19 2 -3 0
7 -20 22 0
-42 -33 45 0
38 25 8 0
17 -50 -38 0
-34 -24 -31 0
22 17 28 0
-10 -22 -38 0
-47 -42 15 0
-6 3 -48 0
-34 47 -34 0
32 15 35 0
-12 -43 18 0
32 10 -20 0
24 -25 -13 0
-38 -39 -9 0
16 -45 -32 0
24 -14 45 0
-14 6 -4 0
31 -4 7 0
-19 4 37 0
-29 50 -13 0
-30 14 -36 0
44 -50 44 0
-27 -48 22 0
48 -33 38 0
-6 2 30 0
28 -28 3 0
-12 14 -44 0
10 -18 31 0
27 -17 -6 0
22 -29 -7 0
-17 -19 -20 0
-16 -17 -26 0
28 -39 49 0
-9 -21 40 0
-34 31 -11 0
49 -6 -50 0
-14 -13 -40 0
-11 -21 49 0
29 -44 23 0
19 -11 -39 0
-8 3 -9 0
-38 27 11 0
-22 47 -9 0
13 18 50 0
-39 -49 -50 0
-3 -11 18 0
-48 9 -8 0
-32 14 -47 0
