c CNF generator v0.9
p cnf 50 262
40 -42 -9 0
-17 -11 -36 0
28 -11 -4 0
37 18 -22 0
38 49 -23 0
-50 19 18 0
38 35 -1 0
32 19 18 0
10 28 17 0
6 32 34 0
11 -45 -26 0
21 -19 40 0
24 -36 -50 0
-23 31 13 0
-24 -17 -22 0
34 14 2 0
17 39 13 0
-38 17 -42 0
9 -23 47 0
-16 38 48 0
15 -8 40 0
-33 18 27 0
-2 8 -14 0
-21 34 -23 0
-38 33 26 0
45 3 -30 0
29 -31 -14 0
-33 -17 -12 0
29 -33 8 0
25 -20 10 0
-44 -24 -49 0
-34 -15 43 0
-36 -30 -42 0
-21 -22 25 0
30 5 -26 0
12 -30 4 0
34 9 -36 0
27 44 27 0
-29 11 -14 0
18 6 43 0
-1 -41 -47 0
21 -4 -4 0
46 43 -47 0
-11 43 7 0
-43 -33 22 0
43 -44 5 0
-37 -16 -45 0
-26 -2 -25 0
8 -38 18 0
16 -36 -31 0
34 47 -2 0
-35 21 9 0
-36 9 24 0
37 49 46 0
33 -44 43 0
-13 -41 9 0
19 49 -33 0
-30 -6 -28 0
-38 -6 -42 0
-10 -1 -11 0
-16 -40 -28 0
-34 46 -20 0
11 -3 5 0
15 13 -7 0
40 43 -48 0
-49 33 25 0
-39 -49 -37 0
-34 4 -32 0
22 -39 39 0
50 -6 -7 0
-34 36 -23 0
-39 17 48 0
15 6 -32 0
-37 28 40 0
-28 -36 20 0
40 -13 33 0
26 -33 32 0
28 33 36 0
-42 38 21 0
7 -22 6 0
-37 -7 42 0
-39 22 30 0
18 -42 -41 0
-17 45 -1 0
27 21 -27 0
20 34 25 0
44 10 -33 0
-33 50 -24 0
4 48 -25 0
-25 21 49 0
-35 -21 -1 0
47 -41 -46 0
-40 -1 -38 0
31 -30 34 0
-42 34 -46 0
-4 33 -19 0
-4 9 -5 0
-31 -36 44 0
47 -5 35 0
-42 6 33 0
48 -31 15 0
-36 -24 -32 0
35 2 38 0
27 -47 12 0
35 -11 -38 0
-42 24 -37 0
-3 45 48 0
4 47 17 0
24 8 32 0
-48 -18 -38 0
-17 -2 -20 0
-39 31 -40 0
28 42 29 0
3 48 -23 0
15 -4 -44 0
48 -39 19 0
46 48 6 0
36 -25 44 0
-21 8 27 0
-7 -3 34 0
16 24 36 0
-24 -50 29 0
9 49 -30 0
-35 -29 19 0
34 18 46 0
41 39 21 0
1 28 -44 0
43 -32 21 0
-45 32 10 0
-38 -36 42 0
-4 -1 -4 0
50 14 13 0
-50 26 2 0
-16 -46 16 0
-45 49 -37 0
-42 -50 33 0
47 -35 27 0
-8 4 23 0
47 10 -34 0
-20 5 2 0
-7 15 36 0
11 -48 -41 0
-9 -36 -8 0
-44 -47 48 0
28 21 17 0
17 -17 -14 0
49 34 -33 0
32 49 29 0
-6 -6 -19 0
-2 6 -50 0
-13 -48 -8 0
-42 -31 22 0
41 -50 49 0
-45 15 27 0
-49 -47 -34 0
10 -31 -9 0
-30 10 -20 0
31 29 12 0
-3 -21 -9 0
8 48 -35 0
-23 -4 16 0
28 -1 9 0
39 -35 46 0
44 44 50 0
23 23 -17 0
-36 48 -27 0
-38 -37 36 0
23 31 -41 0
-41 22 38 0
48 -6 -6 0
-23 23 -35 0
-16 -45 16 0
-6 -9 -42 0
-1 -48 1 0
-4 -17 -46 0
-4 -29 34 0
17 -17 -22 0
6 9 9 0
-8 20 -5 0
2 -8 23 0
41 -31 -20 0
30 1 -49 0
21 29 -18 0
20 50 -20 0
34 48 -48 0
17 38 29 0
40 -12 45 0
-4 -10 40 0
-8 28 48 0
-30 28 42 0
15 -9 -34 0
16 -41 38 0
24 31 47 0
17 37 -16 0
-39 -38 -26 0
-43 40 -46 0
25 24 11 0
31 22 48 0
16 43 -21 0
44 3 -30 0
15 -8 15 0
40 30 6 0
-32 44 -39 0
10 31 22 0
-13 31 40 0
28 15 -50 0
10 -4 -4 0
-26 -4 -27 0
-17 38 -15 0
-43 -14 13 0
-25 -20 -30 0
32 46 -18 0
39 -28 1 0
36 -20 -11 0
50 31 -6 0
31 -30 -42 0
-37 24 33 0
-36 -47 39 0
-38 39 -50 0
18 28 -22 0
46 -4 24 0
-50 -3 47 0
-8 -48 -19 0
-44 -9 46 0
-48 20 44 0
-8 1 -11 0
6 34 -27 0
-23 25 40 0
-34 4 -6 0
-44 7 24 0
-50 39 35 0
-49 -43 42 0
-9 -11 -12 0
10 40 29 0
6 -30 -41 0
-17 -16 -37 0
-38 43 -8 0
-31 -11 -17 0
28 -32 -30 0
20 -49 -20 0
32 -18 -26 0
34 9 -50 0
-28 26 -16 0
18 -32 -28 0
-35 -2 9 0
43 42 -28 0
36 -16 -17 0
41 -7 -27 0
5 -25 -48 0
28 31 4 0
49 -16 -25 0
-4 -2 -33 0
-46 3 -33 0
39 24 45 0
-42 4 44 0
26 8 11 0
33 35 -26 0
27 -43 44 0
-6 34 -11 0
50 13 -30 0
-29 28 -39 0
35 1 -40 0
