c CNF generator v0.9
p cnf 50 262
-35 21 -29 0
-39 43 -37 0
-23 28 6 0
-29 -44 14 0
-45 -47 -4 0
-50 -32 6 0
-48 -6 -42 0
5 -40 27 0
27 -12 36 0
-27 16 -30 0
45 -31 48 0
36 -28 49 0
16 27 11 0
11 10 41 0
-2 29 1 0
-36 50 22 0
50 38 9 0
-40 -4 31 0
-50 49 29 0
32 -32 -13 0
28 -29 -46 0
-34 30 -38 0
-37 -28 1 0
15 30 -19 0
-5 25 -19 0
-20 -8 17 0
-44 -12 -20 0
-6 12 -33 0
9 35 -44 0
-12 -40 -25 0
-32 3 3 0
32 -8 -39 0
34 50 -34 0
8 38 -35 0
47 -18 6 0
43 -17 -38 0
-30 -6 16 0
-2 -25 -5 0
-27 39 -9 0
-27 -31 44 0
3 1 9 0
-15 23 20 0
-23 30 39 0
-11 -33 43 0
36 -23 -40 0
13 -25 42 0
-5 -27 -16 0
19 -12 -41 0
-13 -7 32 0
-33 -23 -24 0
17 -32 -40 0
44 -11 -24 0
44 -41 -4 0
12 -26 41 0
-8 2 -12 0
6 -27 -5 0
-34 46 -49 0
16 23 49 0
5 21 9 0
50 -18 -27 0
-11 8 32 0
-28 -16 -42 0
30 -28 -32 0
48 -9 1 0
-35 16 -16 0
25 32 22 0
33 29 -37 0
7 49 -48 0
-26 -48 37 0
-2 -37 41 0
31 -33 -43 0
39 -9 44 0
18 -9 36 0
-11 -19 -50 0
-36 -39 -47 0
-41 42 12 0
-20 -37 -34 0
-24 -4 12 0
-38 -30 -27 0
42 10 1 0
15 14 -15 0
37 -5 -37 0
34 42 -2 0
-42 36 -38 0
32 14 -16 0
13 -42 16 0
-40 42 -30 0
-36 18 39 0
-22 -11 -28 0
-47 -25 -34 0
38 -37 -3 0
25 -18 -48 0
29 22 9 0
-30 -41 3 0
22 23 6 0
-36 -28 33 0
38 23 8 0
21 -31 14 0
-43 -2 -7 0
-6 -39 47 0
6 31 24 0
-22 15 -24 0
-18 -44 -34 0
-23 -18 -43 0
-42 -20 -6 0
22 -40 23 0
-26 -41 -26 0
-16 11 -9 0
8 -47 -17 0
36 -17 -1 0
21 -13 1 0
-43 30 49 0
48 -27 -2 0
-49 -30 40 0
-19 -12 30 0
38 -46 17 0
-4 46 -28 0
5 44 49 0
-21 22 -9 0
-9 42 -46 0
4 13 46 0
-30 32 22 0
38 17 22 0
-7 14 -47 0
29 -27 -33 0
14 41 37 0
-8 -32 -1 0
30 10 1 0
28 -19 16 0
-32 30 -4 0
-17 -17 -47 0
-40 20 36 0
1 32 -39 0
10 23 -2 0
-8 44 28 0
-36 -10 -31 0
12 15 -17 0
43 -47 -48 0
25 -39 -15 0
28 -48 -6 0
44 29 46 0
-39 18 18 0
-44 -6 16 0
-28 -19 -33 0
-32 -26 -31 0
-1 43 14 0
-48 -6 24 0
34 31 -17 0
22 37 30 0
18 -12 12 0
-24 -18 -37 0
-17 31 13 0
-9 50 45 0
-37 1 45 0
22 -11 -31 0
50 41 10 0
-22 29 -34 0
35 50 24 0
-36 -6 -23 0
49 13 25 0
-35 -14 -32 0
-28 -39 26 0
-1 46 -14 0
30 24 48 0
-5 39 12 0
11 -14 -39 0
-12 29 -43 0
-47 -32 -50 0
25 48 -35 0
-50 -26 -6 0
12 9 -45 0
-38 -8 -10 0
24 -14 -22 0
2 -29 -16 0
5 -44 18 0
-20 21 -17 0
17 -17 -44 0
13 -16 -21 0
48 -38 -33 0
-42 12 -2 0
-23 -25 -6 0
-24 15 -4 0
-44 1 7 0
-46 12 12 0
5 -18 -7 0
-43 20 7 0
16 -19 48 0
-12 25 -18 0
-2 47 2 0
43 -29 2 0
15 4 -18 0
-48 -11 7 0
39 30 12 0
11 -36 -42 0
-13 49 33 0
-46 -18 -14 0
-25 34 -37 0
-11 -4 -50 0
-24 -28 -21 0
39 16 -11 0
-18 43 -28 0
-38 27 37 0
-3 8 29 0
-49 7 50 0
3 -20 -46 0
12 19 -22 0
-47 26 44 0
-47 -38 19 0
13 44 -27 0
28 27 -43 0
1 -21 -2 0
15 29 29 0
-49 -34 -22 0
40 45 23 0
1 -9 -12 0
14 -49 -28 0
42 -9 18 0
15 -9 14 0
-40 11 -37 0
41 6 35 0
24 -45 -31 0
-49 -21 38 0
-47 -13 44 0
-29 44 29 0
-11 44 -7 0
8 15 33 0
-4 15 9 0
-47 -1 -4 0
-10 4 -8 0
-2 30 -45 0
30 -25 -13 0
-18 -4 35 0
-35 46 44 0
27 35 -45 0
44 1 -34 0
4 -45 7 0
-13 -17 10 0
50 20 -50 0
-26 2 46 0
-27 -30 -46 0
-19 -38 -1 0
-28 -40 36 0
29 7 46 0
-39 36 -46 0
-50 30 -38 0
-46 -34 37 0
-2 30 6 0
12 -27 -14 0
-23 21 41 0
-36 -39 -37 0
-6 -11 44 0
-23 -7 14 0
-21 -17 -30 0
-29 40 6 0
12 -39 6 0
-18 40 -34 0
-41 -8 15 0
-47 23 -8 0
29 -35 -45 0
-30 -7 -37 0
3 43 -8 0
-42 3 34 0
