c CNF generator v0.9
p cnf 50 262
19 19 -45 0
31 28 -25 0
-33 -36 29 0
-21 -41 -31 0
-21 20 44 0
11 40 -10 0
44 42 3 0
4 5 -36 0
26 -39 34 0
48 16 18 0
-16 -31 48 0
-10 -44 -28 0
13 16 -32 0
27 9 -47 0
7 -26 -14 0
-8 39 46 0
18 -2 -18 0
-49 -21 -45 0
-50 34 -13 0
17 6 -34 0
-19 -8 -1 0
7 45 10 0
-15 -22 5 0
-17 -19 4 0
22 -22 13 0
34 49 41 0
-6 10 45 0
-40 9 48 0
45 28 12 0
-35 -38 18 0
4 10 -21 0
-21 -14 2 0
34 -17 -6 0
-40 26 46 0
20 1 14 0
28 43 -5 0
17 28 -14 0
8 -29 -21 0
-27 30 -17 0
23 -1 -45 0
34 29 40 0
-12 -38 20 0
-50 1 13 0
-39 -13 44 0
22 -45 41 0
38 -12 -47 0
45 -16 -8 0
-13 -27 6 0
-32 35 9 0
31 13 -28 0
6 -15 -37 0
30 -16 1 0
41 14 14 0
36 26 -31 0
-1 -30 28 0
-10 6 -40 0
-26 18 7 0
48 30 -19 0
35 24 -26 0
3 -5 -34 0
-6 41 -15 0
38 -43 5 0
-41 -49 -37 0
-11 -9 -29 0
40 39 -42 0
-38 -40 -16 0
-36 -2 10 0
13 -14 -26 0
-1 -20 4 0
-38 8 -19 0
21 -36 -10 0
1 -22 29 0
28 -22 -41 0
-34 12 -40 0
30 -46 -37 0
-5 -13 -12 0
28 15 -7 0
-25 -25 25 0
-35 11 -40 0
-10 21 -32 0
10 32 24 0
-19 -33 -44 0
29 30 -18 0
-29 -14 35 0
-32 32 39 0
16 -35 -42 0
14 -46 -31 0
3 -16 -21 0
-30 10 -50 0
-23 25 -37 0
14 -41 -4 0
-2 16 -46 0
-40 -12 18 0
-49 28 9 0
50 -12 -11 0
-11 -19 -17 0
-30 14 42 0
-27 32 34 0
3 -17 -29 0
1 -23 -7 0
28 19 -37 0
-23 39 -8 0
-9 18 -27 0
-42 38 -32 0
-24 -42 23 0
-27 45 3 0
-25 -17 -2 0
-33 28 42 0
-37 -6 -45 0
-26 30 -37 0
45 -18 -40 0
31 9 18 0
-9 -35 -23 0
22 -10 -46 0
-41 47 -30 0
40 -32 -46 0
50 -1 29 0
35 40 -15 0
33 -42 -24 0
10 -3 36 0
5 37 36 0
-30 -24 5 0
-20 13 26 0
46 46 -30 0
-29 20 3 0
-16 13 38 0
9 38 -11 0
-3 -32 3 0
-14 -2 -19 0
45 -49 -38 0
-42 10 43 0
13 -16 34 0
24 -3 -46 0
14 8 9 0
-48 15 12 0
-8 -37 -28 0
15 -44 2 0
-41 10 -49 0
31 7 26 0
-45 24 8 0
11 -8 4 0
-39 35 15 0
27 -29 -40 0
-21 -35 33 0
-27 -30 -10 0
34 42 -32 0
-21 -47 10 0
-14 -48 -1 0
-49 -32 -21 0
29 -11 48 0
-40 -9 45 0
-43 1 19 0
29 23 28 0
-42 -8 49 0
-43 44 -25 0
-11 29 -8 0
-9 -30 -10 0
49 24 -28 0
27 9 39 0
14 -22 -49 0
7 -24 23 0
49 9 -19 0
-11 40 15 0
15 43 38 0
5 8 42 0
-41 -33 -10 0
-12 26 3 0
13 29 9 0
1 30 19 0
5 12 -7 0
11 23 36 0
19 -7 44 0
39 -32 -2 0
-25 48 -27 0
-40 31 10 0
-15 41 -21 0
-10 -24 7 0
-25 32 22 0
3 5 3 0
34 28 -4 0
30 -19 -37 0
4 -48 48 0
-21 26 30 0
11 48 46 0
50 8 46 0
-4 15 -3 0
-11 -12 45 0
13 -23 -39 0
45 14 32 0
33 -17 -47 0
16 21 -21 0
12 3 48 0
-25 32 29 0
-39 -10 -1 0
28 -49 -15 0
50 -42 47 0
-28 28 27 0
34 -22 25 0
36 22 18 0
9 44 -41 0
-2 40 50 0
-9 15 -13 0
-22 -15 4 0
8 -43 -27 0
31 22 22 0
-31 33 -19 0
-22 -9 -8 0
41 31 4 0
36 34 -39 0
-19 -15 24 0
1 -18 36 0
44 12 23 0
9 -6 -29 0
40 47 7 0
-16 -49 41 0
15 -26 -44 0
-25 -48 2 0
4 31 26 0
40 -18 33 0
42 -4 -10 0
39 8 -17 0
-44 -44 7 0
24 -36 13 0
15 -46 -15 0
2 25 30 0
-39 40 -25 0
-35 4 37 0
15 2 -44 0
-13 -2 -30 0
-38 18 46 0
-35 -7 24 0
-5 1 11 0
-9 8 29 0
-16 -3 19 0
27 -30 -40 0
27 35 9 0
-19 -26 -25 0
13 3 -46 0
33 19 -44 0
37 36 -38 0
3 -3 -38 0
28 6 -4 0
-33 5 -30 0
38 -35 -27 0
50 -16 -7 0
-40 -37 -8 0
-41 19 -5 0
-21 -6 45 0
9 -17 14 0
-49 -37 -16 0
42 26 -44 0
41 43 11 0
-35 46 -49 0
38 6 39 0
40 -20 -24 0
8 -4 19 0
1 46 -38 0
18 13 9 0
42 43 -37 0
-47 -17 -41 0
40 -42 -8 0
13 -21 -35 0
