c CNF generator v0.9
p cnf 50 262
42 -28 10 0
23 27 26 0
-2 27 -48 0
-9 -48 -44 0
-39 21 9 0
46 -5 -35 0
17 50 -19 0
-47 -12 9 0
-49 -10 -41 0
15 22 18 0
-38 28 32 0
-27 8 35 0
27 24 14 0
-46 25 -3 0
-16 -34 -10 0
48 -42 37 0
45 28 -27 0
9 40 25 0
-29 47 15 0
-10 15 25 0
-16 21 -11 0
-42 -5 -22 0
5 21 20 0
-50 -50 15 0
11 30 -14 0
-41 -5 -25 0
-21 -11 -9 0
-48 7 8 0
-37 -3 13 0
29 24 -35 0
13 -48 -48 0
-14 11 -47 0
1 -40 49 0
11 -25 10 0
10 -4 -12 0
7 -37 1 0
-1 -22 32 0
-36 -1 49 0
-17 -9 9 0
23 48 13 0
-49 48 -35 0
-28 10 45 0
33 33 -44 0
45 -14 1 0
40 10 18 0
22 -4 36 0
30 -40 -11 0
-15 -44 -17 0
-34 -50 -13 0
-24 20 -43 0
-44 3 -12 0
-36 30 22 0
-4 -38 -25 0
3 -3 15 0
40 -49 19 0
-16 39 -49 0
49 50 -39 0
45 11 -20 0
-21 -44 -44 0
12 4 32 0
34 7 -6 0
-25 49 11 0
19 48 50 0
6 25 -49 0
-42 -30 10 0
-18 4 -30 0
38 22 -43 0
36 -48 40 0
-26 7 -49 0
-11 -41 30 0
-28 -17 -1 0
26 8 -32 0
-19 -43 -8 0
-42 13 -3 0
21 -17 47 0
14 -29 -44 0
-35 35 17 0
-40 -5 11 0
42 -33 43 0
-11 13 46 0
9 -43 39 0
-5 26 -22 0
-30 45 42 0
35 -43 34 0
21 49 5 0
-43 15 12 0
10 7 -1 0
35 10 -24 0
7 17 -21 0
-6 19 -9 0
-43 9 -34 0
49 4 -22 0
-15 45 7 0
41 42 -25 0
50 -32 -43 0
21 20 -5 0
43 50 -41 0
28 -22 -36 0
35 1 29 0
13 -43 8 0
-5 24 -39 0
42 7 -39 0
-17 24 30 0
32 48 34 0
9 39 -5 0
-20 3 44 0
-28 -40 3 0
-32 41 -7 0
30 -7 19 0
-41 22 -5 0
11 -49 -47 0
-16 -23 36 0
-50 44 24 0
12 19 -45 0
-7 11 -16 0
23 -13 -21 0
2 -10 -42 0
-4 -1 -34 0
48 4 -25 0
26 -27 8 0
-34 10 37 0
23 -32 12 0
-39 -17 -41 0
-32 49 40 0
-24 16 20 0
-6 43 23 0
40 8 -5 0
46 8 27 0
17 29 7 0
-41 38 31 0
3 26 -1 0
10 7 38 0
3 -23 -44 0
37 3 -36 0
-8 -21 48 0
5 3 -6 0
-40 -28 -24 0
-2 27 3 0
-18 46 8 0
-43 -26 -22 0
41 -37 -33 0
8 -43 -43 0
-27 -6 36 0
47 -14 27 0
14 -31 10 0
-35 -45 -24 0
27 43 19 0
-32 31 21 0
10 -45 20 0
27 -13 6 0
49 -46 10 0
4 -10 -45 0
34 -27 -43 0
-44 38 -15 0
-29 -15 18 0
26 35 -28 0
49 10 29 0
39 -34 -9 0
-39 30 18 0
-30 2 34 0
28 48 24 0
7 48 35 0
-16 -5 24 0
-38 -36 46 0
-42 -20 -44 0
-11 11 -26 0
19 38 -41 0
-27 -9 16 0
-2 -46 -25 0
-16 7 -10 0
-27 -21 -43 0
-15 11 -39 0
13 -27 -17 0
2 -30 -45 0
4 6 21 0
-28 -43 -49 0
-25 -47 -3 0
-25 -11 31 0
27 -14 13 0
-31 14 -29 0
29 -37 39 0
24 37 40 0
-25 -31 39 0
-27 20 25 0
-33 -18 -29 0
-17 -24 -45 0
-48 36 37 0
-44 -43 -16 0
49 -25 16 0
-26 -24 -32 0
-47 24 -36 0
48 -34 30 0
42 27 6 0
3 24 -17 0
41 20 48 0
-43 44 11 0
-11 -46 -43 0
-30 39 18 0
39 -7 19 0
-49 10 44 0
33 -47 10 0
30 -9 33 0
28 -45 -10 0
13 10 -43 0
26 -49 -40 0
1 45 44 0
-17 48 1 0
-13 -6 -9 0
9 -49 -16 0
40 -41 -31 0
27 18 21 0
-5 -18 5 0
29 -4 -10 0
37 -9 16 0
-31 11 31 0
49 7 -10 0
-43 -36 2 0
-21 2 50 0
8 -28 10 0
40 -21 31 0
36 37 23 0
26 31 -50 0
17 -43 39 0
35 -32 -31 0
-12 24 26 0
-45 20 31 0
-30 45 5 0
17 31 13 0
21 38 19 0
8 -42 -36 0
-46 17 -16 0
-43 8 -11 0
-36 -18 5 0
5 37 -8 0
42 -19 -9 0
21 -21 50 0
14 -18 -6 0
5 5 41 0
10 -46 -16 0
27 -35 23 0
5 14 38 0
6 -36 -22 0
11 -21 -6 0
-35 9 39 0
-20 28 -46 0
41 34 -45 0
46 -18 16 0
40 27 -30 0
6 -39 28 0
-46 47 -15 0
-17 -14 -39 0
-43 44 14 0
30 -36 -32 0
-28 -43 23 0
-9 47 36 0
-37 10 17 0
-2 -47 -26 0
49 34 -29 0
17 -34 -43 0
17 -19 23 0
36 -14 -23 0
-40 -2 13 0
