c CNF generator v0.9
p cnf 50 262
22 44 -25 0
-25 -3 12 0
-40 40 -40 0
26 4 38 0
-20 18 7 0
5 -41 -7 0
-41 39 -35 0
45 -46 36 0
-38 -41 -14 0
-22 30 -29 0
31 -31 27 0
-49 -4 -10 0
45 -5 3 0
-6 41 20 0
-25 -27 -36 0
-50 -13 25 0
26 -33 29 0
33 -46 31 0
38 8 17 0
-18 -1 -47 0
-44 -26 25 0
-1 27 46 0
31 24 3 0
-39 43 -15 0
-3 -37 33 0
-26 -47 32 0
11 36 -31 0
-39 6 30 0
-38 30 -34 0
-7 -4 -14 0
13 20 -14 0
-13 -18 6 0
36 19 -16 0
29 4 43 0
-25 13 -34 0
40 -9 43 0
-19 26 -35 0
-38 28 33 0
-12 -5 -20 0
31 28 33 0
48 -18 46 0
-21 28 45 0
24 11 -32 0
-26 -40 -14 0
-24 -35 41 0
-47 -25 -13 0
34 -28 -38 0
27 33 -47 0
21 -40 24 0
-20 46 -38 0
-4 -27 -5 0
6 1 -34 0
26 -26 31 0
-16 31 -14 0
21 -33 49 0
4 23 25 0
10 -29 9 0
33 32 11 0
-46 42 6 0
14 14 -7 0
-10 7 12 0
5 21 48 0
8 21 -27 0
-16 4 5 0
13 -31 -45 0
49 13 45 0
7 -19 2 0
-25 -32 36 0
48 -10 24 0
43 15 27 0
-34 -29 -8 0
36 -38 7 0
-18 50 -12 0
-8 -21 47 0
35 24 10 0
-31 40 4 0
34 11 -40 0
11 -42 42 0
28 -46 4 0
-36 -27 -36 0
-11 5 -5 0
-48 -10 -23 0
-11 -47 -36 0
-44 -14 28 0
18 25 -28 0
-17 13 -7 0
35 -39 31 0
21 -7 -3 0
45 23 15 0
-35 44 25 0
18 -12 42 0
-42 23 10 0
-3 34 41 0
39 -11 5 0
33 -32 12 0
-3 18 28 0
39 8 8 0
37 20 47 0
14 5 27 0
43 50 27 0
-11 40 33 0
23 24 5 0
-24 -27 -25 0
36 -10 30 0
40 -5 -17 0
-11 16 -15 0
33 -4 5 0
-23 -25 15 0
17 -44 47 0
12 -38 -16 0
23 5 -25 0
33 -10 -9 0
-14 26 -16 0
-3 48 46 0
27 -38 -15 0
-26 -36 -35 0
-36 -35 37 0
25 -25 -1 0
7 -43 14 0
49 21 -9 0
-46 -2 -30 0
-17 -36 33 0
29 -12 -16 0
42 17 33 0
-31 -29 50 0
25 -38 -20 0
-20 39 40 0
18 -16 -33 0
6 -13 -47 0
-17 49 2 0
16 43 9 0
46 37 -21 0
-30 30 10 0
30 -38 45 0
16 -45 24 0
25 -13 2 0
-24 3 21 0
-43 -11 -38 0
3 45 26 0
5 -8 -45 0
-7 12 6 0
42 26 4 0
-36 -3 -45 0
33 38 -14 0
14 8 29 0
41 -49 33 0
-21 -17 21 0
46 25 21 0
-24 14 26 0
-43 48 -36 0
-45 -1 -15 0
-10 -14 49 0
37 -14 -24 0
5 -10 35 0
25 -42 -40 0
-12 -44 -8 0
-29 -45 -3 0
4 13 -30 0
49 34 -49 0
23 21 -15 0
-20 -45 3 0
33 23 33 0
24 -36 -6 0
-38 37 -17 0
-35 -39 -21 0
44 17 40 0
44 26 47 0
-12 41 39 0
-10 -29 21 0
26 33 -32 0
47 -35 -27 0
-13 -2 -44 0
-18 -46 -1 0
-14 26 -10 0
11 -30 32 0
5 -45 50 0
17 26 -25 0
13 -49 -10 0
34 -6 14 0
30 43 -35 0
31 7 29 0
-10 -8 -30 0
7 19 -37 0
24 34 -3 0
-1 -15 39 0
-49 14 -1 0
21 33 4 0
-34 13 -1 0
20 25 5 0
38 -40 38 0
14 13 25 0
-8 -45 -38 0
-34 3 42 0
39 -46 -27 0
32 -27 9 0
41 45 21 0
-1 -19 35 0
-39 -13 32 0
-32 -18 -21 0
-47 4 1 0
-11 -31 -12 0
-20 13 -31 0
43 -45 -45 0
-7 37 -34 0
-41 7 -35 0
-16 14 -48 0
-28 32 1 0
-5 49 14 0
-4 34 -8 0
29 38 20 0
-22 17 -4 0
-35 31 -3 0
-17 -20 3 0
-3 11 24 0
-11 -7 39 0
23 45 -20 0
-12 47 -11 0
-3 22 -3 0
27 -35 -21 0
12 -18 34 0
-40 25 24 0
19 15 -3 0
1 20 -39 0
-40 -30 40 0
-38 -11 -50 0
28 6 -17 0
4 32 5 0
-32 -5 -8 0
-48 4 28 0
32 -10 3 0
4 -13 14 0
50 -47 -43 0
-35 11 47 0
-10 48 -13 0
-3 1 -8 0
29 -16 -32 0
-38 -1 -2 0
-28 -32 39 0
36 -4 -14 0
10 -6 43 0
7 -1 -10 0
21 -35 -37 0
-47 21 32 0
-19 -25 21 0
-12 9 20 0
14 -15 -15 0
41 29 47 0
-1 36 -24 0
-6 -12 -32 0
-21 6 -25 0
-27 -50 -37 0
46 17 -14 0
-28 46 28 0
41 12 47 0
-27 10 -47 0
21 33 32 0
16 42 -20 0
-28 22 37 0
-30 32 30 0
-23 23 -11 0
-22 -36 48 0
13 18 -25 0
