c CNF generator v0.9
p cnf 50 262
2 -14 -25 0
-43 14 -12 0
-20 36 47 0
15 -44 -8 0
11 15 -7 0
-13 19 35 0
-22 45 16 0
47 -45 -20 0
8 -40 -34 0
-45 6 -36 0
31 40 -14 0
-3 47 29 0
-33 22 -38 0
-36 -38 40 0
27 -25 -13 0
49 -36 18 0
26 -27 33 0
39 17 35 0
-23 -11 -13 0
-43 -7 -11 0
38 -44 -30 0
-41 -13 -43 0
13 4 -48 0
-2 19 -22 0
-5 -8 5 0
44 37 25 0
3 36 38 0
-37 -29 -47 0
-41 -39 -29 0
4 3 32 0
29 -3 27 0
30 21 -15 0
-38 -17 -14 0
37 39 14 0
34 -12 4 0
9 -38 3 0
-29 -26 25 0
-39 28 -37 0
-22 10 -40 0
-35 9 41 0
-20 -21 7 0
43 33 -10 0
-25 -18 -34 0
-35 -29 35 0
-14 31 -2 0
4 3 -18 0
-42 46 26 0
2 8 -23 0
4 3 -30 0
-45 -10 -49 0
33 -42 -49 0
50 -48 -31 0
22 33 -43 0
34 18 21 0
18 -5 48 0
7 48 -12 0
3 10 -31 0
-47 37 -25 0
42 48 -46 0
47 36 -7 0
-41 -44 -10 0
-24 -50 3 0
-15 26 -16 0
-25 20 22 0
-21 -46 -32 0
3 -31 -6 0
18 1 -16 0
21 39 -45 0
-13 -31 17 0
33 -23 26 0
40 -48 -26 0
2 -47 -27 0
-39 33 -6 0
-28 -9 -10 0
13 -16 -7 0
-38 42 1 0
1 -2 -39 0
-1 -13 -40 0
37 34 8 0
10 -6 -20 0
-3 -48 10 0
-31 -28 21 0
-28 47 41 0
50 -16 -39 0
-40 -33 28 0
44 47 -49 0
-10 21 -50 0
-25 -16 28 0
-24 -4 27 0
24 -14 -29 0
-41 39 6 0
39 1 33 0
-28 32 -15 0
43 -50 30 0
-50 27 -27 0
-10 8 50 0
-18 -33 1 0
25 -42 38 0
-25 -13 -12 0
-50 41 -18 0
-9 36 -34 0
-5 26 -44 0
-23 -30 -14 0
25 -45 44 0
-2 14 -22 0
44 -34 19 0
49 50 -40 0
-42 -38 -21 0
-44 13 -33 0
-40 2 -37 0
2 -36 -13 0
9 -19 2 0
-18 -6 48 0
13 -45 32 0
4 -32 19 0
1 19 29 0
16 26 20 0
21 8 -25 0
-18 34 6 0
32 13 21 0
21 33 2 0
-18 2 40 0
-2 -5 36 0
47 -50 23 0
19 31 -46 0
24 -1 -29 0
-44 -2 5 0
5 37 26 0
6 -50 -4 0
28 -42 38 0
-34 42 6 0
-9 -35 -30 0
-3 -17 -32 0
49 8 31 0
-34 -17 17 0
-7 5 -29 0
43 -24 -3 0
30 5 40 0
-26 -38 -18 0
-31 -20 -15 0
-9 47 6 0
23 -31 -40 0
5 -36 26 0
-15 -13 11 0
-38 42 -40 0
36 -45 -26 0
28 -1 -7 0
-20 -12 7 0
-26 14 -9 0
-37 -48 -20 0
13 -42 27 0
-45 -50 30 0
-20 -36 -37 0
-32 -29 4 0
16 9 -4 0
1 26 10 0
49 24 9 0
31 11 -32 0
-18 42 14 0
-34 -46 -12 0
-19 -18 20 0
19 -34 20 0
17 14 -7 0
-16 43 41 0
37 34 3 0
-13 -3 -15 0
23 28 -29 0
4 12 18 0
-30 -49 -27 0
-10 -17 7 0
-6 21 -24 0
29 -5 -4 0
20 -26 16 0
5 31 -13 0
-25 -22 -20 0
8 -25 -19 0
-3 -2 -39 0
31 -41 -9 0
-14 -33 49 0
29 7 -22 0
30 -29 17 0
30 -40 -7 0
13 33 21 0
42 34 15 0
15 -16 -15 0
38 46 28 0
-15 35 23 0
-28 16 5 0
-26 -31 13 0
23 4 22 0
33 47 44 0
-43 -21 -48 0
-6 33 -19 0
39 -20 -12 0
-22 -11 -35 0
-11 -39 1 0
-31 14 6 0
26 -5 -6 0
36 -3 -36 0
-12 -43 44 0
-3 -37 -15 0
3 6 48 0
-49 -33 -16 0
27 -10 -6 0
13 -34 -36 0
47 21 -47 0
-46 -4 12 0
16 6 18 0
-27 6 3 0
-12 45 -34 0
-4 45 -36 0
38 -29 12 0
-2 -30 -49 0
9 -15 -17 0
-9 -16 -42 0
21 -24 3 0
-10 39 -46 0
-35 -33 -8 0
43 -39 1 0
30 43 -34 0
45 -42 -6 0
-23 -30 -43 0
-49 14 41 0
-4 -39 45 0
22 -11 34 0
26 -32 -13 0
9 3 -20 0
22 7 3 0
32 -25 -11 0
-34 -45 46 0
-41 49 41 0
-13 -23 26 0
34 38 27 0
-40 -6 23 0
7 38 3 0
-49 2 35 0
-5 18 -19 0
26 19 -29 0
-18 14 -3 0
-26 -38 25 0
22 -38 23 0
16 5 -35 0
-14 45 40 0
6 -40 -11 0
23 23 -41 0
38 -13 50 0
-50 49 31 0
-42 -50 -36 0
31 15 17 0
-22 18 22 0
-12 20 28 0
-15 -21 3 0
-7 -30 -46 0
39 -2 11 0
32 27 27 0
28 48 40 0
1 30 20 0
4 24 -11 0
4 41 36 0
4 -30 35 0
-8 -3 -22 0
-27 15 -38 0
