c CNF generator v0.9
p cnf 50 262
-34 25 -24 0
-49 -32 -19 0
13 28 16 0
-21 -16 45 0
38 -49 21 0
48 36 -6 0
-29 9 27 0
22 -45 3 0
5 -37 47 0
-23 -41 24 0
17 23 -42 0
16 30 -17 0
47 -17 3 0
47 22 45 0
42 -1 -32 0
-29 42 10 0
50 -1 -26 0
40 -27 -49 0
7 39 -1 0
-21 43 49 0
26 10 24 0
50 -18 -31 0
-20 37 -17 0
-13 39 -1 0
-29 37 40 0
-3 38 -46 0
41 -23 11 0
34 -14 46 0
-23 -17 14 0
26 13 -5 0
-3 -16 2 0
6 -33 -43 0
28 -12 50 0
9 -14 48 0
-9 6 -27 0
39 -15 10 0
-8 -38 38 0
-17 -38 16 0
-40 -9 27 0
-23 -8 17 0
41 11 -22 0
43 36 45 0
-8 -48 50 0
-21 42 11 0
14 -10 31 0
30 -18 16 0
3 -8 15 0
-31 10 -37 0
-20 47 -6 0
-48 -45 10 0
31 50 26 0
22 -17 18 0
42 1 -20 0
48 -18 5 0
33 -38 9 0
13 -35 -30 0
-37 -6 -8 0
16 13 -23 0
21 -30 -38 0
48 -9 12 0
24 35 -49 0
-1 50 -46 0
13 17 14 0
-42 -16 -9 0
28 44 19 0
-10 -32 10 0
-46 32 14 0
-4 31 -26 0
-22 -50 -9 0
-32 43 8 0
20 41 8 0
12 -41 14 0
-49 -35 18 0
-44 -45 33 0
-7 29 -29 0
-2 48 -25 0
-1 -45 -28 0
-7 41 -19 0
-10 -44 -21 0
-47 -29 -31 0
6 -42 -36 0
31 11 5 0
-5 -31 27 0
24 44 31 0
-40 24 35 0
3 -23 35 0
-17 -50 -14 0
2 35 9 0
-47 -34 45 0
-41 40 -32 0
21 -34 5 0
7 -39 23 0
-43 30 17 0
-46 43 -24 0
-17 -47 -21 0
-29 32 43 0
36 -23 6 0
1 -18 -19 0
-49 31 32 0
47 6 -27 0
43 -3 -31 0
45 30 41 0
-35 -1 18 0
41 -12 -8 0
11 45 3 0
24 -2 30 0
2 -25 -22 0
-11 -46 2 0
27 18 45 0
-22 -36 2 0
27 28 -48 0
-39 -45 -22 0
-18 -5 -22 0
41 43 -6 0
-24 46 3 0
8 49 -44 0
-13 -34 -15 0
-33 -24 -2 0
-26 -43 25 0
-47 47 -15 0
-35 9 45 0
-31 -23 -22 0
45 -17 -37 0
40 8 47 0
-8 -4 -29 0
-5 -24 -34 0
39 -36 -17 0
-5 -14 25 0
-2 -32 -33 0
16 2 -33 0
-35 -20 -33 0
-38 22 -36 0
37 -20 -10 0
15 9 40 0
-15 18 47 0
31 27 1 0
50 -43 -13 0
-40 -11 49 0
25 -8 -20 0
34 43 48 0
-26 -43 16 0
25 47 -26 0
-4 -31 26 0
25 -48 -42 0
10 -34 8 0
-6 -9 -35 0
5 13 -13 0
19 -37 32 0
41 13 46 0
-30 -39 43 0
30 5 20 0
-16 -50 16 0
-9 43 16 0
14 -28 -17 0
-33 38 -20 0
-31 -27 21 0
34 -39 23 0
24 23 -24 0
-1 -10 -7 0
44 36 23 0
39 -33 28 0
-7 -44 8 0
9 -1 35 0
25 2 -41 0
22 23 -46 0
38 46 -24 0
44 4 6 0
-35 35 44 0
30 50 -24 0
-38 -44 24 0
16 -26 32 0
36 -27 -7 0
-6 34 -25 0
10 -44 5 0
40 30 26 0
7 45 -6 0
46 -19 -26 0
-7 -5 -9 0
-34 -20 -16 0
-46 -8 21 0
-36 -1 46 0
1 -12 -25 0
-48 -31 -15 0
44 -10 -40 0
12 -33 10 0
36 -28 -11 0
32 -20 -32 0
-9 7 38 0
32 43 37 0
31 -34 46 0
-36 -13 -49 0
-33 50 -28 0
-45 44 -23 0
27 -15 -49 0
-49 -25 -11 0
-35 38 -13 0
-48 11 46 0
-50 -17 -31 0
-23 -27 33 0
19 -28 -23 0
20 -36 -44 0
-16 1 17 0
-48 -5 35 0
13 36 -35 0
22 3 36 0
19 -35 39 0
-27 -31 -46 0
36 2 34 0
43 -6 -24 0
-42 -2 -50 0
7 38 18 0
-42 -36 21 0
-29 -50 -35 0
-10 3 -42 0
34 -8 24 0
-22 37 -25 0
22 27 33 0
-11 -17 44 0
18 36 -46 0
27 22 20 0
36 -49 -46 0
15 5 24 0
-46 28 29 0
-16 -26 28 0
-12 12 43 0
-8 41 34 0
-11 -17 -45 0
-36 26 9 0
11 -31 -23 0
-31 22 -31 0
28 -21 4 0
45 -34 -46 0
3 47 -20 0
11 45 -49 0
-49 -35 -25 0
-3 7 3 0
-13 -17 -40 0
41 14 16 0
-37 33 -6 0
16 -2 -1 0
9 48 -37 0
31 -34 -26 0
-48 3 18 0
-37 -1 -16 0
-44 34 -34 0
7 -24 11 0
20 35 -25 0
-38 -26 3 0
47 -25 -38 0
-43 -13 29 0
39 42 28 0
-12 22 32 0
45 25 16 0
-21 28 -38 0
-39 -47 26 0
-35 18 25 0
-16 -49 40 0
-4 -16 1 0
-3 6 -39 0
-14 19 -12 0
16 30 39 0
27 -44 26 0
