c CNF generator v0.9
p cnf 50 262
46 -23 -9 0
32 38 -24 0
40 -2 -8 0
-17 45 7 0
-6 -7 -18 0
-7 10 -48 0
-33 26 32 0
13 21 40 0
16 -44 -17 0
-37 -6 -39 0
50 24 19 0
-25 38 28 0
-35 -17 -34 0
-24 -33 9 0
-46 46 16 0
-43 -49 -28 0
4 11 -18 0
-2 30 37 0
33 -18 -21 0
10 18 -50 0
-40 -38 -38 0
-47 -11 -21 0
-19 -8 -18 0
-22 -21 9 0
24 -50 38 0
45 -4 -44 0
1 3 -5 0
-44 -42 42 0
-13 -21 11 0
41 3 -9 0
3 -13 -12 0
-16 -21 -45 0
49 -7 14 0
8 35 9 0
19 14 11 0
41 41 -28 0
20 -28 -1 0
9 -35 -29 0
33 -34 -43 0
11 31 15 0
-36 -29 6 0
27 6 6 0
14 -34 -3 0
-39 -33 25 0
-24 -26 44 0
-6 46 -45 0
28 -9 -11 0
-17 -9 -32 0
-48 -9 5 0
-49 -27 34 0
-38 -46 -31 0
47 12 -22 0
38 -30 41 0
-14 20 -50 0
14 -35 32 0
-44 17 -21 0
-49 32 -11 0
-3 50 46 0
-38 24 -12 0
6 50 23 0
-41 -48 -21 0
14 28 43 0
43 21 41 0
28 18 -45 0
-43 36 -33 0
-43 41 1 0
40 -7 23 0
3 7 -30 0
7 -43 -27 0
46 -33 -24 0
5 -4 -29 0
-3 -50 10 0
-25 -27 -31 0
11 -43 46 0
-31 -33 -9 0
25 11 -34 0
-23 21 41 0
-49 -12 11 0
43 -18 -15 0
29 -38 42 0
13 -5 50 0
8 39 -6 0
-10 30 -32 0
-28 -30 33 0
-36 24 -48 0
-39 50 -18 0
36 -23 -39 0
-45 -24 -29 0
-2 -12 -34 0
20 13 -14 0
-10 26 -11 0
-1 19 -41 0
47 10 -22 0
36 43 -24 0
7 -25 -32 0
27 -8 21 0
12 -31 4 0
-48 -7 11 0
25 -43 44 0
-12 30 -36 0
32 -22 26 0
-18 7 47 0
-10 -32 28 0
10 48 28 0
1 25 28 0
-35 -47 45 0
15 40 -41 0
26 19 -5 0
-43 15 47 0
-30 -36 31 0
-9 -20 15 0
-19 39 6 0
-3 19 19 0
25 -44 -45 0
38 24 44 0
27 31 -47 0
-35 -4 -10 0
-12 -15 -9 0
2 44 41 0
-27 -46 -2 0
-22 -45 3 0
16 -34 -7 0
-15 -7 -12 0
-28 -41 -45 0
-43 26 -18 0
-17 -12 10 0
-32 -15 -1 0
49 23 -40 0
9 -6 21 0
-35 -47 11 0
-30 -15 46 0
11 18 -50 0
-28 29 -41 0
-7 20 46 0
8 -8 28 0
-19 -46 -23 0
-49 -31 -23 0
9 9 9 0
-40 -5 -3 0
26 18 -3 0
12 -18 -25 0
19 -28 -31 0
29 -32 44 0
35 40 -2 0
15 41 -28 0
9 -21 -41 0
33 12 41 0
-30 -13 32 0
13 -27 -13 0
-6 25 -49 0
22 -2 -34 0
42 -50 48 0
-43 19 -26 0
23 6 -17 0
-45 49 -17 0
-17 48 -19 0
16 12 29 0
35 3 7 0
-32 38 4 0
-42 10 -27 0
31 41 1 0
-30 -45 27 0
-7 -47 -17 0
23 -39 16 0
27 47 -1 0
-44 34 20 0
16 -41 -18 0
38 16 -28 0
26 -10 13 0
19 -50 37 0
-50 18 13 0
49 41 37 0
23 -6 34 0
38 -36 25 0
9 -28 8 0
-37 13 45 0
-17 11 -16 0
-28 6 -34 0
-10 -11 45 0
-26 14 8 0
-29 6 -21 0
21 -26 -43 0
-32 -5 15 0
-31 -10 -31 0
19 -34 30 0
-7 -14 6 0
-7 20 36 0
-50 -5 -20 0
-20 -24 39 0
-28 20 -49 0
24 33 41 0
-26 -7 30 0
6 43 -18 0
-29 -7 -24 0
-43 2 46 0
16 48 -46 0
-10 -7 25 0
5 -21 -31 0
28 38 33 0
-4 -26 11 0
16 45 -24 0
46 -17 36 0
-12 -3 20 0
23 7 32 0
23 -3 -3 0
32 -11 -13 0
-37 14 -10 0
21 -2 -17 0
-47 -50 31 0
41 14 -5 0
-21 -41 -17 0
39 -45 5 0
-49 -47 -19 0
27 -14 -31 0
4 14 42 0
3 -18 13 0
22 36 17 0
-47 -29 -18 0
30 42 -16 0
-20 41 47 0
35 -31 30 0
49 -27 21 0
-13 -27 35 0
-7 40 -19 0
-40 -2 -34 0
-40 48 -10 0
2 11 -31 0
21 -43 2 0
12 -21 -17 0
-22 12 -49 0
-13 -11 46 0
-7 -10 42 0
-9 -41 46 0
44 30 9 0
-1 14 32 0
4 2 -25 0
-29 -24 -14 0
47 -7 -48 0
17 -36 19 0
32 23 18 0
-1 -47 31 0
34 -17 -36 0
-23 -44 -17 0
45 6 30 0
-6 -38 -23 0
-36 -44 -47 0
-8 -37 13 0
17 8 -37 0
-40 -11 -49 0
-12 17 -36 0
-48 24 19 0
-17 34 -5 0
-34 -17 19 0
-24 5 7 0
-27 -37 -45 0
26 -9 22 0
15 -28 -11 0
-8 22 15 0
36 45 46 0
-21 28 -13 0
-1 -43 41 0
50 -43 34 0
