c CNF generator v0.9
p cnf 50 262
-42 -38 30 0
-26 22 -39 0
-10 12 50 0
24 24 -38 0
43 31 22 0
-46 26 7 0
-38 -41 23 0
29 13 35 0
18 -3 -5 0
13 22 -45 0
40 -8 13 0
-17 48 -45 0
-46 -48 44 0
-21 30 44 0
26 50 5 0
-14 23 11 0
-2 -38 40 0
-5 -41 -40 0
31 23 -4 0
-15 48 -25 0
-5 -48 10 0
-42 21 1 0
-40 27 25 0
31 4 -21 0
48 -1 -25 0
50 -5 -47 0
33 22 18 0
-45 13 -8 0
46 -21 34 0
-47 24 16 0
-29 -46 -23 0
-43 4 -10 0
36 32 -34 0
9 24 44 0
40 -36 -12 0
-35 -1 48 0
-6 -36 -43 0
-32 36 -10 0
50 -28 2 0
22 12 -35 0
-20 -22 -12 0
22 -13 36 0
19 -29 -32 0
-21 11 -36 0
-12 43 2 0
-12 -18 -45 0
40 -46 -9 0
22 19 48 0
-14 19 15 0
41 47 -30 0
-33 47 3 0
-41 -1 -21 0
32 -28 -14 0
-22 -9 -37 0
-49 9 8 0
39 6 17 0
15 -46 12 0
-22 4 -7 0
30 15 -15 0
-46 -6 21 0
49 -41 -5 0
-42 -34 -43 0
6 -4 47 0
47 21 -5 0
-19 -42 40 0
48 -46 -38 0
33 12 39 0
34 1 45 0
-33 -29 -37 0
17 -48 48 0
-9 -43 19 0
11 -43 48 0
-49 -45 -4 0
18 11 33 0
14 -3 5 0
1 2 -1 0
-27 42 9 0
-42 8 34 0
22 35 -1 0
34 48 31 0
-19 -21 38 0
19 20 40 0
-40 -5 18 0
-36 17 -49 0
28 -5 -40 0
7 5 -45 0
-21 -26 -6 0
36 -34 17 0
-21 33 -7 0
-22 -12 -2 0
-25 -7 -30 0
-43 14 -35 0
17 50 -21 0
11 4 34 0
-15 -31 -3 0
3 -21 -4 0
-23 -9 -50 0
41 -29 24 0
-45 -35 -30 0
-36 14 -6 0
18 -46 -24 0
-48 -9 -34 0
31 35 24 0
-46 -42 -48 0
35 9 -22 0
29 31 45 0
-5 25 -42 0
8 11 -16 0
-45 50 -10 0
31 27 47 0
36 -1 -17 0
-26 -17 -6 0
-37 28 11 0
-4 -50 -12 0
-8 -39 43 0
-40 -27 -29 0
-25 -39 -43 0
-43 28 -12 0
-24 10 -21 0
-2 17 29 0
-29 -44 19 0
28 33 -20 0
-13 -3 3 0
16 -42 -22 0
-43 9 -9 0
-50 19 -29 0
-22 -39 27 0
-11 -15 36 0
29 46 -38 0
-30 10 -6 0
-48 -27 -31 0
27 13 22 0
43 5 -6 0
-39 5 32 0
-11 -15 -12 0
39 -50 -33 0
17 26 -1 0
-1 8 1 0
-35 -26 -39 0
-32 33 41 0
-9 -3 -41 0
1 41 26 0
12 -3 -26 0
-5 -16 40 0
-25 -29 14 0
2 -23 13 0
-19 1 32 0
17 1 25 0
-14 -12 -1 0
-14 -24 25 0
-23 17 6 0
31 39 34 0
-42 21 23 0
-14 -9 -50 0
13 -45 14 0
-37 17 47 0
-22 2 50 0
-38 39 -37 0
40 20 -36 0
-19 21 -36 0
19 13 -34 0
1 -44 10 0
-18 -40 49 0
-21 -38 -12 0
8 -5 -37 0
-22 -34 -17 0
40 -48 -49 0
-23 -47 46 0
41 -8 -32 0
6 20 -13 0
44 -22 20 0
-50 -38 45 0
-4 9 -28 0
13 4 -18 0
-25 -29 -36 0
-39 45 -45 0
27 40 -41 0
-11 -24 10 0
-40 49 -26 0
-2 47 -25 0
28 28 6 0
42 13 -16 0
-46 -3 44 0
-10 -38 30 0
-4 36 24 0
45 -19 -40 0
-6 -19 -25 0
13 -27 8 0
48 -35 28 0
-1 -6 -44 0
5 10 -22 0
-1 -37 -28 0
35 -29 -24 0
-28 -9 39 0
-44 -26 26 0
-8 15 -19 0
39 -11 -15 0
34 37 -44 0
14 -32 -11 0
-2 1 -11 0
-35 40 47 0
43 40 37 0
36 43 -34 0
32 -12 -48 0
46 -6 50 0
-21 23 6 0
-41 -31 13 0
1 32 25 0
5 35 9 0
27 -19 -35 0
21 -35 27 0
24 -25 38 0
7 30 -47 0
-38 -6 21 0
-5 47 28 0
-19 1 -23 0
-27 32 46 0
3 21 28 0
-2 -43 -47 0
-16 2 -25 0
26 -4 -12 0
-25 5 2 0
39 21 -41 0
-15 16 -36 0
13 20 -11 0
-48 -47 -5 0
-28 16 22 0
-38 21 -7 0
-49 39 27 0
45 -42 33 0
-15 35 -31 0
-42 -23 44 0
-29 18 44 0
48 -42 15 0
-33 19 17 0
-30 -48 -29 0
26 -22 19 0
7 24 -30 0
28 -8 -2 0
15 15 -29 0
9 38 22 0
21 -44 -34 0
30 38 -41 0
-32 -21 2 0
-13 4 22 0
40 20 23 0
26 40 30 0
-30 -31 35 0
-15 17 16 0
-50 -23 33 0
17 -13 -2 0
8 -27 9 0
-3 -15 -33 0
-27 2 9 0
8 -35 28 0
44 -8 29 0
9 -17 -27 0
-29 44 -26 0
39 -24 -17 0
45 -10 29 0
22 -19 -7 0
39 -22 -7 0
