c CNF generator v0.9
p cnf 50 262
-5 -20 9 0
-36 28 11 0
36 39 -12 0
-14 -6 -9 0
27 1 -23 0
18 -10 -17 0
-15 -6 46 0
16 13 -22 0
-9 -31 2 0
1 -12 -50 0
34 -2 -17 0
37 40 11 0
-13 -26 44 0
16 5 -37 0
-45 30 27 0
-31 47 43 0
-40 -47 16 0
5 23 44 0
-23 -44 2 0
5 41 -30 0
13 -33 -40 0
-19 -13 -38 0
7 20 29 0
18 48 -44 0
-13 -10 48 0
-47 14 -35 0
-43 -36 12 0
34 21 50 0
-45 -31 21 0
16 31 1 0
-49 5 -30 0
49 19 10 0
31 -14 -42 0
17 36 -38 0
16 50 43 0
43 20 -42 0
29 30 -26 0
-14 -28 30 0
-30 13 -31 0
24 -39 40 0
-43 17 34 0
-8 1 -18 0
2 11 -27 0
-5 23 38 0
-2 50 -4 0
48 41 46 0
-49 1 42 0
-38 50 7 0
-27 -49 7 0
15 20 -5 0
-25 4 20 0
-43 -1 -5 0
-49 44 -31 0
-42 -24 -9 0
-10 -26 -45 0
16 21 36 0
-41 -47 43 0
-9 13 11 0
19 37 -43 0
-10 28 -2 0
27 -15 -10 0
2 37 -31 0
46 43 24 0
34 -44 41 0
21 7 -50 0
-39 32 25 0
-44 -6 -14 0
14 -30 40 0
-26 -20 -20 0
-48 10 -38 0
-20 28 10 0
2 -42 -1 0
-4 40 -21 0
-10 -23 -12 0
-50 -21 42 0
39 -28 -3 0
-7 -49 13 0
-29 -44 46 0
-22 -40 35 0
-9 11 27 0
36 -47 -45 0
-37 24 20 0
-27 -15 -20 0
-14 41 12 0
22 -16 29 0
22 -33 -29 0
44 -3 -8 0
6 24 35 0
-5 -29 42 0
41 -33 -18 0
-24 17 -33 0
50 15 -35 0
-32 17 -32 0
20 36 -9 0
-32 -48 50 0
28 -45 -36 0
41 11 2 0
1 24 40 0
50 22 5 0
49 -12 17 0
46 -5 29 0
-37 -24 -20 0
47 -43 -32 0
41 11 40 0
21 -48 12 0
-18 -14 -8 0
6 3 -22 0
41 -3 7 0
-33 -47 -5 0
17 48 21 0
2 -15 50 0
-45 -14 34 0
37 -33 3 0
-43 31 -13 0
28 35 -17 0
19 11 22 0
41 37 15 0
43 -6 -2 0
-5 -15 41 0
-40 39 -2 0
-46 23 1 0
-46 38 18 0
-24 38 50 0
45 -21 11 0
20 7 4 0
20 -16 6 0
30 -38 15 0
-35 -48 31 0
-27 -22 50 0
13 42 1 0
37 -3 -10 0
-5 33 -38 0
48 48 17 0
-22 -2 12 0
-35 -30 -2 0
41 -24 21 0
2 -13 -29 0
5 22 -30 0
31 13 -14 0
29 2 31 0
-22 -18 23 0
-46 -35 -49 0
-4 50 -20 0
-13 -19 -41 0
-9 46 17 0
2 -45 -43 0
6 -28 -45 0
26 -20 19 0
40 -41 45 0
48 39 -30 0
-38 30 11 0
-10 50 -13 0
-4 -3 48 0
11 42 -49 0
17 15 9 0
12 42 37 0
-45 14 27 0
-14 -21 47 0
29 -46 15 0
-27 21 -44 0
-44 37 12 0
-30 -4 -41 0
23 -30 -27 0
16 -47 35 0
-30 -43 -37 0
37 -50 -46 0
-36 43 50 0
-10 -18 -19 0
-31 -45 8 0
36 -25 50 0
-33 34 8 0
-36 -26 -13 0
-32 -23 -1 0
-42 -47 34 0
1 -10 7 0
11 -3 48 0
-6 -42 25 0
-32 40 41 0
27 -1 -43 0
8 -26 17 0
-37 -48 -11 0
47 -46 -19 0
-21 -38 -14 0
2 20 -27 0
4 33 -17 0
27 -49 -18 0
49 2 46 0
-34 16 -35 0
-35 -22 -25 0
36 39 22 0
-9 38 39 0
-11 -1 -30 0
-12 -46 -19 0
-9 12 -30 0
50 3 -31 0
-28 -14 -40 0
44 22 -1 0
-23 -22 14 0
-49 46 2 0
-46 -49 -42 0
32 -42 46 0
27 -25 40 0
12 13 10 0
-41 -40 24 0
-39 -40 -1 0
7 24 21 0
35 33 -12 0
28 -10 48 0
-10 -41 24 0
49 25 21 0
-38 8 40 0
-8 13 8 0
2 -4 9 0
12 -24 -33 0
16 13 -49 0
-32 -9 -33 0
29 4 -24 0
39 42 -13 0
-12 -3 -29 0
26 -21 41 0
50 5 42 0
46 -21 -30 0
-5 2 44 0
-10 -14 -3 0
11 -25 37 0
9 27 26 0
1 -37 -32 0
-23 -10 -40 0
28 -34 45 0
24 -1 -22 0
46 -32 28 0
-16 37 -48 0
-27 -33 29 0
-5 37 35 0
41 -14 -12 0
8 -39 -20 0
-41 -21 25 0
-50 -19 -5 0
-16 18 40 0
43 14 12 0
4 -31 36 0
46 -23 -7 0
11 49 18 0
17 10 -9 0
-1 -37 19 0
-11 -47 -14 0
-27 16 13 0
-29 -31 -44 0
-39 -44 -14 0
-17 37 25 0
43 21 46 0
24 -23 -49 0
-47 -43 -2 0
-13 -33 -24 0
18 -21 3 0
-1 42 -21 0
20 48 -31 0
28 49 4 0
24 -42 -42 0
-14 13 25 0
-1 23 30 0
39 -49 19 0
