c CNF generator v0.9
p cnf 50 262
-16 -18 45 0
-3 -17 48 0
20 -35 37 0
7 -3 -35 0
46 -49 9 0
-25 8 -12 0
-31 47 -2 0
3 -45 -18 0
-28 6 10 0
33 37 -50 0
25 -2 44 0
-5 -12 3 0
-22 -47 -44 0
15 -49 25 0
-1 -19 -1 0
7 35 15 0
-17 -24 -40 0
8 11 -5 0
24 33 -31 0
45 -24 40 0
33 -19 -1 0
-39 7 23 0
-33 4 -35 0
-35 -5 -44 0
-10 18 -44 0
8 39 -31 0
9 -42 -46 0
-14 34 -9 0
-36 32 -24 0
43 -22 39 0
39 -37 -19 0
-40 -37 27 0
3 50 45 0
-47 -33 -45 0
-47 -36 44 0
45 -23 9 0
-24 37 -39 0
-1 21 50 0
6 -36 -8 0
-37 8 -41 0
29 -35 47 0
-14 -3 -50 0
30 -10 -22 0
-47 -2 -38 0
-40 -39 -6 0
44 -35 -48 0
17 -38 -48 0
40 -26 26 0
16 23 -20 0
-5 16 -30 0
49 27 19 0
13 45 48 0
-10 45 -49 0
39 26 -19 0
36 48 4 0
5 18 8 0
-48 -15 -18 0
-34 48 18 0
-20 -23 -3 0
-25 -36 -7 0
41 33 3 0
47 42 -31 0
-5 23 -8 0
-21 -36 -4 0
-35 5 43 0
-25 43 47 0
18 -6 34 0
36 22 13 0
-18 1 -27 0
30 31 -42 0
3 38 -14 0
-24 12 -45 0
-36 -7 35 0
34 -27 43 0
37 26 -38 0
28 -38 -16 0
50 -1 -24 0
10 22 33 0
31 19 -10 0
46 48 -25 0
4 -15 -15 0
20 19 22 0
-44 -47 26 0
-44 -19 -50 0
-9 7 27 0
37 -6 -8 0
11 -8 -7 0
20 -30 25 0
6 3 -9 0
30 3 -5 0
-9 -21 -40 0
-46 -24 5 0
26 3 -31 0
32 -8 30 0
-1 -24 -42 0
37 12 8 0
-16 36 -50 0
30 26 48 0
41 19 13 0
-16 -23 2 0
39 38 -26 0
36 -14 45 0
-24 -27 -13 0
-9 35 32 0
-42 45 10 0
-38 1 -17 0
-38 18 48 0
-5 -26 10 0
26 -33 -41 0
30 3 -34 0
11 42 24 0
-33 1 -30 0
48 6 41 0
-13 -31 42 0
1 41 -43 0
-38 6 45 0
41 -23 -9 0
36 39 -17 0
-47 -2 -47 0
30 -24 20 0
27 32 7 0
-26 22 15 0
24 -32 -32 0
-30 -40 31 0
6 -46 47 0
32 -44 49 0
39 -34 -25 0
18 24 22 0
39 43 9 0
26 -19 -35 0
-24 -21 35 0
42 -34 -10 0
-45 30 -42 0
-10 30 23 0
31 -15 15 0
-30 -13 -43 0
31 16 -16 0
-44 -37 -18 0
23 -38 -7 0
42 -26 -18 0
38 20 -15 0
4 29 -12 0
42 -50 17 0
-30 25 28 0
-34 47 16 0
-40 23 -16 0
2 20 25 0
31 -39 4 0
-34 -13 46 0
-22 -35 -4 0
14 36 12 0
35 -29 40 0
35 8 -45 0
-7 -33 -35 0
-27 30 -41 0
45 -16 -24 0
30 -47 -14 0
-25 -27 8 0
-48 25 36 0
-45 -1 22 0
10 1 41 0
-47 -13 18 0
-25 15 25 0
-47 -19 -37 0
-12 39 12 0
32 -33 12 0
29 -19 32 0
-1 -13 -12 0
41 18 -20 0
17 -5 -18 0
-8 -50 31 0
36 32 -49 0
46 -30 26 0
2 -26 43 0
-18 18 -18 0
3 -47 -29 0
34 2 -1 0
3 -1 34 0
-31 2 -42 0
37 50 -4 0
-4 47 -34 0
-35 35 33 0
48 40 -30 0
-25 -21 -6 0
-8 50 -49 0
-19 44 -31 0
50 -5 -1 0
-13 2 -38 0
15 -14 20 0
-29 -19 5 0
-34 -13 -3 0
39 -7 -49 0
-36 14 14 0
-9 36 23 0
30 11 29 0
-30 12 46 0
10 41 -19 0
20 20 -29 0
-22 -31 8 0
31 -19 -3 0
-23 38 -6 0
-14 22 20 0
-38 2 34 0
4 32 -30 0
-2 7 -18 0
-45 -38 -35 0
3 -43 16 0
-8 -37 -49 0
-19 27 -18 0
26 -31 24 0
36 -27 -28 0
-30 44 41 0
-50 -45 5 0
25 27 35 0
-23 39 41 0
9 47 7 0
-41 40 19 0
-6 -16 -22 0
-36 -37 36 0
-44 32 -41 0
30 47 -45 0
-35 10 30 0
3 2 13 0
43 50 42 0
37 -27 11 0
36 23 41 0
-16 -7 39 0
-49 -49 -15 0
49 3 34 0
-19 7 4 0
-32 27 27 0
32 33 -23 0
-35 -11 36 0
-23 -27 50 0
-33 39 -12 0
24 9 2 0
-25 47 21 0
15 27 -8 0
50 29 -44 0
24 3 44 0
9 -19 39 0
32 -23 31 0
-30 -29 5 0
-39 41 35 0
-42 -46 12 0
-4 -17 44 0
-13 15 25 0
-23 40 -31 0
-34 42 -3 0
20 -14 -12 0
-5 -21 -26 0
-38 37 40 0
6 -1 26 0
30 -26 -9 0
22 44 4 0
40 20 24 0
5 32 -12 0
-47 -27 -34 0
-7 -2 -8 0
-23 -23 16 0
32 -45 -21 0
-24 18 -17 0
