c CNF generator v0.9
p cnf 50 262
37 23 -50 0
49 3 -35 0
-38 6 -4 0
43 41 -50 0
-39 -1 1 0
38 -34 -3 0
-40 -13 -7 0
-36 14 -24 0
-50 17 2 0
45 -36 -41 0
46 -18 43 0
50 6 6 0
-31 -13 44 0
-21 -11 49 0
21 23 -2 0
43 -41 29 0
-40 -3 -35 0
23 30 1 0
-47 -18 22 0
2 -28 -12 0
-49 -15 -7 0
-42 -35 44 0
32 -47 -39 0
-34 9 -32 0
-7 35 14 0
23 8 32 0
-19 -19 19 0
39 2 -35 0
-9 -15 -11 0
20 48 22 0
-46 36 -35 0
40 -27 -13 0
-35 -18 27 0
20 -33 2 0
28 -27 -25 0
9 16 -13 0
22 24 13 0
-8 -9 47 0
-23 -47 -20 0
-15 30 -37 0
-3 -6 -47 0
-35 -50 -35 0
15 47 -37 0
-2 20 29 0
2 -30 49 0
-16 -11 5 0
14 -41 34 0
-31 -15 -9 0
10 39 10 0
27 42 44 0
44 47 39 0
40 -31 48 0
-8 -50 25 0
-23 -6 50 0
-49 -49 2 0
27 -48 26 0
-3 -29 -12 0
-5 -10 6 0
8 -36 13 0
-29 -12 -30 0
-50 32 39 0
-41 -6 33 0
-32 -31 -11 0
-7 -5 -49 0
-16 20 -43 0
37 -11 39 0
14 -50 43 0
-23 -22 -1 0
-37 -27 4 0
-23 30 -23 0
19 25 24 0
49 27 -48 0
34 13 16 0
48 -27 -50 0
-17 -9 33 0
-25 11 10 0
-3 8 39 0
23 37 26 0
13 31 -1 0
-22 40 36 0
-45 8 5 0
19 -20 7 0
13 33 -32 0
-9 26 -50 0
-3 17 15 0
12 17 21 0
-9 -48 16 0
20 -39 -49 0
44 8 -15 0
30 10 26 0
-48 10 10 0
16 -44 18 0
5 47 -2 0
14 4 -46 0
10 29 12 0
-50 -4 8 0
-34 30 3 0
-30 -47 -14 0
-16 43 -50 0
-15 -46 32 0
48 17 23 0
-47 27 47 0
-43 -25 5 0
12 27 37 0
12 -29 -50 0
-27 41 2 0
-16 -11 -40 0
-23 8 -18 0
-48 -1 2 0
37 43 -22 0
-8 -29 -17 0
19 18 23 0
-23 46 -24 0
-21 8 -8 0
50 -8 -25 0
20 -45 -26 0
-16 26 23 0
4 8 50 0
30 -22 1 0
-34 46 2 0
18 -5 -19 0
23 -18 45 0
42 7 46 0
11 -31 48 0
-46 -49 6 0
-45 3 5 0
28 14 -22 0
-43 -24 -14 0
37 3 31 0
49 -45 8 0
34 16 7 0
20 -38 44 0
-26 32 17 0
-1 -25 -40 0
42 -3 -18 0
48 21 -41 0
18 34 26 0
-6 -35 -25 0
25 -13 -16 0
-24 -36 -3 0
-2 11 -4 0
32 26 1 0
33 -31 30 0
16 13 27 0
36 15 -45 0
-5 44 37 0
44 -38 24 0
-23 -44 44 0
-24 21 15 0
8 -45 -37 0
-31 -8 2 0
-44 37 49 0
25 -10 -18 0
-34 -50 30 0
-28 45 -40 0
-30 -33 -10 0
18 -32 29 0
8 37 -12 0
5 36 19 0
-25 -19 10 0
-29 43 -50 0
-31 -29 1 0
47 16 4 0
10 2 14 0
43 13 48 0
-17 -24 -36 0
48 -8 -39 0
23 7 10 0
-45 46 -5 0
-23 -32 22 0
-42 -15 27 0
-10 -39 23 0
-7 9 -44 0
31 48 43 0
1 13 43 0
19 -47 43 0
-9 5 -3 0
2 -34 -26 0
-29 -50 -9 0
5 39 -7 0
35 28 50 0
-44 13 8 0
18 -26 -46 0
-30 -12 8 0
-9 -35 11 0
39 -46 21 0
-26 10 -21 0
-1 2 36 0
-11 -34 14 0
-50 35 -11 0
-13 -42 -30 0
25 -45 36 0
8 -14 -28 0
39 -33 36 0
35 -15 -27 0
-31 46 -10 0
27 -38 35 0
-47 20 11 0
36 10 19 0
50 26 42 0
19 37 9 0
-24 -40 11 0
-11 -28 -15 0
-25 9 -49 0
1 -33 50 0
10 23 33 0
37 12 46 0
-1 40 45 0
2 -47 -32 0
-17 -13 -19 0
37 -10 36 0
-31 -22 15 0
-49 -20 -20 0
-15 22 -48 0
-27 10 14 0
-5 5 -47 0
3 25 -36 0
-14 39 23 0
-30 -46 -49 0
1 19 35 0
-43 29 37 0
-13 6 -9 0
-34 -14 -29 0
39 5 -5 0
-13 14 -29 0
-20 -49 -17 0
-28 1 -31 0
15 -3 4 0
-4 -28 33 0
37 -3 23 0
47 -48 -3 0
-15 18 43 0
11 -49 49 0
-47 46 2 0
30 16 45 0
-20 -35 -17 0
-3 -35 18 0
34 -50 43 0
-32 32 -15 0
3 19 4 0
-49 46 -42 0
10 35 -41 0
10 28 42 0
-8 -30 18 0
21 -47 -3 0
38 40 2 0
31 13 3 0
-3 41 10 0
27 -50 -3 0
18 -33 -47 0
42 -10 5 0
-38 44 31 0
1 -33 -38 0
-17 -33 40 0
1 -20 -48 0
22 17 -8 0
-32 3 -31 0
-43 44 42 0
-33 -26 -6 0
-2 -47 25 0
-38 -50 2 0
23 -41 19 0
