c CNF generator v0.9
p cnf 50 262
33 7 -12 0
15 16 -31 0
30 17 9 0
46 7 35 0
31 -43 22 0
34 14 1 0
49 -29 -38 0
41 32 -40 0
-47 -27 22 0
50 2 2 0
26 47 -23 0
-33 43 -46 0
29 41 28 0
31 43 31 0
-37 34 27 0
-35 42 46 0
37 28 -9 0
-44 10 36 0
38 -5 -37 0
30 -26 5 0
-16 -39 -37 0
5 38 -41 0
-5 45 9 0
-42 -11 -6 0
-47 -13 6 0
39 24 -23 0
-33 32 -50 0
13 39 -41 0
32 42 -19 0
6 11 -2 0
22 -24 34 0
-26 -24 35 0
8 47 29 0
47 -5 12 0
50 -33 -27 0
-40 -6 -24 0
14 49 -27 0
32 -5 46 0
-14 11 -1 0
-29 25 15 0
-8 47 -28 0
42 -12 -47 0
38 -27 41 0
27 21 18 0
-27 -41 -41 0
12 50 -24 0
42 -10 -7 0
43 -15 -4 0
-26 -44 -12 0
-36 18 28 0
14 -18 -50 0
30 1 11 0
42 -27 -25 0
39 21 -31 0
15 -9 29 0
15 -26 -42 0
43 -30 30 0
41 -40 46 0
13 20 -27 0
23 11 -48 0
32 -32 33 0
-11 -47 -41 0
-33 43 -25 0
38 43 -33 0
26 -21 -24 0
11 23 19 0
-26 13 -10 0
36 14 -27 0
-29 28 -1 0
9 19 50 0
4 39 -20 0
43 -50 -47 0
29 8 -28 0
-38 35 -44 0
22 -44 -5 0
14 -13 -27 0
22 -43 -35 0
-20 17 20 0
26 -33 14 0
-29 -30 -27 0
4 34 -23 0
-47 22 42 0
19 -6 30 0
-35 -24 -8 0
10 -35 -6 0
32 -2 -41 0
-32 -8 -19 0
-3 -41 -40 0
-21 32 -34 0
1 -49 9 0
-22 28 6 0
46 -30 -35 0
-33 22 34 0
28 -27 36 0
44 32 -7 0
-47 32 -45 0
-25 -19 -8 0
2 36 34 0
-30 -8 -36 0
50 35 -21 0
-2 16 5 0
-16 38 -47 0
21 9 11 0
-15 -15 50 0
4 -45 36 0
42 48 -19 0
-2 28 49 0
-40 4 9 0
45 28 37 0
26 -40 47 0
-13 17 -24 0
49 -43 -29 0
16 -29 -32 0
17 45 -14 0
-39 -16 -31 0
37 2 22 0
-9 29 -28 0
-15 -42 7 0
-40 49 -39 0
-1 28 20 0
7 -5 18 0
-3 -33 -18 0
40 16 -45 0
-12 24 45 0
47 -28 8 0
-38 37 -2 0
22 -3 -48 0
-41 -49 -16 0
4 -48 -24 0
-11 -32 11 0
-21 -14 2 0
-8 -48 -39 0
4 19 -3 0
6 -10 10 0
-15 42 -39 0
14 -44 32 0
-18 -42 50 0
-43 -5 11 0
-31 -35 15 0
38 -46 -38 0
-48 -2 -45 0
12 -25 -41 0
50 12 -23 0
21 -10 3 0
-30 18 33 0
-30 15 20 0
36 -6 -36 0
26 11 -4 0
19 -8 -12 0
-32 6 -33 0
-42 36 43 0
-39 -40 -2 0
38 -46 20 0
14 -6 -24 0
-7 34 33 0
-39 34 23 0
-17 -34 16 0
-19 5 4 0
-25 40 -42 0
40 40 -14 0
21 9 -3 0
5 -34 -26 0
40 -15 32 0
-7 46 -9 0
-27 8 -45 0
20 33 41 0
-21 -48 -4 0
-8 24 41 0
-11 50 -36 0
17 35 -7 0
-34 17 -20 0
32 17 -12 0
-27 31 -35 0
-49 -30 -28 0
23 -24 -20 0
29 -7 31 0
32 26 36 0
43 -10 -30 0
-10 -42 23 0
36 45 14 0
6 1 -40 0
-31 15 -20 0
-10 -1 38 0
12 47 -50 0
-34 -35 12 0
41 18 35 0
-21 11 -14 0
-3 -17 -2 0
3 -22 -26 0
-27 41 -7 0
-26 -19 38 0
30 28 5 0
-50 34 -2 0
38 37 26 0
10 -21 40 0
37 -5 30 0
-37 39 -3 0
-41 -26 -26 0
49 49 -46 0
-37 1 -41 0
-27 -31 -37 0
20 -48 -49 0
-22 41 4 0
-14 33 43 0
-42 29 23 0
-22 18 2 0
34 -41 39 0
11 3 39 0
50 5 -2 0
-8 37 -27 0
9 42 36 0
46 48 4 0
-23 2 -14 0
-31 -1 46 0
-36 -22 -42 0
-7 46 -1 0
-5 42 15 0
31 -44 -25 0
22 3 -8 0
-10 14 -4 0
-6 -28 -20 0
-28 -12 39 0
37 -33 -32 0
-36 -31 19 0
-48 36 -39 0
14 19 1 0
-33 26 -10 0
-14 1 26 0
23 -24 -29 0
-29 9 -7 0
45 5 17 0
47 45 25 0
3 13 43 0
23 29 9 0
13 26 -47 0
-31 -24 49 0
-44 -19 13 0
-34 -19 30 0
35 16 10 0
44 8 42 0
-21 43 37 0
43 -48 14 0
4 -44 25 0
46 28 -36 0
21 35 6 0
-24 -29 -27 0
-40 -21 11 0
35 -36 43 0
42 -30 19 0
2 -1 11 0
-3 20 6 0
50 -45 -44 0
10 49 1 0
-8 -4 29 0
12 -40 17 0
18 -25 33 0
37 22 -41 0
19 -35 11 0
-30 -27 38 0
28 15 8 0
-29 25 23 0
21 10 -12 0
