c CNF generator v0.9
p cnf 50 262
-27 34 -6 0
-9 -18 -47 0
28 19 42 0
29 47 -22 0
14 21 18 0
-20 -30 -24 0
6 21 -9 0
-10 -21 -34 0
3 -20 -1 0
29 -18 -17 0
16 -50 -43 0
19 13 31 0
-7 -34 -44 0
9 -5 37 0
-39 -19 3 0
-1 49 -47 0
-10 32 34 0
-2 -41 12 0
-41 3 31 0
-31 -27 -30 0
46 -44 25 0
-8 -8 -10 0
16 -26 -42 0
-13 43 31 0
-39 30 -30 0
47 -5 -38 0
18 -19 32 0
24 7 -2 0
-12 50 3 0
27 -23 -45 0
-38 -8 -21 0
50 -46 17 0
-32 47 1 0
-15 11 40 0
-33 38 26 0
-14 -38 -24 0
-19 44 -11 0
19 -2 -30 0
-13 15 -29 0
32 -11 -15 0
-17 34 -42 0
-3 7 31 0
-37 -9 -17 0
-32 -34 -39 0
-19 -38 37 0
8 -44 30 0
-44 -4 26 0
19 -9 -29 0
-36 46 -22 0
1 -24 -50 0
26 -31 44 0
7 29 -2 0
34 41 12 0
-45 49 -22 0
25 31 -21 0
-1 -37 24 0
-20 40 28 0
-49 8 42 0
-17 33 27 0
37 -27 41 0
27 -35 30 0
29 44 40 0
7 29 14 0
-1 13 -41 0
-32 -23 -31 0
35 16 17 0
39 -21 8 0
-38 -12 -2 0
-13 1 13 0
1 -20 35 0
-30 -35 40 0
-31 43 -47 0
-7 9 48 0
-30 -22 25 0
-27 -46 -15 0
-17 46 -25 0
-5 42 -11 0
35 -24 -18 0
11 -49 -5 0
20 5 9 0
5 26 -13 0
-41 30 -46 0
-13 -32 -1 0
36 5 25 0
-43 -27 -26 0
32 -34 41 0
30 21 -28 0
50 -21 33 0
-47 6 9 0
12 6 21 0
49 -2 -11 0
29 -5 47 0
-36 33 11 0
2 -41 19 0
32 24 24 0
40 30 -49 0
-35 14 24 0
-45 -20 30 0
-38 -42 -25 0
4 -30 -28 0
8 -5 -31 0
34 -31 -40 0
-10 -32 26 0
9 47 43 0
43 -39 29 0
47 -3 -22 0
1 31 -23 0
14 -50 -20 0
48 -14 48 0
31 -6 -3 0
-40 -29 10 0
-2 22 7 0
37 -47 -14 0
16 40 -39 0
-39 -5 17 0
8 -29 25 0
-31 45 40 0
42 -16 26 0
-6 34 -26 0
46 -45 27 0
-20 35 2 0
39 -38 -34 0
-14 50 -33 0
-2 -37 43 0
-17 2 -44 0
16 4 24 0
-23 37 17 0
16 5 47 0
24 -25 -38 0
-29 31 -40 0
-10 -42 -29 0
-36 40 -24 0
-14 26 15 0
-11 -47 -7 0
5 5 -1 0
-11 15 3 0
-24 22 29 0
32 -39 50 0
-30 -32 23 0
21 16 -32 0
-50 -18 -17 0
33 36 3 0
-22 -26 -3 0
46 11 -22 0
-49 -9 38 0
10 14 12 0
12 -38 7 0
-10 29 14 0
12 23 30 0
7 9 16 0
-19 -19 -6 0
43 10 17 0
-13 -36 4 0
36 -1 -6 0
-24 -19 -30 0
10 43 -17 0
34 -14 -13 0
-26 -15 -4 0
-15 10 19 0
4 -27 -40 0
47 -10 -43 0
26 46 40 0
-17 -10 36 0
31 -36 40 0
-14 -6 13 0
29 32 -46 0
-22 -34 -26 0
-20 14 27 0
-36 26 -12 0
42 -4 -34 0
43 2 -5 0
39 -20 -35 0
38 46 -8 0
7 30 31 0
-31 32 -12 0
20 50 10 0
-17 10 -1 0
40 -6 -35 0
14 -35 -38 0
26 39 31 0
29 1 -44 0
9 -21 10 0
35 -8 25 0
-7 -38 17 0
-37 -2 -43 0
29 45 22 0
39 20 -15 0
15 -1 -31 0
4 -21 40 0
48 42 45 0
-10 21 -49 0
-26 -12 45 0
-16 -15 24 0
-2 2 6 0
-13 -37 -35 0
-17 -14 5 0
12 37 35 0
27 -8 43 0
46 -48 37 0
21 6 36 0
42 -15 21 0
32 32 24 0
-20 -45 -32 0
-30 -27 -23 0
47 -35 -29 0
-32 -28 -39 0
-25 42 4 0
38 18 9 0
-25 -22 -22 0
-30 10 50 0
-10 -44 10 0
-6 -19 -44 0
14 4 10 0
19 -27 -17 0
50 19 -27 0
44 -11 -36 0
41 43 -22 0
29 -2 34 0
2 37 31 0
-8 -37 14 0
13 -44 21 0
-22 -41 33 0
30 25 -2 0
12 12 29 0
-33 -44 45 0
15 49 -40 0
3 -46 30 0
21 39 -37 0
-42 41 -29 0
39 -1 -34 0
20 28 -40 0
16 1 8 0
27 -40 -36 0
-46 40 12 0
43 -29 26 0
-4 -45 19 0
36 -15 -11 0
-7 15 -31 0
-49 4 37 0
34 48 25 0
47 29 -3 0
50 13 37 0
-20 30 -32 0
-39 -32 29 0
43 -42 -37 0
13 10 -17 0
30 37 7 0
15 5 -19 0
6 21 -9 0
-27 19 5 0
-41 -22 2 0
26 44 38 0
-25 -20 44 0
19 -39 -4 0
38 50 -48 0
-26 -38 -50 0
14 -31 24 0
-11 36 43 0
33 -13 11 0
7 -43 17 0
34 31 -28 0
-8 28 4 0
