c CNF generator v0.9
p cnf 50 262
28 27 34 0
42 16 -44 0
-39 49 17 0
-16 -8 -9 0
45 8 14 0
24 3 5 0
-13 29 -40 0
39 7 13 0
-45 34 31 0
-34 28 24 0
21 9 -22 0
26 49 -14 0
-43 -44 -24 0
-12 28 48 0
-9 -10 -29 0
-22 48 -31 0
-4 -3 41 0
49 -29 48 0
-11 -50 -49 0
-45 -50 31 0
45 -17 -19 0
48 -19 -28 0
25 -35 -10 0
-48 -17 24 0
2 18 11 0
49 21 24 0
-2 33 31 0
-9 -21 10 0
-21 -39 -7 0
-48 -37 44 0
-9 5 -50 0
-28 -36 -12 0
31 23 42 0
-49 43 -5 0
27 -15 13 0
40 40 21 0
-34 -4 -25 0
-48 10 14 0
36 34 18 0
47 34 -4 0
-25 -3 -32 0
36 -1 11 0
-35 -46 -27 0
21 -20 36 0
20 -13 -20 0
31 -24 46 0
-36 4 -34 0
14 16 42 0
-18 -7 -20 0
47 -2 -5 0
-37 6 18 0
44 -1 -28 0
-5 -32 30 0
-30 39 2 0
-42 14 -23 0
-42 -16 -17 0
25 16 17 0
-6 -33 -22 0
-37 -28 4 0
-6 -37 38 0
-35 -16 -9 0
34 43 -19 0
4 40 25 0
1 48 -8 0
-22 48 28 0
23 1 -23 0
-43 -33 4 0
28 18 10 0
-11 -21 -1 0
-26 -2 -21 0
7 33 32 0
4 -17 36 0
6 21 8 0
50 -50 -9 0
-32 -28 -27 0
10 -42 46 0
-46 -30 7 0
-29 -20 -15 0
31 28 38 0
3 -18 -47 0
-50 -46 18 0
-42 45 -8 0
-19 -46 -28 0
47 -23 18 0
33 48 -35 0
10 39 -10 0
35 -3 28 0
7 -31 24 0
45 -46 -22 0
36 24 -46 0
-17 -13 50 0
9 -30 9 0
6 1 -8 0
-29 -46 -26 0
-11 14 38 0
-6 44 49 0
19 -1 -17 0
20 3 -25 0
41 -6 -15 0
2 -48 -50 0
18 -13 40 0
34 9 40 0
50 16 27 0
-9 -8 35 0
15 18 17 0
18 2 28 0
-9 -11 29 0
-31 -42 -44 0
-13 -16 25 0
-39 46 27 0
36 -33 -22 0
-20 -21 38 0
18 40 23 0
27 -32 11 0
46 -14 -30 0
-8 -9 -13 0
-2 26 33 0
-16 -42 -26 0
46 17 -27 0
34 12 36 0
-13 -40 -44 0
-47 22 -47 0
-40 31 -19 0
-23 -30 11 0
-26 -44 16 0
-39 -11 26 0
-29 11 42 0
-12 -23 1 0
-37 -38 5 0
-37 -17 43 0
44 46 -28 0
8 -8 -36 0
31 -38 21 0
-46 12 -17 0
49 -3 -50 0
-1 34 5 0
49 32 -11 0
-30 -3 -48 0
-15 36 44 0
-3 -10 -2 0
-11 5 -25 0
-49 11 25 0
-10 2 -35 0
-43 -21 33 0
50 -27 -31 0
10 -24 -28 0
18 -28 -10 0
-47 3 -37 0
-4 -39 -42 0
5 -6 48 0
-29 46 10 0
-3 27 -12 0
34 -16 -29 0
15 -22 -33 0
-50 -34 -11 0
9 -38 4 0
33 45 -28 0
-10 15 -13 0
18 50 -12 0
-11 -47 50 0
-6 41 -26 0
2 -10 -45 0
-17 -16 -17 0
50 -22 -12 0
-46 20 -34 0
-45 25 -9 0
39 -38 -46 0
-20 -15 19 0
-10 -14 24 0
-11 -44 -38 0
3 -31 45 0
-26 46 14 0
41 -13 -25 0
39 -1 49 0
-37 -29 -30 0
-2 -13 -19 0
-19 -19 24 0
18 17 13 0
31 28 -23 0
-43 19 -8 0
-2 -36 -19 0
-39 -5 -27 0
43 -36 -19 0
43 5 -1 0
-14 -41 -40 0
-35 -10 -50 0
-24 42 -25 0
31 -33 -7 0
-38 -18 16 0
-20 18 1 0
6 25 39 0
-17 33 28 0
42 25 11 0
-7 3 8 0
34 24 -25 0
45 42 24 0
-12 -32 -25 0
24 -40 20 0
36 45 -6 0
-44 25 -3 0
15 -6 -29 0
-41 32 6 0
36 -16 -28 0
-38 24 27 0
-29 8 27 0
10 22 37 0
-49 41 15 0
-30 -12 49 0
-13 -32 -39 0
11 15 -23 0
-40 35 -25 0
47 33 -50 0
-5 27 -1 0
-30 27 -10 0
45 -14 -41 0
33 -36 12 0
13 -17 21 0
-39 11 30 0
-1 37 -35 0
29 39 50 0
-37 -21 -19 0
-21 -44 25 0
23 -40 47 0
-39 18 38 0
43 29 40 0
-2 -45 34 0
26 46 12 0
-2 42 -25 0
-44 -16 -34 0
-15 -42 -8 0
6 49 39 0
-21 -40 13 0
14 -30 48 0
-34 -1 48 0
-4 -14 -39 0
33 -15 13 0
-21 4 -44 0
-40 17 20 0
-7 -3 -28 0
43 38 -13 0
38 27 18 0
12 43 -3 0
25 21 -40 0
-14 32 46 0
-2 -18 24 0
-48 3 5 0
4 42 -48 0
-30 38 -10 0
25 17 -12 0
41 -33 -45 0
-39 6 -19 0
-40 3 1 0
-21 9 -7 0
50 -24 41 0
37 -4 1 0
7 7 -44 0
-39 -9 -31 0
3 -40 -47 0
36 -44 -30 0
-35 27 -39 0
-23 40 14 0
26 -21 -45 0
