c CNF generator v0.9
p cnf 50 262
25 50 -3 0
47 25 11 0
4 -44 45 0
-45 25 19 0
1 27 5 0
10 31 19 0
39 45 31 0
31 -42 -13 0
-22 -48 -7 0
-2 31 -33 0
47 18 29 0
2 -16 -27 0
-5 -31 35 0
25 -44 39 0
34 -35 43 0
-28 -19 46 0
-17 15 44 0
-18 -6 34 0
15 18 -20 0
5 -20 -37 0
-26 -24 35 0
36 8 41 0
4 18 -44 0
25 40 49 0
10 12 -40 0
-8 -45 -18 0
-25 -21 -5 0
4 -39 -36 0
-44 47 -23 0
12 49 -2 0
-33 13 -13 0
-45 46 -4 0
-40 22 13 0
-42 -9 -24 0
-42 -44 -49 0
14 -49 49 0
-16 16 -31 0
-37 39 -4 0
-32 -15 -29 0
-37 -9 30 0
29 -37 -20 0
-6 8 18 0
20 -15 -29 0
10 36 -27 0
-47 -3 41 0
44 14 35 0
25 -23 -47 0
-19 -31 25 0
41 27 -24 0
-29 7 -19 0
-35 2 -40 0
-34 -17 -42 0
14 -21 22 0
-43 -2 14 0
21 10 7 0
25 21 34 0
-48 1 10 0
35 16 -37 0
38 15 -8 0
32 -45 -48 0
-49 -43 -49 0
-40 42 29 0
-10 12 28 0
41 -46 15 0
15 20 12 0
10 35 -12 0
42 -50 -50 0
-11 15 39 0
5 -13 6 0
35 30 -3 0
35 -37 -11 0
-23 34 -14 0
35 -27 -14 0
-48 -7 46 0
36 14 38 0
-24 34 11 0
8 -39 -21 0
-12 -8 -10 0
4 -31 22 0
-48 3 -45 0
-23 -40 49 0
20 24 -3 0
50 28 49 0
22 -37 32 0
-10 14 -12 0
24 -31 -18 0
-4 -6 -20 0
-50 -14 -5 0
-31 -43 15 0
47 2 33 0
35 12 -22 0
9 11 -13 0
-35 9 5 0
-7 39 20 0
-39 24 -1 0
22 14 -10 0
-2 8 2 0
-8 31 -30 0
3 -19 -7 0
9 -25 -21 0
8 -47 -13 0
30 29 4 0
45 -2 -11 0
-33 -21 -3 0
-40 32 11 0
-6 41 10 0
3 43 -10 0
20 45 13 0
36 27 11 0
-24 -8 50 0
35 11 -34 0
-26 -41 -9 0
41 -26 9 0
10 -10 26 0
-44 -10 36 0
30 -15 -42 0
-25 40 -31 0
-46 -41 49 0
-34 -44 -31 0
13 -21 -23 0
35 9 21 0
38 -10 35 0
-13 -23 -23 0
-15 -49 -39 0
-16 40 10 0
42 6 -12 0
39 33 13 0
32 18 48 0
-3 36 9 0
38 6 30 0
5 -49 -36 0
10 39 18 0
13 49 -30 0
24 -6 -7 0
-6 -25 29 0
-3 -2 29 0
-2 34 -9 0
10 -24 -6 0
1 -5 11 0
-34 15 4 0
50 -20 -20 0
10 -23 -36 0
-41 5 43 0
-6 4 19 0
34 -47 42 0
45 23 42 0
35 -10 20 0
45 19 17 0
3 38 22 0
-32 7 35 0
-43 45 2 0
-6 -25 49 0
31 -29 -20 0
26 -32 23 0
-21 2 -41 0
7 29 2 0
17 -23 -24 0
-6 -16 -45 0
-20 -19 33 0
-25 15 46 0
-33 36 12 0
-49 -38 34 0
-28 9 -44 0
3 -3 1 0
-14 13 -15 0
12 -21 -37 0
-47 8 3 0
2 -21 41 0
41 4 -28 0
-24 31 21 0
-20 17 -15 0
43 28 17 0
-7 40 -44 0
24 -40 -12 0
4 -16 -34 0
28 -48 35 0
-34 3 -1 0
41 43 -45 0
-35 -48 34 0
36 -25 6 0
35 24 -35 0
-48 -17 -29 0
5 36 -24 0
-12 28 16 0
-35 42 3 0
-5 -32 -2 0
10 -43 -47 0
-11 31 47 0
-22 48 1 0
6 32 43 0
8 45 26 0
33 -13 44 0
42 -50 -43 0
42 39 29 0
27 1 3 0
-2 27 1 0
-24 18 -34 0
18 10 -30 0
-23 35 -28 0
38 29 9 0
-42 -20 -9 0
38 -35 22 0
30 15 20 0
-27 28 6 0
13 9 -15 0
-15 6 -36 0
44 -44 23 0
32 -15 8 0
-35 -21 34 0
-2 -15 9 0
42 1 20 0
-15 -12 -20 0
-38 -11 18 0
-31 31 47 0
26 29 5 0
10 -10 -45 0
-23 46 28 0
14 32 6 0
46 -42 -40 0
-1 22 38 0
17 3 9 0
15 -23 21 0
-9 30 -6 0
-16 -8 33 0
12 9 -12 0
46 18 9 0
-28 25 -12 0
-30 25 -3 0
49 11 -15 0
2 -45 50 0
-11 45 42 0
27 46 17 0
14 -2 -34 0
15 -6 4 0
26 25 19 0
3 -44 -3 0
-18 32 41 0
49 17 -27 0
-42 -25 30 0
35 -19 -8 0
-5 -37 33 0
-4 44 -1 0
31 31 -29 0
-7 -2 -31 0
25 -3 20 0
11 42 -35 0
14 -32 7 0
1 39 45 0
-5 -25 -37 0
19 -19 10 0
36 22 25 0
8 26 -27 0
6 1 -29 0
20 -19 -35 0
-5 13 12 0
47 -29 -4 0
-4 31 47 0
5 11 42 0
-23 49 44 0
-40 34 -29 0
39 -2 -9 0
-14 -13 -39 0
