c CNF generator v0.9
p cnf 50 262
1 -44 -16 0
-45 -10 -41 0
47 -3 -30 0
25 -38 -1 0
-7 -41 30 0
25 34 -6 0
-43 -13 -11 0
-3 -33 50 0
-38 -49 22 0
-21 -17 -28 0
-10 -4 -39 0
-10 -43 12 0
-16 45 -48 0
50 -27 -27 0
36 -16 16 0
48 17 -10 0
20 -15 -43 0
35 -14 -39 0
-10 -39 -17 0
35 -41 -15 0
-11 48 -23 0
13 -18 48 0
-31 22 34 0
26 -32 28 0
32 26 47 0
-26 24 -5 0
47 6 -42 0
-50 9 -12 0
-21 2 -8 0
44 9 38 0
-12 -28 48 0
-4 34 45 0
-31 -8 -5 0
47 -24 -29 0
-26 13 -35 0
-2 12 -15 0
14 -6 -42 0
-1 13 -1 0
-2 35 -48 0
-40 40 -16 0
8 48 45 0
-29 -44 28 0
-25 -14 30 0
50 23 20 0
17 -25 -34 0
49 14 -44 0
-40 32 34 0
-14 46 45 0
15 28 -30 0
-28 -26 16 0
18 30 -36 0
23 18 40 0
-11 -9 -17 0
-35 43 -11 0
-38 -27 20 0
34 -32 11 0
15 31 6 0
41 12 -21 0
20 -12 14 0
42 45 -3 0
-27 48 38 0
-26 -10 22 0
-38 -7 -15 0
49 -18 -40 0
-40 -5 13 0
-38 -37 -49 0
-50 -39 -9 0
37 27 6 0
21 49 -32 0
1 -38 3 0
-25 -46 -41 0
-32 -30 48 0
-22 -5 -15 0
-19 -25 40 0
-24 33 -27 0
24 45 -24 0
12 -34 -36 0
-35 42 36 0
40 20 -27 0
-30 22 -16 0
-12 33 -2 0
42 17 2 0
23 38 36 0
12 -49 2 0
47 24 29 0
-24 35 -11 0
17 19 24 0
-38 19 25 0
39 20 3 0
45 -42 36 0
-15 -4 -24 0
49 -17 33 0
-13 45 -18 0
4 43 22 0
42 -26 -37 0
-1 13 29 0
28 35 -41 0
5 49 -1 0
43 -19 48 0
-32 -46 -35 0
-36 30 9 0
43 -26 27 0
-26 23 -28 0
-19 -23 -44 0
28 9 -48 0
-17 22 -22 0
25 -11 -34 0
40 -34 -4 0
35 -46 8 0
4 36 23 0
-46 -45 16 0
22 26 14 0
-29 -31 -21 0
-23 -21 48 0
-10 45 -11 0
-33 -9 37 0
-34 15 -31 0
-8 28 -44 0
41 38 38 0
-24 27 -34 0
22 43 5 0
-26 8 -48 0
-16 -20 -30 0
-1 -26 -3 0
-3 -18 18 0
18 30 -13 0
-42 -23 49 0
9 43 10 0
18 -15 30 0
42 -18 -12 0
-50 -39 17 0
-34 -1 14 0
20 48 27 0
22 -21 -41 0
31 31 -2 0
47 29 -28 0
1 -44 34 0
35 -7 -16 0
-36 -48 24 0
-40 46 48 0
-4 -46 31 0
-46 -49 -39 0
-40 -46 50 0
21 49 36 0
-8 42 15 0
-7 18 -4 0
-13 -9 -39 0
4 12 -39 0
22 7 -40 0
-2 32 -32 0
32 -30 -16 0
-40 39 -11 0
27 -20 24 0
23 14 27 0
-45 -46 35 0
-4 -10 5 0
-11 -49 23 0
12 -43 -36 0
20 13 23 0
-11 49 16 0
40 -19 47 0
-11 -6 36 0
47 -12 -46 0
-1 -46 3 0
37 -22 -23 0
-28 -27 -21 0
-45 45 45 0
-38 49 -1 0
32 29 -3 0
4 -38 -45 0
-27 32 -3 0
-37 -16 23 0
-47 -18 -13 0
15 -21 -3 0
-19 47 49 0
-25 -3 -34 0
-45 -26 34 0
16 35 -30 0
-7 19 7 0
35 8 22 0
23 -13 -42 0
26 -39 -27 0
41 -6 -3 0
19 -6 34 0
3 -10 42 0
22 11 38 0
-48 -46 45 0
-13 45 -8 0
23 -15 19 0
10 20 -17 0
-5 13 -11 0
7 5 18 0
6 -11 50 0
34 50 -9 0
49 22 -13 0
-35 21 -31 0
-31 33 -16 0
25 21 -6 0
-20 21 5 0
9 -9 20 0
4 -48 -5 0
-32 6 -19 0
22 37 35 0
21 -41 27 0
-14 44 24 0
-11 -23 -13 0
-47 40 -10 0
-42 15 -47 0
30 -37 -9 0
18 -22 -42 0
-26 -35 19 0
-19 -7 33 0
30 -29 -11 0
2 -26 -35 0
-19 28 15 0
-12 44 -23 0
-7 31 -46 0
29 41 -39 0
27 -34 -2 0
-14 25 -11 0
17 34 2 0
-5 -10 32 0
35 -24 27 0
37 -25 8 0
11 50 2 0
21 -36 -17 0
34 41 4 0
-7 -30 6 0
21 29 41 0
1 13 20 0
-42 34 50 0
-14 -9 -13 0
15 21 21 0
-37 33 -24 0
-50 45 23 0
-26 -35 36 0
-37 48 -15 0
-35 44 37 0
-22 15 40 0
18 1 -18 0
3 -33 32 0
-9 35 8 0
-45 19 -16 0
22 16 46 0
17 10 2 0
-46 31 37 0
-17 -46 -2 0
-33 25 17 0
-41 -7 -40 0
-40 -50 30 0
11 37 -21 0
27 41 47 0
-22 -40 -47 0
-15 -17 27 0
-36 -21 15 0
47 -41 36 0
43 5 -6 0
45 34 -37 0
-24 -45 -33 0
-13 -34 -32 0
41 46 -10 0
-20 -31 -9 0
