c CNF generator v0.9
p cnf 50 275
-40 -11 26 0
-40 40 19 0
-9 -33 -4 0
50 -30 -40 0
11 -45 9 0
-15 49 45 0
12 42 -17 0
18 5 -45 0
49 5 -33 0
24 -13 -48 0
45 14 -8 0
-24 -8 -39 0
33 -41 -38 0
48 48 45 0
-33 -12 -37 0
-21 5 -13 0
46 -24 46 0
-36 -31 27 0
32 42 -1 0
35 4 -30 0
-44 -44 28 0
-38 -42 40 0
-4 -32 40 0
-5 -10 -21 0
27 -27 42 0
14 44 29 0
20 -6 -31 0
9 -8 -5 0
39 -38 42 0
32 -13 -29 0
-25 -12 6 0
-12 -35 31 0
40 16 40 0
-15 21 36 0
35 26 30 0
-49 -16 4 0
-5 -16 5 0
39 -10 2 0
20 25 41 0
-7 -35 -35 0
26 -31 -28 0
22 50 -16 0
15 -2 -48 0
14 -40 48 0
-8 -19 -30 0
-31 -49 25 0
45 -49 -32 0
30 -19 16 0
-34 50 -28 0
-24 -20 38 0
11 44 -20 0
-9 -20 4 0
-12 5 -24 0
-43 35 -48 0
5 8 40 0
9 -18 -34 0
22 38 -10 0
8 39 -35 0
21 10 35 0
8 -33 -29 0
-22 36 34 0
29 14 34 0
-33 35 -34 0
30 34 18 0
-27 28 -47 0
-31 -17 14 0
22 38 -9 0
31 46 -9 0
-26 -43 -22 0
-50 -11 24 0
35 31 -31 0
-7 16 -45 0
50 -46 9 0
10 -48 28 0
-44 44 10 0
-32 -50 1 0
17 -29 48 0
41 20 27 0
21 -47 25 0
46 12 -30 0
-39 25 2 0
-9 -24 37 0
-20 19 23 0
30 32 43 0
-34 -33 -48 0
-49 45 -15 0
23 9 19 0
41 38 9 0
47 47 -33 0
5 2 -35 0
36 -11 -47 0
-38 25 -23 0
19 10 -10 0
-30 -29 -40 0
24 42 23 0
-17 38 -47 0
-46 8 -37 0
-23 -47 35 0
34 35 -29 0
-21 -9 -6 0
-20 -6 -33 0
48 41 36 0
-8 6 -10 0
-24 33 -22 0
28 -7 10 0
-27 23 32 0
38 6 -9 0
-13 -10 18 0
-25 -29 -18 0
25 -10 20 0
25 17 33 0
45 5 28 0
-49 39 -19 0
34 35 -28 0
-41 47 10 0
-40 40 -27 0
-14 -32 25 0
4 24 21 0
4 19 -29 0
8 35 47 0
28 -29 -37 0
32 -17 -15 0
-25 17 35 0
47 36 47 0
-38 5 -3 0
25 -37 48 0
23 -39 33 0
32 1 25 0
-31 27 -47 0
-13 -34 -26 0
11 -33 44 0
-30 -24 46 0
29 -14 -24 0
-17 9 -2 0
26 -44 -13 0
44 6 -50 0
-40 25 27 0
29 50 4 0
34 26 49 0
23 -4 8 0
-36 22 10 0
-9 -6 -32 0
-34 -14 25 0
-44 -29 2 0
-20 -48 -25 0
19 -39 3 0
23 -20 23 0
-3 -43 25 0
31 -18 -5 0
22 -10 -1 0
-18 30 -13 0
-42 13 -16 0
-14 -36 -13 0
-40 45 31 0
-25 40 40 0
21 37 -44 0
-45 -41 -6 0
-28 -46 -50 0
2 50 -30 0
-12 -21 -28 0
-18 6 -11 0
-49 -39 30 0
14 20 -38 0
37 -27 31 0
-47 29 -24 0
-5 29 34 0
30 -21 34 0
-10 -29 -4 0
50 -48 17 0
30 41 4 0
-38 -12 -6 0
16 -3 -3 0
12 -30 21 0
-9 -28 -10 0
-12 -48 -22 0
15 39 -26 0
46 45 26 0
50 8 24 0
42 -48 11 0
-27 28 -3 0
-5 -37 -8 0
13 -10 -33 0
29 5 43 0
-50 -14 -15 0
-5 -3 -15 0
-30 4 11 0
43 21 -45 0
-6 14 42 0
-22 -18 -9 0
-43 -47 10 0
15 -9 32 0
17 -15 -21 0
16 -26 35 0
-29 -6 -35 0
37 7 -26 0
-29 -28 36 0
-7 11 50 0
28 -2 -18 0
8 -19 -38 0
32 22 -45 0
-42 22 22 0
-21 50 -37 0
46 23 -50 0
-43 -29 7 0
-5 7 -26 0
-21 -24 -42 0
-3 32 13 0
-24 -13 -8 0
-39 3 -2 0
10 -49 10 0
14 44 -32 0
14 35 -5 0
40 33 -16 0
3 4 -45 0
-43 -28 7 0
-20 22 -35 0
-37 -9 7 0
-7 32 28 0
33 -47 -31 0
-23 37 11 0
-9 -3 9 0
-14 -6 42 0
-46 -29 -50 0
41 5 -11 0
-47 31 12 0
16 -16 23 0
26 -24 26 0
2 12 -48 0
17 -33 -17 0
-41 -44 42 0
-37 -17 36 0
-46 47 -10 0
-4 -19 50 0
-48 -32 -21 0
7 -49 -27 0
44 12 9 0
48 26 -37 0
8 -25 -1 0
31 13 -42 0
17 -20 -30 0
-26 14 -2 0
-5 -10 -33 0
23 36 -2 0
-19 23 -45 0
12 -41 37 0
1 -12 -34 0
9 45 21 0
-3 -41 -35 0
34 6 -31 0
41 -4 -21 0
32 -40 22 0
-12 22 32 0
-7 13 -21 0
-14 -44 -4 0
-13 -30 -2 0
-30 -21 -6 0
9 31 28 0
-32 9 34 0
-9 47 2 0
23 31 -9 0
-15 33 -42 0
4 -34 6 0
39 -8 22 0
-3 -41 -37 0
41 -5 27 0
9 -5 -32 0
-19 -4 -38 0
29 29 -10 0
7 23 -17 0
50 33 45 0
-13 48 39 0
-33 -47 -26 0
-8 8 36 0
11 17 1 0
-7 2 19 0
