c CNF generator v0.9
p cnf 50 275
-6 -42 -29 0
-46 20 -23 0
-28 -1 -31 0
-25 6 -42 0
35 30 -45 0
-43 22 16 0
-46 35 5 0
-8 -32 -33 0
26 -6 -25 0
-13 27 23 0
14 -15 18 0
19 9 -41 0
35 32 -45 0
1 30 -29 0
4 -35 41 0
-18 -31 49 0
-46 20 -33 0
-40 -6 -20 0
-29 -36 -5 0
-5 -40 25 0
-21 15 20 0
50 37 11 0
18 28 -5 0
-16 20 50 0
27 35 27 0
5 40 44 0
-33 21 -33 0
29 45 49 0
-19 12 -2 0
-40 1 11 0
44 -10 -49 0
-26 -36 -10 0
17 30 -48 0
22 13 -41 0
7 -35 3 0
1 11 -48 0
13 11 31 0
41 -6 20 0
20 49 17 0
3 -28 -35 0
-21 11 -9 0
13 -3 35 0
1 -12 35 0
6 49 -33 0
6 -31 -31 0
-14 -50 14 0
34 5 -42 0
-21 -30 43 0
-17 13 1 0
-13 -18 -18 0
11 -3 -16 0
-11 -16 38 0
-41 14 -47 0
-8 -25 5 0
-16 -11 -20 0
-18 -28 -21 0
40 -22 49 0
36 35 28 0
-17 -38 24 0
-20 -8 -4 0
-32 -3 37 0
-18 11 -30 0
9 -38 25 0
3 -24 -33 0
14 27 24 0
45 11 -15 0
4 -46 -32 0
-33 28 45 0
8 -8 -15 0
28 4 34 0
11 22 -16 0
49 25 46 0
-23 -43 -42 0
-34 -11 23 0
-47 18 -30 0
-13 -48 -15 0
-6 47 -8 0
15 14 -21 0
21 21 30 0
-46 22 -13 0
-45 -43 -16 0
27 -16 22 0
-23 -26 12 0
-49 47 -24 0
4 -31 48 0
10 -26 3 0
-11 -25 41 0
-41 -14 -5 0
-46 -46 34 0
29 -43 -28 0
21 -27 39 0
-1 19 11 0
36 27 -29 0
36 -19 50 0
-6 -23 18 0
-18 -43 2 0
-1 27 -46 0
35 -12 -35 0
-12 34 -26 0
-33 -5 -49 0
25 -10 8 0
31 -6 14 0
-14 -50 -8 0
-2 -5 48 0
45 32 -3 0
-10 15 13 0
-20 -40 -50 0
32 3 13 0
-21 -46 -22 0
-17 -48 -23 0
-11 -25 27 0
28 29 3 0
4 47 -20 0
9 42 -11 0
-35 -31 -18 0
29 21 -32 0
-42 29 -13 0
25 -15 2 0
43 -44 -7 0
50 -14 22 0
46 21 -14 0
21 -25 36 0
-17 23 30 0
14 -19 48 0
-7 -16 3 0
23 37 -21 0
-1 26 -31 0
-44 27 38 0
-8 -15 23 0
2 -14 25 0
37 50 -37 0
-33 50 16 0
29 -9 20 0
-32 4 -23 0
-7 19 17 0
37 34 8 0
27 19 -32 0
4 -18 49 0
42 -23 37 0
-23 -49 43 0
-4 -10 11 0
20 -32 -28 0
-44 33 -49 0
41 12 -41 0
-44 -1 -3 0
38 -36 -9 0
43 16 49 0
7 -34 -47 0
27 27 -50 0
-41 50 48 0
-10 -48 -48 0
15 50 -21 0
46 46 22 0
38 -41 -27 0
-34 -26 -30 0
38 29 -15 0
37 8 47 0
-23 -29 37 0
-16 -16 -7 0
-14 40 -23 0
-43 37 47 0
35 -47 14 0
11 23 -3 0
5 -18 11 0
46 37 -42 0
37 5 10 0
39 -47 -28 0
-36 -48 27 0
49 -42 -39 0
-15 -32 -1 0
-7 40 25 0
-18 45 -32 0
-29 -31 -48 0
4 -10 16 0
-40 -23 -6 0
19 11 -40 0
49 -41 31 0
-19 -43 27 0
21 25 49 0
16 41 35 0
-26 -38 -24 0
-45 -1 45 0
-47 -22 -26 0
-46 -41 44 0
27 15 -4 0
-16 -29 11 0
28 -2 -24 0
43 -2 -31 0
46 -4 -8 0
-6 41 -3 0
33 41 31 0
41 -14 22 0
-8 31 25 0
26 38 -16 0
12 11 -41 0
-12 -45 18 0
36 -3 2 0
44 19 16 0
-22 -8 31 0
49 40 13 0
-39 45 4 0
-39 17 20 0
42 34 -36 0
-48 50 34 0
-8 -3 47 0
-37 -36 2 0
4 3 -47 0
30 -32 -8 0
8 5 -29 0
29 -15 2 0
11 -12 -48 0
-2 -26 35 0
13 -28 -28 0
6 -30 -4 0
41 -9 -45 0
-21 23 37 0
-10 -22 18 0
-12 48 -12 0
13 -32 -25 0
-23 16 -32 0
12 -4 -17 0
-16 8 17 0
-47 30 -39 0
12 -7 2 0
-28 19 27 0
-40 21 -37 0
-2 1 9 0
-48 -3 47 0
-11 15 49 0
49 10 -39 0
8 37 -46 0
-5 -8 -35 0
25 -14 14 0
6 32 15 0
8 35 -50 0
11 10 27 0
34 45 50 0
-39 23 32 0
36 -30 -32 0
-29 -10 35 0
49 27 29 0
23 4 47 0
-2 -38 -34 0
1 -47 -45 0
-30 -22 -4 0
-12 -13 11 0
43 5 17 0
-43 -46 50 0
47 6 -33 0
49 27 41 0
7 -24 -35 0
-24 43 18 0
14 -46 -14 0
-7 47 23 0
34 -38 38 0
39 -9 14 0
35 -15 -35 0
11 36 -28 0
20 42 47 0
-13 -8 10 0
-39 37 -24 0
38 -50 -50 0
-48 -14 -42 0
-42 36 -38 0
4 45 -24 0
-23 -37 1 0
-48 28 30 0
33 -44 -18 0
13 -49 -46 0
-23 49 -32 0
16 -2 -17 0
15 23 -34 0
-44 6 -43 0
-17 30 -18 0
50 -15 33 0
