c CNF generator v0.9
p cnf 50 275
-22 37 -16 0
30 -19 3 0
6 -13 25 0
-20 -22 36 0
-1 -1 -10 0
-47 24 -7 0
39 -13 10 0
-32 -49 -40 0
-18 16 16 0
-1 -37 -27 0
-24 -10 8 0
28 -46 -9 0
38 29 -20 0
26 34 -43 0
46 19 18 0
24 45 -1 0
36 -8 -34 0
35 23 43 0
40 30 -24 0
-9 32 16 0
33 21 -30 0
-3 -48 10 0
-48 -22 -17 0
14 19 9 0
-1 -3 28 0
-43 -12 26 0
-14 -16 17 0
40 14 -35 0
-48 -25 50 0
44 31 -24 0
-40 -12 -9 0
38 -29 4 0
-11 -6 10 0
5 25 24 0
46 -7 42 0
-8 43 35 0
-48 -3 4 0
10 -21 -8 0
-13 -19 10 0
-32 5 3 0
4 -18 -31 0
7 -6 23 0
-26 -13 -41 0
11 -44 10 0
-41 29 -40 0
22 22 -3 0
41 20 18 0
48 6 -41 0
41 19 28 0
-45 38 -43 0
-15 -44 7 0
23 36 -35 0
46 -24 1 0
-16 -24 -15 0
-13 39 42 0
-44 -20 -16 0
9 21 34 0
-33 42 -38 0
-23 -31 -10 0
48 5 -1 0
4 46 28 0
30 -19 43 0
28 13 17 0
42 22 -29 0
-2 -50 -43 0
4 -46 -19 0
-48 22 -49 0
-33 9 -43 0
-6 -50 -8 0
23 -41 44 0
-16 -31 29 0
13 33 -21 0
-15 29 31 0
-31 -35 -42 0
-44 -39 22 0
19 42 -25 0
-35 24 43 0
22 -8 39 0
34 6 -36 0
-11 6 20 0
-14 29 17 0
-36 4 44 0
44 6 -14 0
-13 49 -43 0
-17 13 -47 0
20 8 -28 0
-16 -17 -11 0
-43 -5 34 0
-22 3 5 0
7 -19 -40 0
-17 -8 26 0
16 -46 7 0
14 -25 29 0
41 29 5 0
-48 -29 3 0
-18 25 4 0
44 41 24 0
17 -48 -41 0
-21 -10 -50 0
-3 -30 -27 0
41 -25 12 0
35 12 -37 0
4 29 -24 0
-47 11 21 0
42 41 -20 0
-15 -11 30 0
-30 14 -34 0
32 -20 -40 0
-31 40 5 0
6 -8 45 0
41 -20 -38 0
39 -24 -48 0
-14 39 -31 0
-24 50 34 0
32 -30 25 0
-17 29 -9 0
39 -43 -48 0
-13 -34 19 0
30 -36 12 0
4 31 3 0
-6 44 9 0
5 17 49 0
24 -7 -27 0
-32 -17 -27 0
-13 -38 22 0
39 42 -14 0
50 -42 -43 0
5 -13 -17 0
-9 -37 -22 0
18 -1 -41 0
45 45 -41 0
-4 -30 17 0
22 -42 14 0
-38 8 -14 0
-43 12 -22 0
50 -43 47 0
-4 38 -45 0
33 6 35 0
8 -16 27 0
-5 -48 -45 0
28 -13 31 0
46 -14 33 0
-16 23 26 0
22 -9 -21 0
26 -47 27 0
-40 9 -14 0
-25 -27 -38 0
-41 -28 -49 0
-46 29 11 0
50 45 14 0
-7 23 11 0
15 -40 39 0
-5 -39 -1 0
47 -38 10 0
-4 -32 4 0
49 -31 3 0
-1 -8 43 0
15 8 -36 0
-12 6 -12 0
-23 12 -28 0
35 22 43 0
21 -9 -9 0
-30 -22 -8 0
-32 14 -11 0
13 -8 35 0
-40 -48 -1 0
-33 -8 19 0
-40 27 -21 0
22 23 -49 0
49 -16 -7 0
-36 -15 30 0
20 45 -40 0
38 28 33 0
-29 27 -33 0
-9 -41 -23 0
-33 -29 -31 0
-13 9 25 0
-48 -14 -2 0
9 -43 29 0
-42 -5 22 0
3 -15 39 0
20 39 -6 0
17 47 -21 0
-28 3 40 0
-1 -49 -10 0
-23 -2 -43 0
-35 -35 4 0
41 -34 -44 0
-11 45 -16 0
-13 45 31 0
-22 28 12 0
-24 1 -24 0
-15 -12 3 0
-31 -24 29 0
-17 -41 17 0
30 10 41 0
46 -16 -33 0
-9 13 14 0
-12 -6 10 0
-49 32 13 0
-24 -40 21 0
-27 -12 48 0
-2 -33 -36 0
-17 33 16 0
-23 -41 45 0
3 45 39 0
-5 10 27 0
-38 -17 -3 0
-5 50 33 0
-48 -7 30 0
-21 -22 -10 0
-26 -34 15 0
43 -35 -41 0
-32 6 41 0
-15 -27 22 0
18 -35 16 0
-1 -1 -13 0
32 18 -49 0
-12 23 -25 0
-45 46 -16 0
12 -35 21 0
43 -35 -29 0
-39 50 -35 0
28 -24 11 0
-11 34 -20 0
31 47 23 0
-46 42 48 0
46 22 7 0
29 28 -36 0
-3 -10 -43 0
-9 -38 -12 0
-16 -32 -23 0
-50 -3 14 0
8 8 -29 0
-23 5 45 0
-3 -36 -38 0
35 44 -12 0
28 20 -36 0
-48 -14 16 0
45 -41 -10 0
17 38 -6 0
-22 1 -13 0
33 -20 -41 0
15 -47 -30 0
-26 42 34 0
-30 -40 -11 0
41 11 -50 0
-41 49 32 0
21 24 5 0
-47 -40 -30 0
-2 30 14 0
-23 -23 -29 0
-16 44 4 0
27 -30 41 0
-7 6 -25 0
15 11 -6 0
-13 46 17 0
-41 4 42 0
-1 12 10 0
6 34 -24 0
-37 47 31 0
5 -30 -50 0
-20 49 4 0
-15 19 -28 0
36 11 -40 0
-44 -38 -7 0
45 -17 27 0
-30 7 33 0
-43 -10 16 0
28 23 16 0
-50 -43 21 0
39 -42 39 0
30 -27 -42 0
50 -23 -33 0
-31 48 -31 0
