c CNF generator v0.9
p cnf 50 275
32 -30 3 0
-31 -18 9 0
12 44 -14 0
-26 -13 15 0
37 24 -9 0
11 -11 -1 0
-23 6 -18 0
-49 -32 -6 0
-35 18 -27 0
16 44 7 0
-21 34 -28 0
-45 6 -6 0
12 44 43 0
-50 -2 48 0
-17 34 34 0
46 -28 -14 0
-40 36 -44 0
46 6 32 0
-7 -22 25 0
-21 -26 -25 0
50 50 -24 0
37 39 -2 0
42 40 -25 0
-47 17 8 0
10 -14 36 0
8 -42 -48 0
34 -30 39 0
-32 41 -39 0
44 12 6 0
-15 49 -24 0
-15 -27 4 0
33 27 50 0
39 -19 -1 0
12 45 39 0
-12 39 -36 0
21 -30 -28 0
-37 -16 31 0
43 -28 -20 0
-44 41 34 0
-49 23 29 0
46 -18 2 0
-29 40 18 0
12 22 22 0
24 21 -30 0
-24 40 -21 0
-37 -8 22 0
9 13 -32 0
-28 -1 25 0
44 -5 26 0
-11 38 36 0
-19 6 13 0
38 43 7 0
45 -41 37 0
-12 13 5 0
32 11 -22 0
26 2 42 0
37 50 -19 0
-9 -11 -2 0
-14 14 -3 0
-9 -45 -37 0
35 24 42 0
-45 -48 -9 0
-28 3 14 0
3 22 -37 0
-8 -15 7 0
-3 -32 50 0
29 49 20 0
-1 4 39 0
-16 27 19 0
-16 11 37 0
-19 29 -39 0
43 -20 -31 0
34 23 11 0
35 31 -28 0
34 23 -15 0
-34 30 34 0
30 22 17 0
-42 31 32 0
26 42 -8 0
35 -44 -18 0
-42 -6 36 0
-5 -24 -32 0
50 -28 14 0
-1 23 37 0
47 26 43 0
-21 -27 -2 0
-31 12 38 0
-6 39 -47 0
-45 -11 -50 0
-40 -9 -22 0
-43 -12 -35 0
22 -46 -22 0
-22 -4 -20 0
-22 34 48 0
-18 -40 -25 0
22 39 -45 0
26 -20 -17 0
-48 -3 -26 0
41 28 41 0
-5 32 46 0
11 -31 29 0
23 42 33 0
-5 30 -30 0
-45 -30 -35 0
2 36 24 0
-24 47 -49 0
3 50 -42 0
-39 36 41 0
17 -33 -24 0
18 23 -42 0
-36 -21 -34 0
-2 5 15 0
-49 44 -40 0
33 18 6 0
30 16 5 0
-46 4 45 0
-37 -5 -3 0
50 -15 -47 0
-34 16 42 0
-41 37 -43 0
-34 -26 -43 0
40 -3 -23 0
-7 7 44 0
39 -21 18 0
-20 -28 18 0
14 -47 17 0
32 -50 48 0
13 -49 29 0
-1 34 -1 0
-30 -42 -18 0
-28 -29 -9 0
-35 43 -37 0
40 22 17 0
30 -23 16 0
44 -30 -17 0
-44 -1 37 0
34 -12 34 0
29 48 50 0
49 19 47 0
-42 41 45 0
-35 -45 -24 0
-44 5 49 0
24 42 19 0
-31 -33 29 0
-33 -40 34 0
45 -5 -1 0
-27 -13 -37 0
45 38 -10 0
39 -44 49 0
-48 15 22 0
-45 8 -2 0
38 50 -34 0
34 27 -34 0
47 -20 47 0
48 -4 -40 0
-49 -45 1 0
44 -31 -14 0
-19 -8 -18 0
-42 25 -20 0
29 8 41 0
47 -49 45 0
44 -11 -27 0
29 -48 -26 0
-3 -46 24 0
-19 40 -11 0
19 15 37 0
-49 8 8 0
33 -2 -25 0
14 29 -29 0
46 21 1 0
-20 -38 8 0
1 -7 -9 0
-10 50 -35 0
-28 -19 -3 0
44 -13 -19 0
-22 -20 -36 0
-8 32 -8 0
3 15 -34 0
16 33 34 0
34 -17 19 0
-4 8 9 0
23 -22 -10 0
-6 -14 16 0
11 -14 32 0
-13 -11 18 0
-17 -2 -31 0
-49 35 23 0
50 -29 31 0
-33 48 -44 0
-1 -5 -25 0
-8 15 19 0
35 24 -17 0
-39 -5 42 0
6 -27 48 0
-12 39 34 0
-48 -20 -8 0
-49 41 41 0
-26 -14 6 0
-24 -26 -3 0
50 14 16 0
-1 21 48 0
5 22 12 0
15 30 9 0
-38 7 12 0
-9 -26 -19 0
41 3 26 0
32 4 14 0
-5 -38 6 0
-33 -38 -29 0
14 -17 17 0
7 38 14 0
14 -4 24 0
-6 29 2 0
38 -14 -19 0
3 -35 -14 0
9 -31 38 0
-24 -1 -5 0
6 -8 42 0
-2 29 -3 0
44 -43 28 0
-7 -28 -9 0
-41 -46 42 0
4 30 -9 0
10 21 49 0
11 48 2 0
-41 -45 -41 0
11 38 -45 0
2 49 -32 0
-14 -10 -35 0
-45 32 29 0
30 32 4 0
-28 40 -40 0
-9 -14 40 0
40 7 15 0
-18 -3 -50 0
-28 33 25 0
4 1 15 0
37 11 -48 0
39 40 -39 0
-12 -10 1 0
-28 -21 18 0
-2 -8 1 0
-38 -7 -12 0
48 -29 8 0
47 -35 -32 0
29 41 27 0
-10 14 -27 0
39 3 -46 0
38 -20 -37 0
-48 47 9 0
-19 -47 -27 0
-44 -33 -38 0
-9 12 -13 0
14 -21 -24 0
37 43 -19 0
-8 -47 5 0
41 -19 5 0
-16 12 -23 0
-30 41 10 0
43 -26 -10 0
-46 33 30 0
-9 -30 -50 0
-33 -17 40 0
10 11 41 0
20 48 -28 0
-7 11 8 0
-9 41 -48 0
14 45 -44 0
-27 41 16 0
-14 25 22 0
-9 -23 -44 0
-26 13 -31 0
-9 27 2 0
19 23 -29 0
25 30 10 0
