c CNF generator v0.9
p cnf 50 275
-24 -31 44 0
-10 8 50 0
47 3 26 0
19 28 -25 0
31 -21 6 0
18 15 -33 0
44 41 -13 0
-38 -39 -8 0
-50 -28 -28 0
38 -14 -29 0
32 15 -5 0
-13 31 49 0
29 -5 -14 0
41 36 21 0
2 -13 -30 0
34 27 49 0
-33 47 13 0
-11 -38 19 0
49 -31 37 0
-2 -11 7 0
1 3 46 0
-14 -45 5 0
-5 -24 -27 0
-4 -48 21 0
25 -12 26 0
20 38 -28 0
-4 -43 37 0
-25 50 9 0
-26 -24 4 0
32 -12 -14 0
23 13 -28 0
3 -5 -12 0
24 -27 42 0
33 1 -33 0
-10 -39 13 0
-6 -18 -38 0
-23 36 32 0
6 -3 -38 0
-38 -29 -28 0
-35 -34 9 0
23 37 24 0
6 35 33 0
38 31 48 0
43 4 -38 0
-41 22 1 0
23 40 48 0
42 17 33 0
-19 23 44 0
-47 20 -21 0
15 26 2 0
15 -42 26 0
-49 -22 -27 0
-17 -12 23 0
-28 30 46 0
-1 -30 -12 0
15 -6 15 0
-36 -45 16 0
15 15 7 0
-21 20 -26 0
-15 -25 -42 0
-11 6 -25 0
31 33 -50 0
-39 5 19 0
6 2 -9 0
-14 -42 -50 0
-43 -37 44 0
-35 10 -17 0
1 32 39 0
-9 -1 -26 0
-14 -12 -11 0
-22 -38 -34 0
45 -15 -39 0
38 24 33 0
-26 -33 8 0
10 2 46 0
45 -14 -9 0
39 16 -37 0
4 -23 -34 0
41 -27 -7 0
-50 -16 -16 0
-19 -6 22 0
31 1 39 0
-7 -2 -50 0
-35 -47 -46 0
-1 1 -8 0
1 -5 48 0
-36 -46 18 0
-13 -50 15 0
7 -19 -47 0
-12 -5 20 0
8 -8 -42 0
-19 21 8 0
3 -16 37 0
-2 31 10 0
-45 -27 -37 0
44 8 -10 0
3 -39 8 0
-26 -12 -15 0
11 -4 22 0
46 -14 -28 0
47 39 -10 0
24 -15 20 0
14 34 -39 0
8 -18 40 0
14 -13 -47 0
-40 -12 27 0
-12 49 -50 0
-48 19 6 0
41 -17 20 0
-23 1 -29 0
-40 48 -46 0
-4 48 -25 0
-22 -33 -11 0
39 -14 -12 0
22 -50 15 0
-6 -42 -28 0
-5 24 8 0
41 16 -43 0
-1 4 7 0
-23 -25 8 0
-30 -37 42 0
19 8 1 0
-45 14 37 0
31 -38 49 0
-42 48 -7 0
-42 -15 38 0
-28 16 6 0
17 9 -39 0
-31 -37 15 0
-12 5 -45 0
-14 -49 -28 0
32 -40 -24 0
27 -24 -25 0
40 8 16 0
-18 6 -15 0
-14 31 33 0
13 -39 -21 0
3 -41 44 0
50 -28 -25 0
-20 7 1 0
-45 22 -23 0
23 8 36 0
32 31 30 0
-32 -18 -3 0
-6 42 49 0
31 33 5 0
2 -21 -26 0
-39 15 -19 0
-7 -29 -13 0
36 -37 -48 0
29 3 43 0
-38 7 16 0
-30 -19 5 0
-47 -5 -37 0
-36 -20 -7 0
9 17 15 0
4 -47 15 0
46 10 -23 0
7 21 10 0
11 48 14 0
-39 -38 -11 0
-44 -20 20 0
16 -2 -45 0
9 15 -39 0
-10 -39 -3 0
5 -9 27 0
34 -46 -38 0
44 27 32 0
-45 -30 41 0
-19 -38 50 0
-14 13 33 0
25 -11 50 0
-7 37 46 0
-29 -14 7 0
-42 -50 37 0
-40 -6 13 0
29 -27 42 0
36 26 -28 0
-19 -17 -29 0
46 9 -16 0
-21 -30 -43 0
41 26 -7 0
18 5 -37 0
10 -42 -21 0
-19 7 44 0
-1 40 50 0
3 -40 3 0
-43 22 -26 0
-18 -43 -5 0
40 36 -10 0
-14 6 20 0
-46 -39 -21 0
16 -12 22 0
-30 -11 -43 0
-14 1 -30 0
1 25 -47 0
26 26 -2 0
-7 -11 -13 0
-12 26 10 0
-14 -6 -25 0
-32 -41 -45 0
27 21 18 0
24 16 -43 0
4 -37 23 0
14 -10 -27 0
5 22 -13 0
26 30 -1 0
6 30 19 0
-47 26 -4 0
8 -9 1 0
-40 -4 12 0
-15 -24 39 0
-50 12 -19 0
21 42 -4 0
-49 4 -16 0
-9 40 35 0
21 -42 -5 0
24 -45 -28 0
-49 27 21 0
-46 -31 -10 0
-1 -7 17 0
29 46 -21 0
-48 -10 33 0
-38 46 47 0
31 3 23 0
-34 -8 -24 0
-12 -2 1 0
-2 16 16 0
38 -22 -1 0
-19 48 -39 0
41 9 -20 0
-38 14 -7 0
-32 -14 16 0
-11 -48 -31 0
-1 -6 23 0
5 -17 39 0
25 -50 -21 0
-46 3 -5 0
-18 -12 -45 0
-25 -44 47 0
-34 25 -10 0
-1 8 1 0
-33 48 -19 0
-39 38 28 0
-50 -23 31 0
-13 5 34 0
-11 49 10 0
-35 -49 9 0
-3 28 3 0
8 20 35 0
-20 -7 -40 0
30 34 -46 0
-7 39 8 0
20 -35 18 0
42 -33 -47 0
14 19 37 0
-16 31 4 0
-44 -15 33 0
26 35 -11 0
-9 -7 -12 0
27 -48 -18 0
23 -32 45 0
-27 -29 -40 0
43 41 -30 0
40 -39 -20 0
20 16 7 0
47 40 -44 0
-40 15 -26 0
-31 -14 -34 0
-4 9 -44 0
-6 -40 9 0
-49 -26 19 0
31 28 34 0
21 27 18 0
20 -39 26 0
