c CNF generator v0.9
p cnf 50 275
20 -26 45 0
-21 -19 -50 0
46 -3 5 0
-19 19 -11 0
-50 21 -25 0
24 -48 5 0
-9 -21 -8 0
-32 -19 -21 0
-44 7 -18 0
-1 -5 -14 0
-38 -26 19 0
26 -11 39 0
-24 -8 -47 0
1 28 20 0
45 36 -17 0
-27 22 26 0
-13 -37 10 0
-39 -47 42 0
7 9 -10 0
45 -15 -43 0
40 -19 -34 0
22 -28 12 0
-25 -20 -19 0
16 -16 25 0
-30 -27 4 0
8 16 33 0
-35 38 -38 0
18 -35 -2 0
2 47 -21 0
44 -24 9 0
-18 15 -11 0
-14 -50 -34 0
25 -22 22 0
-11 38 32 0
-5 24 12 0
17 12 -2 0
17 26 5 0
2 -15 23 0
33 -40 18 0
37 45 6 0
44 -1 17 0
34 32 7 0
37 -37 34 0
-41 -34 29 0
-8 40 -40 0
-18 -8 8 0
-15 8 4 0
44 -31 42 0
-48 4 30 0
27 29 50 0
1 -28 -6 0
-19 10 -40 0
-50 41 -14 0
-16 7 -9 0
29 11 7 0
-20 35 26 0
38 16 1 0
14 32 7 0
4 -28 1 0
-39 -28 24 0
18 49 -17 0
28 18 -11 0
-20 -11 37 0
-13 3 2 0
-6 26 28 0
-13 5 37 0
-49 39 27 0
14 45 21 0
-29 45 20 0
-16 43 -50 0
26 47 -26 0
-16 50 -44 0
-5 45 31 0
-16 -23 28 0
35 -1 17 0
22 7 -26 0
-2 -29 -32 0
14 -39 8 0
-50 -8 27 0
23 18 -45 0
-50 -39 -30 0
32 -32 49 0
22 31 33 0
-38 -5 37 0
9 4 21 0
6 11 47 0
38 7 -42 0
37 8 32 0
-24 26 -8 0
17 -31 23 0
-16 37 48 0
-15 -2 -29 0
-28 47 -27 0
24 -22 7 0
-33 25 10 0
-45 24 6 0
29 12 35 0
-22 -18 -9 0
-40 16 -22 0
-21 -19 -49 0
35 7 -47 0
-33 -28 -6 0
-3 -46 -34 0
-19 -40 -19 0
-7 -10 -18 0
33 17 17 0
-1 18 -18 0
3 -49 46 0
-16 6 45 0
14 39 -22 0
26 -19 15 0
-24 49 9 0
9 24 5 0
8 -48 49 0
39 50 -8 0
-40 -16 40 0
7 -10 -17 0
-26 -46 8 0
40 -36 -4 0
29 29 36 0
-28 31 9 0
25 11 33 0
-34 43 47 0
49 -20 35 0
38 27 -6 0
43 -27 -32 0
34 -28 13 0
23 -44 33 0
-6 -36 -14 0
7 -41 -5 0
30 19 25 0
-37 46 36 0
10 -10 48 0
-5 45 6 0
-26 -20 2 0
39 -11 -33 0
46 24 5 0
11 -31 8 0
-8 -24 9 0
-35 6 23 0
-37 -33 -22 0
37 26 35 0
-34 31 -38 0
33 27 45 0
12 31 -35 0
-35 -3 -28 0
40 -31 47 0
4 47 47 0
14 -35 16 0
-1 -11 35 0
43 -49 48 0
-3 -42 -34 0
-36 -29 23 0
-13 23 -46 0
-20 -10 -40 0
34 30 38 0
-45 11 -14 0
-17 24 -35 0
23 44 -35 0
-1 20 -15 0
-33 -30 13 0
28 -6 10 0
17 -24 21 0
9 8 -16 0
19 -48 17 0
-6 -27 -23 0
-13 -45 32 0
46 -25 -37 0
-44 35 34 0
47 19 -28 0
30 -25 -22 0
-6 -31 -1 0
37 49 -9 0
37 37 -41 0
46 6 34 0
30 16 -49 0
45 4 -28 0
16 25 -47 0
-45 -12 26 0
20 -27 8 0
38 44 38 0
12 25 48 0
6 -47 24 0
6 -22 -46 0
-50 17 -18 0
11 37 16 0
10 39 -36 0
-26 12 -10 0
-22 -19 -29 0
20 17 9 0
38 -9 3 0
-3 18 49 0
-43 -38 -22 0
47 35 -26 0
23 -39 2 0
16 -14 -37 0
6 38 -27 0
42 47 -1 0
9 -31 41 0
38 -49 -27 0
25 46 20 0
9 -40 -47 0
-27 8 24 0
34 -27 45 0
24 -36 -24 0
-24 -42 -36 0
38 28 6 0
13 2 -39 0
-44 -32 45 0
-17 -22 -24 0
29 -38 -41 0
-37 -48 28 0
16 -47 -18 0
44 -39 -9 0
45 -25 -34 0
25 25 -24 0
20 17 8 0
-17 25 23 0
-40 33 43 0
-3 -10 12 0
-40 -41 -49 0
-15 -5 -30 0
-37 -34 23 0
-43 -20 -26 0
-10 -35 36 0
-10 -15 49 0
-20 -49 -7 0
11 -30 -46 0
-14 28 -6 0
-17 -44 -34 0
-18 -27 27 0
42 1 40 0
16 39 -16 0
-43 43 -3 0
-33 -50 -44 0
8 37 -8 0
-7 44 24 0
-31 43 -28 0
-27 45 8 0
-28 24 -23 0
-19 -47 4 0
-38 -15 45 0
-24 -11 48 0
-45 -22 39 0
-50 46 30 0
-43 47 -10 0
-42 -33 -32 0
44 43 12 0
45 -25 -45 0
43 38 -32 0
-32 48 -39 0
44 6 -19 0
-33 -14 32 0
-44 13 44 0
-45 43 48 0
26 -23 -10 0
45 -47 23 0
41 50 23 0
29 -50 -36 0
32 4 50 0
-13 6 10 0
26 -33 -50 0
-8 23 15 0
40 -29 -26 0
-37 -32 -1 0
-49 -14 -23 0
-40 -44 -46 0
48 -28 4 0
-32 35 33 0
-48 -5 -11 0
-21 50 -29 0
-26 -10 -50 0
32 -9 -27 0
29 35 -13 0
6 -43 -42 0
