c CNF generator v0.9
p cnf 50 275
18 -32 21 0
16 -24 -1 0
-25 -27 -44 0
-16 -28 47 0
6 21 -1 0
-49 -37 37 0
-2 35 27 0
49 7 -7 0
50 41 17 0
-4 49 -24 0
-38 -25 47 0
-1 17 5 0
43 23 -19 0
-37 -23 28 0
21 -21 36 0
-13 22 5 0
-44 -21 23 0
7 11 -49 0
-8 -2 41 0
28 -12 -9 0
50 -47 -8 0
14 -28 -47 0
-16 46 -19 0
-15 16 7 0
5 -43 -38 0
-36 -15 -25 0
29 13 14 0
26 -37 29 0
-39 -25 -13 0
23 43 32 0
-4 -13 -6 0
49 -43 35 0
-7 -22 -1 0
37 -16 -39 0
-49 44 -39 0
28 -27 13 0
-25 35 -18 0
-7 15 10 0
-28 10 -24 0
-45 50 -48 0
18 25 15 0
-29 -42 13 0
-43 -26 -50 0
-38 -50 -33 0
-27 9 22 0
18 31 -38 0
39 -38 31 0
-21 -21 -29 0
-46 38 -44 0
-38 -14 11 0
18 -48 -12 0
-6 -20 41 0
15 10 35 0
-22 26 42 0
21 -30 -36 0
-25 27 -24 0
-1 19 18 0
7 47 -25 0
41 36 -37 0
-40 23 13 0
13 -5 -25 0
-44 -49 29 0
-17 -7 -3 0
-42 3 18 0
-19 -2 31 0
-28 49 -35 0
40 -36 -26 0
-36 -38 36 0
16 46 36 0
-25 -8 -40 0
32 -29 -17 0
-48 34 45 0
4 -20 32 0
-29 -32 16 0
45 -5 29 0
32 48 36 0
41 9 7 0
17 -14 -34 0
39 27 -17 0
36 -28 9 0
-46 38 -23 0
22 -13 30 0
-9 16 -15 0
33 22 23 0
-34 15 21 0
-5 -17 -29 0
-12 -23 -50 0
-8 -17 -31 0
-35 13 10 0
8 -3 1 0
-11 34 24 0
9 -48 35 0
39 47 40 0
-9 -32 -21 0
-43 12 -13 0
43 -29 -29 0
-31 37 45 0
-35 -8 33 0
-20 36 15 0
10 47 -28 0
40 -35 -29 0
-17 -20 -13 0
-38 -38 7 0
2 -21 -41 0
-5 38 -31 0
-33 -12 -26 0
34 37 -19 0
5 -47 -30 0
-7 -38 -14 0
10 39 -46 0
-4 -10 -26 0
-48 19 34 0
-2 28 -42 0
21 -41 12 0
42 -3 10 0
34 4 41 0
-9 -29 -18 0
29 33 26 0
-35 -12 -46 0
-40 -44 31 0
-21 22 -29 0
-25 -45 11 0
-10 2 20 0
15 -40 -37 0
-19 39 44 0
17 -8 -12 0
6 48 -20 0
34 35 -22 0
21 -17 7 0
48 -37 4 0
-14 30 35 0
7 50 -31 0
-15 16 -37 0
21 23 41 0
46 18 -40 0
-25 39 19 0
-46 17 38 0
3 2 31 0
38 -16 -4 0
36 -15 29 0
-22 35 -12 0
-27 5 -9 0
-22 -15 20 0
-7 24 -41 0
-22 22 -40 0
-48 -44 42 0
35 -43 -46 0
23 32 4 0
41 15 47 0
-3 40 -43 0
-48 -3 49 0
-38 43 -32 0
-23 23 -37 0
-47 -35 -1 0
-12 -26 33 0
7 -15 43 0
48 -3 -34 0
19 -23 28 0
48 -5 -37 0
16 -18 50 0
27 -34 26 0
-16 -14 -33 0
30 43 2 0
40 -16 -10 0
-18 -44 21 0
6 12 -7 0
-28 21 -44 0
47 -37 -47 0
-14 16 31 0
47 50 -11 0
31 -36 46 0
-23 -17 17 0
-22 -39 29 0
-21 12 14 0
-19 28 25 0
16 -16 -6 0
-30 -46 -11 0
33 10 -8 0
-4 -8 1 0
-48 28 48 0
20 -29 18 0
13 -33 -11 0
-5 30 43 0
15 -43 -18 0
29 4 -27 0
11 -23 -6 0
21 -14 -21 0
-26 -8 -17 0
34 -32 -47 0
-12 26 -39 0
-28 4 -44 0
-37 2 16 0
-50 -40 24 0
31 -49 -19 0
-23 30 36 0
11 -27 17 0
34 45 19 0
-6 49 -45 0
8 13 46 0
-32 -9 1 0
44 9 -38 0
5 6 -27 0
29 -46 37 0
36 -9 -42 0
-9 -24 47 0
43 -41 32 0
10 28 -10 0
1 -9 31 0
-18 -33 3 0
26 21 14 0
-28 2 49 0
10 -11 11 0
-40 -25 43 0
-5 50 -40 0
50 38 31 0
-3 -50 -13 0
-12 41 40 0
19 -13 -43 0
-4 -3 -13 0
7 3 -28 0
37 14 4 0
13 -13 -35 0
-1 45 35 0
-47 42 8 0
40 12 25 0
11 41 -19 0
-45 -35 11 0
19 18 -20 0
20 10 -22 0
14 -44 21 0
-16 43 48 0
48 -23 -36 0
-36 -20 1 0
-41 -10 -33 0
21 -50 15 0
14 19 -9 0
-3 33 -43 0
-5 -16 -45 0
-41 -11 7 0
40 21 -10 0
9 -3 41 0
19 18 29 0
-9 -29 9 0
-39 34 11 0
17 42 12 0
26 -3 -20 0
-36 14 -21 0
-25 26 -12 0
20 -4 -24 0
8 2 -30 0
49 -25 6 0
-29 -8 -48 0
24 35 -22 0
-18 30 24 0
-9 -24 -24 0
44 -47 -26 0
27 -20 -50 0
-16 36 20 0
-37 -14 -31 0
13 38 32 0
33 37 10 0
26 33 27 0
15 -3 -12 0
-2 -25 28 0
-5 34 -50 0
-44 -35 -47 0
-25 -46 -45 0
-23 31 -14 0
42 -39 19 0
-21 50 -3 0
24 -13 -8 0
48 -44 23 0
15 38 41 0
32 -22 -19 0
-21 13 -37 0
