c CNF generator v0.9
p cnf 50 275
20 50 -38 0
49 -9 2 0
-43 32 31 0
34 21 -33 0
-48 37 22 0
40 28 -1 0
12 35 -27 0
23 -35 9 0
50 -16 2 0
23 48 -42 0
9 9 -27 0
-28 13 50 0
15 -30 -29 0
-46 50 -8 0
7 -8 -18 0
-16 36 -15 0
-2 18 15 0
38 -24 18 0
2 40 5 0
-23 -20 13 0
5 25 5 0
-16 7 -30 0
-49 31 26 0
5 1 49 0
45 11 -40 0
-37 -1 -31 0
-19 -36 25 0
3 -32 20 0
36 44 45 0
43 -45 10 0
-19 -33 3 0
-49 22 -2 0
6 -29 7 0
-4 44 9 0
5 -32 -13 0
-10 38 -44 0
-25 50 45 0
-44 28 12 0
-15 13 -43 0
46 21 -28 0
38 47 -5 0
-28 45 -12 0
41 24 -19 0
-45 -36 25 0
-19 -23 37 0
18 -28 45 0
-17 13 48 0
19 -43 41 0
9 -29 -6 0
-49 -21 -30 0
44 -40 45 0
39 21 -20 0
-48 -14 1 0
-8 -48 2 0
-10 13 -28 0
29 7 27 0
5 -45 -50 0
-12 -2 -30 0
-25 1 44 0
20 37 -49 0
46 -10 19 0
21 16 -28 0
-17 -39 -20 0
-40 40 50 0
-23 -43 -34 0
-48 43 49 0
50 34 -9 0
-47 7 41 0
6 42 -35 0
-31 -7 13 0
45 -11 49 0
50 1 -33 0
34 -46 -1 0
23 -44 -36 0
-39 3 -18 0
16 -15 -16 0
40 14 -14 0
44 4 -38 0
44 -41 22 0
19 9 9 0
-1 -43 37 0
-27 -44 -49 0
39 44 23 0
33 35 25 0
-40 4 41 0
9 -6 -23 0
34 -27 -31 0
18 -47 -45 0
-25 49 15 0
-4 -12 -42 0
-43 31 12 0
-42 22 48 0
-18 4 -16 0
21 -33 -14 0
41 -1 -17 0
5 -30 4 0
-49 -22 37 0
-49 8 33 0
-4 -7 7 0
-18 -35 10 0
9 -1 -29 0
-12 -14 13 0
-28 -23 -17 0
-11 -30 50 0
-20 -49 36 0
-31 -7 37 0
-17 27 -25 0
9 48 -39 0
-46 -17 19 0
46 26 -16 0
-18 21 41 0
-39 4 -9 0
-39 8 -38 0
-46 20 6 0
-44 -3 50 0
26 -16 32 0
-5 -8 1 0
-50 47 35 0
-23 49 -17 0
16 -28 8 0
-18 -34 -20 0
35 -40 33 0
-49 -10 -19 0
6 -31 -13 0
4 -2 -43 0
-25 -12 -48 0
11 10 -14 0
-38 19 -19 0
-7 14 -40 0
-45 25 -1 0
19 -11 -28 0
22 42 -3 0
36 -42 19 0
19 21 -34 0
-5 -36 36 0
-39 -17 -25 0
38 35 -40 0
-43 15 3 0
-39 50 -31 0
-28 35 32 0
-47 22 -35 0
-46 -10 13 0
8 7 -43 0
-22 28 -14 0
-23 -11 -33 0
-44 14 5 0
-39 -5 46 0
-49 -47 13 0
-42 23 38 0
-45 -45 -48 0
-7 40 -35 0
49 40 -43 0
10 46 36 0
19 -26 -7 0
-35 -28 17 0
37 18 14 0
38 -16 -26 0
13 36 -20 0
-30 -8 21 0
25 17 19 0
-1 -14 -32 0
37 -39 41 0
-2 8 -25 0
-38 46 32 0
5 33 14 0
-18 -10 32 0
-18 -40 -26 0
-49 33 39 0
6 36 -49 0
-30 -18 50 0
47 -38 15 0
35 48 -33 0
-27 -46 -38 0
2 -21 1 0
6 4 -17 0
-6 -14 -20 0
-6 36 -33 0
-46 -48 2 0
-47 12 29 0
-7 36 -28 0
-13 3 -19 0
-18 -28 -46 0
38 16 -39 0
-16 10 9 0
-16 -40 2 0
-19 24 50 0
-3 50 -31 0
-19 -50 -31 0
-36 11 6 0
-11 28 -20 0
-22 25 17 0
24 -14 41 0
-13 -28 -42 0
36 31 27 0
-7 -45 24 0
-40 31 39 0
-3 -44 9 0
-27 44 -19 0
49 -1 29 0
25 15 -32 0
42 -32 23 0
26 -12 -22 0
-18 36 9 0
43 -20 -18 0
4 -9 -18 0
40 -11 -36 0
31 -16 47 0
-48 30 -3 0
-22 19 40 0
-42 -13 -45 0
40 -35 -33 0
-50 -43 27 0
-6 -17 33 0
-5 10 -25 0
30 11 -19 0
-3 -18 24 0
-12 25 -2 0
47 -11 -14 0
-50 14 15 0
-9 28 34 0
44 -37 2 0
-31 -4 50 0
-39 37 49 0
46 -4 40 0
-17 -44 23 0
33 -49 -9 0
40 46 11 0
24 -11 10 0
-40 -47 -34 0
30 -42 45 0
29 -40 1 0
-37 41 46 0
-45 31 -43 0
-20 -3 -29 0
7 -22 9 0
24 37 49 0
-38 21 27 0
20 40 39 0
-36 -17 -2 0
23 12 -31 0
30 26 -21 0
40 -2 33 0
-43 50 33 0
5 49 -41 0
-37 14 -6 0
7 10 -30 0
-32 -30 5 0
50 -23 22 0
-34 -10 9 0
-5 28 -36 0
46 32 29 0
-40 -16 10 0
17 12 -20 0
-33 -36 35 0
21 28 -28 0
-3 -15 13 0
-39 2 -48 0
17 35 32 0
-14 25 -45 0
48 -15 12 0
29 -44 44 0
-38 28 -3 0
-50 26 14 0
11 -14 14 0
-49 43 3 0
-3 -16 24 0
22 -16 15 0
-32 -13 45 0
12 -25 -29 0
1 -29 11 0
-18 -12 1 0
-31 -3 40 0
-4 37 26 0
-10 -4 20 0
12 -37 25 0
