c CNF generator v0.9
p cnf 50 275
-29 -6 42 0
36 -28 -2 0
-44 -21 14 0
35 -45 -48 0
35 -33 1 0
26 30 32 0
13 -12 -3 0
33 -44 -48 0
-31 35 -44 0
17 39 -5 0
-31 45 -44 0
-29 -44 50 0
-26 27 -33 0
-20 27 46 0
-43 -11 36 0
18 -17 37 0
2 49 -48 0
-32 -19 29 0
36 11 -7 0
15 18 -19 0
12 49 -19 0
41 18 33 0
-6 2 5 0
-28 18 -38 0
-19 36 -15 0
-1 -49 18 0
-46 28 36 0
28 20 40 0
17 37 15 0
-43 18 -9 0
-11 39 -47 0
-42 8 -6 0
30 11 8 0
-14 -3 25 0
21 -44 43 0
-15 -43 -29 0
18 36 -25 0
-16 -46 40 0
-39 -42 -35 0
49 -36 19 0
-6 -39 -29 0
43 25 39 0
34 -17 2 0
35 39 30 0
18 23 -13 0
-4 -32 40 0
-27 30 -11 0
-38 33 1 0
-29 33 -28 0
-33 11 8 0
25 35 -11 0
48 42 -49 0
18 -18 14 0
-16 -48 -19 0
17 -32 -39 0
23 -16 46 0
-28 36 2 0
-46 -48 -6 0
6 3 17 0
-23 7 37 0
-18 -31 -38 0
-21 -9 29 0
-37 44 -23 0
41 -44 -49 0
-6 21 -30 0
47 36 2 0
14 40 36 0
40 -35 -22 0
9 -44 49 0
16 25 30 0
-46 1 20 0
41 -36 37 0
11 33 -50 0
48 -26 9 0
-38 -50 -48 0
-31 36 -31 0
-29 6 -42 0
-44 -33 -18 0
-30 11 -41 0
43 -27 45 0
-1 -9 -8 0
-2 32 22 0
19 11 -33 0
-24 42 -15 0
15 36 -50 0
46 7 6 0
29 -4 -49 0
4 10 3 0
30 14 -40 0
38 30 -19 0
43 22 20 0
45 32 27 0
-48 21 17 0
10 -25 -7 0
-10 28 -8 0
50 -40 11 0
41 -20 -12 0
11 30 -6 0
22 17 -24 0
50 8 -40 0
-36 -4 -6 0
12 -13 -4 0
-14 -48 -35 0
-27 6 -6 0
-12 13 -29 0
-2 -5 -29 0
-19 11 -46 0
-31 39 26 0
-44 36 30 0
30 31 -8 0
38 -3 6 0
-4 -43 10 0
-13 22 -42 0
25 30 48 0
-24 17 42 0
-48 -47 29 0
25 21 39 0
-19 -2 -14 0
-16 -49 -21 0
31 20 -5 0
-4 -34 -23 0
-24 -14 15 0
-34 -22 23 0
-20 -12 -14 0
-8 -21 11 0
48 -11 -7 0
-50 45 48 0
21 -20 45 0
-46 41 12 0
-20 -11 35 0
45 -48 50 0
-13 -48 -22 0
-48 -16 5 0
-48 -47 10 0
45 35 -3 0
13 -50 -13 0
37 -49 26 0
-42 22 -7 0
4 -21 2 0
-40 -32 1 0
23 -30 33 0
7 -15 45 0
18 27 -1 0
49 31 14 0
17 2 -26 0
14 -7 -42 0
-23 50 49 0
-27 -11 27 0
21 -43 16 0
3 22 -9 0
-19 18 13 0
49 44 18 0
-38 42 8 0
-16 50 -37 0
2 48 49 0
27 -37 26 0
12 24 -50 0
-9 -43 -44 0
-31 1 44 0
40 -40 -39 0
-3 -40 42 0
-8 5 -29 0
-15 -37 6 0
-27 -14 -34 0
45 46 -16 0
-34 4 11 0
26 1 32 0
6 46 -3 0
-49 -14 -19 0
-38 33 30 0
2 39 -45 0
-16 14 -40 0
50 12 -30 0
46 22 -6 0
15 -38 -5 0
28 -9 -11 0
-19 39 -16 0
-3 -29 -34 0
-45 16 10 0
-32 24 -44 0
-4 -13 -27 0
-22 36 -3 0
19 -37 9 0
-9 35 24 0
49 -1 12 0
-7 -27 1 0
17 49 -38 0
44 -49 -5 0
44 -32 37 0
26 -16 -17 0
15 -14 38 0
45 -43 11 0
-4 -25 4 0
31 -10 -31 0
2 24 1 0
-36 11 11 0
-17 -15 47 0
-28 -17 45 0
21 49 13 0
-21 -2 48 0
-19 3 14 0
-12 41 -14 0
14 -49 11 0
37 20 45 0
1 -28 -5 0
13 -5 4 0
29 39 -16 0
27 -47 39 0
33 -18 48 0
-41 -22 -31 0
43 19 41 0
13 -16 -50 0
3 7 16 0
-28 -32 -13 0
44 -27 -8 0
46 7 -37 0
22 -21 19 0
-44 19 -15 0
-15 -32 14 0
47 -28 -35 0
34 6 -26 0
23 -2 -22 0
9 48 -40 0
4 -1 27 0
29 1 8 0
18 44 43 0
-22 -21 34 0
-15 38 -48 0
1 41 44 0
3 -20 -36 0
-32 9 -33 0
22 -47 -10 0
-20 47 6 0
41 -20 -23 0
47 10 2 0
-39 -31 -46 0
28 -17 -16 0
16 36 -19 0
41 18 -31 0
1 -40 -2 0
-5 25 -37 0
-18 21 35 0
49 22 2 0
-47 47 1 0
-39 39 37 0
48 -46 -28 0
18 31 -11 0
-47 -4 28 0
7 23 46 0
-37 31 44 0
-11 9 15 0
-27 46 -48 0
-40 12 -3 0
8 16 36 0
-12 36 20 0
4 -48 35 0
-8 -24 -35 0
-47 42 49 0
-20 34 18 0
-44 38 2 0
37 -48 -3 0
-11 -31 18 0
-3 -45 -41 0
-7 -13 27 0
28 -7 -39 0
28 1 44 0
47 36 36 0
49 21 -50 0
-49 39 -36 0
-41 -28 -13 0
-4 -36 1 0
31 10 48 0
37 -8 21 0
-36 -26 22 0
21 -15 -29 0
