c CNF generator v0.9
p cnf 50 275
47 5 -6 0
-21 -30 -6 0
-6 31 -47 0
12 48 -31 0
-33 19 -4 0
-32 -17 -43 0
-42 -46 -46 0
-10 8 15 0
34 18 12 0
-21 16 14 0
44 -49 45 0
-1 33 21 0
34 17 6 0
2 -13 -38 0
-14 -19 -18 0
-7 18 3 0
-10 -18 -30 0
-11 -3 9 0
-24 -1 46 0
22 26 -18 0
17 46 -10 0
-24 19 48 0
-14 20 -50 0
24 -3 19 0
-14 26 -3 0
-48 -34 -18 0
-37 23 -11 0
13 -1 40 0
-12 23 22 0
25 -23 4 0
-3 19 1 0
3 -24 -40 0
-45 -50 28 0
-15 -50 -8 0
-33 19 14 0
44 5 16 0
48 -25 -33 0
-26 4 -35 0
11 4 43 0
10 20 21 0
25 -3 -12 0
-34 40 -19 0
-48 -30 35 0
-42 40 -18 0
47 -31 27 0
42 43 39 0
40 21 21 0
-29 45 -46 0
50 -29 -31 0
-50 -39 -11 0
-40 -38 -39 0
12 50 6 0
-25 18 4 0
13 2 -22 0
44 25 45 0
-45 -43 10 0
-28 21 -25 0
-30 -3 -31 0
21 49 -49 0
-43 -13 13 0
42 -22 -48 0
-7 35 2 0
-17 33 -26 0
36 28 27 0
16 13 34 0
-40 34 20 0
26 45 -25 0
25 -16 13 0
37 -3 -28 0
-4 7 8 0
-49 14 22 0
-21 4 -41 0
-45 -45 18 0
-15 -47 -44 0
-14 -8 -21 0
6 -24 20 0
-46 26 14 0
17 -24 1 0
-17 34 -16 0
32 -48 -29 0
6 -16 3 0
1 -13 -7 0
-45 20 -33 0
-31 14 -46 0
43 -50 -11 0
2 -26 -40 0
28 -28 -37 0
33 15 -48 0
12 15 -30 0
8 -18 -14 0
-35 -12 -4 0
48 -3 -5 0
33 -8 47 0
-9 -2 -36 0
47 31 -6 0
-10 31 27 0
-49 -29 16 0
-48 -24 20 0
-47 29 -45 0
-11 -46 -23 0
40 28 -25 0
16 38 -8 0
50 19 37 0
48 40 -35 0
-34 -32 -24 0
10 -21 41 0
-18 43 36 0
-17 19 -16 0
-21 -48 -30 0
1 -41 35 0
-23 -21 -7 0
46 -16 -27 0
-34 28 28 0
31 5 -23 0
-47 -13 35 0
-33 12 47 0
-5 -49 35 0
-1 -17 -32 0
-9 7 24 0
44 11 47 0
-30 26 47 0
-36 -32 42 0
-13 -35 45 0
-38 37 -16 0
36 -45 -10 0
10 -34 14 0
-40 -30 45 0
44 -14 -41 0
-10 10 -26 0
41 8 -8 0
-26 -3 12 0
50 39 10 0
-43 -28 -24 0
-4 -33 -38 0
-40 7 46 0
47 -25 -43 0
-10 -43 -28 0
33 25 20 0
7 -3 -5 0
-27 39 48 0
41 -13 -49 0
-10 -42 -41 0
34 -10 -27 0
22 -33 -38 0
33 39 6 0
5 1 49 0
26 4 -27 0
-26 -11 45 0
-19 2 20 0
-12 31 -46 0
44 50 9 0
-31 -30 -14 0
12 -41 -20 0
-4 29 -27 0
18 -14 -12 0
-21 44 -19 0
-25 39 3 0
-9 21 16 0
42 50 11 0
6 34 8 0
-27 -23 45 0
-46 -48 23 0
-24 46 -50 0
-25 41 -8 0
-16 -17 -4 0
26 49 42 0
-13 -17 -18 0
-8 9 -31 0
4 -19 48 0
-39 -47 50 0
-13 -7 22 0
38 -42 -22 0
50 -29 47 0
-24 -43 9 0
-7 47 -9 0
-38 -9 50 0
-32 -17 -34 0
32 43 -16 0
2 -22 47 0
-39 -44 -10 0
-44 -50 7 0
7 -46 18 0
18 14 -20 0
-41 29 -36 0
49 -3 -27 0
18 21 23 0
7 7 -1 0
10 -27 33 0
2 47 -32 0
-28 -5 12 0
-27 -4 -10 0
-50 28 -29 0
26 41 -15 0
35 2 11 0
-2 6 50 0
2 46 30 0
-2 16 15 0
49 -28 39 0
43 10 15 0
-47 48 39 0
-2 20 -9 0
42 21 45 0
-28 31 16 0
-39 49 -14 0
-14 -49 26 0
42 -38 -48 0
36 32 -20 0
-18 -27 -10 0
-35 -36 35 0
-30 10 12 0
18 23 -10 0
4 40 17 0
-38 33 -4 0
-43 -33 -26 0
42 -13 1 0
14 2 -43 0
-45 9 -31 0
-39 -22 26 0
-17 6 -40 0
-29 -48 32 0
-37 45 10 0
-45 44 38 0
-11 -11 -30 0
-21 4 -1 0
-47 31 -32 0
26 -41 26 0
16 7 2 0
13 -36 41 0
34 -9 9 0
-9 -14 -29 0
-34 11 27 0
-15 -40 43 0
-16 40 -48 0
28 39 -43 0
44 -47 4 0
36 26 -13 0
28 -41 -33 0
30 37 -48 0
-21 35 4 0
23 1 -34 0
39 -34 -14 0
46 -27 -45 0
-20 -5 -10 0
-13 9 -24 0
25 -40 -5 0
-2 -34 -47 0
-24 -1 -48 0
-37 -17 -26 0
-27 27 28 0
-22 -32 -10 0
-12 25 45 0
48 -3 -3 0
-40 5 -35 0
32 -4 21 0
32 -5 36 0
-15 -11 -30 0
-1 7 7 0
23 -35 -9 0
-4 50 -6 0
10 25 7 0
-34 -42 -20 0
-28 49 4 0
7 43 -36 0
8 13 -36 0
35 -14 13 0
47 -1 -27 0
-10 -44 -36 0
-34 33 -43 0
36 31 -36 0
-4 41 37 0
-43 -32 -35 0
-39 1 -46 0
5 50 29 0
-39 -16 32 0
-38 -17 -25 0
