c CNF generator v0.9
p cnf 50 275
38 -41 -23 0
-22 -17 22 0
48 40 -24 0
-3 29 -18 0
38 5 7 0
-1 -2 43 0
23 37 -16 0
37 19 -17 0
29 -10 -40 0
-12 -9 24 0
-44 -38 -29 0
11 24 -11 0
-1 -24 26 0
16 -7 17 0
-7 20 7 0
33 -29 -30 0
48 2 10 0
-32 29 -4 0
-43 38 -21 0
-45 39 36 0
-35 -42 -46 0
47 15 -46 0
-33 35 40 0
-21 2 -1 0
-46 31 15 0
-49 37 -22 0
32 -46 37 0
22 40 10 0
34 -49 -44 0
-26 -34 38 0
-26 43 30 0
-10 29 7 0
-2 22 40 0
-34 44 23 0
-15 -34 -3 0
21 25 -10 0
12 21 -27 0
-44 -24 -8 0
-35 -25 -19 0
-28 -34 -29 0
-30 -45 -50 0
20 -31 23 0
11 15 10 0
45 27 -27 0
-5 -19 10 0
46 6 46 0
26 43 -33 0
-30 2 -25 0
-31 -13 11 0
-36 -38 28 0
11 -46 47 0
23 33 -29 0
-2 33 -20 0
6 -3 24 0
23 39 -24 0
16 45 11 0
-23 -6 29 0
8 50 -33 0
31 49 -49 0
-1 38 -26 0
47 29 -50 0
41 31 50 0
39 35 25 0
-33 38 -8 0
-18 -39 30 0
-22 45 -10 0
-33 -8 48 0
-27 -9 48 0
-41 48 19 0
15 42 30 0
-39 -39 37 0
-29 17 8 0
22 -14 12 0
-32 28 -16 0
-12 -25 6 0
44 -14 -1 0
48 13 6 0
14 48 2 0
38 -1 -23 0
27 28 -30 0
40 -42 16 0
-32 -38 -19 0
-38 21 -19 0
-4 -19 15 0
8 -22 -34 0
-9 -40 50 0
-7 25 -3 0
-2 -3 -27 0
25 2 -45 0
37 -46 28 0
2 18 4 0
42 17 24 0
39 40 28 0
-19 -29 -34 0
-14 -15 -36 0
-34 -28 -45 0
-38 13 -21 0
30 2 11 0
48 -44 -29 0
-41 -29 48 0
34 -48 13 0
-8 -50 -41 0
11 28 -48 0
-47 49 -22 0
9 -10 -15 0
-49 42 -49 0
-37 26 39 0
-39 -22 24 0
32 -8 11 0
10 11 -49 0
41 -10 -11 0
-16 17 -37 0
40 13 10 0
-26 4 -11 0
-9 10 -5 0
-18 -26 -39 0
8 42 -9 0
-14 1 -45 0
-21 -18 27 0
21 -18 2 0
-45 26 -24 0
-42 2 -49 0
21 -46 30 0
28 -20 28 0
-16 -33 36 0
-49 48 -20 0
-5 -27 19 0
-20 -46 -47 0
-7 42 19 0
-42 21 -24 0
39 27 17 0
-41 -20 48 0
-47 -29 -15 0
7 32 21 0
45 18 -23 0
19 -19 -45 0
32 25 7 0
-21 33 3 0
-12 -24 -33 0
18 29 44 0
-23 48 -11 0
-23 -17 -9 0
32 48 -20 0
25 17 49 0
45 48 -16 0
-36 -37 -2 0
38 11 -34 0
3 17 41 0
-16 12 -17 0
-37 -29 -44 0
-49 35 -47 0
43 -6 -23 0
-3 -6 -9 0
3 21 -43 0
26 -17 35 0
-37 -7 4 0
14 -9 -47 0
23 50 -30 0
-31 -31 27 0
14 40 28 0
15 -41 4 0
19 15 -11 0
-40 -41 -24 0
-24 -33 -13 0
-22 -32 -42 0
16 39 -19 0
46 -37 -22 0
49 23 24 0
15 27 8 0
40 26 45 0
47 -47 41 0
-3 -35 47 0
3 45 -4 0
-10 46 -26 0
28 16 26 0
6 -47 37 0
33 -50 13 0
-31 -47 -8 0
-10 16 -8 0
-34 29 47 0
-42 -26 -36 0
-37 50 37 0
30 -42 -23 0
-29 -48 -34 0
-17 8 22 0
16 45 -18 0
47 -41 -48 0
-15 -20 8 0
19 17 18 0
16 -28 -27 0
-12 -27 6 0
12 22 -10 0
8 26 36 0
11 50 -11 0
40 17 -2 0
32 29 5 0
-39 -21 -29 0
-2 -17 41 0
-26 -31 -7 0
12 -27 37 0
-41 4 15 0
-2 -37 34 0
18 -18 9 0
-25 -6 4 0
-22 -31 28 0
-27 -33 -22 0
-41 -18 3 0
4 -31 -18 0
-15 3 47 0
-14 -17 32 0
9 20 37 0
-41 -19 19 0
3 12 44 0
46 24 -4 0
-49 -49 39 0
-12 -18 -50 0
16 19 -35 0
-25 -41 -27 0
19 24 -34 0
-19 -14 25 0
-7 -5 18 0
-35 -32 -47 0
-44 40 -36 0
-39 24 4 0
15 -30 36 0
-34 -49 -8 0
-19 -41 -5 0
41 31 -16 0
33 48 -31 0
-36 48 49 0
-29 -10 -16 0
21 29 36 0
-16 -38 -24 0
40 12 -14 0
-30 8 -31 0
-26 -43 23 0
-19 27 39 0
40 -38 -28 0
-33 -14 25 0
-15 43 36 0
11 -39 -13 0
29 2 -38 0
46 41 23 0
28 39 -17 0
-45 -36 -45 0
-34 37 27 0
21 -5 35 0
11 2 1 0
32 20 -8 0
-41 27 -32 0
-16 -38 -45 0
-9 43 -47 0
-41 38 35 0
18 -2 30 0
12 24 -42 0
38 -42 38 0
-36 16 8 0
40 7 -22 0
29 41 45 0
-25 4 -49 0
-18 -15 2 0
50 -14 30 0
-6 -1 1 0
8 47 31 0
-28 9 25 0
48 15 34 0
15 18 -22 0
-8 41 -34 0
-48 -1 -24 0
34 -43 -28 0
-7 14 34 0
39 17 -15 0
-47 -10 -32 0
16 7 4 0
16 -47 18 0
