c CNF generator v0.9
p cnf 50 275
32 -7 4 0
-9 -22 -14 0
-46 -44 33 0
-10 28 10 0
-4 -7 36 0
42 27 34 0
-44 3 26 0
48 -13 -29 0
27 -26 48 0
-45 5 -3 0
-36 -1 22 0
-5 -36 -31 0
-16 -32 -40 0
2 -1 -11 0
-41 34 -6 0
-12 27 48 0
31 -44 26 0
-7 -45 18 0
-13 -40 -38 0
42 31 -32 0
-3 -35 17 0
-19 36 6 0
-26 10 19 0
-39 -30 14 0
-43 -6 36 0
-17 22 -11 0
-22 39 28 0
3 40 46 0
-44 -9 28 0
2 -27 -18 0
-11 -42 21 0
1 22 27 0
-26 11 44 0
-50 -3 -3 0
-42 -30 10 0
-19 -46 1 0
44 14 -43 0
-35 -48 25 0
1 -21 25 0
-40 42 8 0
-22 40 23 0
-38 44 -7 0
25 -37 13 0
41 -35 11 0
-16 -45 32 0
-14 -18 3 0
-36 -17 -4 0
13 -41 -27 0
46 -25 -18 0
31 -33 -17 0
-30 30 15 0
35 11 -38 0
-18 -10 -37 0
-23 -11 -20 0
-2 -28 39 0
-29 -39 6 0
-32 8 16 0
7 46 3 0
-17 36 40 0
43 28 12 0
-38 26 -10 0
44 23 -49 0
-24 46 -10 0
48 -24 -25 0
-4 -7 1 0
11 18 11 0
-19 -50 34 0
38 23 31 0
12 4 42 0
6 -30 41 0
1 -33 -28 0
-35 33 -11 0
36 -8 35 0
-4 -6 -17 0
-47 6 44 0
45 -19 42 0
17 -9 34 0
-35 -32 36 0
48 7 -35 0
-20 49 34 0
-17 -16 21 0
3 -3 28 0
-34 23 -14 0
3 45 46 0
19 -30 -6 0
-22 -48 30 0
-29 -35 -15 0
26 50 -49 0
12 19 -5 0
41 7 -24 0
-46 -45 41 0
4 6 38 0
43 28 28 0
20 -9 42 0
-32 -36 46 0
-27 -7 -27 0
-20 -35 37 0
-19 34 -42 0
3 -46 6 0
41 -31 -43 0
-44 -46 -30 0
35 -28 -36 0
-2 -49 -27 0
-47 -37 49 0
38 13 -42 0
-29 8 40 0
-28 3 34 0
-49 -35 24 0
8 17 -24 0
-16 35 -50 0
33 40 23 0
42 -6 34 0
-12 11 -45 0
-37 -28 45 0
23 7 15 0
-48 -49 49 0
-23 43 -5 0
-40 23 -25 0
-8 32 45 0
3 25 41 0
-43 -22 6 0
-47 -30 -36 0
44 -15 37 0
10 -26 47 0
5 1 -28 0
-42 -20 13 0
21 -24 -33 0
-44 39 45 0
-34 -44 -8 0
-44 19 -26 0
6 30 -12 0
-4 7 25 0
17 35 23 0
34 18 -23 0
17 -38 -30 0
46 36 1 0
-45 -11 -14 0
33 2 48 0
-44 -42 -45 0
42 41 -1 0
42 -23 16 0
4 -35 11 0
48 26 32 0
33 4 21 0
-19 20 -24 0
-22 -44 -8 0
-41 13 36 0
-28 13 -16 0
-50 31 32 0
-18 -50 50 0
23 33 -5 0
-44 29 3 0
40 1 -50 0
11 45 -10 0
-4 -31 -34 0
3 -36 4 0
-11 -27 -32 0
-12 -20 -22 0
38 -3 -45 0
-25 37 -29 0
-45 -43 37 0
50 -9 -13 0
-29 46 -45 0
-50 -3 -33 0
47 -7 41 0
-22 40 8 0
45 43 15 0
13 -31 45 0
21 -48 23 0
38 -10 23 0
24 -40 37 0
1 -1 8 0
-27 19 -18 0
-24 12 41 0
2 24 -16 0
37 36 30 0
3 31 -27 0
17 17 43 0
8 -25 -8 0
-5 -43 -48 0
-32 33 -43 0
48 -13 37 0
-25 46 29 0
38 30 -13 0
-21 22 29 0
-5 -32 -16 0
-38 15 -11 0
-3 -36 13 0
-33 4 -2 0
7 35 -8 0
14 -27 -40 0
-11 2 36 0
15 -42 38 0
-11 6 -50 0
49 -15 49 0
21 12 3 0
-16 22 -38 0
17 -50 -39 0
14 -20 29 0
-44 -41 15 0
-27 42 2 0
37 -8 -37 0
5 44 37 0
17 12 19 0
-16 -48 4 0
-31 -14 -24 0
-35 -25 24 0
-3 -27 -25 0
-11 -42 48 0
33 -9 3 0
5 -49 29 0
16 45 20 0
47 -27 -4 0
-30 -30 11 0
39 14 44 0
-9 20 -31 0
42 -17 22 0
-8 -14 28 0
-41 5 -44 0
30 -10 -26 0
-39 -40 18 0
-35 -26 46 0
-38 18 19 0
-36 48 20 0
-18 26 11 0
49 -16 -49 0
-30 11 32 0
-43 -22 -16 0
6 -6 -29 0
-49 -41 4 0
2 36 18 0
33 -27 5 0
10 -27 -19 0
-14 -33 30 0
-16 -48 -27 0
-19 22 18 0
-34 13 -50 0
18 -36 10 0
-13 -12 -32 0
-11 34 34 0
12 -10 -5 0
-14 12 36 0
30 27 -33 0
-46 -46 -20 0
-9 33 -50 0
28 -32 47 0
35 -19 20 0
-42 21 48 0
-12 -32 17 0
-42 -17 -39 0
32 24 43 0
-31 1 -13 0
14 50 25 0
-50 -47 22 0
6 9 10 0
-18 -5 -23 0
-3 -24 46 0
8 -26 6 0
-12 -48 -26 0
12 -35 -15 0
-5 43 43 0
-25 -3 -15 0
4 34 -44 0
-5 10 20 0
-26 3 -3 0
-5 -39 21 0
2 34 -37 0
15 -35 28 0
-41 -34 25 0
-29 -30 -44 0
-19 17 16 0
-23 -39 9 0
-20 5 4 0
-40 37 -12 0
-15 -43 44 0
