c CNF generator v0.9
p cnf 50 275
-27 6 -33 0
-40 -45 -12 0
17 -13 -41 0
-3 47 3 0
14 -21 -20 0
-10 -38 -34 0
-47 6 38 0
4 -47 -23 0
27 23 2 0
7 -14 -17 0
11 -21 11 0
-15 -11 48 0
-44 19 39 0
-14 -4 12 0
45 33 -15 0
-9 -19 26 0
-46 -39 40 0
43 35 15 0
-19 39 37 0
40 -12 46 0
4 -40 -1 0
-14 50 44 0
-30 49 2 0
14 -35 24 0
-39 -49 38 0
-27 6 19 0
-19 -43 -37 0
-34 38 -8 0
18 -44 31 0
17 47 8 0
-29 30 -11 0
37 -31 17 0
37 -42 48 0
37 -20 7 0
38 -11 -46 0
-26 -26 7 0
33 20 -29 0
32 25 45 0
-21 19 -20 0
-18 49 41 0
31 27 -43 0
-33 -9 -46 0
47 26 1 0
-5 -31 -30 0
-18 46 36 0
21 -30 -23 0
-40 41 -45 0
38 -21 -5 0
-37 22 -10 0
-41 -31 -26 0
-17 -45 22 0
-42 -47 -27 0
-39 8 5 0
30 34 -13 0
6 29 -20 0
-5 27 38 0
49 27 8 0
5 -46 -18 0
39 22 39 0
13 -1 -18 0
-30 24 -15 0
-1 -32 27 0
47 20 38 0
-2 3 -37 0
-27 -32 9 0
-2 -10 -45 0
-7 -25 35 0
42 -20 -29 0
-42 5 -40 0
-43 -37 -40 0
-14 -14 45 0
-38 -46 48 0
21 48 -37 0
-35 15 -26 0
11 28 -27 0
25 42 41 0
48 8 1 0
-16 -19 -44 0
-6 -32 26 0
35 -14 -14 0
-30 -4 -41 0
-1 -33 40 0
40 2 26 0
-37 29 18 0
7 -45 34 0
-47 -40 26 0
-27 49 38 0
-20 -28 -25 0
-20 15 -32 0
48 -36 -44 0
27 38 30 0
17 -32 37 0
-48 26 5 0
-22 17 28 0
16 13 44 0
-4 -50 -36 0
-13 27 -41 0
-25 35 3 0
-8 -21 -10 0
34 49 -29 0
-20 -30 3 0
-45 42 4 0
-12 31 -12 0
-11 -1 -26 0
-2 -42 16 0
-25 15 49 0
-19 -43 -29 0
-29 46 37 0
-25 -46 39 0
50 21 -23 0
15 -48 -18 0
33 -34 -25 0
19 43 35 0
35 -43 31 0
-30 -45 3 0
-11 7 -24 0
-13 12 -38 0
-40 -43 -4 0
4 21 -14 0
1 48 -46 0
23 22 20 0
33 10 -27 0
-3 33 4 0
5 41 41 0
-1 34 27 0
12 -44 -38 0
5 -40 26 0
14 -15 -6 0
4 -22 26 0
31 33 34 0
-27 -23 19 0
-12 -37 34 0
12 29 8 0
-45 9 15 0
25 2 -9 0
26 -18 34 0
36 35 -22 0
35 3 -15 0
12 11 34 0
-27 -8 20 0
44 34 -20 0
13 -4 1 0
16 -45 3 0
-3 -11 39 0
-44 10 21 0
-46 -5 11 0
47 19 -1 0
24 21 -27 0
-35 -49 -45 0
-31 8 5 0
22 7 39 0
-41 34 36 0
-18 -31 -9 0
-32 -49 -9 0
43 24 15 0
29 -43 25 0
45 6 11 0
11 -41 -37 0
34 -34 26 0
4 39 6 0
11 31 -6 0
34 -44 -37 0
35 47 43 0
-48 46 40 0
-50 -28 20 0
39 28 -4 0
-3 -7 29 0
41 -50 46 0
19 -50 -9 0
-31 10 21 0
8 37 -1 0
-47 -42 -15 0
-15 44 -7 0
3 -26 22 0
-27 45 43 0
-20 -30 22 0
-9 -14 17 0
45 34 22 0
-14 -14 10 0
-50 -5 2 0
-48 -2 -2 0
-50 -27 7 0
-22 -7 11 0
-42 -4 26 0
45 -42 33 0
33 24 -49 0
-21 28 -35 0
6 -4 47 0
4 -46 28 0
39 9 47 0
-48 37 8 0
-35 -34 35 0
-32 -13 -47 0
42 -6 40 0
-48 -35 -20 0
10 -30 -31 0
21 5 15 0
-16 -33 24 0
16 19 -19 0
31 -33 -18 0
9 27 -10 0
-13 -8 33 0
-15 31 -39 0
43 -18 26 0
50 16 50 0
50 47 24 0
-16 -47 -46 0
42 -15 42 0
26 49 9 0
11 -10 19 0
-31 15 29 0
24 42 -44 0
5 -26 19 0
-35 -23 -10 0
-4 36 48 0
-26 24 45 0
36 37 -46 0
-1 46 45 0
45 -39 -22 0
-22 4 -35 0
-41 26 -41 0
-40 19 -48 0
-22 8 -9 0
28 24 -26 0
36 -15 -25 0
-44 2 -3 0
-50 -14 -14 0
-9 50 -21 0
-17 -34 45 0
-18 -26 32 0
-21 36 10 0
17 24 12 0
14 -44 -22 0
-19 16 1 0
2 25 40 0
-28 30 2 0
-6 -45 -6 0
-16 -39 6 0
44 47 -45 0
-5 24 -22 0
48 -29 30 0
-30 3 -28 0
16 11 -7 0
41 24 12 0
34 1 -46 0
13 15 -18 0
-11 -32 -18 0
2 1 -8 0
39 -14 -12 0
24 -37 9 0
-22 -8 -3 0
41 -7 -12 0
-20 33 -26 0
-17 39 28 0
8 13 -35 0
20 37 -14 0
16 -18 -5 0
34 38 20 0
31 -15 -45 0
19 44 2 0
34 -18 5 0
32 31 -2 0
-48 2 3 0
27 49 36 0
48 37 2 0
-36 24 49 0
-35 -33 5 0
16 28 -5 0
41 17 -2 0
42 -47 -48 0
48 23 32 0
-34 49 48 0
35 2 -10 0
-41 -39 -7 0
-26 -21 -17 0
