c CNF generator v0.9
p cnf 50 275
-41 15 -13 0
-29 49 -3 0
-21 -43 29 0
-8 -44 9 0
-28 6 -7 0
10 -9 14 0
-49 14 24 0
-14 -8 24 0
-46 37 -32 0
49 -28 13 0
31 41 37 0
26 23 -34 0
-36 48 7 0
-2 42 -29 0
-24 -41 15 0
40 -34 -50 0
47 49 -43 0
-33 28 15 0
-13 44 -24 0
27 -19 46 0
-19 23 -32 0
10 45 -33 0
48 -39 -26 0
-50 3 -43 0
7 23 -2 0
45 -26 -29 0
21 -22 43 0
8 49 -1 0
-28 -47 4 0
2 42 -23 0
25 7 -21 0
-11 -49 -19 0
12 39 41 0
-6 -19 -39 0
-14 -1 2 0
41 -34 -20 0
16 -41 6 0
8 -12 4 0
-14 11 -38 0
7 -47 -41 0
13 42 -48 0
-35 -20 -6 0
33 38 3 0
-8 32 -37 0
-13 13 3 0
42 16 -48 0
-12 45 41 0
43 -18 -20 0
-46 11 -12 0
4 -16 -30 0
-25 -14 -28 0
-22 -40 11 0
-43 20 34 0
-47 17 -48 0
-28 22 6 0
-45 5 16 0
-12 -15 -6 0
-15 1 -11 0
18 -24 -30 0
3 1 14 0
17 -2 -36 0
-8 -13 47 0
24 30 13 0
-16 -24 19 0
13 -44 22 0
42 -35 21 0
-29 -28 16 0
-4 -34 10 0
48 33 17 0
45 -36 47 0
-25 -44 49 0
7 16 15 0
-26 -4 44 0
36 13 13 0
-14 -18 5 0
-26 15 33 0
6 35 -33 0
-18 -6 -50 0
-37 -47 3 0
25 1 -27 0
8 -19 -8 0
-29 -48 -25 0
-17 24 1 0
-39 16 -25 0
13 -11 -26 0
36 12 -24 0
-44 23 -23 0
42 -15 -4 0
-15 -46 -13 0
46 -40 27 0
-24 6 28 0
27 -36 21 0
14 -39 -5 0
-14 -15 50 0
12 -11 -4 0
-49 -8 -50 0
-23 4 47 0
23 21 24 0
4 46 5 0
-9 -18 34 0
-35 -48 10 0
-41 40 -45 0
-14 4 8 0
-18 6 -23 0
-9 -7 16 0
-49 5 -40 0
26 -23 -28 0
10 -1 26 0
-24 33 -28 0
11 -42 -4 0
-35 41 16 0
-13 13 16 0
-25 11 -28 0
31 14 2 0
29 30 25 0
21 -49 36 0
-26 48 42 0
15 -50 19 0
9 -40 -18 0
21 -37 -3 0
-46 -14 40 0
1 -39 49 0
49 49 -5 0
44 32 -22 0
10 -47 -47 0
-30 -13 36 0
45 46 36 0
9 -49 31 0
12 -3 -31 0
3 -23 -4 0
-35 10 -45 0
-45 1 -44 0
-17 -16 35 0
12 -48 7 0
29 -37 8 0
46 37 42 0
30 -40 -48 0
15 -18 26 0
9 22 37 0
18 -28 33 0
-38 -29 36 0
-13 38 -39 0
-17 32 -16 0
1 33 23 0
-40 -3 -31 0
31 44 -45 0
-35 -23 -26 0
-12 20 -50 0
50 23 18 0
-6 -32 37 0
-31 35 43 0
-6 -19 4 0
-33 -27 -39 0
-36 16 28 0
29 -37 -27 0
-16 -22 10 0
-47 -40 6 0
-47 27 -10 0
8 -31 -38 0
-6 29 -41 0
-33 -12 1 0
-16 20 49 0
-50 -13 -36 0
27 43 30 0
-22 -29 -46 0
-6 -48 -31 0
40 -14 8 0
-19 -22 -31 0
-34 -12 -22 0
10 -27 44 0
24 -19 5 0
33 -19 -16 0
-27 38 33 0
-16 8 35 0
14 -6 8 0
35 -40 10 0
-2 44 -14 0
45 17 29 0
8 50 33 0
-10 42 23 0
-49 -11 -20 0
-24 1 20 0
-39 -49 46 0
-32 41 23 0
-35 -31 -9 0
42 -2 14 0
-5 30 -18 0
-13 -20 21 0
-5 -50 -42 0
-38 31 -24 0
-9 20 -20 0
36 -26 -41 0
-45 1 -42 0
-16 32 -1 0
34 -16 -5 0
1 48 -35 0
1 -34 -31 0
7 42 -47 0
-48 37 21 0
30 24 26 0
-27 -38 1 0
8 -9 -24 0
11 -40 -26 0
-29 7 13 0
33 25 36 0
-20 -8 18 0
-14 -47 -32 0
-39 37 47 0
29 14 27 0
-41 33 44 0
-12 -25 -22 0
31 -20 45 0
4 -26 37 0
-17 -45 -40 0
48 -22 17 0
-45 23 50 0
-34 42 26 0
-14 47 -27 0
-1 42 -3 0
30 19 15 0
-29 39 -6 0
16 26 -28 0
-26 -17 -13 0
-36 4 44 0
-29 -38 12 0
41 15 33 0
9 -21 2 0
23 -39 23 0
10 3 23 0
8 -31 24 0
22 34 12 0
-33 -9 36 0
-43 22 3 0
47 2 -42 0
-16 47 -17 0
40 -42 -5 0
27 25 -27 0
11 23 -20 0
17 32 -47 0
-29 -38 -32 0
-3 -7 -36 0
-16 6 30 0
43 33 -41 0
39 22 -9 0
-23 -42 37 0
13 43 -19 0
39 40 -37 0
9 35 3 0
-14 -43 46 0
29 -35 10 0
31 -35 -36 0
15 -39 5 0
-37 34 -26 0
18 -14 -42 0
25 -9 31 0
26 -44 -10 0
-38 -35 6 0
4 41 -43 0
-9 -19 43 0
-40 36 36 0
17 -12 -44 0
36 23 48 0
35 3 11 0
4 20 4 0
47 15 18 0
9 -24 -7 0
-3 12 -2 0
-8 47 21 0
43 14 -48 0
36 45 -3 0
-5 29 9 0
24 19 48 0
-9 42 -1 0
-26 15 35 0
-34 31 28 0
