c CNF generator v0.9
p cnf 50 275
24 35 -13 0
-8 26 34 0
-30 -38 17 0
46 45 33 0
16 20 39 0
46 33 49 0
-6 -23 9 0
-43 -25 -10 0
-23 -45 6 0
23 16 -24 0
31 -25 41 0
46 -22 -37 0
-47 29 3 0
-10 31 30 0
13 4 -43 0
-14 15 -2 0
-27 11 35 0
-26 24 -9 0
7 40 -4 0
39 -44 -6 0
-13 45 -32 0
-50 49 7 0
32 -11 -4 0
-47 15 36 0
-44 -39 -8 0
5 26 -23 0
-37 31 37 0
-42 32 -12 0
21 39 10 0
9 -3 17 0
-37 -27 -26 0
-42 -41 -21 0
25 3 34 0
-40 4 28 0
32 -36 -17 0
-4 22 -10 0
-37 11 17 0
-39 19 -19 0
29 27 -1 0
-32 -48 3 0
-36 -38 19 0
-50 -47 -27 0
-2 -15 -15 0
-40 18 49 0
9 -27 -48 0
-16 16 7 0
-43 39 -18 0
-31 -31 45 0
-39 41 22 0
-7 32 43 0
15 -14 37 0
34 30 15 0
21 19 -8 0
-8 -45 48 0
35 12 -46 0
-29 16 35 0
-9 37 -3 0
5 18 25 0
18 5 -40 0
-37 -6 -14 0
10 -13 26 0
38 -44 -31 0
-27 -33 18 0
-12 17 -8 0
42 -48 39 0
27 10 41 0
8 40 13 0
-11 -43 33 0
20 -45 -16 0
47 -8 -35 0
-5 14 19 0
-25 -31 2 0
14 -19 40 0
-2 36 -2 0
-44 -43 10 0
22 30 19 0
32 42 8 0
-15 44 46 0
-37 -23 -47 0
35 -1 -26 0
-28 46 -35 0
46 13 -45 0
-12 -16 25 0
28 -17 -46 0
50 -15 48 0
17 -31 6 0
-10 -36 -22 0
13 48 -36 0
-10 4 23 0
43 23 -21 0
31 30 -25 0
-50 -4 10 0
5 -16 29 0
6 -21 39 0
-4 -2 -38 0
-15 -42 -37 0
23 -30 15 0
38 -10 32 0
40 43 -24 0
-45 12 20 0
-47 -18 -14 0
9 -26 -18 0
-12 26 -17 0
-17 8 -17 0
-49 -30 11 0
18 -8 11 0
10 29 8 0
-50 30 -49 0
-6 7 20 0
-31 23 41 0
40 8 33 0
-44 -33 11 0
43 -10 16 0
35 7 -24 0
-36 19 -6 0
-15 -23 -32 0
40 -25 42 0
47 49 -3 0
-3 40 -24 0
-29 -9 37 0
15 -8 -48 0
-5 -10 3 0
32 -28 -8 0
30 50 37 0
31 -16 40 0
-12 20 -11 0
-35 -38 -48 0
-41 26 -18 0
-36 -9 -44 0
47 -18 34 0
-44 -3 14 0
-42 -19 -43 0
28 29 -23 0
-14 29 -48 0
-32 24 46 0
46 5 24 0
19 44 40 0
40 45 -46 0
-10 -14 -7 0
13 1 -30 0
-23 -42 -48 0
3 -10 -32 0
24 -37 42 0
-41 41 -10 0
48 28 47 0
-32 -6 12 0
-25 13 25 0
12 -38 1 0
25 40 -15 0
37 -7 -1 0
-39 19 19 0
21 43 -14 0
36 11 -37 0
-33 47 5 0
-26 21 -21 0
25 -25 5 0
37 -28 -49 0
-36 15 49 0
8 -7 -4 0
-15 -21 5 0
24 32 36 0
-42 4 -24 0
-50 26 17 0
-48 4 -5 0
-22 -17 -12 0
30 13 -39 0
12 21 -2 0
3 -1 -9 0
-34 19 -30 0
-50 -31 35 0
-10 12 44 0
11 -50 50 0
-19 17 18 0
-43 43 -37 0
-37 -14 -5 0
-2 -17 1 0
-35 -42 17 0
35 3 -41 0
11 -32 19 0
5 -33 19 0
6 46 -24 0
-47 -40 -5 0
-28 19 -12 0
-38 1 7 0
16 45 -12 0
-26 -2 11 0
-25 1 22 0
41 -47 18 0
-26 40 2 0
-2 49 -25 0
-47 -8 9 0
-23 -37 21 0
-9 46 -2 0
-4 -31 -9 0
18 -35 35 0
-28 -24 -15 0
37 41 -45 0
48 2 -2 0
-4 -35 15 0
31 46 -9 0
4 49 29 0
-25 44 -4 0
32 13 49 0
10 -22 -7 0
2 18 -4 0
-7 14 21 0
-15 31 48 0
-15 -5 3 0
-38 20 -23 0
16 -40 -36 0
-33 43 -17 0
40 34 -24 0
47 23 -47 0
33 3 -5 0
28 -15 19 0
-48 -31 33 0
9 12 -17 0
-48 49 -30 0
-7 30 32 0
26 -47 -38 0
50 41 44 0
-4 16 44 0
-15 -7 7 0
-9 37 -28 0
-16 17 -10 0
41 31 -39 0
3 -26 44 0
6 -41 -50 0
9 50 -38 0
-31 31 -37 0
50 -38 -15 0
30 -50 32 0
-14 -5 -22 0
9 -38 48 0
32 -14 10 0
-36 2 34 0
-8 -46 -43 0
23 19 -48 0
45 -50 28 0
38 -36 18 0
-13 23 31 0
-16 45 25 0
11 45 -11 0
-39 -27 -34 0
34 8 -38 0
-33 16 13 0
15 -42 12 0
-19 -11 -50 0
13 29 11 0
-8 4 -22 0
1 -31 18 0
-42 -9 19 0
23 -7 -40 0
46 11 12 0
50 -24 20 0
-21 -11 44 0
-11 12 -10 0
5 30 -45 0
25 -14 17 0
-1 -19 -16 0
-32 -4 -15 0
-33 -6 -38 0
-1 -28 38 0
-12 -42 34 0
10 -43 3 0
-50 -18 -36 0
29 -49 40 0
3 6 -43 0
-20 -47 -44 0
42 -10 16 0
-15 5 34 0
47 40 44 0
-21 41 -30 0
-3 -49 -50 0
-37 33 -22 0
