c CNF generator v0.9
p cnf 50 275
49 35 21 0
-29 -47 -5 0
-31 -20 -27 0
30 -16 -41 0
12 -26 35 0
-42 35 31 0
28 34 -37 0
-28 -39 -2 0
30 48 25 0
36 -16 1 0
37 -43 41 0
-26 -7 -5 0
-32 -43 28 0
-17 17 -27 0
-8 -43 -16 0
23 -19 26 0
-26 -8 -40 0
-24 27 50 0
-7 -16 47 0
2 7 29 0
-7 21 -18 0
31 3 42 0
-30 30 -5 0
15 20 -17 0
9 -42 3 0
-38 -5 -32 0
39 -21 21 0
22 3 -25 0
-42 27 -27 0
27 5 -12 0
-7 7 -6 0
-5 -2 -10 0
-10 -9 29 0
-38 -44 46 0
37 -34 45 0
-9 -7 -11 0
31 47 31 0
-44 41 -12 0
15 -7 -42 0
-30 -3 -22 0
-42 10 21 0
-22 49 -42 0
-32 -45 42 0
-44 18 -34 0
19 -10 49 0
-49 -11 -27 0
-8 17 -50 0
-48 48 -43 0
-10 -18 -28 0
37 -2 -25 0
-3 -8 -24 0
37 42 -35 0
34 -44 -26 0
-48 46 -37 0
-5 -38 43 0
-12 -39 37 0
18 -30 -25 0
36 -50 -20 0
-40 -43 44 0
8 -8 -37 0
44 34 10 0
31 42 7 0
-28 -24 13 0
-43 22 -22 0
27 -50 27 0
-32 34 6 0
-33 44 40 0
-6 -16 -50 0
48 2 -32 0
-4 -46 34 0
36 23 38 0
49 28 26 0
-44 48 9 0
31 -35 29 0
3 29 3 0
-17 -26 -10 0
-48 -11 -1 0
39 -15 28 0
-5 -23 30 0
24 30 2 0
44 48 36 0
27 -47 -3 0
27 -18 -50 0
-37 -18 -36 0
14 6 -7 0
33 6 -21 0
32 -9 -4 0
49 1 29 0
-17 8 7 0
6 36 -23 0
27 15 -31 0
-17 18 -16 0
-2 -16 -7 0
-29 -27 -46 0
-29 -24 -38 0
7 2 28 0
-14 18 -3 0
-29 -44 40 0
-19 15 -23 0
-4 30 -50 0
18 25 -30 0
23 -34 -23 0
13 40 -43 0
-46 -25 -17 0
-11 -21 12 0
-47 -18 -24 0
-2 -6 -33 0
-40 -33 -38 0
-42 6 30 0
45 5 -44 0
34 -15 50 0
-22 -40 21 0
-48 -12 7 0
-27 48 49 0
31 13 -12 0
-8 -45 -7 0
22 -12 19 0
18 -49 44 0
21 28 37 0
49 10 -43 0
37 -10 1 0
-25 -19 22 0
-1 43 11 0
-49 -44 -46 0
-43 -15 23 0
23 -20 38 0
50 -43 48 0
27 -14 12 0
37 37 45 0
-35 2 28 0
36 -37 3 0
-37 -20 1 0
45 -16 17 0
-45 -7 -50 0
-26 43 31 0
-3 10 41 0
25 35 20 0
-41 34 -10 0
9 26 -33 0
11 -19 -16 0
-23 13 2 0
-15 33 19 0
-33 35 11 0
-47 -16 15 0
46 27 11 0
-18 15 41 0
36 34 50 0
-39 -33 47 0
6 8 26 0
-37 25 26 0
34 5 30 0
-36 11 17 0
-32 40 46 0
3 1 -4 0
48 33 16 0
20 -21 35 0
40 -47 21 0
30 -45 20 0
15 -1 9 0
18 -24 37 0
-50 26 38 0
16 -49 -17 0
14 32 34 0
-3 -46 3 0
-7 -8 16 0
36 34 -35 0
23 -36 -7 0
-2 11 -16 0
-50 36 15 0
29 -33 50 0
47 -12 -6 0
-12 7 -6 0
-25 -47 -18 0
2 -28 26 0
36 -11 -41 0
-43 2 19 0
8 47 4 0
9 42 40 0
42 -15 14 0
-24 -43 42 0
-22 32 -3 0
38 -21 13 0
-49 -21 33 0
28 5 -7 0
-16 -9 -42 0
32 -19 -12 0
-34 -27 22 0
50 -35 39 0
20 1 15 0
-48 -25 -24 0
-29 -8 -21 0
4 -34 33 0
-47 -39 -50 0
35 23 42 0
-21 30 19 0
-50 -4 -29 0
-46 32 16 0
-18 32 -10 0
-30 2 15 0
-49 40 41 0
7 -3 -37 0
-33 -12 -2 0
-14 -30 -6 0
-36 -49 -50 0
-21 16 -12 0
21 22 39 0
12 -7 26 0
-37 -38 -43 0
14 20 -12 0
-30 -8 -44 0
-27 -20 -34 0
-3 41 -50 0
31 -16 50 0
3 47 7 0
-19 38 40 0
-5 -34 -48 0
40 40 -33 0
-18 -19 -28 0
29 26 37 0
-34 7 38 0
-1 -39 13 0
-25 -40 -37 0
-14 -21 40 0
9 43 16 0
-26 -36 -3 0
-46 -4 44 0
-29 -19 -41 0
22 -10 -9 0
31 12 29 0
24 -42 -48 0
-46 16 2 0
-20 26 -42 0
15 14 -32 0
-14 -7 -49 0
32 -32 -41 0
43 29 -14 0
41 -44 4 0
-22 39 14 0
-19 -4 -47 0
28 29 29 0
29 -6 17 0
-28 21 -38 0
-28 44 -40 0
-5 -43 23 0
-7 -48 -25 0
19 -27 -38 0
22 22 31 0
30 -15 16 0
-48 -45 -48 0
-45 35 -47 0
-15 50 21 0
-12 -4 -27 0
-20 19 -23 0
41 -50 -4 0
38 18 -34 0
17 -5 45 0
-20 38 -40 0
13 -16 12 0
46 40 -42 0
-3 -18 -29 0
-15 43 35 0
50 27 3 0
11 -25 42 0
-18 -9 49 0
5 -11 45 0
-40 20 42 0
-44 -16 32 0
-1 13 23 0
-29 35 -12 0
39 39 27 0
-39 22 37 0
-5 13 38 0
-21 -43 -22 0
-45 31 16 0
17 15 18 0
