c CNF generator v0.9
p cnf 50 275
48 17 12 0
-23 13 -43 0
12 -26 13 0
25 -2 -14 0
-40 -42 -37 0
-8 -34 23 0
-2 -47 32 0
11 -19 -31 0
-11 22 -19 0
20 17 25 0
-47 21 -32 0
48 17 -19 0
-36 -35 9 0
33 39 -33 0
19 32 -50 0
-44 -13 44 0
-38 -10 -5 0
38 18 29 0
-36 -1 -8 0
16 1 49 0
3 -6 -2 0
-14 31 -17 0
-3 -26 -47 0
-4 -1 20 0
-18 -43 -15 0
-26 38 9 0
18 26 3 0
45 -48 -18 0
24 22 12 0
-23 17 -21 0
37 46 8 0
22 19 -37 0
9 23 -10 0
37 -17 -4 0
48 4 22 0
6 45 -13 0
-17 -45 -25 0
16 -17 -16 0
-40 48 42 0
4 38 -14 0
21 41 -45 0
8 49 41 0
42 -30 -3 0
12 -6 -40 0
20 3 -8 0
49 -22 -24 0
43 19 42 0
-41 -18 46 0
-32 50 -14 0
-36 44 -30 0
44 16 -5 0
1 -4 -29 0
-20 3 40 0
15 13 -30 0
24 -47 6 0
-15 -19 -49 0
4 -15 23 0
-38 -1 -18 0
28 24 -32 0
-27 22 -26 0
32 50 40 0
-47 35 -40 0
-31 25 -43 0
9 5 -26 0
31 13 -16 0
42 50 -45 0
50 -49 33 0
-49 -12 -10 0
-48 -24 -38 0
32 -1 -23 0
-29 44 -29 0
2 -15 10 0
-12 -33 -50 0
3 6 27 0
11 50 16 0
-27 -10 -35 0
46 -41 -7 0
-48 38 36 0
-33 -45 13 0
34 -39 -15 0
-1 7 39 0
7 37 36 0
-15 -29 -22 0
16 4 -1 0
-43 1 33 0
29 -26 -23 0
-24 21 36 0
-17 -16 46 0
-46 47 -12 0
-26 -29 37 0
21 43 -29 0
1 -19 1 0
14 16 14 0
-26 -30 19 0
46 -47 43 0
37 29 35 0
-29 -1 22 0
-25 -32 -30 0
49 -29 -49 0
-14 30 16 0
9 -1 4 0
-42 -17 5 0
37 -24 10 0
38 -13 27 0
-44 -28 -16 0
-19 48 -40 0
43 -36 -21 0
41 31 34 0
-8 32 -36 0
-31 -18 38 0
14 25 -37 0
-39 -36 -13 0
-11 29 18 0
17 16 -49 0
42 -30 42 0
-39 -18 -19 0
6 16 -1 0
50 -40 50 0
31 -8 7 0
13 -12 -49 0
34 -7 -2 0
-48 -39 -10 0
-21 -48 48 0
48 19 48 0
-14 39 -24 0
-18 4 47 0
-25 24 -27 0
39 -43 -40 0
-21 8 -4 0
46 -5 -37 0
-49 32 28 0
-34 23 14 0
-34 -35 31 0
-25 -8 8 0
-41 21 -22 0
38 16 -9 0
-18 14 17 0
26 22 -32 0
-4 32 -42 0
-46 35 -18 0
-42 4 -43 0
-20 -41 50 0
34 35 -34 0
-44 -5 42 0
21 3 -32 0
14 -3 29 0
-39 -7 35 0
48 22 5 0
25 -49 50 0
49 41 15 0
-48 -2 17 0
-15 -9 1 0
-46 4 -12 0
41 29 11 0
-47 -41 -37 0
-4 36 -41 0
-32 26 -43 0
7 -49 45 0
25 4 -4 0
42 -3 -49 0
39 36 -25 0
-3 34 -50 0
-45 -36 17 0
-47 -29 47 0
-47 22 45 0
20 13 14 0
-11 45 -5 0
-7 16 23 0
-32 -23 36 0
-15 30 11 0
45 -25 -36 0
-1 18 -3 0
-27 25 7 0
31 36 -7 0
15 13 -24 0
47 -42 -28 0
7 -35 5 0
34 4 -18 0
-24 35 -34 0
17 -22 40 0
39 -48 -15 0
32 16 38 0
-47 10 34 0
33 37 -46 0
-38 33 -10 0
-45 37 -12 0
28 -48 -37 0
24 -3 20 0
31 -34 47 0
-27 -46 24 0
2 47 33 0
11 -45 1 0
3 1 31 0
35 -45 20 0
-27 35 -35 0
8 -50 21 0
-48 16 -41 0
31 -8 -46 0
-21 -8 23 0
31 32 9 0
-24 12 3 0
-4 -24 43 0
23 48 -45 0
48 -18 8 0
-1 20 -14 0
35 -1 -12 0
-45 -20 -13 0
21 -37 -37 0
36 -7 31 0
-18 41 -31 0
-15 -46 28 0
-12 -27 -18 0
-2 -25 -12 0
-11 9 10 0
-34 -41 8 0
-39 16 -28 0
-4 16 -40 0
-22 1 37 0
11 -3 -3 0
-33 33 -2 0
11 43 -6 0
-32 -13 -45 0
38 -27 -10 0
14 -34 28 0
17 -41 40 0
12 24 21 0
-13 50 -20 0
19 11 -15 0
22 -1 -35 0
-16 -13 26 0
5 -34 49 0
34 -18 -5 0
5 -21 50 0
-35 30 28 0
-19 -13 35 0
17 12 -3 0
50 -9 -50 0
44 -2 -6 0
-14 14 34 0
23 17 -34 0
16 -16 -42 0
-8 8 -48 0
-34 4 -16 0
-20 37 19 0
-42 48 -3 0
-44 28 15 0
-16 12 26 0
33 -35 26 0
-4 19 48 0
49 35 49 0
14 8 -36 0
-42 36 -3 0
2 -49 22 0
43 32 -1 0
6 -31 -25 0
38 -14 24 0
-16 -23 -10 0
-16 -10 -49 0
38 -20 -36 0
45 -29 8 0
-50 -33 -47 0
-19 -24 -32 0
-50 1 9 0
9 10 8 0
-19 -44 19 0
-1 -43 -25 0
43 -37 -21 0
5 6 -1 0
44 -45 48 0
-6 7 -7 0
-29 45 41 0
-15 -12 -17 0
-12 6 -4 0
-30 25 -39 0
34 -47 -25 0
