c CNF generator v0.9
p cnf 50 275
-25 -5 32 0
-24 -26 -32 0
26 -45 19 0
-46 12 -14 0
29 -25 8 0
-43 44 43 0
46 -11 -48 0
-6 -49 46 0
17 4 12 0
15 45 -18 0
-5 13 -10 0
-21 -13 -9 0
29 -19 -21 0
-28 -47 32 0
14 -10 9 0
48 -22 6 0
39 42 -41 0
46 -46 -40 0
2 17 -15 0
29 18 22 0
33 42 17 0
-22 12 -15 0
-9 1 -17 0
-45 -36 11 0
22 16 34 0
-47 -49 34 0
-19 -5 45 0
-25 -44 20 0
23 48 -6 0
42 29 49 0
37 -19 30 0
-33 38 -37 0
-5 -45 -12 0
-37 -31 -38 0
-26 16 -28 0
-13 11 34 0
-49 -20 -40 0
14 -23 34 0
27 14 9 0
50 -49 -29 0
4 -46 20 0
26 25 -10 0
-42 -12 -39 0
11 38 -37 0
-49 -33 -1 0
44 14 -25 0
13 35 -4 0
19 -4 -32 0
44 37 -23 0
-46 22 -14 0
42 -43 2 0
-22 -19 45 0
-24 38 -3 0
24 -48 3 0
-2 1 -45 0
43 3 9 0
-36 12 2 0
-2 -8 6 0
-2 1 -23 0
-34 -34 -38 0
26 38 -47 0
-4 41 -16 0
24 50 -4 0
42 -44 -39 0
-45 -11 -20 0
-22 34 -32 0
8 50 20 0
49 -15 16 0
3 -27 50 0
-43 -2 -32 0
-26 -29 31 0
30 48 -46 0
-15 16 40 0
33 36 6 0
43 -15 -42 0
12 -22 -18 0
-42 5 48 0
40 27 -12 0
-46 -43 -15 0
-20 13 -46 0
50 19 7 0
7 30 -45 0
16 40 -22 0
14 -33 13 0
-5 -12 16 0
45 -31 -46 0
31 18 47 0
19 -29 -20 0
35 -13 -13 0
47 28 -37 0
-22 -32 -18 0
15 -47 18 0
25 12 41 0
-27 5 26 0
-41 8 5 0
-14 -39 10 0
-29 25 35 0
-11 13 33 0
22 -32 -44 0
14 -2 -24 0
-35 -48 27 0
-12 24 25 0
35 -4 46 0
34 -25 17 0
-42 36 -44 0
-28 46 46 0
-8 26 -30 0
40 10 18 0
48 49 -18 0
28 26 -26 0
-21 48 -48 0
39 -47 28 0
27 12 -17 0
37 40 41 0
-46 47 -27 0
35 -3 16 0
10 -25 42 0
9 -20 45 0
-8 7 31 0
-41 -32 -36 0
-49 -9 19 0
14 21 33 0
-35 36 -42 0
-26 -39 48 0
17 -22 -25 0
-2 -39 -33 0
-44 16 -39 0
33 -13 39 0
-13 -38 -5 0
42 32 19 0
44 -32 -11 0
45 48 12 0
31 18 10 0
-28 -30 -3 0
-46 -23 -27 0
-43 -48 -2 0
30 34 -37 0
-42 27 4 0
24 15 -43 0
-15 -14 -35 0
-19 33 21 0
-43 -35 6 0
26 14 -34 0
-42 -46 -35 0
-45 13 10 0
8 -14 11 0
35 46 30 0
-23 -47 10 0
-13 17 -9 0
-36 -14 -32 0
5 48 -3 0
7 36 -31 0
20 -10 -18 0
48 -12 -16 0
-32 -19 45 0
-43 -5 36 0
-28 10 -20 0
-27 7 -5 0
-28 47 -8 0
8 -2 -36 0
-23 32 6 0
38 -16 24 0
-13 -30 25 0
10 -20 -27 0
7 42 -37 0
-10 24 -16 0
3 -47 -50 0
-2 41 42 0
2 27 -26 0
-41 -15 3 0
-47 -35 35 0
35 33 25 0
-36 -36 -19 0
7 46 -20 0
-20 39 -1 0
-24 30 -15 0
-32 -44 -27 0
3 30 -27 0
13 41 -13 0
-42 21 28 0
-32 46 -42 0
44 -31 35 0
22 15 -37 0
-19 43 14 0
8 -43 6 0
-2 11 -34 0
34 42 -43 0
35 -19 27 0
40 37 28 0
-16 48 -45 0
-15 -12 -36 0
3 -36 -5 0
-11 13 34 0
-44 41 -12 0
-1 35 -28 0
5 -46 39 0
3 49 -26 0
19 2 -2 0
31 30 -33 0
-9 6 11 0
38 28 -8 0
-23 -25 -23 0
-39 14 12 0
19 -14 24 0
-40 -41 -3 0
4 -34 25 0
31 -38 13 0
29 -4 48 0
1 -11 -1 0
-2 -23 -15 0
-22 42 16 0
32 43 26 0
-20 6 43 0
29 32 -3 0
-14 18 -25 0
-40 -18 -31 0
1 10 27 0
-25 30 42 0
16 -11 -26 0
-14 -25 44 0
16 13 -32 0
37 8 20 0
20 -49 -23 0
-4 8 -33 0
36 21 35 0
-44 -35 -1 0
28 -46 -40 0
-5 36 32 0
44 -15 49 0
33 42 -9 0
18 -35 -20 0
-23 22 -33 0
-30 -17 -15 0
-9 21 2 0
15 4 -48 0
-49 -28 -43 0
-7 -10 17 0
2 16 16 0
-27 -1 11 0
-27 37 -18 0
11 -17 -40 0
47 50 20 0
-21 -22 6 0
-9 17 -18 0
-39 -46 22 0
-4 -24 50 0
-41 7 3 0
-34 40 38 0
-8 27 -26 0
-33 15 42 0
-32 38 17 0
-44 -3 -33 0
-4 -12 2 0
44 -47 47 0
16 -43 -34 0
-6 -37 -34 0
-32 22 22 0
-10 -36 21 0
47 -5 4 0
12 -25 -4 0
12 -28 20 0
-48 2 4 0
-16 22 -8 0
-17 -41 6 0
-38 -17 20 0
-29 -20 22 0
-5 39 50 0
47 -18 -16 0
14 -19 -28 0
15 -33 -13 0
-30 -44 -25 0
1 29 44 0
10 -50 3 0
17 6 -20 0
-40 32 33 0
