c CNF generator v0.9
p cnf 50 275
-23 -50 10 0
11 -42 -12 0
47 26 46 0
47 -47 5 0
-31 -30 27 0
39 13 18 0
-12 -34 -29 0
-31 -14 -18 0
-8 -2 -16 0
-11 -23 -33 0
43 -18 38 0
4 30 -2 0
2 1 -37 0
-30 -48 -4 0
-46 39 -12 0
14 8 50 0
-39 -44 -8 0
-13 -42 45 0
-36 -1 -2 0
-36 8 -33 0
-37 -8 -31 0
-17 -43 -42 0
32 -37 37 0
25 -16 -34 0
36 -13 -3 0
44 50 6 0
49 12 -24 0
1 7 -43 0
-26 -26 -1 0
21 -48 49 0
41 -48 -12 0
16 5 -40 0
45 50 -6 0
-26 -27 -5 0
-4 16 15 0
-31 -37 -7 0
-26 -15 -2 0
16 -21 -50 0
-40 -4 3 0
-12 31 -12 0
-21 -16 -45 0
-43 16 25 0
27 3 22 0
25 20 -33 0
-3 -9 -9 0
47 -41 10 0
36 10 7 0
-24 -5 -14 0
-33 49 -43 0
-24 -41 31 0
-30 18 -40 0
9 -4 4 0
-50 18 5 0
-38 6 2 0
4 -23 -12 0
39 5 -21 0
34 24 40 0
37 35 -10 0
-10 2 -37 0
-13 -49 21 0
29 -1 -8 0
-8 22 10 0
-19 7 -10 0
-33 13 -23 0
9 -33 42 0
49 -2 42 0
-16 -18 -31 0
-37 6 -10 0
35 -30 -30 0
-29 30 -9 0
40 -12 -1 0
-43 -30 10 0
15 -20 -37 0
-24 -40 34 0
-45 -17 29 0
26 -48 -17 0
47 24 29 0
-46 -27 -24 0
4 -11 26 0
7 -27 -46 0
-38 38 20 0
-25 -33 -41 0
14 4 12 0
37 10 2 0
-2 32 22 0
-7 -3 39 0
23 11 47 0
-33 -34 -43 0
46 -33 12 0
-5 -46 -3 0
3 12 20 0
15 -43 34 0
50 -49 -14 0
19 -13 -35 0
44 36 -14 0
29 -19 -7 0
39 21 6 0
-29 7 45 0
-35 -31 -12 0
-10 -44 -30 0
-2 -25 -50 0
2 -8 18 0
3 -44 42 0
28 40 -19 0
-22 30 -21 0
20 47 -21 0
-47 47 44 0
-13 17 -22 0
40 31 47 0
49 -45 24 0
14 -50 19 0
22 -20 37 0
3 -2 49 0
1 50 -6 0
-15 14 28 0
-25 38 2 0
-30 8 -48 0
-42 28 -5 0
17 -19 18 0
13 -32 -38 0
50 -11 -33 0
13 -1 -13 0
8 -25 15 0
14 -43 -5 0
5 -5 -11 0
-20 -25 -2 0
46 3 -24 0
-27 17 -44 0
-12 33 43 0
40 23 1 0
-42 37 -4 0
43 9 36 0
14 20 26 0
-19 -46 -26 0
-41 -40 -34 0
33 -4 7 0
17 49 -15 0
-1 13 -28 0
-9 5 -9 0
-4 -24 35 0
50 -30 3 0
-48 3 -24 0
16 31 31 0
12 36 22 0
-8 -45 -45 0
20 -37 25 0
-8 18 -22 0
12 49 26 0
40 -49 -32 0
-39 46 -10 0
-3 -27 41 0
-22 -47 -12 0
-27 -50 -15 0
22 -20 -12 0
-33 -19 23 0
-16 -49 -40 0
-6 1 -21 0
47 46 -13 0
-29 18 25 0
9 -47 -15 0
25 35 34 0
34 -16 -1 0
29 -43 -25 0
22 48 46 0
29 20 7 0
-26 -22 -34 0
-16 36 31 0
5 40 42 0
6 -21 47 0
45 32 -43 0
25 -1 24 0
39 -16 -30 0
-31 -17 9 0
30 -41 -36 0
35 -35 -49 0
43 -4 26 0
19 -48 47 0
34 42 25 0
9 -50 -40 0
42 21 38 0
-6 49 -22 0
-21 -35 5 0
-18 -39 -33 0
-50 15 49 0
-25 20 4 0
5 12 2 0
-5 -48 -34 0
42 -31 -15 0
-48 1 27 0
41 -4 19 0
-24 -34 -15 0
25 -8 -25 0
30 -27 -39 0
26 36 6 0
-4 -36 45 0
47 45 -50 0
45 20 23 0
-40 38 7 0
4 45 -45 0
-38 22 39 0
43 40 46 0
30 -21 45 0
-20 -31 -29 0
-41 -17 11 0
-12 -38 28 0
-25 14 -44 0
-23 -20 33 0
-12 2 -9 0
-7 -4 -13 0
-24 -27 -20 0
-24 -16 -31 0
22 -18 -14 0
36 -30 -26 0
10 49 44 0
49 2 42 0
-25 35 -50 0
20 38 15 0
-32 -41 8 0
-32 26 41 0
-3 38 22 0
39 -7 17 0
-43 10 48 0
45 37 24 0
-47 -40 -8 0
-28 39 -32 0
-8 19 -16 0
-9 50 -49 0
-38 -28 -18 0
-19 -3 31 0
-34 -44 27 0
-5 25 37 0
28 45 14 0
-48 -7 -48 0
-11 -30 42 0
-7 -8 -18 0
-40 -12 -7 0
39 37 -42 0
-5 26 -47 0
32 24 -45 0
9 42 -36 0
-12 23 23 0
30 -31 41 0
-29 -23 -15 0
21 -29 16 0
-50 27 -7 0
12 -28 -39 0
42 1 -24 0
-3 -5 -13 0
1 -31 -46 0
-21 41 37 0
22 32 42 0
-18 -8 -19 0
19 16 -47 0
10 -6 -5 0
-32 -25 -9 0
-43 16 50 0
32 22 -13 0
34 -26 4 0
38 44 -46 0
1 -40 -39 0
-3 -15 -25 0
-15 50 -13 0
20 -36 3 0
-9 -39 17 0
-49 -28 -43 0
28 -23 -48 0
16 -28 -4 0
32 36 -34 0
46 -41 -49 0
3 43 -6 0
-46 -42 -48 0
3 19 48 0
-44 34 44 0
-26 -50 -22 0
-49 5 50 0
