c CNF generator v0.9
p cnf 50 275
-29 -17 14 0
20 14 41 0
6 35 5 0
24 -30 40 0
27 -19 23 0
-9 -47 -14 0
8 21 -29 0
-13 36 -27 0
17 25 -30 0
-36 -35 -48 0
-20 -18 -7 0
25 21 15 0
-3 19 -17 0
-15 -46 44 0
1 3 -24 0
7 9 16 0
20 -38 24 0
-4 6 -17 0
49 -14 41 0
31 -9 -16 0
-7 7 -16 0
-5 -3 28 0
24 -15 -4 0
39 -17 -34 0
-16 16 -19 0
-18 -38 50 0
31 -36 -49 0
6 30 -29 0
40 15 -20 0
16 39 -19 0
-24 -12 -31 0
20 39 -6 0
-35 20 50 0
46 -47 -19 0
24 44 -39 0
-8 -6 -23 0
-13 -15 -10 0
33 -41 24 0
14 -11 41 0
-9 20 45 0
15 28 41 0
22 -30 -13 0
-9 -41 11 0
-18 37 -24 0
8 -19 -43 0
-3 33 30 0
45 2 -40 0
-41 -47 21 0
-14 -21 -34 0
-17 -47 -3 0
-39 -23 -47 0
16 6 32 0
-8 4 26 0
37 -19 41 0
43 -1 -32 0
37 -18 12 0
21 -23 -22 0
6 33 -50 0
33 35 -48 0
-45 -10 -3 0
7 -49 35 0
-41 34 -45 0
10 49 37 0
-19 33 -38 0
-45 23 4 0
-50 15 45 0
-3 41 25 0
31 13 -15 0
24 31 -10 0
26 -41 -38 0
-12 13 -13 0
40 -8 23 0
20 21 11 0
-9 -5 25 0
48 -22 28 0
40 15 -35 0
5 -20 33 0
38 -3 -16 0
-48 45 4 0
19 14 -10 0
-2 5 -35 0
-11 17 38 0
42 -5 -19 0
14 -26 -48 0
-13 28 43 0
49 4 37 0
16 -28 4 0
42 -23 -29 0
-26 -11 -11 0
-34 38 -2 0
-7 -31 17 0
-8 39 41 0
31 3 -46 0
37 12 5 0
19 40 47 0
28 -50 -31 0
-47 34 49 0
-49 46 -3 0
17 12 29 0
50 -45 16 0
-44 -36 -47 0
46 24 -19 0
22 -31 -17 0
-28 -12 -32 0
-43 -34 25 0
29 -11 40 0
29 25 -31 0
23 16 -13 0
-25 -42 -3 0
-16 -26 1 0
16 -34 -22 0
-18 -45 -5 0
-10 38 31 0
46 -18 48 0
46 30 46 0
-39 -17 -50 0
-15 30 29 0
17 38 4 0
-13 32 -50 0
-11 -45 31 0
-25 -20 -46 0
42 -8 -28 0
5 10 -39 0
-21 40 44 0
-14 11 45 0
-39 13 11 0
42 31 41 0
4 42 43 0
-3 -9 13 0
50 43 -42 0
22 -37 -16 0
-16 -7 48 0
-39 30 -11 0
-33 1 -13 0
-9 21 45 0
-5 47 -16 0
-46 -12 17 0
3 48 -24 0
-39 -47 -6 0
1 24 -20 0
-20 49 -35 0
-15 24 13 0
-24 -27 24 0
34 42 -30 0
-4 -12 -34 0
42 24 -42 0
-38 34 -6 0
-10 2 -6 0
14 23 42 0
-28 -23 40 0
1 4 -24 0
5 14 47 0
16 7 41 0
49 29 29 0
-36 -46 -38 0
-30 21 -41 0
-37 -27 -32 0
47 -33 -21 0
14 40 21 0
-35 50 -24 0
-5 -46 16 0
-34 11 18 0
-11 43 -18 0
-47 6 24 0
-34 9 19 0
-11 8 -15 0
17 4 -50 0
17 -47 -10 0
19 -15 -12 0
39 22 50 0
22 31 -2 0
-36 -10 34 0
-25 2 -25 0
35 18 -15 0
6 -34 -40 0
-44 7 -49 0
12 5 2 0
-27 9 -1 0
-8 36 -11 0
-33 -6 49 0
47 -10 29 0
16 -16 26 0
42 -6 6 0
7 -16 -17 0
-41 37 -31 0
-19 39 25 0
8 19 4 0
21 -8 27 0
-36 44 -1 0
-47 -1 23 0
-3 -31 40 0
41 -19 7 0
-5 -34 43 0
-27 -33 27 0
-24 18 -31 0
25 -35 -36 0
13 -2 40 0
39 49 34 0
-32 -30 -2 0
42 4 37 0
-5 27 -2 0
47 2 28 0
-38 34 48 0
4 3 3 0
16 3 -33 0
-6 -6 -31 0
20 -7 25 0
19 14 5 0
3 -44 -16 0
48 -45 34 0
18 -10 -37 0
-46 -8 -15 0
48 11 26 0
43 -37 45 0
-12 8 7 0
45 26 1 0
-12 -7 28 0
14 31 -16 0
33 39 2 0
26 -6 5 0
21 -45 5 0
-16 -3 48 0
-45 -49 24 0
50 -9 -8 0
12 -17 -4 0
1 -19 28 0
33 -4 4 0
28 43 -18 0
-10 -47 -36 0
-31 -10 25 0
-44 27 49 0
-7 -15 12 0
-50 -13 15 0
-46 37 34 0
13 -27 -29 0
6 -27 -35 0
-11 -32 50 0
-19 -12 -32 0
12 25 49 0
-2 35 22 0
35 25 2 0
43 -31 37 0
46 -28 40 0
-15 16 -50 0
2 -21 49 0
-9 -24 26 0
17 -16 -41 0
8 -12 22 0
26 17 -22 0
-37 -39 44 0
29 -4 9 0
28 -7 11 0
-23 -36 30 0
-48 -27 -30 0
-38 19 -41 0
37 -33 -34 0
40 -27 43 0
-20 -11 45 0
34 -49 11 0
10 -50 -44 0
-40 -17 12 0
-39 -19 45 0
39 -40 -37 0
32 -38 -2 0
46 -13 -3 0
-4 9 20 0
-9 30 33 0
-20 -49 31 0
3 -12 28 0
2 21 35 0
-6 40 8 0
9 23 -38 0
-16 48 40 0
-28 -31 -11 0
28 -20 19 0
