c CNF generator v0.9
p cnf 50 275
-9 10 -17 0
4 1 21 0
49 42 -32 0
38 9 -3 0
-45 38 48 0
49 20 -6 0
48 -41 6 0
47 47 -6 0
35 21 6 0
21 -36 -1 0
-7 -42 -31 0
-40 -21 28 0
2 -10 -14 0
-23 7 8 0
43 -9 8 0
-6 35 30 0
32 -46 -15 0
9 25 49 0
5 -19 1 0
3 36 25 0
-6 4 -9 0
49 43 38 0
-20 2 29 0
-8 24 5 0
-48 -41 45 0
25 29 10 0
13 25 -45 0
37 12 -16 0
-41 -6 -39 0
-13 -40 -18 0
-12 28 -6 0
-43 -15 -28 0
-10 24 -45 0
10 -25 -7 0
27 -47 4 0
19 36 -39 0
31 -14 4 0
-20 35 -37 0
-49 2 6 0
40 -1 9 0
47 -10 6 0
-44 36 -45 0
7 31 -7 0
16 -10 -13 0
-25 9 -23 0
16 11 -30 0
36 20 47 0
-26 3 -45 0
-36 -44 -12 0
-16 -24 -9 0
39 18 32 0
-33 19 -17 0
41 4 31 0
-47 21 -10 0
23 39 13 0
49 -4 24 0
11 -40 -15 0
32 -33 19 0
-45 -40 9 0
45 -43 33 0
3 -50 34 0
30 -45 -50 0
-42 -5 20 0
-7 -13 -28 0
-20 21 -38 0
20 41 -17 0
-41 36 14 0
-46 -17 -3 0
-44 -13 5 0
44 4 -7 0
-32 -12 40 0
41 42 37 0
43 17 17 0
-34 -15 19 0
29 -29 -46 0
25 -44 45 0
-18 -11 24 0
37 -40 18 0
-36 8 -17 0
-20 -6 -31 0
-21 30 36 0
40 1 20 0
3 47 -41 0
-12 -34 3 0
46 -35 -50 0
13 47 -42 0
-46 -23 4 0
23 -1 6 0
-14 -35 -6 0
49 16 47 0
29 31 39 0
24 -31 31 0
38 32 -19 0
24 13 44 0
-22 14 -18 0
44 28 13 0
-39 -47 15 0
-22 -11 28 0
33 -14 22 0
-43 8 42 0
2 24 -4 0
33 -35 -44 0
18 -25 37 0
11 31 37 0
9 1 17 0
-11 39 -6 0
31 5 -25 0
16 4 40 0
36 -40 -2 0
29 40 -25 0
36 -45 -8 0
23 -47 -33 0
19 26 35 0
22 -6 -49 0
-13 -18 21 0
-38 29 24 0
-3 38 35 0
-49 -21 31 0
33 31 -33 0
-25 50 -34 0
-15 -26 24 0
-26 -13 -18 0
15 27 -10 0
-10 3 5 0
-12 -18 -47 0
39 48 8 0
30 42 32 0
-19 -1 49 0
15 -40 -7 0
-48 -18 -29 0
3 -47 13 0
3 45 -32 0
-46 -31 -34 0
-9 43 -3 0
13 49 -33 0
6 -24 -46 0
-29 8 -49 0
-21 23 41 0
31 1 4 0
-39 -38 -50 0
19 -30 -47 0
27 -26 -24 0
1 13 11 0
-2 14 -3 0
-26 9 38 0
-16 -16 -12 0
42 7 16 0
-46 40 -43 0
-28 -5 -25 0
38 28 11 0
49 -3 4 0
-27 13 -18 0
50 -41 10 0
21 -42 -30 0
7 40 24 0
33 -42 46 0
15 -8 -46 0
-25 -7 10 0
47 -46 27 0
42 -12 50 0
-45 21 -50 0
27 8 -20 0
37 -24 17 0
-18 -18 15 0
-43 -10 -5 0
2 40 -38 0
27 18 23 0
8 43 11 0
-31 -12 43 0
-2 -17 23 0
26 3 -31 0
40 -29 -23 0
-31 26 23 0
31 42 23 0
-1 -33 -49 0
35 -15 37 0
-19 -15 19 0
18 -31 -12 0
14 14 -48 0
30 -28 -34 0
-30 -13 23 0
37 -26 -24 0
50 33 -3 0
-31 20 11 0
31 36 -10 0
17 24 35 0
-29 -20 5 0
-8 26 36 0
-28 -43 8 0
34 -32 29 0
-42 -50 -34 0
14 -25 -14 0
-16 44 -25 0
3 -41 -38 0
12 9 8 0
18 1 7 0
45 33 27 0
43 -30 -31 0
-14 -44 -48 0
-13 -34 -14 0
27 19 33 0
5 29 33 0
8 29 4 0
44 29 12 0
43 -42 -17 0
-29 -44 -37 0
50 -11 27 0
13 30 6 0
-32 4 -34 0
-24 41 -50 0
16 32 -8 0
-12 -45 -3 0
-27 49 -26 0
40 -11 8 0
48 10 -33 0
42 15 1 0
-11 15 8 0
-50 -34 14 0
20 -27 -27 0
-37 -12 -23 0
-37 21 -24 0
20 -17 -5 0
-20 -28 -16 0
-16 -36 -8 0
-28 -31 -22 0
29 -13 -1 0
10 -30 35 0
29 -45 -14 0
28 -48 -15 0
16 3 15 0
-24 -5 8 0
-40 1 29 0
48 -48 1 0
-26 23 -43 0
-19 41 -43 0
17 -18 35 0
-41 39 31 0
42 22 -39 0
-23 -37 7 0
44 -19 2 0
11 34 -45 0
32 -44 -25 0
-9 -23 8 0
25 10 -15 0
43 35 -48 0
27 -9 24 0
46 -26 -8 0
-4 -30 -17 0
-46 -3 20 0
12 29 31 0
26 23 -39 0
18 45 -35 0
-36 24 -46 0
20 -14 -26 0
35 -30 -35 0
35 -45 -28 0
-5 36 -6 0
-49 38 -44 0
-49 -1 38 0
35 30 11 0
-18 -48 39 0
-1 25 38 0
30 26 42 0
-41 -6 13 0
-6 -9 -23 0
-21 29 -48 0
-49 10 29 0
-31 40 -22 0
47 -12 -49 0
-12 4 -2 0
-12 -10 21 0
-21 45 -49 0
10 -45 -46 0
43 -40 -43 0
-24 -27 -50 0
