c CNF generator v0.9
p cnf 50 275
-12 -12 6 0
50 8 9 0
14 37 -49 0
42 -12 1 0
-37 4 -26 0
6 5 19 0
-15 9 37 0
26 8 17 0
-39 26 11 0
-38 -24 29 0
-45 25 -15 0
-40 -15 -28 0
7 31 -9 0
-34 -24 -22 0
38 -2 -45 0
13 2 -35 0
-25 39 -21 0
15 -43 15 0
-25 -6 50 0
11 28 5 0
33 -47 -30 0
-16 10 -35 0
32 40 -40 0
47 -11 -31 0
-27 -25 5 0
26 -22 26 0
1 30 -34 0
-43 14 -21 0
48 -8 45 0
33 9 -29 0
-9 -10 -44 0
34 -13 29 0
-29 -46 15 0
50 38 13 0
48 -22 40 0
-1 -40 -17 0
-40 28 -9 0
-41 24 45 0
-41 9 9 0
37 -6 -16 0
8 -50 -41 0
-23 -17 24 0
11 -42 46 0
-11 -11 -22 0
13 -7 -47 0
-14 34 -14 0
12 -15 34 0
12 -44 5 0
45 7 18 0
-1 -3 -20 0
-12 -44 -35 0
-14 -45 8 0
29 -29 -50 0
-38 20 11 0
28 -26 -49 0
33 30 29 0
-25 42 6 0
34 -34 -41 0
3 8 -17 0
-8 14 23 0
-35 41 43 0
-37 28 -25 0
43 -17 -6 0
36 -22 -35 0
-7 36 -12 0
-15 17 18 0
-23 19 -42 0
-10 -12 17 0
-8 -3 28 0
-38 45 -10 0
32 -36 -13 0
29 9 -13 0
-49 -12 -8 0
49 26 -37 0
37 35 -39 0
-27 -49 -3 0
3 -2 -19 0
22 -45 -10 0
9 43 14 0
29 -27 17 0
46 11 11 0
-16 20 22 0
35 13 -9 0
37 13 8 0
22 44 19 0
-19 8 7 0
9 10 39 0
47 -18 -18 0
-27 20 -41 0
2 -10 -47 0
-13 35 -43 0
-31 -33 19 0
-15 28 -43 0
-41 -26 -27 0
-43 44 -12 0
49 -42 -29 0
-11 47 23 0
-20 -12 -12 0
18 2 7 0
-39 21 -36 0
49 -10 -43 0
5 -26 -36 0
-10 -28 38 0
-48 9 23 0
26 -12 29 0
-36 22 -21 0
-31 39 -16 0
-39 -10 -7 0
19 29 -23 0
16 -44 -37 0
27 -26 -45 0
-26 -37 -13 0
8 7 6 0
49 -28 24 0
-22 13 12 0
41 -35 -48 0
2 18 26 0
-7 -31 -15 0
23 -10 -2 0
6 -14 -2 0
22 9 46 0
14 5 -19 0
-1 -12 -19 0
32 -49 -30 0
8 32 13 0
-31 -2 -33 0
8 -2 14 0
32 29 -23 0
-48 -5 2 0
33 -22 -35 0
-31 1 -29 0
12 31 -22 0
-19 -27 -1 0
34 34 7 0
36 29 24 0
-4 41 -50 0
-22 -15 -46 0
4 -25 16 0
21 36 -37 0
35 46 50 0
-24 10 18 0
41 17 -31 0
-23 34 11 0
-40 -30 -27 0
-41 -45 -9 0
-20 -6 -9 0
-49 -42 -16 0
13 -32 34 0
21 3 -36 0
-28 -3 4 0
39 28 42 0
11 -29 50 0
-16 -38 -36 0
4 -5 23 0
-5 -21 -1 0
6 48 21 0
-35 -27 22 0
-9 -16 -1 0
10 7 28 0
19 18 -17 0
20 8 47 0
9 23 -5 0
2 29 4 0
7 50 9 0
-15 -28 -40 0
-2 33 40 0
6 -33 -25 0
-20 -18 45 0
23 -23 -2 0
-31 45 8 0
-3 48 10 0
39 25 -5 0
-26 -49 34 0
-29 -6 20 0
29 26 -16 0
47 -45 -5 0
48 -23 40 0
47 20 -34 0
-2 40 7 0
19 -14 -44 0
44 -36 13 0
31 44 -45 0
-33 -6 -4 0
-8 -39 -12 0
-40 23 33 0
-16 -12 41 0
1 -50 16 0
-37 23 -42 0
-47 33 5 0
-21 -12 17 0
18 9 -29 0
-34 7 4 0
-4 42 -15 0
-2 35 -4 0
-36 -47 30 0
3 4 -23 0
-49 -20 -46 0
-25 23 -35 0
32 -36 34 0
36 24 -29 0
30 38 -43 0
4 6 31 0
47 -43 -4 0
7 -47 12 0
33 44 -39 0
35 -41 18 0
-17 -38 43 0
10 30 -38 0
13 31 6 0
2 49 19 0
15 -40 28 0
12 -23 -11 0
-21 17 -31 0
6 -32 -10 0
-43 32 -2 0
40 -29 -46 0
7 -50 -36 0
17 21 31 0
7 29 14 0
-7 47 -36 0
-34 34 23 0
7 48 3 0
-18 -26 9 0
2 34 -8 0
42 28 16 0
42 -18 27 0
47 21 46 0
-10 -35 24 0
21 -15 36 0
47 11 20 0
4 -9 -21 0
-30 28 -15 0
22 10 -37 0
-9 -46 -11 0
10 1 -21 0
17 18 -31 0
-7 41 -8 0
21 12 20 0
33 24 17 0
-3 -33 -33 0
-50 24 2 0
-3 -47 -1 0
19 -48 -27 0
-9 34 45 0
28 8 -11 0
17 13 -35 0
-26 -17 12 0
28 -18 5 0
-34 -28 40 0
41 37 -25 0
-4 -20 25 0
25 -50 -45 0
32 27 14 0
8 33 -28 0
-3 50 6 0
-23 15 25 0
47 -48 -6 0
12 33 42 0
-5 9 -44 0
36 18 45 0
15 33 26 0
8 17 -11 0
48 -12 -32 0
2 1 -22 0
40 23 48 0
-10 28 44 0
-20 -49 -43 0
30 23 10 0
-30 -17 17 0
3 -38 -28 0
-45 -19 -30 0
6 45 -20 0
7 -30 -11 0
41 -39 -2 0
-40 24 -40 0
