c CNF generator v0.9
p cnf 50 275
2 24 28 0
27 -23 -27 0
-24 -39 -4 0
5 -31 10 0
-21 33 16 0
-50 5 11 0
-7 -26 -17 0
37 12 14 0
3 31 -50 0
-14 -10 4 0
4 23 -7 0
-4 -49 19 0
21 -39 17 0
-25 -7 9 0
24 37 -47 0
35 15 7 0
38 11 10 0
36 29 -47 0
-14 16 -39 0
7 -3 44 0
17 -20 31 0
10 -9 45 0
30 48 37 0
9 -23 -37 0
44 39 -47 0
41 -47 -2 0
-44 -41 -22 0
-37 13 -38 0
22 39 20 0
4 23 -39 0
46 -33 -45 0
-6 -40 -8 0
-24 -31 -39 0
40 49 -33 0
-17 21 -41 0
34 37 -10 0
14 32 19 0
1 39 23 0
-17 -48 12 0
-25 50 41 0
-39 19 22 0
-7 -45 -6 0
-29 -4 -16 0
49 49 13 0
13 -2 39 0
-21 36 -28 0
30 -47 33 0
27 30 41 0
27 -30 8 0
2 31 50 0
-4 38 -24 0
13 13 12 0
2 47 48 0
-20 -32 -45 0
16 22 -18 0
41 8 -30 0
-2 -7 -16 0
37 -34 -19 0
30 -30 26 0
4 -34 -7 0
-48 -26 -43 0
-17 8 -9 0
-49 32 28 0
-38 -1 24 0
-19 -36 -10 0
-31 -24 20 0
-50 -22 -41 0
7 -7 3 0
37 -13 35 0
-23 47 -47 0
41 -19 -4 0
23 3 39 0
17 47 33 0
13 22 7 0
-5 -13 4 0
29 -24 -46 0
39 37 39 0
-19 33 -9 0
17 -7 28 0
-35 3 -40 0
10 -43 43 0
29 -5 30 0
16 -47 -15 0
-38 -18 48 0
48 12 -10 0
3 -18 -7 0
34 -4 -25 0
47 41 -45 0
-4 -13 -45 0
32 33 -7 0
6 26 30 0
-46 31 -5 0
25 11 -45 0
46 -44 -26 0
16 37 13 0
-15 42 28 0
-8 24 -14 0
-24 16 -10 0
-36 -30 2 0
-1 -35 45 0
-4 16 -18 0
-2 -21 -45 0
-7 16 -31 0
50 15 44 0
43 30 -44 0
-46 23 -11 0
-46 -14 -42 0
24 42 -40 0
31 22 43 0
-28 -34 40 0
-39 -20 36 0
-3 -32 41 0
-20 16 -29 0
49 11 39 0
-46 1 2 0
-22 11 -40 0
-34 33 -50 0
49 35 -7 0
-36 14 26 0
-7 8 -4 0
22 12 -49 0
16 -19 -29 0
18 48 16 0
19 18 -41 0
-21 32 -47 0
-39 17 -9 0
-33 -11 32 0
-3 34 -33 0
32 19 -18 0
32 33 -40 0
-1 -15 -20 0
9 28 30 0
-31 -21 -2 0
15 -44 21 0
-18 -33 43 0
-16 -25 24 0
-14 -28 2 0
43 15 -5 0
20 -25 -14 0
-48 -47 21 0
-39 -13 42 0
-34 -35 27 0
22 45 -13 0
-16 15 21 0
32 16 45 0
37 50 -37 0
-46 -48 -32 0
46 -24 -20 0
40 -26 -25 0
-9 -7 31 0
-45 6 38 0
-30 16 -5 0
19 -28 27 0
14 -41 -46 0
-43 13 -28 0
34 -9 -48 0
44 2 37 0
-34 15 -45 0
9 -5 -39 0
-40 9 -25 0
6 35 -10 0
35 48 -50 0
-15 35 -28 0
27 10 31 0
-31 38 46 0
39 -34 -23 0
-42 37 45 0
27 13 38 0
29 39 44 0
-22 30 27 0
-10 -14 8 0
33 -19 40 0
36 1 -45 0
-31 24 16 0
3 -33 17 0
31 34 40 0
34 -37 49 0
46 -6 -11 0
43 48 -23 0
30 -45 25 0
18 45 -27 0
12 -15 -17 0
-2 -22 -47 0
9 33 -9 0
19 27 -4 0
-6 -1 1 0
17 15 -14 0
45 -48 -12 0
21 -13 -22 0
-41 19 -8 0
-14 38 -25 0
5 -13 23 0
50 -36 -39 0
33 -29 -28 0
8 -12 -48 0
45 -1 13 0
4 11 -50 0
45 -25 47 0
15 20 -16 0
-46 48 -9 0
9 25 13 0
11 -14 -27 0
46 -47 -24 0
-44 2 -49 0
9 -46 -40 0
49 -33 24 0
40 -10 -21 0
-3 -11 -21 0
-9 49 35 0
9 41 35 0
-22 6 11 0
-30 -44 33 0
10 -45 46 0
-19 -26 20 0
-20 -12 -10 0
42 -39 -26 0
-41 -36 21 0
13 -19 -17 0
18 45 -2 0
-12 24 -7 0
-28 -34 -9 0
40 39 -5 0
6 -2 -24 0
25 -9 -13 0
19 -12 -5 0
45 -4 -14 0
-21 -17 20 0
17 -47 -42 0
-14 -23 -35 0
44 -25 -50 0
-12 -47 9 0
9 43 36 0
-41 -34 -41 0
-29 18 -7 0
10 9 -9 0
18 37 -4 0
-40 -14 -33 0
-23 -27 37 0
-47 43 33 0
2 -15 -35 0
22 -3 -31 0
2 -49 26 0
-31 14 -42 0
-10 -15 -20 0
50 -48 -14 0
-20 13 36 0
-19 21 -33 0
-5 48 2 0
-43 16 44 0
31 -24 -7 0
-26 -12 -17 0
5 -29 -47 0
38 -10 -36 0
-30 49 31 0
-3 16 4 0
24 45 -36 0
-48 18 -30 0
-41 -18 6 0
6 28 -25 0
-23 10 22 0
43 -29 -22 0
-48 -30 42 0
31 -31 6 0
20 31 -16 0
29 37 -25 0
-40 26 -16 0
-29 -27 -26 0
5 -14 -26 0
-6 -37 37 0
-32 -44 -21 0
-4 -50 -37 0
15 -48 48 0
16 -45 -25 0
-27 -30 -14 0
32 -10 46 0
