c CNF generator v0.9
p cnf 50 275
33 41 -11 0
-34 -39 36 0
-1 -12 41 0
47 -9 27 0
7 -14 18 0
-34 44 -1 0
-32 30 42 0
42 22 -33 0
-28 28 -18 0
40 31 9 0
32 33 26 0
-35 20 2 0
-28 28 22 0
41 -33 14 0
-15 -3 -45 0
-37 28 -26 0
-24 6 27 0
-34 6 38 0
11 -40 -3 0
15 -40 -40 0
-20 -31 50 0
-34 28 24 0
-34 -45 -16 0
-47 4 -25 0
43 43 -46 0
34 -25 -31 0
47 13 3 0
16 -45 -8 0
9 42 -27 0
-12 -48 37 0
-7 46 -35 0
-9 3 33 0
-33 -29 33 0
-45 11 -11 0
-3 20 -33 0
-48 -8 43 0
-49 10 22 0
-4 25 29 0
-16 39 -29 0
-16 -38 2 0
-49 16 -3 0
-43 4 46 0
-4 36 29 0
38 17 -48 0
-49 41 10 0
-48 21 11 0
11 50 15 0
-17 -9 5 0
-2 -22 26 0
46 36 15 0
-49 -8 -7 0
36 -24 -27 0
-29 -22 -45 0
-44 13 -20 0
-49 -10 12 0
12 -9 13 0
-28 -31 6 0
-43 36 -18 0
46 39 -25 0
-22 30 3 0
38 10 -36 0
46 32 -32 0
13 -14 31 0
1 34 -45 0
-19 22 -43 0
-17 -27 -9 0
-42 19 20 0
38 41 32 0
-40 -33 1 0
19 50 -48 0
38 -47 -16 0
-39 3 13 0
8 36 40 0
-18 -36 -9 0
47 21 -47 0
6 3 -24 0
-12 -16 31 0
3 -39 -32 0
-28 7 -19 0
-4 24 -28 0
-41 30 -4 0
-30 -42 -8 0
-15 -45 11 0
36 -9 42 0
-6 16 -41 0
8 -29 -25 0
-19 -38 -43 0
-44 27 -27 0
21 -7 29 0
15 -8 41 0
22 26 32 0
-11 -48 10 0
-45 -25 6 0
2 47 49 0
-4 32 40 0
36 -26 43 0
31 42 -35 0
34 -35 38 0
-8 -45 42 0
-19 -36 28 0
-48 -25 -29 0
4 -42 -39 0
-10 -22 39 0
-12 32 44 0
1 46 -34 0
-46 36 36 0
4 30 28 0
-11 27 -26 0
22 36 50 0
-16 -19 -37 0
37 -20 1 0
30 -17 -21 0
-1 8 -45 0
46 36 20 0
-39 3 43 0
15 43 -24 0
16 -13 -22 0
29 50 36 0
-40 35 22 0
-3 -48 40 0
30 -39 -27 0
-40 -30 43 0
-33 16 13 0
9 -11 -50 0
38 21 7 0
20 3 -4 0
35 -46 -10 0
-18 -27 -39 0
29 34 -33 0
-50 43 12 0
-6 5 45 0
27 41 24 0
-48 12 33 0
-34 41 -6 0
32 39 -15 0
-39 37 -6 0
-9 3 -9 0
-13 -10 -25 0
1 -6 12 0
-43 9 19 0
15 -45 -4 0
-45 9 10 0
42 -40 -13 0
2 -7 22 0
45 11 -11 0
-16 40 -22 0
17 44 -26 0
-23 8 -33 0
25 -17 42 0
44 -33 -35 0
26 33 -25 0
-18 46 -4 0
-50 -37 34 0
22 5 -6 0
-25 -2 1 0
-28 -26 13 0
31 4 46 0
30 30 43 0
-34 35 11 0
30 14 -11 0
14 40 45 0
45 27 -40 0
50 31 -4 0
9 18 -48 0
-2 -33 -35 0
-18 3 15 0
-9 -19 14 0
-38 4 1 0
-15 -21 13 0
-19 -8 27 0
-10 5 -49 0
31 30 -23 0
48 -17 33 0
18 30 33 0
-31 43 30 0
-34 -48 -25 0
19 -45 16 0
-45 -39 -38 0
-18 41 42 0
-13 -37 9 0
31 -46 -35 0
-20 28 28 0
-8 -5 20 0
-43 -17 -11 0
5 10 -31 0
-29 -2 -27 0
-50 -3 5 0
40 45 -19 0
-21 -46 -15 0
-48 -27 -12 0
11 -11 -46 0
-18 -27 -5 0
16 1 1 0
-12 -24 -23 0
44 25 -41 0
22 11 10 0
-8 -1 15 0
32 -50 13 0
-15 26 -28 0
-45 30 -9 0
-6 -38 -16 0
-7 29 34 0
22 3 -27 0
11 -10 -38 0
-33 -35 1 0
37 32 -32 0
6 -47 28 0
45 -46 30 0
-3 26 12 0
43 -46 -41 0
15 -34 9 0
-49 -28 28 0
14 -31 15 0
-41 41 -26 0
-26 -37 36 0
39 -15 28 0
44 49 -33 0
-8 -34 43 0
-49 49 -43 0
-10 2 35 0
-44 10 11 0
-21 38 15 0
-7 20 -37 0
-45 22 39 0
-3 -44 32 0
40 -8 -3 0
-9 31 -8 0
10 17 -33 0
40 32 22 0
-34 46 -40 0
44 18 -16 0
-4 -33 -9 0
22 -1 44 0
-3 -50 -14 0
33 -16 11 0
-29 36 -7 0
7 -45 -8 0
-23 -17 21 0
-22 46 29 0
9 31 -5 0
15 -31 -32 0
-38 -18 28 0
16 8 -27 0
13 -27 7 0
40 -6 -8 0
32 -49 15 0
-10 30 18 0
36 21 -36 0
-49 5 -37 0
3 -22 23 0
-38 -38 -24 0
-50 30 -9 0
-32 8 -17 0
38 -23 -9 0
8 7 28 0
5 -32 28 0
37 13 -40 0
-7 26 -50 0
-40 21 42 0
-17 -34 23 0
-26 5 4 0
10 -30 -25 0
38 -13 -42 0
2 -9 -39 0
-25 -11 39 0
-29 -1 -8 0
47 -26 -41 0
39 -44 -16 0
37 -11 -30 0
39 33 -25 0
-38 16 47 0
-31 21 -21 0
35 30 -6 0
-8 2 -44 0
32 -21 34 0
