c CNF generator v0.9
p cnf 50 275
25 -32 25 0
-2 -26 -25 0
25 33 -27 0
-7 42 -48 0
41 40 -38 0
41 44 -23 0
-29 -30 -5 0
49 -47 -33 0
34 47 -12 0
11 -11 42 0
20 5 15 0
-45 6 -25 0
34 -9 27 0
-15 -20 31 0
11 -14 -40 0
17 -42 3 0
-28 42 24 0
-10 -50 21 0
-34 37 -23 0
-7 -19 11 0
8 28 16 0
-20 -14 -21 0
-6 -16 36 0
-20 -9 -16 0
31 -24 23 0
-9 47 -28 0
24 20 48 0
-14 -12 21 0
10 28 35 0
6 -20 1 0
-16 20 32 0
14 -50 7 0
-4 50 12 0
22 -32 -6 0
23 7 40 0
12 24 -17 0
-50 -5 -43 0
-33 -43 13 0
4 1 -49 0
21 -2 25 0
50 44 3 0
27 -18 -7 0
16 28 -48 0
33 20 -46 0
38 20 -1 0
-26 -15 43 0
-22 40 -16 0
3 31 20 0
43 -45 34 0
-19 38 -23 0
-27 32 -50 0
6 43 19 0
-38 -25 -25 0
37 10 -21 0
-12 21 -49 0
4 17 23 0
-19 36 -2 0
49 25 -10 0
-30 -37 40 0
-49 -44 -46 0
7 2 -1 0
27 -38 22 0
4 -50 -42 0
-23 14 28 0
30 36 48 0
-1 19 42 0
8 -46 35 0
-46 28 40 0
-36 28 -30 0
18 16 -3 0
-32 -6 36 0
32 -39 -4 0
-5 -7 20 0
43 -23 -20 0
36 -39 -2 0
20 30 -43 0
-40 10 -7 0
14 -21 26 0
-12 7 -29 0
-5 3 32 0
29 -15 15 0
-21 -1 47 0
24 -48 -2 0
26 41 -23 0
-29 43 38 0
-19 -32 -37 0
-13 20 8 0
-6 36 -17 0
38 -19 23 0
-34 -18 35 0
-47 13 33 0
-40 -6 -23 0
26 36 7 0
-23 -1 -47 0
-25 -14 -16 0
30 -32 12 0
41 -50 -35 0
42 17 -25 0
11 31 35 0
-7 -20 36 0
-5 19 45 0
-3 -27 2 0
-43 33 50 0
18 15 -5 0
-18 -41 19 0
43 -18 -3 0
-47 46 47 0
2 -14 40 0
-2 9 17 0
32 -14 -17 0
17 -25 22 0
43 44 -38 0
2 -41 -2 0
4 15 -47 0
34 47 42 0
-49 15 49 0
-39 -46 16 0
-50 44 -47 0
9 15 -9 0
6 38 -36 0
-29 41 -20 0
33 6 11 0
-37 -20 21 0
5 -50 14 0
-11 -33 -45 0
25 37 -4 0
-17 27 48 0
43 -19 -8 0
7 31 -24 0
-30 -16 44 0
4 -46 -26 0
34 7 -44 0
-15 -45 -14 0
-44 -32 20 0
17 39 -22 0
-17 -29 -39 0
-39 -35 -18 0
4 31 -42 0
33 -4 48 0
41 3 -1 0
-28 9 43 0
-4 17 -46 0
15 50 43 0
48 18 -26 0
-32 -7 -41 0
-28 -7 1 0
-17 -35 -43 0
-11 -34 -8 0
-28 24 -47 0
-4 43 -45 0
-17 14 -9 0
-42 -7 22 0
-7 45 -39 0
-4 -38 24 0
-23 15 -49 0
30 -17 31 0
26 -21 39 0
25 21 10 0
19 26 4 0
-18 2 26 0
-20 37 -19 0
-29 27 -4 0
5 15 28 0
27 25 -48 0
-7 23 14 0
45 36 41 0
1 18 -33 0
-39 42 33 0
-27 50 -19 0
40 5 -9 0
19 -45 5 0
-45 -15 -38 0
40 35 -38 0
-39 -42 18 0
15 49 10 0
-36 43 17 0
-17 -49 -44 0
-31 -39 -37 0
-2 -46 -49 0
-30 -6 13 0
9 47 14 0
27 33 46 0
-48 -29 25 0
50 19 12 0
-11 -5 12 0
43 33 49 0
30 -32 18 0
-32 -23 -13 0
22 -48 32 0
-27 -41 34 0
17 -45 -10 0
-47 10 38 0
-22 4 33 0
-25 -36 32 0
38 -31 15 0
2 32 3 0
-10 32 -43 0
-47 39 46 0
-45 -50 18 0
16 -18 47 0
40 -42 -2 0
50 -48 -35 0
18 27 -14 0
9 -16 24 0
-11 -33 40 0
3 -5 -33 0
-19 -10 -15 0
17 -34 -26 0
-46 -9 6 0
-24 9 3 0
42 32 22 0
-16 -49 20 0
-50 35 -24 0
-8 18 -36 0
-48 12 -4 0
7 27 -50 0
-38 47 11 0
-33 -23 -44 0
-32 31 32 0
-23 -14 -16 0
31 16 50 0
49 -13 42 0
-7 29 44 0
-24 -3 45 0
22 -18 -12 0
-34 -13 -35 0
13 -11 -3 0
36 21 -34 0
16 34 -5 0
-46 25 -43 0
-35 -48 47 0
-9 6 -41 0
-50 -25 18 0
32 42 -4 0
30 -34 -24 0
25 13 -16 0
-47 -21 43 0
17 -50 29 0
43 31 17 0
49 39 35 0
-33 -27 -33 0
10 21 20 0
15 -34 -19 0
18 36 35 0
-3 -27 6 0
21 5 -9 0
37 -28 14 0
7 23 26 0
-16 -27 1 0
16 32 45 0
-16 50 -22 0
21 -35 20 0
21 -47 -25 0
-1 -6 -38 0
27 26 1 0
-42 -3 -11 0
-40 4 -24 0
26 25 -39 0
-23 17 -45 0
-33 -28 37 0
49 -7 -17 0
10 27 38 0
-5 -30 16 0
-18 12 -1 0
-47 -19 -11 0
10 22 3 0
24 2 -9 0
13 40 30 0
-6 4 -24 0
-5 -35 45 0
43 -14 10 0
13 24 -36 0
-18 -18 39 0
12 -5 -38 0
11 40 4 0
