c CNF generator v0.9
p cnf 50 275
41 11 -26 0
-3 18 9 0
-46 13 -21 0
-45 -31 29 0
3 -31 41 0
-15 -19 15 0
3 -28 18 0
29 -13 17 0
-10 -50 -39 0
1 42 36 0
2 38 -47 0
25 -17 -1 0
-1 -33 4 0
8 -6 -13 0
21 -4 34 0
-8 -22 28 0
23 49 -47 0
-34 25 12 0
-19 -10 37 0
-10 42 43 0
-39 -10 -48 0
41 21 -49 0
6 44 -39 0
-9 -29 6 0
-15 -6 36 0
-38 13 -35 0
11 -24 3 0
-10 -1 28 0
-39 40 23 0
47 32 47 0
-8 8 28 0
19 -12 12 0
21 49 35 0
-46 -10 33 0
-30 -19 35 0
46 -39 -46 0
-2 -37 48 0
-45 47 -35 0
-19 10 10 0
17 -10 -50 0
27 -32 -4 0
29 42 1 0
-4 -11 15 0
44 -10 41 0
-4 11 25 0
-41 38 19 0
-34 50 -26 0
46 24 -41 0
-23 24 -42 0
28 40 -15 0
14 4 37 0
29 40 26 0
-29 -41 11 0
2 -4 40 0
-10 -38 27 0
-22 -34 31 0
-45 11 -39 0
-43 14 -24 0
-15 18 -10 0
28 34 -2 0
-4 49 18 0
-13 -14 -44 0
-36 -37 11 0
38 -27 -7 0
8 49 27 0
-1 -43 12 0
9 -15 -37 0
30 -12 -22 0
4 47 23 0
-39 45 28 0
-47 41 29 0
-17 29 -7 0
-24 8 -12 0
-38 43 9 0
26 11 19 0
47 -41 -39 0
49 35 -48 0
5 -31 -15 0
47 21 -15 0
-12 35 46 0
29 -37 -42 0
-5 49 3 0
-11 -14 25 0
27 -38 5 0
-31 38 5 0
46 20 14 0
39 -13 -35 0
7 47 -28 0
-30 -36 -30 0
-27 -36 33 0
-43 -39 4 0
-15 15 1 0
9 -39 43 0
39 -31 -5 0
47 -13 -33 0
48 -18 16 0
-3 18 -5 0
36 -7 38 0
3 -8 -28 0
-19 6 -43 0
4 -34 -23 0
20 29 42 0
8 -7 -40 0
41 18 18 0
-5 14 -49 0
20 45 27 0
11 -11 16 0
42 -31 -6 0
-5 -49 22 0
27 -22 -39 0
5 -14 16 0
19 -31 -1 0
-26 8 49 0
-8 34 30 0
18 23 -47 0
1 -34 47 0
-28 24 30 0
6 9 19 0
21 -3 -44 0
-32 14 -39 0
-44 -4 45 0
18 8 -30 0
15 -17 41 0
-13 -38 33 0
10 4 3 0
-32 -18 -18 0
-9 -20 18 0
49 -27 -43 0
4 -2 -28 0
-23 24 -7 0
12 46 -1 0
26 -29 28 0
23 4 25 0
14 -13 -31 0
-30 -19 -5 0
-42 8 -17 0
-48 -11 -14 0
-49 27 2 0
37 18 15 0
29 38 -10 0
-41 29 50 0
-39 33 -35 0
15 -25 -10 0
-3 -6 -38 0
-6 -31 15 0
-28 -2 30 0
-47 -37 44 0
35 -49 -26 0
-32 -35 -18 0
28 43 -3 0
21 -17 16 0
37 -10 48 0
-34 -19 49 0
-20 -33 39 0
-30 -40 -4 0
-17 -1 30 0
23 7 -48 0
-50 13 -46 0
2 35 -48 0
-12 6 -33 0
-22 -31 -3 0
4 -39 -48 0
16 11 16 0
23 -5 8 0
35 -39 17 0
44 -21 37 0
-10 -3 -8 0
14 -22 33 0
44 -12 9 0
-31 43 8 0
18 33 36 0
-43 38 39 0
-12 1 11 0
-3 -23 -1 0
-42 -15 20 0
37 46 -38 0
-19 28 -38 0
27 -45 -2 0
-23 -14 -13 0
21 -9 14 0
35 19 34 0
6 -48 2 0
-47 -3 -27 0
45 23 -22 0
18 -45 22 0
-18 -2 -19 0
-33 49 47 0
8 -24 20 0
-22 -21 7 0
-22 44 -15 0
18 -44 30 0
7 38 4 0
34 -37 -24 0
-28 36 16 0
28 -42 13 0
18 43 -20 0
-3 -39 40 0
-18 -23 -9 0
-29 11 -29 0
-1 -50 -50 0
-25 28 24 0
-31 -47 26 0
16 -15 -40 0
-40 -49 -24 0
-1 25 -24 0
-31 -34 -50 0
-26 45 -30 0
-37 15 -5 0
7 21 49 0
34 45 -4 0
36 11 2 0
39 22 28 0
-39 45 16 0
-44 -41 21 0
19 45 -31 0
29 -29 31 0
32 -1 -22 0
43 2 30 0
-29 -27 -14 0
13 47 45 0
-46 -48 2 0
41 25 40 0
-42 49 26 0
-48 29 42 0
23 27 30 0
-35 -15 45 0
-30 -39 -19 0
-31 -39 -10 0
-42 -6 40 0
47 -42 -7 0
8 29 -34 0
21 4 32 0
3 -19 -8 0
34 2 -27 0
-25 10 13 0
-22 -34 21 0
36 31 -5 0
-23 -49 -30 0
-10 4 37 0
-48 2 33 0
-29 13 34 0
-42 16 -28 0
34 -46 -38 0
-39 -36 42 0
38 17 4 0
-14 46 38 0
5 37 -26 0
40 -44 23 0
-42 31 42 0
-5 -7 32 0
-16 -24 1 0
27 -25 6 0
4 -39 -8 0
-41 6 2 0
-26 -42 20 0
-7 9 -3 0
11 22 21 0
39 6 19 0
50 40 -28 0
-46 -23 -8 0
-33 49 -48 0
-17 50 7 0
16 -7 22 0
-10 13 -45 0
-50 -14 35 0
-34 24 -5 0
2 -49 -42 0
10 39 -6 0
6 -32 -33 0
20 46 -13 0
39 37 6 0
20 16 -49 0
9 -30 7 0
-30 32 -4 0
15 13 4 0
