c CNF generator v0.9
p cnf 50 275
33 -10 19 0
17 -25 -39 0
48 50 13 0
11 -34 41 0
-45 -6 -19 0
32 -14 -12 0
-47 -35 -19 0
-10 -10 20 0
6 30 -22 0
-25 -47 25 0
-8 37 -8 0
49 -49 -29 0
28 -9 -12 0
27 49 -38 0
-50 -28 -45 0
-12 8 22 0
43 16 41 0
-32 24 -24 0
-6 -36 -43 0
36 14 44 0
-22 36 -29 0
-34 37 24 0
11 -42 31 0
20 -19 -3 0
5 -30 -29 0
33 41 19 0
-48 -21 -20 0
-24 48 -50 0
2 -7 49 0
-11 -27 -31 0
15 35 -15 0
19 13 20 0
-48 33 12 0
-46 18 -7 0
-42 20 21 0
29 30 -35 0
30 -11 -45 0
19 -30 2 0
-32 -36 39 0
-21 17 -40 0
-10 -7 50 0
43 -34 -3 0
42 31 32 0
-46 -34 -47 0
-14 -24 10 0
32 49 39 0
46 32 38 0
-32 28 -38 0
-33 8 42 0
13 -1 -26 0
32 -44 50 0
28 35 -10 0
1 -39 -14 0
28 24 -31 0
-33 -21 -11 0
-33 36 -33 0
38 26 15 0
-32 -27 36 0
39 -13 13 0
-26 -7 -9 0
-31 -24 -2 0
-21 -5 -42 0
43 -40 -43 0
18 -39 9 0
50 -36 27 0
12 39 7 0
28 -26 -46 0
36 -5 -18 0
-45 23 36 0
2 -28 -4 0
27 -4 -1 0
18 32 -36 0
46 47 39 0
-6 -9 12 0
-49 12 -8 0
40 13 21 0
-12 34 -35 0
-11 3 14 0
-38 30 45 0
30 2 -1 0
-36 -17 -17 0
-29 45 31 0
-28 -16 36 0
24 18 -48 0
41 -8 16 0
-33 27 -7 0
-25 -22 24 0
-4 -31 37 0
45 -48 48 0
4 -19 23 0
25 -18 -30 0
-19 -44 36 0
38 -33 38 0
-41 -4 -27 0
-14 -6 18 0
26 -29 -17 0
19 -21 39 0
-41 29 -27 0
-47 -8 2 0
-16 40 12 0
-43 28 -39 0
-24 24 -34 0
9 25 -42 0
36 -35 -40 0
-12 -49 -22 0
-32 1 -33 0
-46 6 -24 0
-5 43 30 0
6 -3 15 0
-22 -10 3 0
-12 40 -32 0
44 -16 -39 0
-28 41 13 0
41 -19 -47 0
-31 46 -43 0
-34 23 14 0
50 33 49 0
-36 -30 31 0
-27 -23 5 0
-17 -39 -41 0
-20 -23 2 0
14 -8 37 0
38 17 49 0
-32 -50 -22 0
-3 38 36 0
6 49 -16 0
30 5 45 0
-12 19 -27 0
42 -29 20 0
49 -50 -21 0
-7 -5 33 0
-8 25 -25 0
35 3 -25 0
9 -43 -25 0
19 -28 36 0
-25 38 -27 0
-22 -3 -38 0
-19 -28 42 0
4 3 -32 0
-49 -10 -46 0
10 -23 33 0
-39 44 14 0
42 46 -7 0
-10 -12 13 0
44 -44 -25 0
-5 -9 18 0
-50 -7 47 0
47 10 -40 0
-3 9 -32 0
45 -32 13 0
-6 -12 -19 0
32 -50 -27 0
45 -27 -39 0
38 -12 -4 0
16 19 -34 0
14 11 41 0
30 16 8 0
5 10 -3 0
-34 37 -49 0
40 5 49 0
2 -50 -26 0
34 25 14 0
30 -1 41 0
-42 -6 31 0
1 -22 32 0
37 -13 -9 0
11 11 -41 0
29 44 35 0
-33 15 -36 0
-6 38 5 0
30 -49 -10 0
6 46 18 0
-34 -35 47 0
-41 -34 -3 0
-33 8 -10 0
12 -28 9 0
-26 21 -34 0
49 -7 -15 0
10 36 48 0
-13 -23 -11 0
-38 18 37 0
-2 -17 29 0
4 48 41 0
-27 15 -42 0
13 -2 39 0
13 -17 -43 0
21 -15 -7 0
42 -41 -31 0
4 8 24 0
-22 -49 -17 0
-9 38 1 0
19 38 -32 0
27 -40 -28 0
-34 38 48 0
-43 -24 -10 0
42 31 9 0
40 -29 28 0
16 -4 -50 0
16 -8 -44 0
-44 19 -25 0
-9 -8 44 0
19 -25 49 0
-31 45 -13 0
36 -13 -3 0
-31 43 33 0
-39 15 -15 0
47 4 9 0
23 39 -25 0
-28 -18 -14 0
-16 -33 10 0
17 37 46 0
8 -8 -21 0
43 -46 -12 0
-38 27 -7 0
21 -3 -15 0
-18 19 -11 0
10 35 9 0
4 47 -18 0
33 31 49 0
-28 10 -50 0
13 -36 4 0
-18 -18 29 0
9 -26 -45 0
-10 -18 -2 0
-4 49 38 0
-50 -16 -23 0
38 50 13 0
46 -24 41 0
19 -11 25 0
-44 39 46 0
-11 -31 -11 0
-31 19 -5 0
14 24 -18 0
6 -39 20 0
-15 7 -7 0
48 2 35 0
-48 7 -33 0
-23 -25 -32 0
-24 9 25 0
-33 -9 -45 0
34 25 -38 0
4 43 -47 0
-14 8 -18 0
10 -33 30 0
10 -18 7 0
-12 -45 -39 0
29 47 21 0
24 -22 -48 0
-8 -40 41 0
-29 -40 -36 0
35 3 -44 0
43 15 -43 0
-39 37 23 0
41 32 3 0
-32 2 44 0
-6 13 -42 0
44 9 14 0
-16 33 -12 0
-7 40 -6 0
-24 12 41 0
-27 -47 -16 0
4 -47 36 0
-23 24 -28 0
46 -30 -39 0
20 -5 26 0
-12 21 -48 0
-35 11 44 0
-19 -36 49 0
46 -27 16 0
-29 41 -40 0
-39 -3 -38 0
-33 34 37 0
34 -13 -11 0
-41 -36 -45 0
21 -14 -44 0
