c CNF generator v0.9
p cnf 50 275
-12 -28 29 0
-3 -14 -33 0
20 -46 -45 0
-3 -35 -42 0
22 -5 14 0
23 38 17 0
33 25 50 0
-24 -43 36 0
-21 34 50 0
22 38 -24 0
-41 -48 3 0
-3 19 -10 0
20 -36 -24 0
-16 48 22 0
-8 5 -25 0
27 -11 -23 0
-11 -16 21 0
-23 14 -37 0
35 -23 24 0
-41 34 -43 0
-30 16 29 0
37 4 23 0
-16 -26 -24 0
-21 -20 -4 0
2 22 -31 0
-9 16 -31 0
-11 33 -2 0
-32 -25 -26 0
9 -26 43 0
-8 -40 -41 0
6 31 45 0
-13 -36 24 0
35 32 -7 0
-29 34 -15 0
-47 -1 39 0
15 15 41 0
42 -8 -22 0
-1 -38 39 0
-36 16 -45 0
28 -14 -22 0
-5 -28 48 0
-5 1 -29 0
-7 -13 -18 0
-17 24 -19 0
-22 46 -45 0
37 -20 -12 0
-32 33 46 0
-20 -44 45 0
36 -38 39 0
-9 -2 17 0
-9 40 -19 0
-33 -24 -38 0
-18 8 34 0
46 -19 14 0
43 -10 -29 0
-50 2 34 0
-11 -3 -12 0
-4 37 -29 0
10 15 -48 0
-31 -4 4 0
43 -19 9 0
-13 -46 46 0
-30 -37 -50 0
40 36 -1 0
35 -41 23 0
4 41 34 0
-49 -39 46 0
20 49 38 0
16 -40 -4 0
-38 -23 -8 0
-6 -2 42 0
-25 -28 -49 0
-18 13 12 0
-46 -7 -29 0
-49 8 -10 0
28 40 -6 0
34 -48 34 0
16 -36 3 0
25 -2 -15 0
49 -26 40 0
-12 33 42 0
-49 31 -35 0
-34 -1 1 0
6 43 -2 0
-8 -38 38 0
-26 -12 -23 0
12 18 -13 0
-34 10 -43 0
-41 -20 -35 0
-49 -3 20 0
-29 -29 -4 0
50 -19 21 0
7 39 49 0
-41 -42 13 0
-11 12 -40 0
-19 -41 16 0
13 -2 33 0
-40 -26 14 0
24 -32 -15 0
-16 -45 -8 0
-3 -5 -19 0
27 19 10 0
50 32 -44 0
-39 33 -16 0
39 39 18 0
31 22 -7 0
33 8 -42 0
46 44 35 0
-50 20 -19 0
-4 8 -13 0
-41 -19 -9 0
-50 -14 40 0
4 -43 -25 0
-7 -32 11 0
6 -38 30 0
-2 2 -19 0
-6 48 31 0
-45 39 17 0
-35 49 -12 0
6 13 -25 0
24 -25 2 0
34 40 32 0
-8 17 14 0
-5 26 -11 0
-17 38 -27 0
35 -32 -16 0
5 49 -49 0
35 -22 30 0
-32 -33 36 0
-50 -1 47 0
24 17 -2 0
38 36 43 0
35 41 23 0
-32 26 -37 0
13 -46 5 0
-10 -24 47 0
-47 24 26 0
-19 -49 -13 0
-14 32 -26 0
-1 -8 -38 0
-23 -36 -14 0
-16 -48 -46 0
-23 -48 18 0
-1 -38 -32 0
39 32 31 0
10 -35 25 0
-47 14 -45 0
40 2 -4 0
44 -21 -29 0
-18 -42 -17 0
39 49 26 0
46 49 4 0
46 -12 -23 0
-3 -33 -15 0
-11 29 -32 0
17 -13 -8 0
-3 -18 31 0
-43 24 -12 0
44 40 -9 0
-41 -27 38 0
40 37 25 0
30 44 15 0
22 42 17 0
27 -46 -19 0
-19 -25 -48 0
36 21 41 0
7 40 -13 0
-37 -28 -14 0
-31 -44 2 0
41 -48 -9 0
-28 -21 -32 0
33 40 -37 0
-39 -30 -19 0
30 38 41 0
45 32 -34 0
-15 34 38 0
46 -41 -13 0
-50 26 40 0
30 -39 40 0
33 5 23 0
-5 39 -10 0
40 18 10 0
-34 24 18 0
-21 34 20 0
-49 -3 42 0
28 -2 11 0
-35 30 -8 0
5 30 -26 0
36 5 37 0
28 9 -5 0
19 -30 31 0
5 6 -30 0
39 22 -37 0
-16 -1 41 0
-8 39 36 0
16 5 -42 0
-50 -3 -7 0
36 31 2 0
-24 23 -43 0
-48 7 -26 0
-22 -38 6 0
-45 -26 -47 0
21 41 -38 0
-17 -24 -29 0
18 -30 11 0
35 47 -48 0
-13 -4 -44 0
-15 -16 14 0
-15 -33 -39 0
-37 -3 8 0
-37 5 -17 0
28 3 -40 0
28 26 18 0
-14 25 -30 0
-48 11 -2 0
-10 13 -24 0
-31 17 -33 0
8 -50 -12 0
26 42 32 0
-26 45 18 0
29 37 -48 0
29 23 23 0
-8 3 -25 0
-44 1 -16 0
-28 4 32 0
42 48 31 0
38 8 -17 0
24 -25 42 0
34 39 -46 0
14 6 -14 0
34 -7 -9 0
-17 39 25 0
40 -20 43 0
21 25 41 0
-17 -37 18 0
-11 -26 -48 0
2 47 -14 0
3 14 13 0
43 30 -6 0
-49 -32 42 0
-20 18 29 0
18 47 23 0
48 -5 17 0
21 1 30 0
-48 36 34 0
14 -45 35 0
-19 26 -32 0
-25 -45 28 0
29 34 7 0
39 -49 -28 0
-24 23 36 0
-27 -6 -15 0
-41 9 -30 0
-29 -2 16 0
42 -21 9 0
37 5 -42 0
-41 32 -23 0
-30 34 -3 0
-42 5 -42 0
18 -44 32 0
-31 -43 19 0
-19 -22 -20 0
37 8 1 0
49 37 1 0
-38 8 -16 0
-23 34 -22 0
18 14 -18 0
-31 21 -26 0
-43 25 -16 0
27 44 -23 0
25 12 -10 0
-35 -21 -8 0
-41 29 37 0
-11 -10 -3 0
-27 -47 2 0
