c CNF generator v0.9
p cnf 50 275
-3 -15 -11 0
-9 8 -3 0
47 15 -24 0
-6 44 38 0
31 11 -5 0
47 -23 -24 0
38 -15 9 0
-25 25 -30 0
45 -9 -36 0
-1 28 50 0
41 -9 -12 0
3 30 -36 0
1 12 30 0
18 3 -1 0
6 25 41 0
-43 30 -44 0
14 -8 -24 0
-36 -18 -2 0
40 49 -50 0
-9 -27 36 0
-20 16 37 0
-16 48 -39 0
18 17 22 0
4 26 -47 0
49 -33 -22 0
41 -5 29 0
-29 -37 6 0
49 -19 -36 0
17 -47 -10 0
-24 6 -47 0
48 5 46 0
-23 -19 -34 0
-45 -37 -49 0
-40 33 -22 0
-1 -22 4 0
-20 -32 37 0
-23 49 32 0
-27 -19 16 0
-49 27 1 0
-45 -1 -7 0
11 -41 -31 0
12 9 6 0
-37 46 -16 0
44 19 1 0
32 40 -3 0
-36 -25 30 0
44 43 10 0
-4 45 16 0
-23 17 20 0
-3 8 4 0
-14 43 -1 0
40 -35 39 0
-3 15 -22 0
17 -8 49 0
-29 25 3 0
-6 -9 12 0
-17 48 -21 0
13 16 -21 0
-29 -25 -32 0
16 17 49 0
-33 28 9 0
-42 -6 46 0
16 -32 -39 0
3 -20 -17 0
20 8 -11 0
-22 31 38 0
-3 10 -45 0
-11 -3 -15 0
-27 44 -14 0
20 -4 16 0
-20 -23 41 0
-50 -34 4 0
-2 -15 -34 0
-16 48 -7 0
21 -10 -42 0
45 39 40 0
-15 46 19 0
-42 37 42 0
28 7 9 0
-29 -6 5 0
-12 -7 29 0
-43 -44 -30 0
17 -10 24 0
34 -2 6 0
33 -46 -6 0
36 1 40 0
-17 37 16 0
11 -38 -45 0
11 -17 -31 0
46 -20 -38 0
18 18 -10 0
-17 -19 48 0
-48 -18 25 0
-34 -6 49 0
8 -40 -45 0
-39 50 29 0
-24 -9 -32 0
23 48 13 0
-38 -49 -13 0
21 24 -37 0
-47 26 8 0
-43 -48 49 0
24 -44 4 0
-20 -30 -2 0
24 34 -50 0
-26 10 -28 0
-13 -39 44 0
13 -6 -41 0
42 11 -39 0
8 -23 36 0
35 -28 -32 0
12 -34 -45 0
40 39 22 0
11 28 44 0
36 -22 45 0
25 -22 -41 0
27 21 41 0
-1 -8 -12 0
25 46 -18 0
29 -21 24 0
-3 29 8 0
-18 -33 -21 0
14 46 21 0
-29 6 -13 0
-26 -33 -29 0
32 3 -24 0
-30 -5 -31 0
-30 -46 -41 0
-9 -8 -20 0
5 20 -11 0
38 6 38 0
10 -15 -44 0
-34 48 14 0
-42 29 3 0
-19 -24 -45 0
-33 -29 47 0
26 -4 -14 0
10 -48 46 0
-35 -33 -45 0
17 21 -50 0
19 -35 17 0
-18 14 -47 0
37 2 -26 0
27 -23 2 0
42 -25 -25 0
29 17 -16 0
-5 27 34 0
-37 -15 14 0
-1 12 13 0
16 2 -43 0
-4 12 -17 0
-1 -38 -16 0
21 2 -44 0
-14 -37 5 0
-15 -2 47 0
-10 6 12 0
-36 11 11 0
-16 -41 -27 0
-33 49 33 0
8 28 -24 0
-21 11 33 0
-39 -30 6 0
25 -21 -18 0
-13 8 -23 0
-45 42 16 0
-12 -22 -22 0
6 -31 32 0
6 -24 -17 0
-26 19 34 0
-32 -27 2 0
8 -37 -14 0
-32 28 -6 0
-15 12 -39 0
-27 47 11 0
-50 -29 33 0
19 19 -46 0
5 41 10 0
-47 17 -3 0
2 -12 15 0
-43 -9 3 0
27 15 32 0
-33 -9 -1 0
24 -13 -20 0
-9 42 4 0
-38 30 30 0
-24 -18 -2 0
42 30 -2 0
-22 -15 -4 0
-30 40 4 0
21 -22 -7 0
16 18 -12 0
41 -34 -19 0
30 44 -21 0
21 -50 33 0
21 -28 -47 0
36 30 -41 0
-49 -29 -13 0
-25 -11 33 0
23 44 -19 0
35 21 30 0
-10 -14 -23 0
-50 -3 48 0
-8 -39 -27 0
42 17 13 0
38 -23 23 0
9 -19 31 0
-50 -14 43 0
50 44 11 0
-21 6 46 0
15 -10 17 0
-10 41 -3 0
-27 -13 13 0
9 -8 31 0
-3 -27 -33 0
35 -22 27 0
-13 13 -49 0
16 40 34 0
-2 7 35 0
12 48 8 0
-35 23 -49 0
-5 -6 -9 0
13 23 24 0
-48 -39 7 0
31 45 -11 0
36 37 -28 0
-6 26 -3 0
19 39 8 0
45 -33 34 0
19 47 37 0
34 -10 8 0
42 9 33 0
-16 4 -42 0
-30 -22 -17 0
22 -22 28 0
-3 1 24 0
27 34 1 0
-16 36 -25 0
48 12 -8 0
49 -1 -14 0
16 -43 34 0
42 -30 -49 0
-27 16 -2 0
5 39 38 0
14 -15 -30 0
-18 47 30 0
8 44 19 0
-1 25 -19 0
-39 43 43 0
20 -14 34 0
19 24 40 0
-24 -8 47 0
23 26 41 0
6 2 40 0
-8 16 -12 0
-5 12 -11 0
36 -43 30 0
-40 -19 19 0
4 -47 -30 0
-23 50 8 0
23 9 -8 0
-15 -39 -16 0
34 45 37 0
33 2 -18 0
4 19 16 0
-34 -19 -39 0
38 40 -42 0
32 15 -2 0
-46 21 -6 0
-39 -27 -6 0
-8 36 -47 0
30 -22 46 0
-22 -36 -49 0
6 16 19 0
-26 -44 4 0
37 -8 2 0
