c CNF generator v0.9
p cnf 50 275
-36 -1 28 0
-47 7 17 0
-13 42 -49 0
-23 -42 -46 0
-26 5 26 0
30 36 26 0
-24 -48 39 0
48 -31 10 0
22 21 46 0
-40 -22 43 0
-20 -35 30 0
16 6 1 0
45 41 -46 0
-15 24 -1 0
8 27 -8 0
-29 -8 37 0
-46 -38 -16 0
16 -26 45 0
32 15 -17 0
50 48 31 0
47 -3 24 0
30 20 -15 0
30 3 -36 0
-35 11 31 0
49 1 -32 0
-36 -33 -18 0
7 29 -19 0
23 15 40 0
-35 12 -30 0
3 2 19 0
33 8 -33 0
38 1 -42 0
-2 -18 -3 0
15 28 -27 0
10 -22 17 0
28 -11 -49 0
50 -8 -38 0
-32 -8 49 0
-34 2 8 0
19 19 -36 0
24 -10 -35 0
37 32 -31 0
-26 -11 -7 0
-7 -19 -47 0
-41 -10 -13 0
-14 -7 -32 0
-39 -33 -9 0
-46 5 -44 0
25 17 -28 0
-28 12 39 0
27 -46 40 0
-25 -45 6 0
-32 -6 -10 0
-29 19 -3 0
23 48 -40 0
-34 11 49 0
-20 -22 28 0
-16 -4 -26 0
48 15 36 0
-2 -44 -39 0
27 38 9 0
8 48 40 0
11 -30 -5 0
13 -34 45 0
-16 8 -45 0
-34 -22 17 0
10 -19 21 0
45 -42 -8 0
-48 -26 5 0
33 -43 3 0
42 -45 -45 0
6 -23 30 0
-21 -45 1 0
34 -50 -20 0
29 -33 -21 0
20 -44 -15 0
-16 16 -24 0
15 26 -7 0
37 38 33 0
7 -30 -31 0
-46 5 3 0
-18 17 -16 0
37 -10 -34 0
32 38 -43 0
-49 14 -41 0
25 -46 46 0
19 -2 -4 0
-14 29 33 0
37 -33 35 0
-45 3 -13 0
44 -33 -6 0
6 31 11 0
-29 30 -42 0
2 15 -50 0
34 49 46 0
-27 -45 49 0
43 -34 11 0
-49 -33 11 0
-38 50 -1 0
24 -27 5 0
18 -18 4 0
-4 -28 -7 0
43 -44 -26 0
40 27 38 0
-41 15 -45 0
7 22 -9 0
-20 43 -21 0
-22 6 38 0
15 35 -27 0
-4 14 -24 0
25 -33 13 0
-36 -48 -8 0
46 -11 -37 0
19 23 -38 0
22 -25 -37 0
1 33 -36 0
-3 -26 48 0
22 47 -44 0
-7 49 20 0
-10 36 -46 0
8 17 39 0
38 -30 -49 0
37 -39 41 0
34 17 -23 0
39 -44 41 0
43 17 21 0
-2 -42 -15 0
14 -13 2 0
15 47 -11 0
-22 43 49 0
21 43 33 0
-8 -10 14 0
5 -40 -20 0
3 2 35 0
-21 6 34 0
-45 -2 18 0
27 -31 29 0
42 -6 48 0
17 5 14 0
23 -5 -40 0
24 37 -36 0
-6 18 3 0
-6 -45 -35 0
-41 -3 -24 0
-1 3 -33 0
-21 -32 -43 0
2 43 -6 0
-9 22 -17 0
-28 -16 14 0
-8 17 -6 0
-20 -29 -43 0
50 44 22 0
17 14 27 0
-41 17 -2 0
-34 -49 -48 0
9 -40 -31 0
-15 30 -8 0
19 -50 17 0
-37 -46 -46 0
-25 2 -13 0
26 -31 3 0
-13 -19 -22 0
-35 49 18 0
6 33 -14 0
-15 6 8 0
30 32 12 0
2 15 -37 0
-1 -5 -18 0
-9 6 45 0
-50 30 43 0
-22 30 -38 0
44 38 -35 0
-15 -30 20 0
31 -41 -39 0
-31 -33 7 0
15 17 5 0
-49 -50 47 0
-47 39 -10 0
-4 34 -16 0
10 -40 -43 0
42 -23 -26 0
17 20 47 0
-7 37 27 0
36 -47 -10 0
34 -27 -7 0
-24 31 6 0
-33 -10 29 0
10 15 -41 0
-21 -11 -33 0
-19 -11 21 0
-22 -4 -13 0
-40 14 -42 0
35 -36 -29 0
-13 -8 -50 0
-1 23 46 0
-16 -47 13 0
14 6 -40 0
24 26 -41 0
-25 45 5 0
28 15 28 0
-44 9 33 0
5 -49 19 0
13 -50 6 0
3 -36 -7 0
-31 -5 31 0
41 -39 20 0
8 -38 35 0
-36 -31 7 0
29 17 43 0
-5 28 -25 0
20 -12 -29 0
-24 -15 49 0
-26 -4 43 0
-37 13 -16 0
2 -39 -38 0
27 20 -28 0
2 6 50 0
21 -32 26 0
-14 -39 -20 0
-5 -25 48 0
14 -11 -29 0
-41 22 -39 0
-13 32 26 0
-17 -30 5 0
32 -46 -41 0
42 -32 45 0
46 -14 23 0
-24 -24 -13 0
37 -40 47 0
-4 -17 -14 0
-16 18 7 0
27 -16 -31 0
42 24 23 0
4 17 50 0
-30 15 3 0
10 3 42 0
-50 -48 -21 0
36 29 -10 0
1 19 -13 0
-10 15 24 0
-5 -35 8 0
-27 -17 -16 0
29 -33 29 0
24 13 -49 0
-50 -43 -29 0
47 -43 -25 0
-9 39 23 0
-45 31 -22 0
-45 34 22 0
-42 -14 -42 0
30 -18 50 0
-9 -19 -17 0
-24 -4 44 0
-35 43 49 0
38 39 15 0
48 -44 43 0
6 -45 -7 0
4 -33 -8 0
48 -12 -2 0
49 50 26 0
40 -19 40 0
48 -6 10 0
-31 42 -46 0
-38 31 -33 0
41 -22 42 0
-19 24 -2 0
37 -45 3 0
17 -45 29 0
44 -23 -44 0
28 -16 37 0
50 -14 29 0
-29 5 13 0
-9 19 -32 0
-1 24 -38 0
-29 -4 -5 0
