c CNF generator v0.9
p cnf 50 275
-5 9 -24 0
10 -47 19 0
-34 -11 -2 0
6 -14 -2 0
-35 41 -31 0
3 -30 -39 0
-45 -42 -36 0
20 -30 -37 0
7 -31 -20 0
38 46 44 0
45 -30 22 0
36 11 37 0
37 -14 9 0
-10 -33 14 0
9 40 -46 0
43 34 -42 0
-29 -48 26 0
43 33 -33 0
44 42 -44 0
-10 22 14 0
15 23 39 0
46 50 31 0
7 10 32 0
-25 -8 42 0
-33 14 -40 0
16 11 -47 0
-48 -4 32 0
-2 7 47 0
48 -26 -18 0
27 44 -23 0
-40 1 -32 0
-29 18 -18 0
-21 8 43 0
-12 -25 -38 0
15 -1 -20 0
17 -43 -29 0
-40 -24 -41 0
-5 -18 35 0
-43 -9 9 0
-6 9 28 0
25 -34 42 0
-44 1 -38 0
-5 32 -25 0
-5 28 45 0
-14 35 -4 0
18 12 -29 0
48 16 21 0
48 17 -17 0
32 -37 22 0
-9 -34 49 0
-47 -26 44 0
11 -33 33 0
8 35 -41 0
-48 29 -46 0
34 -37 7 0
48 -41 -39 0
1 -20 40 0
-25 18 5 0
-45 -44 -28 0
29 49 3 0
7 -28 -49 0
43 15 -42 0
23 24 29 0
35 -10 39 0
5 20 42 0
13 2 43 0
-45 23 -40 0
-2 31 24 0
-13 -31 47 0
-38 -50 29 0
6 -10 -48 0
-37 26 -43 0
22 35 -6 0
13 -22 17 0
34 44 35 0
-21 -46 21 0
19 9 -5 0
-5 -33 -18 0
-9 49 24 0
4 -47 49 0
40 11 5 0
48 8 -46 0
-19 -44 45 0
47 2 -30 0
10 27 29 0
45 -7 -39 0
33 33 -43 0
-4 -22 10 0
13 44 -23 0
-41 32 42 0
38 -4 -42 0
-3 -37 33 0
-25 47 -38 0
6 -8 4 0
-19 48 45 0
40 30 37 0
43 -35 -3 0
-50 36 31 0
-2 -46 46 0
12 -49 -19 0
-9 30 50 0
46 37 -15 0
32 -46 29 0
-40 -13 4 0
32 22 -14 0
-43 25 28 0
-18 31 32 0
-7 -32 23 0
-12 48 18 0
41 37 30 0
21 -37 27 0
-39 1 28 0
-33 -10 -42 0
3 -31 2 0
-16 50 49 0
-40 27 27 0
-27 -5 -17 0
5 22 -33 0
14 -36 12 0
29 -37 9 0
-5 -34 -9 0
-37 -19 -30 0
36 32 6 0
-3 -29 2 0
12 39 -39 0
42 -37 -18 0
-21 -41 41 0
-16 49 22 0
27 20 49 0
-1 14 -44 0
45 -22 17 0
25 -21 32 0
-47 -3 46 0
-37 -28 18 0
17 17 20 0
-1 28 3 0
7 4 40 0
5 43 -7 0
7 -15 -4 0
15 -10 -12 0
32 43 1 0
38 -45 1 0
17 30 -5 0
19 -45 14 0
37 10 -11 0
20 -41 -37 0
-48 19 -11 0
36 29 -37 0
-45 -42 -31 0
-25 -29 -36 0
49 16 44 0
15 2 4 0
13 33 -34 0
-47 47 20 0
2 -15 20 0
44 11 48 0
-27 41 -39 0
32 -9 6 0
-11 -35 -45 0
45 -9 12 0
-44 -4 8 0
2 -21 -46 0
-44 -9 -37 0
-41 -17 -43 0
-24 -33 50 0
45 -27 -36 0
25 -47 31 0
-49 5 22 0
-49 31 29 0
-15 -6 -50 0
33 20 -19 0
-46 -27 -38 0
-31 -4 21 0
8 -45 21 0
19 31 36 0
-22 -43 -35 0
25 12 -44 0
21 24 -31 0
47 23 -5 0
-25 -7 -18 0
-22 50 18 0
-7 -14 8 0
-47 34 -40 0
-13 -8 13 0
37 39 26 0
21 -37 1 0
34 -21 -30 0
-29 -32 50 0
38 35 -23 0
14 42 24 0
-11 -24 27 0
39 24 45 0
24 -28 -34 0
-3 42 -31 0
31 27 -38 0
-31 11 -7 0
28 16 -16 0
7 -46 11 0
33 11 -21 0
48 -9 -27 0
-20 -15 -35 0
-37 -42 -33 0
-23 -14 -9 0
28 10 7 0
-37 -35 40 0
10 30 24 0
-35 50 -17 0
47 -16 -14 0
11 28 -34 0
-18 6 -8 0
33 -8 -31 0
30 45 18 0
-43 -29 34 0
-39 -19 -16 0
6 -42 -34 0
-20 40 50 0
29 -48 -38 0
-14 -48 -47 0
-17 -14 21 0
-19 32 -27 0
-25 -5 -14 0
-48 -44 -21 0
-25 47 -4 0
9 -3 46 0
47 39 -4 0
46 -3 -23 0
-37 -50 40 0
9 11 47 0
-39 -22 27 0
-11 45 2 0
-45 41 18 0
4 16 17 0
-2 10 -10 0
36 23 -21 0
38 29 -27 0
-17 36 -27 0
-4 -44 -7 0
-18 15 5 0
9 -35 30 0
-6 -21 45 0
25 -11 -44 0
-48 -24 23 0
-15 25 -45 0
-45 -1 11 0
44 -7 -41 0
-43 -19 32 0
-34 -34 18 0
-38 10 -30 0
28 -27 -45 0
-2 -45 -3 0
-40 -5 19 0
-32 30 -2 0
-1 -37 25 0
-36 -43 -37 0
17 -50 22 0
11 -34 -22 0
-21 20 6 0
-14 43 11 0
26 1 -7 0
-3 34 -48 0
-21 48 -2 0
-47 -21 -23 0
-3 -25 -3 0
29 -48 -36 0
22 16 -2 0
-42 -41 36 0
7 20 -44 0
43 26 2 0
7 -43 -12 0
17 -43 -29 0
12 -14 -38 0
-13 38 -35 0
34 -19 -10 0
-19 -26 -20 0
17 -38 -39 0
