c CNF generator v0.9
p cnf 50 275
-19 30 2 0
-9 5 -2 0
3 30 -20 0
-18 26 16 0
12 -49 -10 0
-46 -34 50 0
-46 46 41 0
28 21 45 0
4 -18 7 0
-45 -38 -8 0
-16 9 -35 0
-49 -9 -16 0
13 -26 33 0
-37 14 43 0
-22 24 43 0
-24 -17 -7 0
39 42 14 0
-3 -42 -18 0
11 4 28 0
-33 21 13 0
17 -46 -40 0
-2 41 -47 0
-4 5 20 0
-21 41 38 0
-21 -43 30 0
-48 -8 15 0
3 -35 -14 0
-41 -25 18 0
-22 -33 40 0
38 48 -14 0
-48 -9 -31 0
-44 34 6 0
49 -29 -37 0
-40 47 21 0
-19 -32 -21 0
43 -26 31 0
47 34 -30 0
16 45 -48 0
4 -2 7 0
24 46 5 0
27 25 -42 0
-4 -8 1 0
18 9 31 0
-37 25 -25 0
32 -11 -23 0
-25 -27 49 0
10 7 43 0
-26 -19 42 0
-42 25 -39 0
15 -35 29 0
21 5 -7 0
-7 7 -40 0
-39 -11 6 0
-13 50 13 0
-8 11 23 0
-19 47 27 0
14 24 -27 0
42 -14 23 0
22 -35 10 0
2 -46 41 0
-38 -44 -39 0
-33 -34 29 0
19 35 8 0
30 39 3 0
-37 21 8 0
-22 -49 45 0
15 15 -13 0
3 -49 -34 0
44 21 -20 0
1 -9 9 0
-31 -16 43 0
29 44 7 0
11 -34 -29 0
-22 3 41 0
33 9 2 0
-35 -43 -38 0
42 6 20 0
-9 -12 -40 0
-46 -31 -47 0
41 14 -15 0
5 24 -12 0
-18 -20 7 0
7 -35 8 0
28 -1 40 0
-25 44 -33 0
5 -1 -31 0
-18 50 40 0
4 38 -5 0
-34 2 -18 0
-2 40 -33 0
47 -6 43 0
-18 16 22 0
23 -30 42 0
17 39 44 0
11 5 -8 0
47 31 -33 0
-49 -8 -21 0
-12 -21 1 0
7 37 -3 0
42 -47 29 0
-15 13 -23 0
18 -27 24 0
31 20 -7 0
12 41 3 0
42 -42 -40 0
-2 16 26 0
4 -44 28 0
-41 26 -22 0
-50 -3 -3 0
-28 -48 -5 0
-8 -12 42 0
47 -50 -14 0
23 -17 13 0
-48 36 -24 0
-1 -7 -35 0
23 4 -6 0
-37 45 7 0
34 22 -39 0
24 2 -17 0
-6 43 12 0
5 -46 -1 0
-25 -18 13 0
44 -19 -7 0
-7 -29 31 0
42 43 50 0
42 23 -35 0
25 -39 -50 0
44 29 13 0
47 -28 48 0
5 -22 15 0
45 -39 -28 0
-49 26 3 0
-43 46 -33 0
-43 45 -41 0
-31 35 41 0
31 42 11 0
-26 24 -37 0
14 43 34 0
-10 23 -13 0
15 -26 -13 0
-36 16 3 0
8 33 -23 0
-41 16 1 0
-41 44 -6 0
-22 -19 23 0
-33 -25 -6 0
3 -14 -8 0
6 -29 -22 0
14 48 -34 0
-22 27 -12 0
-38 -26 -4 0
-3 -19 36 0
24 -41 -28 0
-42 46 -19 0
37 27 -34 0
-23 -15 42 0
5 34 -14 0
-16 -34 43 0
-19 -44 7 0
-21 -11 -29 0
-32 24 32 0
-35 46 49 0
-3 35 14 0
17 2 10 0
-18 -50 -4 0
30 -7 -10 0
7 3 -21 0
44 -17 34 0
-24 6 -39 0
-19 -36 -23 0
43 40 37 0
33 -19 -25 0
-18 40 34 0
45 -29 -19 0
16 -37 12 0
-49 36 11 0
10 14 -26 0
-2 -17 39 0
32 23 -34 0
-49 21 -29 0
-6 -1 -44 0
-45 26 29 0
10 42 46 0
24 -32 -38 0
47 -19 -48 0
21 -50 -22 0
-49 -13 33 0
19 36 -19 0
26 -29 37 0
34 -39 -20 0
-7 45 49 0
-37 -19 9 0
16 -16 -29 0
-3 15 -35 0
-46 27 38 0
37 19 32 0
36 -37 23 0
-14 -48 22 0
43 -24 14 0
-18 12 37 0
-28 3 -16 0
32 -28 -28 0
4 -30 -41 0
-6 -38 49 0
24 43 48 0
-49 -21 3 0
-20 -34 -11 0
47 46 -39 0
1 -42 -28 0
7 37 21 0
-40 -3 27 0
47 28 -20 0
49 4 39 0
36 34 12 0
12 26 49 0
19 -44 36 0
24 40 -39 0
-8 12 30 0
44 17 -48 0
19 37 45 0
23 22 23 0
37 -5 -40 0
21 38 31 0
43 21 14 0
-35 8 43 0
-10 26 -7 0
6 -36 -25 0
-44 -22 45 0
-20 44 -40 0
-17 22 22 0
38 2 2 0
9 -13 -47 0
29 -16 34 0
13 -9 13 0
50 45 1 0
10 49 -23 0
-36 -11 -42 0
-10 37 43 0
32 39 38 0
-39 50 -27 0
-45 38 -23 0
26 -49 -16 0
-9 -4 -1 0
45 -31 16 0
16 4 -12 0
-49 -43 -49 0
-38 19 -17 0
-48 -11 12 0
-16 50 -17 0
14 -9 -41 0
-38 23 25 0
11 6 -34 0
50 32 49 0
-33 -20 19 0
34 -49 -6 0
9 -45 -41 0
46 27 -3 0
39 23 2 0
17 30 -30 0
-1 7 -41 0
-33 31 23 0
-21 26 -38 0
-40 -16 -21 0
-5 -39 45 0
17 25 15 0
-13 28 14 0
-10 -8 -44 0
26 6 -15 0
-50 7 46 0
26 -33 -34 0
4 28 -43 0
7 -8 11 0
17 -2 43 0
48 -45 -49 0
27 3 -23 0
