c CNF generator v0.9
p cnf 50 287
31 -9 24 0
-1 -30 -36 0
-21 -45 50 0
-23 -12 10 0
-6 -1 -48 0
47 14 -8 0
-31 -5 -1 0
29 20 20 0
1 26 -8 0
50 -12 -15 0
4 -2 -43 0
31 -47 -50 0
7 25 -25 0
3 15 -7 0
-1 49 49 0
-19 1 -25 0
12 -1 40 0
-41 -44 5 0
20 27 36 0
40 -28 49 0
-21 20 -7 0
42 -7 -9 0
-10 42 35 0
26 30 8 0
6 1 -22 0
-10 21 -27 0
-28 3 20 0
-38 -24 33 0
-2 13 -28 0
36 -28 46 0
4 13 -21 0
-23 19 -34 0
-37 -4 4 0
4 8 -32 0
29 -15 15 0
40 44 -50 0
-50 18 -3 0
10 -32 17 0
-2 -50 10 0
-49 37 10 0
11 44 -32 0
49 -9 -38 0
-19 4 40 0
18 33 -32 0
40 48 48 0
-12 37 -15 0
-47 -45 -6 0
-8 -7 43 0
15 41 -23 0
20 11 44 0
-29 45 23 0
21 -24 -23 0
-42 33 28 0
49 4 -27 0
27 35 32 0
26 21 -34 0
48 -2 5 0
-21 -14 9 0
25 -31 -13 0
-49 -21 17 0
-49 -1 -28 0
37 -32 4 0
-44 45 -4 0
-26 9 10 0
-13 -17 50 0
4 -14 -9 0
-6 -18 28 0
-12 -28 -43 0
-14 30 -50 0
-3 -48 -30 0
48 -5 5 0
-30 -50 -46 0
16 3 -2 0
-8 18 -39 0
35 -37 -2 0
-44 -28 -25 0
-48 41 37 0
31 4 -50 0
27 19 -4 0
-41 18 17 0
-43 -20 39 0
44 17 35 0
50 -37 -18 0
-36 27 14 0
48 7 10 0
-32 26 -12 0
36 -40 48 0
35 23 21 0
10 -35 -15 0
17 -24 50 0
-14 5 -8 0
35 -24 12 0
-43 -25 -21 0
-20 50 -47 0
-33 33 43 0
-24 15 43 0
19 40 -10 0
-18 6 -9 0
-16 6 44 0
-38 48 -47 0
18 -27 44 0
-26 29 15 0
31 36 -2 0
-8 30 -21 0
-20 -5 -6 0
49 41 -23 0
-49 -35 29 0
-17 -49 5 0
28 -27 42 0
2 -6 -31 0
-24 -3 -49 0
-20 19 40 0
-30 14 6 0
-38 18 48 0
40 -34 -20 0
-11 -11 -1 0
-13 -34 -42 0
7 -34 4 0
-3 15 -47 0
-13 -34 35 0
42 -39 22 0
-10 33 -50 0
41 -31 44 0
14 -48 -44 0
29 -23 25 0
23 20 49 0
-40 -45 -34 0
7 47 -29 0
-27 -7 -9 0
-49 -26 -23 0
-44 4 39 0
-21 34 50 0
32 45 25 0
-9 -45 14 0
3 45 -13 0
6 12 11 0
-33 33 1 0
-35 39 -32 0
-11 -49 -49 0
49 40 17 0
-46 16 12 0
-9 -1 -49 0
40 -37 -7 0
28 2 10 0
41 -42 31 0
43 -16 -3 0
-15 -36 33 0
-34 -48 42 0
38 -43 -29 0
-48 40 32 0
27 -31 -47 0
18 -36 -32 0
-24 -8 -2 0
10 46 -3 0
-15 15 -32 0
38 -13 36 0
-3 -2 -15 0
33 -50 40 0
-23 -22 37 0
17 12 16 0
-8 -21 29 0
5 22 15 0
19 -14 -43 0
9 17 33 0
33 31 48 0
-34 36 37 0
-47 34 18 0
41 -12 -4 0
-11 -23 -35 0
7 -24 -38 0
-16 41 46 0
-36 28 -17 0
45 -32 -19 0
39 -28 -1 0
39 24 50 0
47 7 -49 0
18 -15 -39 0
16 -2 -42 0
-32 26 -50 0
-11 -18 -47 0
-27 36 -20 0
-10 -36 -15 0
32 -38 -37 0
-9 -24 35 0
11 -17 -8 0
-16 -37 -48 0
-12 -13 30 0
-14 -9 24 0
31 -32 1 0
-6 -41 39 0
-26 -28 20 0
23 33 -17 0
-36 -16 35 0
-18 12 -6 0
-18 -4 -14 0
-15 42 -14 0
-45 37 49 0
-30 28 50 0
-21 -6 14 0
-13 -29 -1 0
-22 -41 -30 0
-36 2 2 0
-7 38 4 0
-33 -46 39 0
-36 -7 37 0
32 31 40 0
-43 46 -36 0
42 -6 -24 0
-39 -25 -8 0
18 -48 -18 0
7 -1 4 0
-29 -29 -8 0
26 31 11 0
-23 -17 45 0
-34 -27 33 0
-40 10 -40 0
50 -49 -16 0
-25 14 -36 0
36 41 -43 0
2 20 4 0
44 -39 25 0
-32 21 8 0
32 49 -7 0
4 22 42 0
-15 14 -21 0
-33 19 -6 0
33 -34 4 0
-34 1 30 0
34 26 -12 0
3 16 -37 0
-33 13 4 0
-15 29 -10 0
15 -27 28 0
38 41 -48 0
27 46 -6 0
-22 7 9 0
41 35 49 0
20 10 -38 0
-9 -1 28 0
42 29 -25 0
44 38 -25 0
-11 -34 43 0
-25 13 17 0
32 4 5 0
-13 23 28 0
-47 19 -29 0
-43 31 31 0
-39 -30 -31 0
5 48 32 0
45 26 11 0
37 46 39 0
26 2 -27 0
-32 26 -12 0
15 -38 -25 0
44 -5 -43 0
-41 -26 -43 0
-42 -46 15 0
-40 -15 27 0
41 -19 15 0
-27 19 -43 0
4 -30 -1 0
-17 -20 -5 0
49 25 28 0
-16 46 33 0
44 48 -11 0
36 -46 -44 0
12 -38 -5 0
9 -7 -34 0
7 47 3 0
-6 -49 46 0
-43 42 -42 0
40 13 26 0
-17 7 41 0
-42 10 45 0
21 -38 23 0
-22 -24 23 0
-22 -4 -3 0
-35 -32 -32 0
11 -47 32 0
32 25 4 0
50 -29 49 0
33 -47 -39 0
-42 40 16 0
-38 -50 29 0
23 -31 42 0
21 -15 -8 0
20 -18 -4 0
