c CNF generator v0.9
p cnf 50 287
-41 -36 -34 0
-24 38 -36 0
37 -20 34 0
-29 -22 17 0
34 22 10 0
-5 -10 -45 0
12 -14 -32 0
50 -5 -15 0
25 14 -4 0
-14 10 -4 0
15 -24 10 0
-12 -16 3 0
49 2 22 0
11 34 -18 0
40 -3 13 0
-10 -47 -26 0
-17 20 41 0
-13 39 24 0
-25 -46 15 0
19 30 8 0
41 -32 35 0
-11 -2 -7 0
36 -24 -12 0
49 20 44 0
19 -4 18 0
4 -36 -43 0
29 34 -38 0
-2 -36 -20 0
20 -14 31 0
14 -6 -39 0
-33 -47 -34 0
-33 -44 -48 0
-49 6 35 0
13 45 -46 0
-21 9 -13 0
-30 -11 -9 0
-13 28 -8 0
24 -23 -7 0
38 41 -35 0
-45 39 7 0
-46 -41 26 0
-14 33 16 0
-46 3 -16 0
30 -49 48 0
-28 -3 -4 0
-8 -23 28 0
-35 34 18 0
-25 -36 44 0
18 -13 25 0
-44 40 -16 0
-21 4 2 0
17 -1 5 0
-50 23 -41 0
-25 -15 -35 0
-18 -47 11 0
-26 45 6 0
41 40 22 0
-28 29 33 0
-1 10 1 0
49 45 49 0
7 -27 -13 0
-17 16 -31 0
-40 -45 11 0
-44 -19 11 0
42 42 -1 0
-4 -30 -40 0
-25 -43 -3 0
-30 2 -42 0
-19 -36 -1 0
20 -2 39 0
-21 33 45 0
-41 -13 38 0
-21 16 -2 0
10 5 -5 0
36 37 -8 0
-18 5 40 0
42 -21 40 0
21 50 -45 0
30 -7 16 0
30 43 50 0
17 -37 -5 0
37 40 1 0
28 -7 7 0
-50 -49 23 0
-47 8 33 0
-42 -3 26 0
40 31 -14 0
-15 39 -50 0
-26 44 29 0
39 -32 -38 0
11 -35 -15 0
-32 -9 -33 0
10 -11 36 0
24 23 35 0
7 -44 6 0
-50 -38 43 0
-13 -25 -4 0
25 36 18 0
-21 49 -9 0
-23 -7 38 0
36 -6 -29 0
43 48 12 0
-35 23 2 0
-25 -15 -6 0
22 47 -33 0
3 8 -27 0
8 35 -42 0
-11 19 41 0
-29 -30 -37 0
10 -27 -32 0
22 -12 12 0
6 1 33 0
12 -49 -37 0
20 -38 -6 0
36 -9 -27 0
34 32 -46 0
20 -37 7 0
-29 -14 -33 0
-48 -21 40 0
20 -7 41 0
30 26 19 0
-3 -8 43 0
-14 -1 -20 0
-29 -16 -26 0
-36 40 45 0
23 2 39 0
-10 -13 -29 0
6 26 41 0
18 6 -8 0
1 -22 36 0
15 -50 -13 0
-45 22 -47 0
-20 45 -34 0
20 32 22 0
-4 39 14 0
-19 -2 18 0
-3 36 14 0
47 19 -15 0
-34 -38 32 0
2 47 33 0
6 -14 -41 0
-7 20 3 0
45 -13 14 0
-37 -43 47 0
16 26 -3 0
-1 13 -35 0
35 49 -14 0
-15 -9 -46 0
3 -50 16 0
15 -4 42 0
-37 -33 -2 0
1 21 -3 0
-2 -34 -19 0
37 31 4 0
14 -5 40 0
20 -26 41 0
-3 -31 -49 0
-46 -29 45 0
41 -8 -40 0
13 -12 -10 0
-37 -19 -41 0
32 -45 39 0
19 -42 -29 0
-12 12 -45 0
46 -5 17 0
-50 23 30 0
17 33 38 0
-17 48 -35 0
11 47 -45 0
-46 -36 -35 0
-22 4 1 0
4 11 -44 0
-30 -20 12 0
30 36 20 0
39 -8 34 0
41 24 36 0
39 -8 -20 0
27 -49 -13 0
-36 -47 -44 0
15 -28 14 0
-33 -14 -22 0
-24 43 36 0
-41 -45 23 0
40 21 30 0
6 -38 -15 0
-34 -11 -5 0
33 -9 -44 0
-25 15 26 0
-49 22 -1 0
30 -28 17 0
-1 -47 46 0
10 40 45 0
26 29 -41 0
18 -25 -36 0
-37 24 -32 0
50 -19 7 0
28 27 2 0
39 -15 -19 0
-24 -36 -26 0
-50 47 -20 0
43 3 -42 0
-12 15 5 0
-50 -34 -11 0
18 4 47 0
-13 46 -26 0
-12 43 -1 0
45 -5 33 0
-47 -48 -2 0
-39 16 -14 0
-33 18 21 0
-3 31 33 0
-20 -48 -16 0
22 -21 31 0
35 22 -38 0
-18 2 -20 0
46 -19 -34 0
29 -25 -27 0
-3 34 -30 0
11 17 38 0
10 29 29 0
5 -1 19 0
-1 37 -47 0
-30 41 18 0
7 -21 -15 0
-5 9 3 0
47 1 20 0
2 -46 -37 0
26 17 -21 0
-48 10 -17 0
-19 -31 48 0
-21 10 48 0
-48 23 -10 0
42 -33 -27 0
33 13 -27 0
10 -41 -10 0
32 45 50 0
2 22 26 0
21 40 -44 0
-43 -13 -35 0
3 -23 -19 0
23 -34 -5 0
-34 34 -12 0
18 -1 48 0
-13 -42 -38 0
38 25 21 0
-43 35 2 0
-12 30 -36 0
-31 -23 37 0
36 -50 -48 0
19 15 -3 0
9 49 -6 0
4 -13 42 0
35 6 24 0
17 -48 23 0
-22 38 -44 0
50 -16 -20 0
31 -22 -9 0
-17 28 -23 0
45 -27 -4 0
36 36 49 0
-36 -25 -39 0
-48 18 -47 0
-23 32 49 0
-33 9 -45 0
-11 30 -13 0
12 -46 -24 0
21 -37 18 0
49 24 43 0
25 16 -50 0
-23 -35 44 0
31 48 12 0
29 -39 28 0
15 -45 -49 0
-42 15 -32 0
39 -47 39 0
-24 -35 24 0
-6 3 -40 0
30 -12 -31 0
-6 -31 -15 0
-9 16 -32 0
44 18 -44 0
-6 -14 43 0
23 43 13 0
-28 37 -1 0
31 27 -42 0
-14 32 34 0
39 38 34 0
