c CNF generator v0.9
p cnf 50 287
-44 -42 -8 0
-34 50 -17 0
-7 -31 -22 0
-8 41 -19 0
-7 -18 31 0
29 -23 35 0
-49 -15 -32 0
6 -24 -41 0
-21 29 -32 0
-18 -48 -9 0
-12 33 -11 0
50 20 13 0
-3 -37 -28 0
4 -16 18 0
22 4 48 0
-26 -32 -12 0
-31 35 -28 0
-45 -22 31 0
-15 -43 -15 0
24 17 -12 0
-9 -42 -17 0
29 -20 -7 0
20 -27 -6 0
-38 47 43 0
-49 49 39 0
18 32 -44 0
-37 20 -40 0
-49 22 -40 0
41 23 -41 0
-24 17 36 0
8 -41 1 0
37 9 35 0
-19 48 18 0
22 -25 30 0
-19 -27 -13 0
-49 -17 5 0
-39 30 -30 0
21 -40 -13 0
-3 11 4 0
38 33 16 0
31 43 46 0
-30 -37 -21 0
26 -2 36 0
-12 47 47 0
48 -49 4 0
48 -26 28 0
35 46 33 0
36 -1 -35 0
50 1 16 0
-32 35 24 0
37 -5 -13 0
-15 13 13 0
-41 -18 -11 0
-39 -12 -31 0
12 -44 -40 0
27 46 38 0
-37 25 14 0
-25 -32 47 0
15 40 -12 0
-21 -29 -19 0
1 -45 -3 0
-15 -40 -25 0
-2 38 23 0
-41 -8 20 0
-37 -46 -1 0
-27 9 -7 0
7 22 46 0
8 -39 -44 0
20 -27 -48 0
-13 -26 -46 0
-4 24 -31 0
-14 18 21 0
-24 -15 19 0
49 6 -19 0
-47 -49 20 0
36 8 40 0
41 41 -15 0
28 45 15 0
28 -41 -40 0
46 4 8 0
29 28 21 0
43 -38 -33 0
-17 -11 -11 0
-45 31 9 0
8 -42 -16 0
-22 -21 48 0
-13 8 -41 0
37 31 -32 0
-48 30 34 0
-43 26 5 0
21 31 -43 0
-9 -26 31 0
-38 9 -2 0
35 -27 15 0
9 -2 -1 0
26 -21 -27 0
26 -47 -35 0
21 29 -22 0
-17 -18 -5 0
5 -27 -8 0
28 21 -43 0
31 -34 10 0
30 34 -47 0
6 -24 34 0
-40 48 26 0
46 -23 -40 0
-23 28 39 0
35 -47 -21 0
-24 18 31 0
-7 25 -47 0
-28 50 -19 0
44 -27 6 0
38 13 -29 0
36 -13 2 0
-20 -10 -39 0
36 -32 3 0
-5 26 42 0
-38 34 -15 0
-39 -48 13 0
-35 19 -49 0
-46 -26 -19 0
12 -33 -15 0
27 23 -41 0
28 35 14 0
44 11 24 0
31 18 -9 0
-40 -33 7 0
14 -6 -33 0
-26 36 -13 0
4 45 11 0
-35 22 -40 0
-40 -40 8 0
10 43 -25 0
-45 -30 -1 0
-9 4 20 0
-5 35 39 0
29 36 -23 0
-19 -33 17 0
23 -47 35 0
32 22 34 0
38 42 8 0
-47 19 34 0
-37 24 -12 0
50 48 -21 0
-49 -9 -29 0
34 -42 27 0
-50 16 -43 0
-27 4 -43 0
-25 -23 27 0
11 -49 -50 0
-40 50 44 0
35 33 12 0
46 2 32 0
-38 31 -29 0
-12 47 -28 0
24 -43 -20 0
-10 19 50 0
-19 24 18 0
-50 48 -11 0
2 -11 -23 0
-8 9 29 0
-45 35 22 0
22 13 -25 0
28 38 -46 0
28 3 -31 0
27 10 -12 0
9 -24 12 0
27 17 22 0
-28 37 42 0
-30 -26 38 0
42 17 -37 0
-45 23 49 0
37 41 10 0
-10 42 12 0
9 -5 -33 0
-7 -19 7 0
-5 -6 -33 0
-13 17 -3 0
-39 31 35 0
20 -12 -26 0
-26 7 -29 0
-47 -50 -6 0
-39 6 45 0
-7 -42 35 0
-22 35 -31 0
27 -46 -31 0
30 -15 -39 0
-19 18 -47 0
45 20 4 0
-1 -28 48 0
22 -35 4 0
-22 14 -42 0
-29 -17 -15 0
4 -31 -36 0
42 -18 -43 0
-11 -49 -8 0
-12 -19 -39 0
-14 -46 19 0
-42 28 -32 0
12 -34 10 0
-9 -39 13 0
-30 2 5 0
-16 -6 32 0
-4 5 41 0
31 -40 -34 0
-32 29 32 0
27 45 -5 0
-47 6 26 0
30 -2 27 0
-47 22 13 0
47 24 -44 0
-11 49 42 0
-21 46 -31 0
-7 1 25 0
2 22 -33 0
-17 33 -40 0
-36 -32 -48 0
31 19 33 0
27 5 30 0
-30 38 -4 0
-15 -19 -18 0
31 -5 50 0
-6 19 6 0
-1 -16 -45 0
9 33 -40 0
-43 -39 -25 0
-35 9 8 0
21 15 -18 0
30 -49 -25 0
30 -18 48 0
-31 49 -26 0
-50 -21 -37 0
40 48 -38 0
23 -20 27 0
17 -20 24 0
-18 -5 22 0
24 45 50 0
-41 -4 -22 0
-9 10 20 0
12 30 -13 0
30 47 28 0
12 -11 -39 0
14 -25 -46 0
-44 -37 4 0
15 4 17 0
23 43 48 0
-9 -7 -19 0
35 44 -7 0
18 15 16 0
13 -3 -2 0
-42 -14 -45 0
-41 35 -17 0
-4 26 42 0
15 -7 -37 0
-22 -39 -27 0
-46 -43 28 0
-30 3 -20 0
-33 8 17 0
18 1 36 0
18 24 -12 0
22 43 35 0
23 37 -20 0
48 5 -12 0
-12 19 17 0
43 47 30 0
29 28 -50 0
-38 -12 15 0
-13 -16 -44 0
28 2 -12 0
-6 31 -4 0
9 32 -12 0
48 43 46 0
26 -41 -46 0
4 31 -27 0
-43 -2 27 0
17 -26 50 0
34 30 -2 0
15 20 33 0
-46 42 -38 0
50 8 -12 0
38 -35 -17 0
-1 -20 -15 0
-1 22 14 0
-8 9 30 0
19 21 50 0
36 -3 44 0
-26 36 39 0
