c CNF generator v0.9
p cnf 50 287
-27 27 -24 0
-39 -18 9 0
-48 -34 2 0
-33 -23 -49 0
-5 -24 -1 0
13 -7 49 0
-31 -18 5 0
-43 43 -48 0
-7 12 -47 0
44 49 -45 0
-16 -17 41 0
15 39 11 0
-2 39 46 0
-12 19 23 0
15 -40 -47 0
-50 43 -8 0
-25 45 -46 0
-13 6 38 0
-33 1 36 0
-2 -31 47 0
50 -20 -21 0
-14 11 40 0
10 15 -39 0
24 -23 -42 0
46 34 -11 0
20 -10 11 0
-46 -42 -7 0
21 4 -42 0
35 -32 -8 0
8 6 -32 0
-12 -17 -22 0
6 40 18 0
-50 -34 -30 0
25 23 46 0
-41 -8 8 0
-36 1 -5 0
25 11 28 0
11 -13 19 0
-37 37 -32 0
8 35 -4 0
-31 50 -21 0
19 40 37 0
-5 7 24 0
6 44 7 0
30 -24 28 0
46 -35 -20 0
-24 16 48 0
26 -13 -21 0
-17 35 13 0
9 -39 21 0
2 -13 30 0
30 38 9 0
22 18 45 0
-6 -7 -38 0
25 14 49 0
13 12 2 0
15 42 -26 0
7 -47 -43 0
12 -39 4 0
-45 -11 38 0
33 7 17 0
-26 1 18 0
-21 7 28 0
21 2 29 0
-12 15 41 0
40 34 23 0
39 -17 32 0
-17 -39 -10 0
4 40 39 0
-33 -10 25 0
-3 8 -36 0
1 -13 -28 0
-44 -38 32 0
-39 -5 22 0
30 42 -5 0
3 2 7 0
13 -31 13 0
4 42 -33 0
-32 -27 -30 0
41 20 43 0
-3 50 -47 0
-20 20 12 0
-22 -36 2 0
-13 43 1 0
-13 11 -37 0
31 -18 9 0
8 -36 -2 0
-24 -15 49 0
-19 30 9 0
-48 34 -31 0
40 8 -41 0
38 -1 41 0
-45 -14 -14 0
12 27 -43 0
-45 -23 8 0
10 -5 33 0
48 22 -15 0
-3 -47 48 0
-44 -29 24 0
28 29 30 0
-10 32 19 0
-4 24 -27 0
-41 -5 42 0
-8 -37 -24 0
-27 -2 -22 0
6 -30 12 0
9 -42 24 0
-1 11 -44 0
21 -13 19 0
-28 20 -43 0
39 27 -44 0
39 -33 -3 0
37 38 40 0
-37 21 -39 0
-35 -34 -18 0
41 42 10 0
-11 17 6 0
-4 -50 49 0
7 -33 20 0
19 4 34 0
-12 -32 6 0
-47 21 -27 0
22 -26 -20 0
-28 -16 -18 0
-32 15 -11 0
-36 46 -10 0
44 -21 42 0
49 39 -4 0
-38 16 35 0
12 7 2 0
-24 -23 -44 0
-29 40 13 0
-47 11 -38 0
-28 -35 -45 0
-1 -38 46 0
-12 -23 -14 0
6 35 12 0
-6 3 25 0
-50 -30 -20 0
-6 -21 -48 0
22 17 -21 0
38 9 -30 0
-41 43 40 0
-25 15 -43 0
21 -31 43 0
-47 -45 19 0
17 -5 -46 0
20 -46 11 0
-18 -31 50 0
40 -23 -47 0
2 25 -48 0
-2 38 -48 0
-27 43 -47 0
29 35 -9 0
-4 -24 23 0
6 -3 19 0
21 -14 6 0
-38 -8 -41 0
-38 -44 40 0
-21 13 -4 0
50 28 22 0
39 6 15 0
-5 46 21 0
49 18 -47 0
28 -11 12 0
18 29 -15 0
47 -34 46 0
33 -16 18 0
-15 -29 40 0
-39 37 -29 0
23 -38 11 0
48 31 -16 0
-37 4 -1 0
43 23 -28 0
-39 19 -25 0
3 14 37 0
-25 -27 1 0
19 46 27 0
5 -39 -23 0
-34 5 -23 0
-15 -37 -37 0
-24 -4 21 0
-3 -18 29 0
11 13 -31 0
-30 -48 -42 0
-34 -10 -7 0
18 2 1 0
-46 -26 46 0
48 48 -23 0
48 -40 42 0
27 44 -16 0
2 9 23 0
14 -49 7 0
-2 16 -39 0
-18 7 35 0
-13 -39 38 0
3 -34 3 0
44 40 -42 0
-50 -13 -22 0
-34 -4 27 0
8 -6 16 0
24 -17 10 0
-37 16 -11 0
-11 -1 43 0
-38 14 -20 0
10 1 27 0
6 -39 -23 0
-33 -5 -16 0
-45 46 -15 0
2 6 -29 0
-17 30 -39 0
-36 -5 8 0
-4 31 49 0
-34 33 49 0
37 -13 9 0
-32 7 -20 0
-14 19 45 0
-16 4 5 0
27 30 43 0
48 -31 -43 0
-27 -25 14 0
4 -28 12 0
6 42 5 0
34 29 -49 0
50 43 -16 0
39 -9 -2 0
-21 16 -50 0
-27 47 -47 0
-48 -38 9 0
-33 -1 16 0
50 -1 49 0
-25 13 37 0
5 -44 39 0
-44 22 -29 0
36 6 36 0
-19 23 6 0
-21 -2 28 0
-13 -39 8 0
29 46 9 0
39 -13 -20 0
3 -21 -49 0
46 14 -47 0
-27 7 32 0
-20 -10 8 0
3 -4 38 0
37 42 -39 0
-16 34 42 0
14 -12 30 0
3 -32 -17 0
-13 -10 30 0
7 -46 -38 0
29 -28 -42 0
24 17 -14 0
7 36 -27 0
-19 12 47 0
41 24 -35 0
3 -2 -22 0
-9 -11 6 0
-32 6 9 0
31 -8 -50 0
25 28 37 0
-48 -44 -8 0
13 24 49 0
2 -38 19 0
9 25 -19 0
26 -42 26 0
6 -36 34 0
-44 12 32 0
-40 -21 -37 0
3 23 15 0
41 -36 4 0
-3 28 -47 0
-34 -34 31 0
-12 34 -16 0
37 -17 35 0
6 -32 5 0
4 46 49 0
16 -11 -19 0
12 31 -4 0
-1 38 30 0
-39 -38 -12 0
11 -32 33 0
34 -37 14 0
-31 -38 24 0
-41 -47 -11 0
-7 12 -35 0
1 34 40 0
