c CNF generator v0.9
p cnf 50 287
48 -35 8 0
-3 3 31 0
-8 34 28 0
-29 23 31 0
-20 26 27 0
2 -15 -11 0
-10 -10 21 0
-29 27 10 0
1 40 21 0
-47 9 -19 0
7 -19 -23 0
42 -13 47 0
-4 22 36 0
-18 -15 29 0
27 38 25 0
-27 -46 -10 0
13 -38 -36 0
32 12 -48 0
13 -46 -40 0
-6 11 -45 0
28 23 48 0
-20 -22 -40 0
-40 -22 46 0
-42 -21 9 0
-37 -4 -24 0
-19 -3 -17 0
13 11 -19 0
12 -43 -21 0
-5 -21 39 0
43 -13 -21 0
-9 34 -37 0
-17 27 5 0
-4 14 -28 0
-14 -49 10 0
39 -23 12 0
36 22 33 0
1 24 32 0
34 -27 31 0
-23 -29 -13 0
36 45 45 0
-46 15 17 0
14 -23 30 0
-31 -37 -33 0
4 28 12 0
-29 48 32 0
42 34 49 0
-15 14 25 0
-34 46 -40 0
-20 -1 46 0
-12 30 -33 0
-22 38 -49 0
40 26 23 0
-21 45 -31 0
50 -21 -42 0
-29 -41 29 0
1 49 33 0
38 10 -50 0
-34 -3 -14 0
-27 25 3 0
24 -26 -19 0
-38 -45 23 0
13 -15 -44 0
-44 -1 1 0
27 27 1 0
46 -39 32 0
-42 -29 3 0
-42 22 50 0
-44 5 10 0
38 -38 -35 0
-18 23 -47 0
11 -29 15 0
16 -16 16 0
48 36 -33 0
17 50 20 0
-21 -33 14 0
39 -45 43 0
-31 -49 -3 0
5 18 -31 0
42 -48 34 0
-48 -41 -22 0
-4 -15 26 0
30 -27 20 0
11 -34 36 0
30 -14 11 0
-3 -35 34 0
-4 47 36 0
23 -14 -30 0
-18 -18 -33 0
44 -37 2 0
-32 39 48 0
3 27 26 0
-1 32 23 0
-4 -49 44 0
-19 -47 -44 0
17 -41 32 0
25 -4 29 0
24 3 -3 0
-49 22 15 0
-35 50 -38 0
24 -25 38 0
-39 -32 -23 0
-22 -35 -40 0
50 23 -5 0
-15 24 6 0
-32 19 18 0
5 -7 -10 0
27 -37 -46 0
31 -9 16 0
-7 -38 43 0
-10 -23 23 0
41 -48 27 0
18 40 50 0
-3 -22 42 0
44 -26 -13 0
-48 -10 43 0
33 -17 4 0
-11 17 -34 0
26 -50 -40 0
-14 4 11 0
-27 -10 29 0
9 13 50 0
-39 -25 43 0
10 -30 -2 0
8 11 -26 0
35 -35 20 0
-14 -12 -4 0
-44 -44 22 0
-31 -47 4 0
-44 -40 -29 0
-35 28 18 0
-48 -39 41 0
-18 39 19 0
-21 -22 30 0
36 5 2 0
5 43 11 0
-19 -34 36 0
50 -26 18 0
33 -16 15 0
44 -18 -11 0
-7 21 -11 0
-7 -13 -14 0
-5 27 -12 0
42 -44 21 0
-14 49 6 0
-24 27 45 0
1 -44 43 0
-33 -10 -40 0
43 -25 -42 0
14 25 -37 0
16 2 32 0
-43 -41 -24 0
4 8 -9 0
-24 42 23 0
-39 -17 -17 0
-4 36 33 0
39 49 -29 0
6 -38 -7 0
14 -18 24 0
-45 40 -50 0
19 -48 -8 0
17 18 -25 0
1 41 28 0
-44 41 41 0
-2 24 22 0
-50 6 -4 0
-20 47 24 0
-44 -41 -25 0
6 24 30 0
46 43 18 0
-21 14 39 0
-34 -45 41 0
-49 -24 -1 0
3 -3 24 0
12 -37 38 0
-19 -5 -10 0
37 10 16 0
-50 -22 -13 0
13 34 17 0
10 46 -4 0
-38 -45 19 0
30 43 19 0
9 33 -29 0
-39 15 24 0
23 38 10 0
-17 -48 -29 0
-2 31 33 0
30 7 -12 0
21 -15 -17 0
11 4 6 0
-41 45 26 0
-8 10 -32 0
-21 -7 21 0
30 -1 40 0
-25 8 -13 0
-15 45 -39 0
-5 2 50 0
-6 -4 24 0
3 -41 -48 0
-28 17 10 0
-19 16 -14 0
-22 -19 -23 0
45 -17 42 0
-31 50 -31 0
-21 10 -22 0
-11 -37 -35 0
35 -48 -37 0
-12 -39 -7 0
46 23 -14 0
18 -27 -40 0
-38 30 -20 0
42 -38 49 0
-19 -29 43 0
-31 -46 -45 0
43 -22 -17 0
-48 -24 37 0
-47 12 16 0
-3 22 -16 0
11 -34 -7 0
19 35 -31 0
-6 -11 25 0
11 -41 -11 0
-29 -14 -20 0
-48 -28 20 0
-27 -50 20 0
20 -17 28 0
-7 25 -9 0
-39 7 -28 0
-45 14 -12 0
-50 -49 -2 0
48 32 -45 0
41 -41 -31 0
-8 -31 -6 0
-24 18 14 0
16 -28 -42 0
-1 21 -39 0
43 32 -48 0
-12 16 36 0
40 -24 17 0
34 20 -6 0
-37 18 21 0
-48 -3 6 0
20 28 -42 0
44 43 -19 0
-38 -17 16 0
-22 9 -21 0
26 4 14 0
-45 -31 -5 0
8 25 15 0
-50 16 30 0
-20 20 -35 0
49 -38 6 0
8 -5 -9 0
-32 29 50 0
9 15 -24 0
-35 38 -14 0
-12 -26 -33 0
31 -12 43 0
6 -24 -47 0
-50 -41 -43 0
-14 -34 6 0
-46 9 -30 0
-29 -34 30 0
16 10 45 0
-21 -1 38 0
31 34 16 0
36 -26 11 0
-10 -43 38 0
9 26 -29 0
-36 16 23 0
-16 37 -47 0
17 -36 -46 0
7 -4 -27 0
-45 8 -27 0
-5 2 -17 0
39 -49 -5 0
11 39 -30 0
-21 22 -5 0
-24 33 -14 0
-35 48 21 0
-18 -35 6 0
2 -32 -37 0
5 -35 -36 0
30 -6 18 0
-6 -3 -13 0
39 43 -11 0
37 -10 7 0
3 17 39 0
