c CNF generator v0.9
p cnf 50 287
-45 -26 33 0
37 -30 -20 0
-28 -17 -48 0
-41 28 -43 0
45 -36 -47 0
-9 -43 42 0
-5 50 27 0
-40 20 14 0
-50 39 3 0
13 -16 -19 0
-1 2 -33 0
27 -45 5 0
-47 -43 -1 0
-43 43 -12 0
-49 -40 -21 0
38 10 2 0
35 9 18 0
-30 3 -50 0
37 10 12 0
-17 -48 -12 0
15 -46 49 0
-15 8 45 0
50 14 16 0
37 -35 -46 0
39 -41 -37 0
-9 44 39 0
-4 -1 -19 0
23 -45 6 0
5 24 -11 0
-42 45 19 0
-44 15 37 0
49 48 -16 0
13 13 37 0
8 -31 36 0
-26 44 46 0
28 47 47 0
-50 -43 48 0
-26 -31 -42 0
-13 -44 -3 0
-6 23 15 0
-1 -23 -27 0
-10 44 22 0
-24 -24 32 0
-47 -17 -14 0
26 18 22 0
-5 38 44 0
-10 -27 9 0
-32 2 15 0
3 18 23 0
-34 -15 30 0
-23 16 26 0
-31 -5 -37 0
-26 47 22 0
43 31 -13 0
48 -26 -11 0
-46 30 36 0
-32 12 23 0
-10 -36 30 0
-17 16 3 0
-11 30 -5 0
-2 -11 -3 0
35 11 -8 0
38 2 28 0
-34 -20 15 0
-37 2 34 0
-40 39 16 0
-6 -43 -26 0
20 -33 3 0
-40 -49 36 0
7 -22 -33 0
42 25 -28 0
11 -29 21 0
-26 -11 -1 0
-46 44 -1 0
34 -7 -48 0
-26 -18 -48 0
-10 34 44 0
20 -26 28 0
12 -42 -15 0
11 -20 15 0
42 35 -40 0
-41 47 6 0
-49 24 -11 0
36 40 -30 0
14 35 4 0
23 48 15 0
16 -50 18 0
34 -35 11 0
-38 -17 7 0
-19 -41 -31 0
32 -12 7 0
-14 34 17 0
23 28 49 0
23 14 -40 0
3 19 -42 0
-42 31 -17 0
-36 35 28 0
-25 29 -30 0
-31 38 -24 0
-9 -47 -38 0
12 -15 37 0
20 -8 -47 0
-22 37 -40 0
12 36 -44 0
21 8 24 0
50 24 -38 0
31 -39 -19 0
16 49 -13 0
-47 -17 -36 0
38 30 -48 0
6 32 21 0
-11 -5 -19 0
31 18 15 0
-19 -11 -50 0
-16 21 19 0
-42 -38 -41 0
-33 -24 48 0
19 -17 -39 0
-7 -22 25 0
-35 36 -45 0
-11 44 -49 0
-34 3 -34 0
40 23 -14 0
-8 -13 3 0
-2 24 -49 0
28 -38 -14 0
-21 -35 31 0
-50 -39 -32 0
20 -46 -42 0
27 1 48 0
-21 -33 23 0
-31 -19 10 0
42 -50 -11 0
-27 27 -15 0
28 -28 -19 0
37 -14 -21 0
4 19 -45 0
-28 22 -18 0
-8 -14 -30 0
-45 26 -48 0
-34 -43 36 0
5 -40 -30 0
-45 -22 50 0
13 44 2 0
-50 -24 13 0
44 -5 -3 0
-29 43 -2 0
-11 41 -43 0
37 -14 13 0
-3 -44 -47 0
21 -33 -18 0
-26 -31 -13 0
-11 -31 13 0
-27 38 31 0
43 13 -24 0
-29 -14 -27 0
-6 -26 42 0
44 48 32 0
22 -34 24 0
-46 -26 -24 0
-13 -2 12 0
-8 44 45 0
-42 23 -6 0
44 4 13 0
-26 -33 -50 0
-50 11 -47 0
-28 -11 41 0
6 27 6 0
-30 21 31 0
31 -47 49 0
21 7 1 0
-4 -43 27 0
-37 -14 -50 0
8 -47 44 0
31 -32 40 0
47 39 -2 0
15 -15 -38 0
-19 -47 33 0
5 -41 14 0
-8 -29 -20 0
2 -31 7 0
-2 -26 -1 0
36 17 -38 0
-9 1 -45 0
-29 47 -1 0
4 41 -5 0
5 31 -21 0
16 33 25 0
-15 -29 -8 0
48 -46 -12 0
-27 -17 -46 0
-32 -32 15 0
-39 31 -37 0
-30 17 -21 0
-41 -28 -22 0
-39 37 -21 0
-3 -39 -26 0
17 38 -10 0
-14 -21 -11 0
23 -24 15 0
-39 -10 -43 0
19 35 -24 0
2 -48 34 0
-5 23 24 0
44 22 48 0
34 -21 -14 0
8 38 -13 0
11 -44 -1 0
-12 -37 12 0
38 -1 -4 0
48 24 1 0
45 -8 48 0
29 -50 -4 0
22 17 -11 0
-14 42 -15 0
-49 -8 24 0
33 -44 26 0
43 -32 -34 0
34 -7 1 0
-17 45 -43 0
33 19 -34 0
-22 46 39 0
4 -44 -2 0
50 5 25 0
-26 -37 -4 0
-14 -40 34 0
-12 24 27 0
30 -5 -22 0
-9 32 -8 0
-15 -3 -28 0
19 46 35 0
-20 36 -37 0
-49 -10 -41 0
-11 -24 -26 0
45 19 33 0
38 6 -16 0
-11 22 50 0
5 -19 -42 0
26 14 18 0
35 -28 4 0
9 -40 19 0
5 38 24 0
-32 -41 -28 0
-16 -20 6 0
-48 -43 -12 0
-18 43 30 0
-8 32 -9 0
34 -4 -42 0
37 -16 -23 0
-39 -5 -6 0
26 -46 16 0
-8 25 8 0
34 33 32 0
-38 29 -7 0
37 47 18 0
-15 -10 -9 0
-8 47 -34 0
12 -40 -37 0
1 6 -29 0
-1 34 -37 0
46 -13 -33 0
-33 41 -32 0
25 -26 27 0
-22 34 -44 0
-26 30 -18 0
-30 -24 40 0
-12 -6 -8 0
-1 -28 -43 0
-28 2 33 0
-14 13 -35 0
-1 12 21 0
44 31 43 0
15 -32 17 0
-4 24 -39 0
-9 -1 37 0
-1 50 -16 0
-39 -44 1 0
-9 -50 -12 0
-46 25 14 0
43 -42 -40 0
3 -22 44 0
7 43 42 0
-14 40 -26 0
-29 -46 22 0
47 -11 27 0
-48 1 -10 0
45 15 49 0
