c CNF generator v0.9
p cnf 50 287
8 -27 -33 0
2 37 -11 0
-4 -17 37 0
2 -37 -28 0
28 -14 -41 0
15 -38 17 0
-40 -15 -5 0
-14 -47 47 0
34 32 -43 0
-21 -16 25 0
48 20 -4 0
-40 11 -39 0
24 -20 -43 0
-11 -45 32 0
48 -35 5 0
42 -35 -4 0
32 9 48 0
34 -14 30 0
-3 9 -11 0
-35 24 11 0
16 50 12 0
7 -28 -8 0
15 -8 -7 0
5 -13 48 0
2 45 42 0
-15 -41 39 0
-15 -30 8 0
-2 -19 23 0
-35 -30 11 0
-10 22 -34 0
-40 -6 -16 0
-17 41 50 0
-18 7 6 0
18 -27 -26 0
-4 -50 18 0
-35 -44 -18 0
48 29 -14 0
-3 38 -12 0
16 -31 37 0
-46 -35 48 0
-9 12 -23 0
-18 46 -29 0
41 -45 15 0
20 4 -33 0
12 8 26 0
16 3 -45 0
29 36 -40 0
41 -37 -2 0
-34 -10 33 0
20 9 -5 0
-45 48 -23 0
37 -38 -11 0
39 20 45 0
23 -28 -5 0
-9 -15 -44 0
23 -39 48 0
-48 20 -43 0
-20 -47 -23 0
14 -36 -17 0
-40 -42 18 0
-39 17 -24 0
-3 -2 -11 0
-5 -49 -27 0
12 -49 -14 0
-29 -36 23 0
29 5 43 0
19 -47 44 0
50 -35 23 0
18 -19 49 0
21 14 -24 0
6 -20 15 0
24 -26 15 0
-26 -34 -4 0
-23 22 -1 0
1 38 -39 0
35 -50 13 0
-24 -40 -31 0
24 2 3 0
8 45 16 0
-48 -50 -13 0
13 -41 -40 0
24 -18 -19 0
-49 -16 18 0
40 -3 -13 0
38 -40 6 0
-36 3 -35 0
-47 9 -27 0
6 -45 -17 0
8 4 11 0
-33 26 -2 0
12 1 26 0
-1 -22 16 0
-48 16 25 0
47 4 20 0
44 -49 -1 0
-2 30 28 0
44 44 -38 0
7 -32 36 0
-43 -24 -49 0
-35 -25 22 0
4 11 -14 0
-31 15 -18 0
-8 16 -49 0
41 24 -42 0
-13 -42 -6 0
41 -41 -41 0
3 38 -11 0
-24 -47 1 0
-11 -23 -18 0
3 -1 -36 0
39 46 37 0
-9 18 -17 0
-37 -42 -22 0
1 10 32 0
-4 31 -6 0
7 -43 20 0
29 -23 21 0
-8 -22 -39 0
-37 -10 -12 0
17 44 -26 0
-26 -35 39 0
7 23 -30 0
10 35 1 0
-13 -7 13 0
-5 1 2 0
-6 -44 25 0
-47 -40 44 0
15 -42 -6 0
-26 7 -20 0
6 4 -41 0
-5 -47 -43 0
27 29 13 0
-12 43 -11 0
19 -23 20 0
-34 10 -29 0
-17 -3 -46 0
-41 -11 47 0
43 -37 43 0
-15 -21 -20 0
21 16 7 0
-5 24 45 0
41 -44 20 0
40 24 1 0
-16 47 -18 0
-17 25 -17 0
15 -13 32 0
2 -5 -17 0
-32 45 42 0
16 -7 32 0
-33 -38 23 0
-37 42 -25 0
-46 -16 -44 0
-41 44 -18 0
17 -10 -49 0
34 -27 -26 0
-4 14 24 0
28 -44 -15 0
19 -26 -25 0
2 -3 -44 0
-3 49 48 0
49 8 -29 0
-2 3 49 0
-3 16 8 0
-26 13 36 0
-49 42 -22 0
-17 32 44 0
14 -31 -28 0
-50 3 9 0
-18 -23 -41 0
-8 48 29 0
-13 27 18 0
14 -27 -48 0
31 -46 47 0
4 5 14 0
-43 11 -13 0
6 -16 -34 0
-21 -47 45 0
-18 31 32 0
-2 -23 10 0
-44 -3 -11 0
-32 24 -45 0
6 -18 10 0
13 -23 21 0
17 -47 -32 0
37 36 -12 0
-20 25 -21 0
-22 -15 7 0
-17 9 7 0
-37 34 35 0
11 14 47 0
36 24 -21 0
-46 6 3 0
-28 -5 -13 0
38 -35 40 0
-9 44 10 0
46 43 -33 0
-23 -1 12 0
-8 33 -42 0
-6 -18 32 0
28 10 -33 0
-36 45 -22 0
5 50 43 0
47 -50 24 0
12 20 -17 0
5 11 -20 0
12 17 8 0
-17 -47 3 0
-37 -42 5 0
-9 -38 -45 0
-46 -33 -10 0
11 -27 27 0
28 -35 -11 0
20 50 -1 0
37 -41 -33 0
-10 -47 -18 0
1 -26 -2 0
6 16 -39 0
-2 -43 43 0
40 45 -47 0
-18 -34 -47 0
-8 37 -18 0
27 -3 -11 0
3 -13 28 0
33 -12 21 0
-42 -42 7 0
11 6 50 0
-23 -13 14 0
3 -3 -8 0
-26 -17 -47 0
22 22 12 0
27 -45 -15 0
-11 -23 10 0
-34 -29 -31 0
22 44 -24 0
45 30 -3 0
13 -9 -43 0
-33 -2 -20 0
-23 40 -38 0
26 20 31 0
7 -27 -14 0
25 6 -43 0
-35 -32 36 0
31 37 30 0
-9 -47 -36 0
3 -33 47 0
-6 15 8 0
32 4 -36 0
18 -49 -38 0
7 4 46 0
38 -32 -9 0
-45 -12 -12 0
-40 -20 11 0
23 -23 32 0
29 1 -37 0
45 -40 -24 0
-43 -26 40 0
-43 -33 -13 0
11 -39 39 0
-2 -25 -13 0
37 -19 -18 0
15 -50 39 0
-20 19 -21 0
-26 -7 41 0
-18 6 -40 0
23 11 6 0
-17 -19 18 0
45 -31 -38 0
11 -30 -29 0
-32 -27 -19 0
32 24 -4 0
-2 46 -9 0
-10 -29 21 0
44 45 -31 0
-47 -29 43 0
49 43 29 0
35 20 35 0
-33 22 -22 0
48 39 -13 0
31 25 -48 0
8 -6 -41 0
46 35 29 0
16 14 -39 0
21 46 -32 0
34 -41 2 0
43 -48 6 0
32 38 -33 0
-23 -29 45 0
