c CNF generator v0.9
p cnf 50 287
-37 -21 48 0
-39 -31 17 0
39 6 14 0
-31 42 27 0
-3 17 46 0
23 -9 21 0
-17 28 1 0
47 -50 47 0
-24 -40 -6 0
50 -20 18 0
42 -28 -36 0
-37 -8 46 0
-48 39 -30 0
-28 5 -28 0
3 8 12 0
29 46 -4 0
-14 47 35 0
-49 46 21 0
-38 4 21 0
30 -4 -13 0
19 15 4 0
-26 -24 5 0
43 42 -42 0
48 -27 22 0
-47 30 30 0
-50 -21 -48 0
21 20 -2 0
-8 -42 -39 0
-28 44 -45 0
-31 23 8 0
-6 29 12 0
-11 -12 21 0
1 5 -31 0
8 10 42 0
21 -12 36 0
18 -37 -34 0
-43 20 -16 0
5 12 50 0
-32 -18 -8 0
-25 47 -35 0
-1 -31 -8 0
-28 32 41 0
-12 12 -1 0
-7 -8 27 0
-23 -11 -10 0
37 36 -20 0
6 -14 16 0
48 1 47 0
2 13 9 0
14 7 30 0
48 26 46 0
-14 -18 -18 0
-29 41 30 0
-46 -7 29 0
-14 3 -49 0
21 -16 24 0
18 -41 -7 0
38 -38 -34 0
-29 34 -29 0
27 5 -38 0
-34 37 -41 0
6 -16 -35 0
44 5 -27 0
46 36 23 0
17 -30 -13 0
36 -2 -36 0
-8 -2 8 0
33 45 -7 0
-48 46 22 0
47 -26 25 0
39 9 43 0
43 -5 33 0
46 48 -43 0
33 -1 20 0
49 -39 45 0
-34 -8 50 0
25 -23 46 0
8 -50 -11 0
14 31 -40 0
-34 -8 36 0
-44 15 -11 0
48 -22 44 0
44 -31 -19 0
-10 21 17 0
3 -24 7 0
28 11 -7 0
-39 -7 -26 0
-40 -28 -22 0
-50 35 -14 0
-30 -26 -18 0
43 45 12 0
21 39 -43 0
-41 -22 48 0
-37 -3 21 0
-22 14 -27 0
6 -12 32 0
4 5 -28 0
6 33 33 0
14 -43 -1 0
-7 -21 -40 0
20 -31 -49 0
9 2 -28 0
17 -1 4 0
-45 -7 31 0
-41 -27 4 0
-39 -1 -15 0
-29 15 -12 0
21 -46 11 0
-8 33 -42 0
-49 37 31 0
-45 -49 -22 0
33 -29 2 0
-15 -44 34 0
44 21 33 0
8 -5 18 0
32 31 -6 0
29 -6 -41 0
6 9 -9 0
-37 -46 22 0
-34 -27 -11 0
12 -35 19 0
42 -33 36 0
31 8 -20 0
-25 -12 -44 0
43 27 20 0
-28 33 -31 0
50 -10 -10 0
-26 -27 34 0
50 -9 -7 0
36 -39 -26 0
-7 -15 13 0
-46 -21 37 0
15 -33 -27 0
-47 9 -9 0
43 32 6 0
29 -5 -28 0
-24 -38 44 0
-1 -49 -3 0
50 12 -34 0
-48 24 21 0
-31 29 -14 0
-7 8 46 0
5 14 22 0
-46 -7 21 0
-27 -20 47 0
12 -38 -11 0
45 -35 -27 0
49 33 -1 0
-11 -43 5 0
34 41 31 0
32 33 -27 0
11 -47 29 0
47 21 42 0
44 -43 37 0
35 -19 -41 0
-21 -48 2 0
34 12 -17 0
45 -26 2 0
-10 -33 2 0
6 30 29 0
-3 28 -26 0
28 1 -46 0
12 -9 32 0
44 18 -19 0
-8 30 -20 0
23 38 -48 0
1 -14 -28 0
30 -45 -35 0
33 -3 12 0
-23 39 32 0
36 49 10 0
37 44 46 0
-7 9 -27 0
-10 41 -43 0
7 -9 -7 0
-5 -39 1 0
29 -39 35 0
26 -2 47 0
5 47 -12 0
-21 -35 5 0
-26 27 -30 0
39 -29 -30 0
-10 -9 25 0
-9 -34 36 0
-18 8 50 0
-34 8 23 0
35 46 26 0
-33 -12 31 0
-32 -39 -2 0
-35 -38 30 0
-23 50 -29 0
-26 -29 43 0
21 -20 -7 0
12 -35 47 0
29 -25 -30 0
-45 -40 -32 0
19 -10 -26 0
-22 16 36 0
-1 -35 -20 0
31 -44 -14 0
-49 -37 -9 0
38 39 -42 0
17 19 34 0
14 43 -42 0
41 43 3 0
-20 -26 -48 0
37 -6 25 0
-14 17 -37 0
-4 -40 -3 0
41 17 -25 0
50 -41 -17 0
42 -37 -19 0
18 -16 -15 0
47 -46 -50 0
50 42 2 0
10 -37 37 0
23 30 -19 0
22 12 46 0
30 25 -23 0
-15 50 -9 0
-19 -47 -1 0
-42 37 44 0
-25 -7 34 0
-44 -22 -33 0
-36 36 -22 0
20 47 2 0
-24 8 -45 0
-23 26 -30 0
-50 -26 -4 0
-35 1 -1 0
-10 -18 34 0
-31 6 6 0
21 36 -6 0
-14 -44 -35 0
14 46 -6 0
-15 -45 15 0
-23 20 -48 0
-31 -21 31 0
45 35 30 0
-42 39 -31 0
45 -29 8 0
-11 -41 45 0
-3 -48 9 0
-15 16 28 0
35 -23 2 0
-26 -10 -15 0
-6 49 40 0
22 -12 -38 0
5 -7 9 0
-41 19 -24 0
-30 -15 -32 0
-30 6 -23 0
-30 -8 36 0
-18 41 19 0
19 -8 1 0
5 -13 -19 0
-22 -50 -39 0
-13 -45 -28 0
-10 16 -4 0
-27 24 8 0
-35 28 32 0
3 10 35 0
-50 39 47 0
-36 -25 48 0
39 6 -19 0
-50 50 -21 0
-22 49 -33 0
44 28 -35 0
28 -38 18 0
47 18 -46 0
42 -6 -14 0
-33 -14 -23 0
-34 -20 -28 0
-27 -46 -38 0
-34 34 4 0
12 50 -50 0
46 -14 2 0
29 -31 -48 0
-20 9 -44 0
-6 -47 7 0
45 3 50 0
-3 -14 -49 0
6 8 -25 0
-16 -35 3 0
17 24 -6 0
2 -31 -19 0
17 -43 -10 0
