c CNF generator v0.9
p cnf 50 287
-15 -36 44 0
10 -15 -15 0
-24 -46 38 0
29 -44 48 0
27 25 -42 0
-6 -3 -44 0
41 -33 14 0
-6 -32 -17 0
-8 6 43 0
16 42 29 0
14 -50 -5 0
10 48 -1 0
26 13 20 0
-37 -25 7 0
32 -26 3 0
39 14 44 0
49 13 14 0
-48 33 27 0
-21 -12 1 0
-8 -47 36 0
42 -26 -22 0
-26 -42 -13 0
-48 -22 -30 0
-19 -4 -24 0
-34 -6 -9 0
37 -38 -43 0
30 18 -45 0
16 2 -22 0
11 22 -12 0
3 15 -27 0
-45 -45 -44 0
-19 36 26 0
44 -47 16 0
16 -47 40 0
-24 7 45 0
-50 20 8 0
37 25 32 0
32 -35 -42 0
-5 19 -49 0
-29 10 44 0
2 44 25 0
3 15 -35 0
-27 -19 34 0
3 -21 -1 0
13 -34 -14 0
45 -32 -46 0
1 -14 38 0
10 34 -47 0
43 39 20 0
-5 2 39 0
3 -5 -42 0
3 -48 48 0
47 36 26 0
-5 -20 48 0
24 -45 -39 0
-2 -33 -6 0
47 18 20 0
-26 -41 -32 0
-17 19 -36 0
33 -9 19 0
38 33 -6 0
1 37 -42 0
3 -12 -31 0
10 44 24 0
-34 -36 45 0
47 -11 32 0
37 50 -1 0
40 -49 -22 0
-45 49 -46 0
-6 31 31 0
-43 -18 15 0
-32 36 -9 0
-50 -35 28 0
26 17 34 0
30 -6 27 0
-33 -5 33 0
-43 -17 37 0
12 24 35 0
-26 -16 -13 0
48 39 -31 0
-42 46 7 0
-33 47 11 0
36 -18 21 0
-47 -30 -20 0
-16 37 -6 0
45 32 44 0
-3 25 34 0
-9 41 -47 0
30 43 -50 0
42 27 -27 0
-8 6 -8 0
50 8 -23 0
-30 -47 -16 0
-32 34 4 0
38 -48 -33 0
43 12 30 0
49 15 -9 0
-49 49 -34 0
-1 49 -49 0
-38 -19 6 0
-33 26 9 0
-19 -22 18 0
46 -17 -11 0
-26 -7 -36 0
6 -26 45 0
-5 -43 4 0
-9 43 25 0
38 -18 -32 0
10 -4 13 0
17 -10 -14 0
4 -50 -15 0
31 -1 -46 0
16 39 -19 0
49 46 38 0
22 -25 -33 0
-12 41 -45 0
-1 -4 45 0
12 -1 24 0
41 36 -47 0
17 -3 40 0
-47 41 49 0
-19 20 44 0
21 1 38 0
-3 11 10 0
-5 -8 35 0
-49 45 -1 0
-19 12 -47 0
-48 -48 38 0
-33 35 -49 0
-33 10 -38 0
48 2 -26 0
26 -44 11 0
-11 -48 27 0
24 45 -33 0
4 -11 39 0
48 27 -17 0
-40 47 -48 0
-26 -26 -25 0
-2 -19 -15 0
34 12 11 0
-48 19 -30 0
-43 3 -27 0
-27 -20 6 0
49 39 -14 0
-11 44 -21 0
-17 16 -32 0
-35 14 6 0
-31 -43 -3 0
37 -11 17 0
-5 13 -38 0
-14 -24 50 0
-26 39 -23 0
-38 6 -40 0
-43 -15 -33 0
8 36 -50 0
49 40 38 0
-22 -18 -12 0
29 26 20 0
-15 12 -14 0
-24 42 -48 0
-21 -42 17 0
-23 44 10 0
-1 -22 -30 0
-12 12 18 0
47 19 -34 0
-23 -35 -46 0
-19 -25 -9 0
44 13 47 0
38 -20 17 0
-13 -6 -47 0
-43 -32 -22 0
-6 45 26 0
14 -17 12 0
-23 41 -3 0
27 -1 -26 0
45 -15 -21 0
-14 50 -45 0
46 21 29 0
30 -10 50 0
-35 21 50 0
-42 -6 -50 0
42 8 -42 0
28 42 -29 0
-44 -27 -36 0
30 -21 -49 0
-22 -28 1 0
-30 11 -41 0
8 -14 4 0
-33 40 -50 0
-25 -35 9 0
37 -4 11 0
11 14 20 0
-31 34 -19 0
41 -21 -12 0
-25 17 -27 0
-20 50 46 0
15 -23 -15 0
23 -16 -41 0
20 -29 33 0
22 16 2 0
-19 12 -16 0
13 -23 -24 0
-25 23 -35 0
50 -40 22 0
-4 -2 29 0
-50 8 -24 0
-15 -43 46 0
-25 34 42 0
3 46 -7 0
43 41 -41 0
-2 40 48 0
-1 -40 -7 0
12 24 39 0
35 -40 33 0
47 2 -24 0
46 -45 49 0
-45 -36 50 0
-33 -37 -4 0
-7 36 -39 0
22 33 10 0
-32 30 -11 0
-35 6 26 0
-3 44 18 0
29 -24 -7 0
-47 -37 -43 0
50 48 -2 0
-48 23 44 0
10 3 35 0
-2 -44 28 0
-1 18 25 0
-47 -26 -6 0
-15 -22 -49 0
-1 -29 -35 0
28 -11 7 0
16 2 42 0
48 16 -19 0
-40 -10 -46 0
41 26 -38 0
-3 25 38 0
7 -12 7 0
40 33 21 0
48 45 -44 0
10 -30 12 0
-20 36 -18 0
-3 -21 44 0
-49 -37 -47 0
30 -45 30 0
38 -12 -24 0
-43 -7 5 0
-13 -33 -4 0
-19 -10 7 0
27 -9 12 0
-23 -16 -14 0
-20 1 -45 0
49 8 -49 0
-7 43 17 0
37 43 -29 0
-48 8 -29 0
-46 -42 37 0
-43 7 -31 0
31 -9 -7 0
-37 8 -23 0
-8 -34 16 0
49 -44 -48 0
34 43 2 0
32 -29 -47 0
-14 -48 14 0
30 20 -10 0
20 3 -41 0
26 -14 12 0
-17 37 -16 0
-16 10 16 0
-35 -33 -35 0
-48 -43 43 0
-17 -50 12 0
-35 -9 -11 0
27 -23 29 0
-47 -46 28 0
39 16 47 0
-40 -38 -36 0
-47 -26 33 0
-21 50 -17 0
-23 35 36 0
-25 13 45 0
-10 3 32 0
-48 -25 14 0
-5 -21 38 0
