c CNF generator v0.9
p cnf 50 287
8 1 29 0
-29 8 -10 0
12 26 29 0
16 11 -29 0
-15 -45 33 0
-21 -38 -23 0
37 12 45 0
11 6 46 0
-26 -41 -11 0
-34 -33 50 0
-28 -23 2 0
32 49 -7 0
34 -11 8 0
2 -25 -9 0
49 -26 -24 0
39 12 -5 0
39 -28 -35 0
17 -16 -44 0
-9 -16 13 0
30 -12 -45 0
-49 -25 17 0
-7 8 -32 0
-10 -6 -46 0
13 19 49 0
31 -46 22 0
45 9 9 0
49 31 -18 0
50 50 25 0
-13 18 16 0
-20 -23 -14 0
18 -17 34 0
30 23 -36 0
48 -44 10 0
-24 30 -16 0
-32 31 -24 0
-21 26 -8 0
1 17 -3 0
-3 7 15 0
-35 43 -22 0
46 37 -33 0
-31 39 -25 0
30 15 45 0
-24 -30 -16 0
39 45 42 0
-14 -50 19 0
10 11 -35 0
-47 34 9 0
33 16 -9 0
13 1 -45 0
-4 35 26 0
-42 39 39 0
17 13 -48 0
10 -4 -21 0
-31 -19 50 0
-8 -4 17 0
30 2 -3 0
40 23 -5 0
8 17 -35 0
-7 3 10 0
-11 42 -23 0
5 -47 39 0
32 40 -12 0
49 -38 13 0
-12 -37 -27 0
-19 19 -33 0
-20 17 -20 0
11 -6 -35 0
-42 11 -8 0
19 -36 7 0
16 10 27 0
5 -35 -18 0
-9 28 -12 0
-13 -44 47 0
40 46 25 0
10 -29 20 0
-37 24 25 0
-38 -24 -34 0
37 44 35 0
-33 -37 -35 0
-17 -28 -50 0
-31 19 4 0
-32 -44 17 0
-13 -11 25 0
46 -49 32 0
-33 -31 25 0
-19 25 17 0
-23 41 -34 0
7 36 -27 0
-41 48 37 0
24 -29 -14 0
27 33 31 0
-11 -33 17 0
20 23 27 0
-13 37 38 0
8 -17 -14 0
8 19 15 0
43 -15 14 0
34 -9 19 0
37 38 -49 0
-3 26 -43 0
46 39 -7 0
33 -7 -25 0
9 22 -20 0
-39 19 -11 0
40 -26 50 0
-1 -44 38 0
-50 28 -38 0
36 18 30 0
-14 4 15 0
28 -16 4 0
2 -29 48 0
37 35 32 0
5 -14 38 0
33 -26 -9 0
4 -41 -32 0
34 -24 -26 0
-41 25 24 0
-8 43 17 0
-15 -11 47 0
28 -5 -47 0
22 -28 -31 0
-27 -39 -20 0
33 19 43 0
30 34 -35 0
-20 45 -30 0
-29 -31 30 0
47 12 -3 0
-46 -28 -31 0
-45 -5 23 0
-6 -35 -23 0
-17 -34 21 0
12 35 34 0
-20 20 25 0
37 -44 48 0
4 -12 28 0
-22 42 -40 0
-28 43 -16 0
13 37 40 0
44 15 -18 0
31 41 43 0
-44 40 21 0
-19 23 -16 0
22 -14 32 0
45 43 5 0
-36 -42 -49 0
12 -32 -48 0
34 44 15 0
-4 47 35 0
43 -26 -12 0
-32 33 1 0
-48 -38 41 0
17 41 -14 0
17 26 -19 0
27 3 -37 0
-49 37 -15 0
-33 25 37 0
1 25 37 0
-3 -28 45 0
-48 23 23 0
-38 1 3 0
-27 46 -35 0
-20 37 8 0
11 -29 23 0
11 10 -9 0
1 21 -21 0
38 11 8 0
-16 -14 16 0
-45 37 -14 0
-47 -5 -31 0
-50 41 -1 0
-9 -26 -25 0
-43 13 -25 0
-15 28 42 0
38 44 -31 0
49 34 -6 0
-40 2 -4 0
-30 -26 -20 0
-19 -31 -29 0
1 1 -4 0
21 22 -21 0
-7 38 9 0
-7 31 -36 0
23 15 -47 0
-47 -48 -34 0
-34 32 31 0
16 -49 -11 0
-2 29 -47 0
13 46 30 0
-23 -45 -14 0
1 16 -43 0
-46 6 8 0
-31 22 -11 0
43 30 -35 0
-40 -7 21 0
5 -49 41 0
32 22 42 0
-3 2 -29 0
-50 -12 9 0
27 8 32 0
27 23 -31 0
11 -5 -47 0
-6 -14 5 0
-39 -5 -3 0
-46 -16 -38 0
1 10 44 0
-45 -35 23 0
8 2 -42 0
-14 18 13 0
39 -14 41 0
41 -32 -9 0
-8 -36 -49 0
-18 13 6 0
-49 7 12 0
2 -45 -33 0
7 -12 -9 0
-27 -21 13 0
-32 -48 -48 0
-48 12 -19 0
29 48 -22 0
32 4 49 0
39 -35 3 0
42 13 -12 0
22 -24 6 0
9 -13 -15 0
-17 -44 11 0
-6 49 -38 0
-8 33 1 0
29 -49 -3 0
22 19 -8 0
-16 46 -29 0
-7 -42 -18 0
-50 -36 25 0
-3 -7 -28 0
41 -49 -31 0
-40 -41 2 0
-29 16 24 0
34 -33 23 0
-49 48 4 0
-47 -37 -28 0
-27 -5 45 0
39 -2 38 0
-6 18 -40 0
23 -43 15 0
-28 48 -28 0
-10 -4 -3 0
-26 20 43 0
-41 9 -9 0
-44 -50 -3 0
-21 -42 1 0
-2 2 35 0
-14 -17 -49 0
26 47 45 0
-40 -8 38 0
-22 39 5 0
10 35 3 0
-20 -17 -23 0
-19 47 27 0
-43 -37 -11 0
-46 -33 2 0
-7 4 38 0
43 -15 16 0
22 -33 -24 0
-36 -26 -5 0
22 32 -21 0
-35 -3 -23 0
2 -50 -23 0
44 49 8 0
-1 -24 -10 0
22 5 -29 0
-42 38 41 0
-48 33 -23 0
-28 -35 16 0
-43 -12 -12 0
5 -3 40 0
-28 36 44 0
15 -3 -34 0
-32 32 -18 0
49 15 -48 0
5 -20 -3 0
-22 23 -14 0
-15 50 -14 0
44 -25 41 0
21 -9 45 0
-33 37 46 0
-25 -10 -11 0
-47 34 -46 0
-4 17 -21 0
