c CNF generator v0.9
p cnf 50 287
1 9 -42 0
-34 26 6 0
-37 -32 -16 0
12 20 39 0
45 -9 -8 0
-47 -33 -45 0
16 31 16 0
24 -24 -17 0
8 -7 -12 0
44 6 31 0
30 13 43 0
-4 -12 36 0
42 15 -48 0
-8 1 5 0
48 6 12 0
11 -35 -19 0
-49 -18 17 0
28 41 -30 0
9 45 27 0
-13 -38 -32 0
-19 -6 -16 0
31 6 2 0
-22 43 -21 0
-43 40 48 0
-29 48 -45 0
-8 -11 -50 0
-28 50 -4 0
33 -4 3 0
34 8 29 0
-16 27 -42 0
-17 38 32 0
20 -41 -47 0
6 34 29 0
3 -14 -18 0
-23 48 -9 0
19 -31 -15 0
-6 43 17 0
50 -13 37 0
-39 39 -31 0
28 29 12 0
33 34 12 0
13 7 -11 0
-21 -45 37 0
32 17 33 0
1 -11 -34 0
22 -44 -48 0
19 -42 21 0
1 36 35 0
29 -48 -31 0
40 -44 3 0
29 43 4 0
-14 -43 -10 0
-14 39 21 0
-42 -14 18 0
9 -35 6 0
-48 -13 -44 0
-32 -34 -23 0
-21 22 40 0
-34 -34 4 0
-31 -6 10 0
-1 -23 21 0
3 -16 10 0
-38 -21 -17 0
20 22 40 0
-1 25 10 0
-21 -38 9 0
8 48 -41 0
33 -7 23 0
41 40 50 0
41 10 -42 0
44 -27 23 0
7 -7 36 0
15 -22 -7 0
45 11 -27 0
-39 -45 -36 0
3 31 8 0
13 23 23 0
-1 31 -15 0
16 -23 37 0
29 39 40 0
-21 27 36 0
12 32 41 0
-23 7 27 0
2 10 7 0
-24 -39 22 0
40 -25 -26 0
10 -18 -41 0
-26 -45 -35 0
-21 -15 -48 0
-32 -36 -7 0
-35 38 26 0
42 34 -11 0
10 -17 10 0
-37 45 -42 0
2 9 32 0
-21 -7 -25 0
-49 -14 23 0
5 12 -32 0
14 -41 -17 0
-21 -16 40 0
22 22 43 0
9 24 -31 0
32 48 -22 0
39 -50 -5 0
6 -47 33 0
14 -41 -49 0
-32 32 -22 0
-17 -18 25 0
10 -31 32 0
13 16 5 0
-37 33 8 0
-9 30 9 0
-5 13 4 0
38 -6 37 0
-27 -11 48 0
32 13 -37 0
27 -16 17 0
17 -30 -18 0
5 28 22 0
-29 -12 -38 0
-5 -28 -20 0
-45 44 36 0
-42 40 39 0
44 -48 -43 0
28 -12 28 0
-2 -29 23 0
41 -34 -35 0
31 -4 16 0
24 -31 12 0
-21 32 -11 0
-48 -7 40 0
-41 41 -18 0
-12 -35 -16 0
-45 -17 -22 0
-5 -37 30 0
50 -21 -4 0
-44 41 -45 0
31 48 40 0
16 8 14 0
-38 -8 -22 0
-2 15 -50 0
-17 -17 -30 0
40 10 14 0
9 -35 36 0
15 -27 -25 0
22 -26 13 0
-4 -26 -21 0
-15 -33 -37 0
-14 -14 -11 0
-37 50 10 0
25 -1 39 0
-21 -34 29 0
-30 -40 35 0
-46 -49 30 0
-49 -27 21 0
-2 8 -18 0
-16 -21 45 0
-20 22 -39 0
-7 -40 40 0
50 -29 21 0
38 -17 -7 0
-15 5 -42 0
-34 31 25 0
24 32 -42 0
-49 -46 14 0
-37 -15 -15 0
-7 -9 -11 0
-17 46 -8 0
1 23 -44 0
8 39 -11 0
-17 31 -48 0
27 13 -16 0
4 50 20 0
25 16 18 0
-24 -30 14 0
43 -37 28 0
-23 16 -30 0
-8 -17 -21 0
26 -12 41 0
16 30 -2 0
49 -12 -41 0
21 1 -32 0
37 14 24 0
-29 -29 -11 0
18 2 23 0
19 -10 12 0
36 -8 24 0
-27 -27 18 0
46 -25 1 0
20 34 -34 0
21 48 -16 0
5 -3 -1 0
1 38 39 0
13 -45 37 0
-10 6 -1 0
-50 -25 -27 0
15 3 13 0
-33 -27 -24 0
-12 34 9 0
30 41 -29 0
-34 7 -49 0
-34 25 -11 0
15 33 10 0
-8 31 -41 0
-4 -29 26 0
-49 39 -24 0
-31 -34 12 0
-18 -45 -33 0
-1 -40 29 0
-28 -14 -46 0
-29 31 -28 0
-32 4 50 0
-12 42 -50 0
-19 33 14 0
44 21 -27 0
37 39 40 0
33 -39 -32 0
-26 -3 -29 0
-16 46 32 0
41 47 -19 0
35 15 41 0
44 -2 -45 0
-25 -18 -21 0
13 30 -44 0
32 30 38 0
21 30 -35 0
-26 33 45 0
-39 -2 30 0
24 -4 -48 0
-7 -29 -42 0
46 -37 24 0
-41 31 18 0
-44 -6 48 0
-1 -43 26 0
11 14 -43 0
-41 -33 -45 0
14 -29 27 0
39 -41 28 0
7 34 36 0
46 9 -18 0
-42 -7 50 0
-19 -16 32 0
31 48 28 0
33 -25 49 0
-44 -23 -45 0
39 -48 11 0
6 -20 -41 0
-7 -9 48 0
3 -36 29 0
-44 -19 45 0
-3 13 -11 0
-50 26 -45 0
-7 2 -17 0
-34 44 24 0
-1 -4 29 0
-34 -38 -50 0
-27 34 38 0
48 -17 -40 0
-30 6 45 0
-13 -45 -24 0
-31 46 -15 0
43 7 -47 0
-44 10 -43 0
-48 -40 -40 0
-14 10 -48 0
-8 5 11 0
39 41 3 0
4 -49 -35 0
26 22 -19 0
-7 48 18 0
-30 -40 29 0
-17 31 24 0
-38 -24 -6 0
-43 -19 13 0
48 25 -41 0
-47 32 -36 0
3 45 14 0
-26 -18 9 0
9 -49 48 0
47 -31 9 0
4 5 8 0
-19 8 -2 0
-43 42 -32 0
40 -30 35 0
36 48 -5 0
-17 50 -7 0
4 22 27 0
