c CNF generator v0.9
p cnf 50 287
10 -24 -37 0
10 -21 46 0
20 -38 38 0
-24 -49 35 0
-13 -10 -15 0
-3 -8 42 0
-16 -12 43 0
48 -1 -38 0
35 -29 -23 0
-12 -26 -24 0
1 39 41 0
-32 36 19 0
-44 -5 13 0
8 -26 -33 0
-31 37 8 0
-7 14 37 0
39 7 -29 0
-45 33 -37 0
-30 -49 -49 0
24 18 -18 0
42 -17 5 0
-39 38 35 0
31 34 -10 0
-9 -36 -8 0
-4 -48 16 0
39 -34 -36 0
2 43 19 0
-22 -15 48 0
36 18 -40 0
26 -32 -2 0
-10 -15 -3 0
-47 -14 30 0
-17 -39 35 0
37 -27 -3 0
-30 -45 -23 0
-27 15 29 0
-45 -15 -11 0
-21 -42 -17 0
49 45 19 0
-30 40 30 0
50 -21 -4 0
-7 -1 6 0
-46 50 19 0
21 -2 14 0
2 13 29 0
41 23 -11 0
50 -25 -23 0
-48 3 -3 0
36 -19 38 0
1 -27 13 0
-8 -2 -26 0
-21 50 -18 0
-4 26 1 0
25 -12 21 0
-4 -36 30 0
50 -19 46 0
40 28 -41 0
-4 28 -27 0
-12 10 21 0
-35 1 21 0
-26 -19 -2 0
7 -15 31 0
-29 -25 -7 0
-18 -28 -34 0
42 45 34 0
-7 35 -3 0
-32 -10 -3 0
-38 -5 -45 0
-39 -29 14 0
-34 17 21 0
-33 37 3 0
-2 19 -30 0
-40 -9 3 0
18 24 44 0
38 -37 14 0
-30 -2 -19 0
32 1 -47 0
7 -25 5 0
-14 2 -26 0
-36 -2 -19 0
-27 -44 8 0
29 -35 -50 0
-29 7 9 0
43 49 13 0
21 32 -39 0
24 14 8 0
28 -23 -50 0
-48 -39 48 0
-22 21 24 0
-13 -14 -20 0
20 -12 -19 0
23 -19 -2 0
-6 -15 -12 0
-27 24 6 0
26 32 43 0
-12 -27 18 0
4 -11 -48 0
13 13 4 0
-17 -22 29 0
2 -9 46 0
-31 27 -18 0
-29 35 6 0
-1 -22 -19 0
12 19 -7 0
11 -24 -23 0
3 -4 -28 0
46 43 -46 0
5 -38 -17 0
-44 47 40 0
30 -37 35 0
13 42 48 0
-44 19 -26 0
1 49 -2 0
-21 -29 -18 0
-23 5 18 0
-31 -16 -47 0
-46 -33 -7 0
-7 -50 17 0
46 -6 12 0
-31 -36 20 0
48 -50 11 0
28 6 47 0
33 -35 4 0
11 -33 -4 0
-18 -50 28 0
20 14 -33 0
-31 12 13 0
21 -25 -46 0
-23 -45 -43 0
-20 20 -10 0
44 -23 30 0
45 -25 -40 0
22 8 -4 0
16 -28 8 0
-11 35 -22 0
-6 -22 -49 0
5 4 28 0
40 -21 -13 0
-2 -23 7 0
11 22 36 0
24 -35 -48 0
-19 39 29 0
27 6 -46 0
-12 -12 -22 0
13 -42 27 0
-14 24 -41 0
13 39 23 0
-29 47 -24 0
-13 -5 44 0
-4 -40 -5 0
-26 31 40 0
-2 -7 9 0
-11 -24 -25 0
-45 42 26 0
-33 -13 12 0
-18 23 -37 0
-50 42 -22 0
-23 9 8 0
6 40 5 0
30 26 -37 0
-25 45 -35 0
-28 50 17 0
1 -45 -5 0
32 30 -31 0
-22 -20 -14 0
11 20 50 0
35 -8 42 0
-41 -36 -15 0
19 -41 -28 0
-34 17 -31 0
-28 -44 -12 0
8 -48 14 0
-24 23 -2 0
-34 -21 17 0
-28 12 44 0
-34 11 28 0
-21 -8 -37 0
-14 31 1 0
19 48 47 0
-49 -9 42 0
42 -47 -26 0
-31 -47 -12 0
-11 -34 6 0
38 32 -37 0
13 -38 -19 0
-48 30 28 0
46 -49 -25 0
-2 -17 -13 0
33 11 -5 0
7 -45 30 0
27 -36 -48 0
-13 -48 47 0
24 -25 -25 0
24 7 12 0
-11 49 -35 0
5 -14 10 0
-43 -41 -14 0
40 38 -42 0
-47 35 49 0
-46 -21 -42 0
25 20 -35 0
-23 -29 -21 0
-49 -24 10 0
18 -28 28 0
-19 -35 -42 0
28 -31 8 0
-3 -30 8 0
-50 -9 -45 0
47 7 -26 0
-3 -28 29 0
-1 18 14 0
5 -31 15 0
-33 46 37 0
20 -27 47 0
2 -7 -34 0
18 33 -42 0
8 22 18 0
48 36 7 0
-15 -35 47 0
-29 30 -43 0
-49 32 7 0
-12 8 -19 0
-45 6 24 0
-29 -22 18 0
49 40 -23 0
-35 29 31 0
16 33 -43 0
19 -31 -17 0
17 30 -6 0
-14 -48 30 0
-29 -42 14 0
4 49 -32 0
15 -35 -27 0
-25 3 -22 0
21 -50 -50 0
-44 -37 32 0
-14 -8 27 0
-31 31 -9 0
46 27 4 0
-4 -12 50 0
42 -36 -14 0
35 -45 -35 0
-27 -42 -46 0
18 4 20 0
-40 -12 27 0
-28 -42 44 0
-41 -28 -41 0
-6 11 46 0
-34 14 -12 0
50 -3 5 0
-36 7 -26 0
46 -35 -27 0
-50 34 42 0
5 9 11 0
-40 43 -7 0
-36 46 36 0
-44 32 25 0
-31 26 34 0
-24 7 -35 0
-42 -3 22 0
15 25 4 0
-1 36 6 0
-4 -14 -9 0
1 8 33 0
44 -10 -35 0
-20 1 15 0
-34 34 -26 0
50 -41 -12 0
-29 2 20 0
-22 12 -25 0
-45 21 -4 0
19 6 -8 0
-10 14 15 0
-24 9 -30 0
-29 4 33 0
16 48 47 0
50 11 7 0
31 -30 36 0
15 44 11 0
3 18 11 0
33 -34 -25 0
23 -19 -3 0
19 37 -46 0
-19 12 -17 0
-42 -13 -44 0
-39 -6 41 0
16 43 -46 0
