c CNF generator v0.9
p cnf 50 287
29 -4 31 0
-27 -21 -5 0
-22 -3 41 0
-39 -43 33 0
16 13 -17 0
21 -38 9 0
8 -2 -3 0
1 25 -35 0
25 44 24 0
-47 46 6 0
-23 6 21 0
-3 44 -33 0
33 21 29 0
-8 37 8 0
-5 -23 -28 0
36 -11 -25 0
-31 -20 7 0
40 15 15 0
17 6 -1 0
11 -34 -26 0
25 40 27 0
4 16 2 0
-46 8 -1 0
-50 13 -23 0
31 29 11 0
6 4 42 0
40 50 -17 0
46 -16 -2 0
-46 39 38 0
-43 34 -35 0
-31 -43 -8 0
18 -34 -4 0
42 18 45 0
14 -34 -33 0
-32 22 21 0
-4 -30 -8 0
12 38 -19 0
-38 38 28 0
-26 -16 -22 0
45 -25 -32 0
-2 -16 -39 0
16 -1 21 0
-45 5 -35 0
4 19 -1 0
-13 -44 35 0
40 -28 29 0
-41 -2 -35 0
38 -22 12 0
-1 2 -26 0
-32 -22 -37 0
30 -3 3 0
50 8 -50 0
-37 49 6 0
49 45 -46 0
-23 -22 -35 0
-45 22 20 0
22 17 -25 0
-44 -21 25 0
25 -46 -5 0
50 -45 31 0
18 9 19 0
-25 14 -24 0
41 5 -34 0
18 -37 34 0
19 -32 20 0
43 -48 49 0
11 -42 42 0
30 -24 14 0
49 -8 30 0
34 -26 -26 0
-23 49 20 0
20 -4 -45 0
-40 48 26 0
24 18 40 0
-34 -48 -31 0
-50 26 -26 0
-2 39 -10 0
5 -3 48 0
49 41 -18 0
8 -43 -32 0
10 -30 -5 0
-14 -30 -25 0
-18 21 34 0
28 49 -21 0
15 5 -38 0
15 -47 17 0
1 -31 -9 0
-26 -18 -18 0
-24 19 -17 0
-7 29 -44 0
29 -4 23 0
-9 8 2 0
24 14 -17 0
-28 -43 27 0
30 -44 49 0
-33 -45 -39 0
20 -42 15 0
14 -36 -23 0
15 -9 27 0
-43 -42 48 0
2 -2 42 0
-29 -30 -1 0
-28 43 -25 0
27 -43 -23 0
-1 6 28 0
-29 -45 29 0
9 33 -32 0
-9 -33 2 0
-26 -33 -39 0
-6 -31 19 0
37 36 -33 0
-29 -32 -35 0
24 -20 40 0
4 3 -19 0
36 -18 -37 0
-19 43 40 0
19 10 -30 0
-46 21 -42 0
-44 17 15 0
14 -11 -8 0
-33 -29 -37 0
-7 34 34 0
-36 -22 -15 0
19 -29 -17 0
32 46 -26 0
21 49 22 0
47 50 -49 0
-41 30 47 0
-39 50 18 0
33 -37 19 0
21 31 18 0
29 -21 12 0
17 11 -8 0
25 47 -50 0
-4 -42 18 0
8 -30 -40 0
40 37 12 0
-49 -37 34 0
16 -44 12 0
11 21 16 0
-11 45 33 0
-27 -15 -2 0
10 23 10 0
-11 -42 -14 0
-13 -1 -17 0
16 23 5 0
-8 -47 14 0
49 -22 -13 0
-12 -2 -20 0
-46 -15 -11 0
-40 -13 -19 0
47 -11 -45 0
-47 -14 -20 0
14 14 -45 0
-24 -25 31 0
41 46 -39 0
18 9 34 0
3 -39 47 0
20 -26 6 0
-39 -5 35 0
-16 39 17 0
12 19 27 0
-27 -17 44 0
-15 30 -30 0
40 26 34 0
44 -1 -19 0
41 13 -38 0
49 37 48 0
17 -25 -36 0
-31 -49 -4 0
17 24 17 0
-45 10 7 0
5 -2 23 0
-5 28 45 0
-6 -3 3 0
-41 11 -7 0
49 -37 -32 0
28 3 50 0
-41 6 24 0
21 -29 16 0
4 -15 -27 0
-45 27 -30 0
-1 37 -33 0
18 -48 7 0
50 22 7 0
45 -27 -34 0
39 -3 -8 0
-32 -47 -43 0
-4 -45 28 0
43 1 32 0
-23 -5 -39 0
18 48 -34 0
-34 -17 25 0
-16 -20 14 0
35 35 -42 0
33 -23 -34 0
3 -46 -44 0
-14 -40 17 0
49 50 2 0
-44 -9 1 0
14 -22 -31 0
10 48 1 0
1 -49 -40 0
-7 6 -14 0
28 38 -17 0
34 -40 -20 0
4 -40 37 0
-8 43 -36 0
-43 -34 -24 0
17 27 -16 0
-7 39 -35 0
-31 24 -45 0
-41 -36 16 0
14 17 -42 0
-14 47 1 0
-4 32 38 0
10 21 32 0
-28 -27 28 0
-18 40 -40 0
32 4 34 0
9 31 6 0
-22 -25 41 0
-13 -17 38 0
24 21 30 0
-19 -28 24 0
-33 26 -20 0
-17 -33 -36 0
25 23 10 0
-34 -3 41 0
22 18 -36 0
18 31 -7 0
-25 13 47 0
18 17 48 0
-38 -34 5 0
14 -39 -7 0
-27 46 -19 0
29 -24 -23 0
-14 -31 26 0
-20 26 28 0
-28 28 -36 0
-49 -47 -36 0
49 1 15 0
25 24 1 0
41 37 -19 0
23 33 -25 0
-49 -35 -45 0
10 3 -30 0
47 -50 27 0
46 -22 -23 0
23 -47 -24 0
37 25 35 0
3 12 -32 0
-13 -27 -10 0
50 -27 37 0
10 -46 -31 0
-12 -18 40 0
-5 -9 -22 0
-35 -1 1 0
29 14 -50 0
25 4 7 0
14 -37 -39 0
-24 18 34 0
-48 -27 15 0
-1 -15 21 0
-49 34 9 0
45 -25 -45 0
30 -5 -30 0
31 -26 -20 0
-48 38 -35 0
-21 -31 -1 0
-12 -48 9 0
38 -48 15 0
47 4 -50 0
40 20 -42 0
19 -1 -19 0
-1 -40 -36 0
13 -38 -42 0
22 -8 49 0
34 39 -6 0
-9 40 18 0
-36 -44 19 0
6 -26 -44 0
22 11 17 0
1 -27 20 0
-26 41 -5 0
39 -1 40 0
-26 27 -25 0
