c CNF generator v0.9
p cnf 50 287
-35 20 39 0
-36 48 3 0
45 30 -9 0
-20 11 -4 0
41 -40 17 0
-47 9 23 0
-29 -37 -39 0
11 48 -26 0
-1 2 30 0
-40 17 32 0
-17 19 40 0
-42 -43 31 0
34 -4 -43 0
33 -42 26 0
-48 6 50 0
-27 5 -49 0
-47 30 37 0
-8 -8 -21 0
37 -9 -37 0
13 39 -22 0
50 31 -50 0
49 -25 47 0
25 -39 -41 0
-6 42 -40 0
-19 -18 -3 0
19 9 49 0
7 -41 -20 0
-13 -14 4 0
-3 -26 -1 0
15 30 -40 0
-13 -13 49 0
-44 -20 -17 0
2 -17 8 0
-2 24 -38 0
-46 -47 46 0
30 30 -49 0
16 29 21 0
32 22 -35 0
-35 21 -42 0
-3 -29 -18 0
28 -11 -16 0
45 50 48 0
31 -34 -38 0
-37 -10 -34 0
37 -48 -2 0
37 -23 -32 0
-25 -14 7 0
-32 -34 -42 0
-17 41 12 0
5 18 28 0
9 48 -17 0
16 48 -7 0
-17 -12 -29 0
10 42 46 0
-39 46 27 0
-32 19 -47 0
-29 12 -17 0
-12 33 -49 0
-32 -15 -27 0
-30 39 -39 0
33 -50 -45 0
-23 -16 5 0
-37 11 31 0
13 21 17 0
-9 9 -19 0
50 -35 14 0
34 -4 -34 0
-28 -10 44 0
-28 -33 -25 0
21 50 32 0
30 -41 17 0
29 42 39 0
31 -34 -40 0
-29 -14 -3 0
3 -14 -39 0
-8 18 -14 0
-10 -49 -46 0
-36 8 -19 0
-44 -48 14 0
-6 33 46 0
24 48 3 0
33 43 2 0
-34 -23 -40 0
-44 15 -33 0
41 39 -13 0
17 -14 27 0
48 -40 -30 0
-25 -18 18 0
-5 27 21 0
-7 43 -9 0
42 -19 6 0
50 -35 24 0
-13 -34 -47 0
-3 -20 27 0
-42 1 37 0
-31 -20 6 0
30 -16 18 0
-36 -5 -48 0
28 50 -48 0
40 -41 3 0
33 45 6 0
20 -19 -2 0
-14 44 1 0
10 9 -39 0
-43 -37 -24 0
40 12 42 0
-10 27 -49 0
15 -6 -29 0
17 13 -2 0
-48 35 33 0
-44 -48 20 0
-48 -34 -42 0
8 -27 -34 0
47 -15 -17 0
30 14 -39 0
29 -35 -12 0
-36 -18 5 0
18 19 37 0
40 11 -42 0
-16 29 -35 0
-10 -38 29 0
16 37 -5 0
-11 -19 -11 0
-3 -14 37 0
-13 3 43 0
-34 -20 -39 0
-37 33 7 0
-14 11 34 0
-41 -2 -47 0
20 -16 47 0
33 9 34 0
11 22 49 0
-35 47 -16 0
17 -41 -22 0
20 30 -42 0
-44 50 -5 0
-8 5 16 0
24 39 37 0
-28 45 -5 0
18 3 17 0
-44 36 -6 0
14 -30 26 0
-15 18 21 0
-49 -19 28 0
25 42 -4 0
-7 30 20 0
49 1 -42 0
17 16 -33 0
8 -4 -7 0
-49 -3 -32 0
16 -42 28 0
-13 -2 -19 0
-40 -13 -3 0
-45 31 42 0
-15 -46 -13 0
-21 -8 14 0
39 -6 -3 0
18 26 24 0
-48 -16 -15 0
19 43 37 0
-32 21 -36 0
11 2 -25 0
-4 -27 -30 0
-39 -16 -44 0
30 42 8 0
-30 50 8 0
26 25 -3 0
-31 -30 21 0
-16 38 2 0
-31 10 -44 0
9 -27 -16 0
43 32 50 0
49 -36 -32 0
-34 32 6 0
-18 15 -48 0
-34 9 6 0
13 45 -29 0
24 -41 -41 0
12 -10 -39 0
37 -36 -44 0
33 -49 23 0
9 7 -40 0
-14 -24 -41 0
-2 44 -48 0
23 -16 11 0
19 28 27 0
48 6 34 0
-26 -3 -44 0
11 -24 5 0
-7 -1 38 0
5 46 49 0
-20 48 5 0
25 6 34 0
33 42 10 0
-13 25 -42 0
46 26 38 0
18 -11 7 0
46 33 -34 0
8 -17 -27 0
11 -19 -46 0
-44 -10 -27 0
35 26 -29 0
48 -40 20 0
32 -44 -23 0
-22 20 10 0
-20 -39 26 0
-27 24 10 0
45 -42 -41 0
21 -25 28 0
47 16 20 0
-10 -22 -20 0
-47 40 15 0
50 -11 7 0
16 11 -39 0
-14 10 40 0
28 49 2 0
-20 4 -2 0
41 44 30 0
49 -47 32 0
27 -14 29 0
-6 -29 -27 0
-13 -19 41 0
-40 -47 -13 0
-13 2 -23 0
5 -45 13 0
8 18 -36 0
-45 -15 30 0
-38 -28 -37 0
-22 -21 -13 0
20 -28 15 0
6 47 -25 0
-6 31 11 0
28 24 15 0
13 -11 50 0
-13 29 -9 0
-34 7 -32 0
18 46 -39 0
-33 5 44 0
-31 9 -1 0
-38 -40 -17 0
-44 28 -46 0
-29 5 39 0
26 9 25 0
35 12 9 0
7 -26 -4 0
-18 43 41 0
18 8 25 0
44 -27 39 0
-41 7 -45 0
45 -19 -38 0
42 -34 12 0
18 37 -49 0
8 9 43 0
13 -18 -27 0
-31 31 -3 0
-12 -23 -7 0
-14 -44 -35 0
-38 4 -25 0
-17 -47 24 0
-5 -36 -28 0
-14 6 -39 0
-41 -45 46 0
-19 21 -3 0
-38 -47 3 0
-20 46 32 0
-33 -29 -46 0
50 -4 -48 0
25 10 43 0
-19 -50 23 0
25 -19 -44 0
-32 36 30 0
9 16 32 0
26 -47 -10 0
33 16 -28 0
1 -13 45 0
38 4 48 0
36 37 20 0
5 -49 45 0
-41 -1 47 0
-46 49 23 0
20 -15 -27 0
-34 12 50 0
-1 39 20 0
-9 4 50 0
37 -50 -42 0
-29 29 36 0
-35 -12 -20 0
