c CNF generator v0.9
p cnf 50 287
-14 46 40 0
2 13 -10 0
24 -34 36 0
-8 10 -1 0
26 -43 12 0
20 -39 32 0
-17 -2 -38 0
-22 3 -43 0
-49 43 -19 0
31 7 -15 0
-28 15 29 0
4 -31 2 0
-37 21 -2 0
-46 -21 -46 0
37 6 -14 0
10 -33 -32 0
19 -25 -6 0
-16 -43 -1 0
5 -6 15 0
35 -44 -32 0
-31 34 -30 0
-14 22 49 0
18 -7 24 0
30 -50 -9 0
18 22 -38 0
46 -32 -31 0
6 -34 -4 0
-26 -23 29 0
25 -24 7 0
18 -47 2 0
-13 7 -42 0
20 -33 20 0
19 35 -17 0
50 46 -38 0
-45 2 -18 0
29 -31 -37 0
-25 -9 28 0
44 -36 -17 0
-50 -10 -50 0
-32 48 35 0
5 -13 50 0
-36 -29 44 0
-4 -39 -29 0
30 2 22 0
-12 -43 -7 0
15 9 46 0
-32 16 37 0
-42 39 36 0
-26 -4 -47 0
-29 1 -38 0
-16 -9 -27 0
-44 -13 21 0
49 -46 -25 0
4 -4 30 0
13 -30 50 0
-36 39 19 0
6 -23 47 0
-25 -30 -24 0
40 -17 -43 0
-33 4 -10 0
12 30 -40 0
22 -35 -46 0
-22 -5 46 0
40 -10 -3 0
-34 47 18 0
7 2 -13 0
29 21 40 0
5 45 -2 0
-5 13 -25 0
35 -44 50 0
6 20 -32 0
33 -13 -38 0
5 -4 2 0
42 -42 45 0
-5 -43 -38 0
13 -38 9 0
-5 4 20 0
10 -17 -49 0
-26 1 -5 0
1 -23 34 0
43 32 -25 0
31 -41 1 0
39 -17 1 0
-31 -1 -49 0
-38 -2 -22 0
-13 -34 33 0
-25 29 -45 0
7 -24 -32 0
-18 -21 30 0
4 12 -14 0
-46 -28 -18 0
29 -9 47 0
-41 2 43 0
-36 24 47 0
11 -38 -12 0
47 6 -12 0
-12 9 -31 0
39 -14 -38 0
27 19 50 0
-38 14 -50 0
9 11 18 0
35 47 21 0
31 -36 -30 0
27 44 -33 0
13 -10 -45 0
10 2 -41 0
14 -34 12 0
-31 3 -23 0
-46 44 -27 0
-41 10 -49 0
-49 45 -23 0
-49 -41 24 0
-4 -27 -19 0
-37 -38 6 0
-25 -8 25 0
6 -39 -46 0
37 -13 -37 0
-37 36 16 0
-17 -34 -45 0
-23 6 -48 0
-9 -32 18 0
-5 50 -6 0
7 -19 -5 0
-49 -31 -12 0
-18 47 -45 0
-22 16 15 0
-11 29 39 0
-31 -15 -39 0
3 32 -11 0
-12 -44 21 0
-3 -7 19 0
17 -30 37 0
-20 -27 27 0
-40 37 -41 0
3 -25 50 0
-18 36 -45 0
35 -23 35 0
25 -26 11 0
37 -18 19 0
5 41 19 0
9 -20 -8 0
18 -20 -9 0
-2 -19 -11 0
-35 19 -12 0
32 42 47 0
-28 -22 9 0
29 25 -30 0
-7 22 8 0
38 -9 15 0
-34 -26 20 0
-38 22 -32 0
15 -1 -15 0
-10 -22 -2 0
-45 -27 -23 0
29 31 -6 0
13 34 -9 0
-42 1 29 0
-48 -28 -35 0
-18 30 -31 0
13 -25 44 0
-37 3 34 0
3 44 -16 0
-36 25 48 0
-36 -47 -31 0
39 -4 26 0
-21 -30 -48 0
-4 -3 -9 0
-48 24 -46 0
11 15 -13 0
21 -4 6 0
6 -13 -10 0
1 -3 -33 0
43 -13 2 0
32 -31 -6 0
18 45 -39 0
-44 2 50 0
26 28 37 0
18 -43 13 0
23 -28 -15 0
22 13 23 0
33 -30 10 0
48 -15 -37 0
-8 43 31 0
1 -11 -14 0
-49 44 40 0
-28 -9 8 0
-45 -18 20 0
20 -34 18 0
30 -30 -3 0
-13 -40 -22 0
-30 -31 -26 0
33 41 33 0
22 8 -11 0
18 -16 -8 0
15 -33 50 0
-4 31 -48 0
-45 -35 -17 0
-6 -16 44 0
-1 24 -26 0
-24 -15 30 0
16 -31 17 0
39 17 1 0
-30 33 3 0
20 -6 4 0
26 -12 7 0
41 21 -30 0
-42 7 3 0
12 42 34 0
17 5 -26 0
-28 37 -40 0
45 37 -44 0
7 -38 9 0
13 -35 34 0
16 39 -17 0
-49 29 -34 0
29 44 6 0
22 30 -25 0
-7 4 -13 0
21 36 31 0
36 -21 10 0
-38 -33 -16 0
-43 -36 -31 0
-38 -44 -46 0
-41 -9 27 0
-50 -39 10 0
-25 40 -21 0
-8 35 -47 0
-39 -21 -43 0
-44 3 -34 0
-37 -6 42 0
32 -28 21 0
-24 -21 -42 0
24 31 17 0
36 -10 -9 0
15 26 28 0
12 37 -32 0
-38 -43 29 0
-23 24 19 0
-40 -35 -31 0
-3 -35 13 0
29 34 6 0
-26 13 -25 0
25 18 38 0
-39 -48 5 0
34 -13 14 0
48 36 -48 0
-35 -37 9 0
29 19 -9 0
-11 -2 22 0
49 16 -19 0
-34 36 19 0
38 -17 -23 0
-30 -19 3 0
-8 31 33 0
16 -29 38 0
11 -17 -18 0
24 -4 -40 0
-10 -13 -27 0
-41 47 -23 0
-10 41 12 0
-9 -30 -8 0
-12 -6 13 0
-21 -13 -16 0
-43 8 24 0
29 19 -48 0
3 36 -32 0
-47 -25 -44 0
3 34 19 0
22 49 -2 0
-34 36 -30 0
-49 44 38 0
-45 11 3 0
-10 -20 5 0
30 43 -5 0
22 -48 42 0
8 1 -47 0
10 -40 -50 0
17 -48 26 0
4 -30 -14 0
-27 50 -5 0
-8 -46 9 0
-7 -29 -9 0
-17 -30 23 0
-29 7 13 0
-7 49 -15 0
-23 27 -14 0
3 -45 -6 0
