c CNF generator v0.9
p cnf 50 287
16 -9 -9 0
-49 3 -3 0
1 -22 -49 0
28 3 -38 0
-22 25 11 0
10 -40 -2 0
-24 14 -12 0
29 27 -46 0
-15 41 34 0
36 -13 -5 0
-22 -31 19 0
28 -9 50 0
-46 43 42 0
-11 29 5 0
-34 -23 50 0
-2 -12 -40 0
46 44 35 0
-8 -25 -17 0
-8 5 -46 0
-33 -39 24 0
22 -21 25 0
-4 -6 -18 0
40 -24 -12 0
10 -22 -15 0
10 27 -46 0
15 41 20 0
-32 -19 -12 0
16 4 -27 0
-49 -47 -14 0
48 13 -33 0
18 37 -15 0
-38 -49 24 0
-46 45 46 0
46 -30 1 0
-24 20 50 0
44 45 3 0
-19 -25 40 0
-1 -32 -19 0
10 9 -36 0
31 21 14 0
50 15 29 0
-33 -14 -2 0
-45 -22 29 0
-35 42 -39 0
-20 50 40 0
-12 41 33 0
-15 -36 49 0
-1 -8 -24 0
-40 -27 -47 0
49 -49 -19 0
17 25 -20 0
-37 49 -49 0
46 -49 35 0
31 5 28 0
6 -23 -43 0
7 40 31 0
-10 49 -46 0
46 45 -33 0
29 16 -6 0
12 27 1 0
22 33 -40 0
-37 -21 -47 0
-15 35 -28 0
-4 -24 44 0
49 24 30 0
-7 -8 29 0
7 -35 -21 0
-20 1 30 0
-34 -21 4 0
15 -10 -23 0
-34 23 -21 0
-18 48 21 0
7 42 39 0
-27 -10 13 0
-36 43 19 0
-48 -43 11 0
-41 -36 -15 0
-41 8 -30 0
24 39 21 0
11 24 -12 0
1 -36 -37 0
-17 -19 -50 0
-22 29 -10 0
40 33 19 0
28 26 -26 0
-42 49 24 0
-16 46 25 0
28 42 -49 0
-48 -33 23 0
35 -27 -49 0
-39 -27 3 0
9 -32 -1 0
36 -7 27 0
-29 35 21 0
37 -4 14 0
7 24 31 0
33 31 -28 0
50 35 10 0
-28 -19 -21 0
5 15 17 0
-47 -29 -15 0
-38 -2 8 0
31 -8 46 0
10 -24 -23 0
-6 -22 26 0
-12 49 -36 0
28 -46 41 0
25 42 43 0
4 -37 7 0
-11 9 -49 0
-20 46 1 0
17 -22 -38 0
-13 36 -22 0
-46 37 -9 0
17 -10 47 0
5 19 -41 0
-26 -44 -30 0
-47 30 39 0
37 41 -43 0
-19 -48 2 0
-26 13 -42 0
-33 -14 30 0
-24 -19 -8 0
29 41 29 0
38 -12 41 0
-34 -47 -22 0
40 -16 33 0
49 22 -49 0
-32 36 -21 0
-40 -24 32 0
5 30 -48 0
19 -35 -9 0
-47 -31 39 0
23 -5 -23 0
-43 -40 -9 0
37 22 -25 0
-2 -11 -27 0
-36 -44 -3 0
-49 -33 -47 0
-11 -33 1 0
-24 50 32 0
49 -14 5 0
7 -38 -48 0
-43 4 47 0
-7 -11 -18 0
-3 46 12 0
-2 15 -30 0
-40 3 -17 0
-28 -9 -43 0
50 -45 -29 0
-30 -4 -31 0
38 14 4 0
26 -34 -13 0
39 22 -6 0
-1 -6 -31 0
37 -29 24 0
-39 -18 16 0
2 -23 -21 0
-10 -19 -9 0
45 -6 -10 0
39 14 9 0
13 -24 -7 0
7 -43 -40 0
-10 27 -45 0
-42 -23 16 0
34 -23 -43 0
-36 23 -8 0
-43 48 -3 0
-37 -33 -20 0
42 3 5 0
-12 -10 -17 0
48 36 10 0
43 -25 -33 0
-36 33 -7 0
-25 -50 37 0
40 26 8 0
50 -19 -42 0
-11 -34 -21 0
36 -30 -22 0
-5 -17 -3 0
-12 -47 -14 0
-42 35 -39 0
28 -28 -50 0
2 -6 45 0
9 15 22 0
31 -3 16 0
-29 -25 47 0
-33 18 44 0
11 -47 -37 0
26 -39 27 0
-10 49 -23 0
9 -26 -7 0
28 -44 -8 0
-5 19 -23 0
-6 -30 8 0
46 -28 -27 0
-45 35 -23 0
5 -32 -10 0
25 -28 -24 0
-38 -21 -11 0
10 48 25 0
-46 -24 30 0
2 -33 -18 0
18 14 -11 0
26 14 -18 0
-40 22 47 0
11 -33 -26 0
-42 50 -39 0
35 28 -29 0
41 -7 41 0
-14 -46 13 0
8 -46 34 0
-47 -44 -45 0
-28 11 3 0
-31 -7 -20 0
49 30 41 0
-45 -36 -33 0
-12 27 36 0
46 24 28 0
27 32 -25 0
44 -3 -4 0
-8 9 29 0
-36 38 45 0
29 -11 -20 0
23 5 30 0
-3 -19 -30 0
14 -41 -50 0
40 -40 4 0
13 24 -20 0
25 -35 -31 0
-18 -15 17 0
-7 -17 24 0
-8 -45 -45 0
38 -6 -16 0
36 -29 -8 0
-17 13 -1 0
-27 -35 33 0
-31 -15 -5 0
-11 -18 -39 0
46 20 -43 0
37 36 13 0
-21 28 -21 0
-47 12 20 0
41 17 12 0
22 23 -24 0
38 -11 5 0
32 13 45 0
13 -49 -41 0
-40 14 30 0
-15 23 -4 0
44 6 -50 0
-49 -3 -34 0
14 -10 5 0
6 3 -8 0
-8 -36 -11 0
36 1 -35 0
-50 17 14 0
45 5 6 0
12 11 -30 0
14 -19 21 0
37 6 -33 0
-1 -12 -45 0
15 14 -43 0
-3 27 20 0
-36 -33 32 0
-43 -15 13 0
-18 16 25 0
41 -49 -28 0
27 30 38 0
15 41 -10 0
17 -45 48 0
-30 45 45 0
-41 46 -13 0
40 19 29 0
-1 -38 33 0
3 -1 -1 0
13 -1 31 0
41 4 43 0
41 28 -13 0
8 27 7 0
-45 24 -48 0
14 36 28 0
-32 42 -31 0
3 -9 -19 0
-38 22 -40 0
-8 -4 14 0
40 50 17 0
