c CNF generator v0.9
p cnf 50 287
14 24 -26 0
2 5 39 0
25 26 -21 0
10 -5 -19 0
-3 -22 -47 0
-2 -16 6 0
-5 7 -4 0
5 -44 -47 0
35 17 44 0
-20 11 48 0
9 41 26 0
-21 -21 29 0
50 1 7 0
-26 30 50 0
-42 -4 42 0
16 42 48 0
34 19 -18 0
-40 5 14 0
45 -20 -20 0
-29 -25 -22 0
34 34 18 0
-10 -24 -48 0
-5 3 -3 0
-48 11 -8 0
-48 -37 29 0
12 33 -12 0
-22 26 15 0
-38 15 39 0
1 -30 27 0
39 -24 -46 0
19 -26 -2 0
15 -30 -28 0
-5 -31 42 0
17 49 -29 0
-27 -17 -2 0
14 -13 37 0
-36 -11 -10 0
-40 10 -11 0
12 11 37 0
-5 -18 -50 0
3 -42 48 0
-10 45 31 0
16 29 -6 0
-26 29 -50 0
44 46 -39 0
-45 -26 -26 0
17 26 -11 0
-19 12 44 0
25 -2 45 0
-18 43 10 0
2 -18 -39 0
-37 -24 16 0
-13 11 22 0
-7 -33 5 0
26 -46 16 0
-21 10 -4 0
12 -37 16 0
-25 -15 -1 0
1 38 43 0
12 17 -14 0
-11 15 17 0
-14 38 18 0
43 -2 37 0
21 -16 28 0
-41 47 -17 0
39 -29 -28 0
-26 18 39 0
-40 -46 -45 0
24 -28 22 0
-2 33 43 0
48 22 -48 0
15 -4 10 0
-17 44 38 0
-4 5 -46 0
35 -17 41 0
-32 46 38 0
13 25 9 0
-35 -31 -44 0
16 -16 10 0
4 1 23 0
-44 41 -37 0
31 -30 -36 0
-21 -39 20 0
3 -45 -13 0
3 46 -13 0
35 13 -20 0
-13 -43 9 0
23 -39 -40 0
-20 -10 29 0
-31 -41 46 0
24 37 -26 0
30 40 12 0
-31 -45 28 0
33 -45 -3 0
38 -7 -6 0
5 -10 -38 0
-32 16 -33 0
-50 -5 36 0
36 37 -36 0
17 14 39 0
-35 33 -25 0
50 -25 -38 0
-13 36 43 0
25 -20 46 0
19 -31 -18 0
-14 48 -35 0
8 -42 -7 0
-24 48 -37 0
-23 32 -13 0
-39 33 25 0
-30 -45 21 0
-12 -34 46 0
-13 -50 -10 0
-10 40 -3 0
35 -2 8 0
41 -19 -17 0
-45 -32 -13 0
2 30 38 0
30 -6 32 0
6 28 -30 0
10 -9 28 0
39 31 -14 0
-40 -33 8 0
16 -3 -24 0
24 9 25 0
-18 -16 27 0
27 28 25 0
-13 -28 44 0
41 12 -2 0
-28 42 -44 0
15 -27 15 0
48 24 -23 0
-39 43 15 0
24 30 -17 0
47 -21 -6 0
29 24 -23 0
-17 -29 6 0
-37 42 -44 0
33 -26 -9 0
-44 18 -21 0
-7 38 9 0
13 -32 -38 0
-32 3 -8 0
-20 -11 -12 0
-2 -7 -32 0
-48 24 31 0
-49 -42 41 0
4 48 48 0
-23 -49 -34 0
-2 12 -9 0
16 -23 45 0
-20 4 -33 0
-16 2 -19 0
-3 -26 42 0
46 27 24 0
-7 -34 12 0
14 -5 -42 0
46 10 -30 0
-20 6 -4 0
-22 9 46 0
42 13 20 0
31 8 46 0
-4 -41 5 0
37 7 -29 0
21 -41 -32 0
32 46 -20 0
19 -21 -45 0
-5 -1 21 0
-17 21 -36 0
-11 -7 -8 0
40 39 -26 0
12 16 13 0
27 -11 1 0
-25 -31 -36 0
10 -2 -13 0
-36 -40 10 0
35 39 33 0
-40 9 14 0
-45 30 -33 0
-49 38 17 0
-50 -27 32 0
29 -36 -43 0
-25 13 12 0
3 5 -41 0
-4 12 10 0
-7 23 -16 0
36 -25 1 0
-41 -31 21 0
-40 14 16 0
12 49 -32 0
36 28 -5 0
-47 22 44 0
46 -1 -15 0
45 -19 48 0
47 43 -50 0
-13 5 -43 0
25 48 44 0
-47 46 42 0
-35 29 26 0
31 -20 19 0
27 -41 12 0
-8 -17 -33 0
-20 15 18 0
-12 42 22 0
-31 -41 -35 0
-1 16 44 0
-34 48 -47 0
-2 -49 -29 0
-26 36 47 0
-48 -50 -20 0
7 40 6 0
42 -45 14 0
1 -26 -39 0
-18 26 30 0
-35 8 42 0
3 -25 18 0
40 -22 31 0
31 1 -29 0
21 11 16 0
-35 28 38 0
30 35 41 0
18 -26 -4 0
29 28 -35 0
43 24 29 0
29 -27 -18 0
-1 -12 3 0
8 46 24 0
-29 28 8 0
47 16 14 0
19 38 -44 0
-32 7 38 0
-2 -40 40 0
18 -47 31 0
-8 22 -7 0
41 34 -3 0
-32 -16 45 0
35 -32 -10 0
1 -33 -24 0
44 28 -4 0
24 -4 47 0
-18 14 -13 0
-47 7 -3 0
-37 -29 42 0
-37 29 11 0
-21 -33 42 0
-15 8 28 0
-4 28 -15 0
47 -49 2 0
-45 -40 -5 0
-15 -40 34 0
8 -34 -32 0
-41 41 35 0
-32 25 -38 0
17 9 48 0
-45 -3 26 0
45 32 -29 0
34 24 -37 0
39 3 -28 0
-3 45 -22 0
-10 -7 31 0
-1 11 8 0
6 -34 -3 0
19 35 -1 0
16 7 -15 0
48 40 13 0
-14 23 12 0
45 16 -38 0
-31 -21 -28 0
-5 -46 -2 0
-34 28 31 0
12 42 36 0
-5 44 47 0
33 -33 -35 0
-29 -18 -20 0
-3 -41 44 0
46 33 22 0
-45 -6 -45 0
-18 32 5 0
20 40 -49 0
-34 25 -21 0
39 -37 -42 0
50 47 12 0
2 -10 37 0
15 -7 -46 0
9 -5 -36 0
34 29 -16 0
16 -33 -2 0
