c CNF generator v0.9
p cnf 50 287
40 -38 -29 0
-6 -9 -14 0
26 -38 -25 0
31 41 7 0
10 -3 -6 0
14 -6 22 0
-41 12 43 0
-35 34 -21 0
35 -45 -34 0
-48 26 -17 0
7 -4 -12 0
44 -37 21 0
-9 -9 18 0
47 17 -36 0
-50 -32 -45 0
14 -2 20 0
-29 37 -7 0
9 37 33 0
41 -1 -45 0
-39 -27 47 0
-27 27 32 0
-40 -14 19 0
-14 28 14 0
-14 7 15 0
28 -32 -35 0
26 20 29 0
26 -33 11 0
14 34 -7 0
8 -38 -45 0
25 17 30 0
25 -11 -22 0
36 -20 -12 0
-23 -45 23 0
-23 -12 -45 0
40 35 12 0
26 -2 -30 0
-34 19 -16 0
-37 6 -7 0
-50 22 22 0
16 -15 4 0
-32 -26 -45 0
-6 35 -1 0
3 4 -27 0
-35 -17 42 0
-28 46 43 0
37 35 10 0
-10 26 -37 0
14 -39 -21 0
-4 19 44 0
1 -46 -31 0
-23 32 -13 0
7 14 -38 0
23 -50 -11 0
35 -2 25 0
16 -44 -21 0
-44 4 15 0
16 42 -15 0
-50 28 -46 0
-49 11 9 0
34 -38 28 0
-3 -39 27 0
-3 -27 -25 0
-20 -17 -26 0
33 -24 -7 0
-39 -4 18 0
-39 9 4 0
-1 -14 -44 0
-43 27 37 0
-10 -29 50 0
5 -28 -20 0
13 37 6 0
29 11 6 0
16 -34 -15 0
-16 -24 14 0
4 -36 42 0
15 31 -40 0
-14 -28 4 0
-20 5 50 0
7 -7 34 0
-29 27 19 0
17 27 -1 0
35 4 -31 0
-50 -35 -19 0
-17 -34 -9 0
14 -41 -18 0
-24 45 27 0
-32 -13 -49 0
24 40 33 0
-13 31 -13 0
50 2 -31 0
-30 -13 -12 0
19 37 50 0
29 -47 -12 0
-46 19 -50 0
35 14 28 0
-13 -40 16 0
-24 2 24 0
11 36 26 0
9 31 16 0
20 21 23 0
-34 -9 33 0
8 -41 -1 0
28 -32 22 0
26 7 47 0
40 47 -30 0
46 -40 -20 0
6 -42 -38 0
42 2 43 0
25 49 31 0
-8 -5 -5 0
35 16 38 0
37 -42 -26 0
29 -7 33 0
15 -9 -18 0
10 -34 35 0
-47 5 -35 0
26 -5 -40 0
-6 21 -43 0
-41 -38 36 0
32 -39 -24 0
-47 35 -1 0
-22 6 32 0
-29 41 -38 0
29 48 45 0
37 -27 -38 0
42 -1 -38 0
31 11 -24 0
6 35 44 0
-1 49 -1 0
38 5 3 0
39 10 -4 0
-39 26 30 0
-5 -33 -19 0
-49 -44 -16 0
16 25 -38 0
-45 -49 -19 0
-27 20 2 0
44 -25 2 0
-43 50 -4 0
-40 31 -29 0
-39 -20 41 0
-49 8 3 0
22 19 -11 0
-25 38 33 0
10 19 -46 0
15 -46 24 0
35 4 4 0
5 -26 -50 0
-11 -38 50 0
-3 -12 -15 0
37 19 -49 0
-46 43 -6 0
-4 -17 7 0
21 -8 39 0
38 -13 -24 0
-39 33 45 0
17 -29 -10 0
11 40 47 0
-30 -12 24 0
-31 27 9 0
-38 -46 -30 0
46 26 -11 0
-23 -27 30 0
26 14 -50 0
-8 4 16 0
41 6 -23 0
-8 44 33 0
2 -13 47 0
44 23 35 0
9 25 29 0
28 -15 -48 0
41 6 -18 0
-2 35 16 0
3 12 48 0
-23 -38 19 0
-20 -4 12 0
-24 48 -34 0
36 -47 25 0
37 -17 15 0
-43 -37 -8 0
-32 37 31 0
29 31 25 0
-29 6 50 0
-38 24 36 0
4 9 42 0
27 46 -40 0
-26 -50 -20 0
-44 -29 31 0
-9 -11 -42 0
6 -5 -39 0
-48 23 21 0
-18 -48 -44 0
33 -26 -31 0
-7 -12 -49 0
-7 33 -7 0
-27 -15 44 0
-30 9 14 0
37 3 50 0
-45 -1 39 0
4 -14 27 0
-31 -22 -6 0
-31 18 -17 0
-43 47 -47 0
-26 -10 -12 0
34 50 -36 0
46 -39 -27 0
-26 13 -17 0
22 24 17 0
49 -13 -1 0
-6 -20 30 0
-12 -18 14 0
-34 44 6 0
35 -47 22 0
9 36 -31 0
-31 -45 17 0
47 3 42 0
-32 1 40 0
4 44 5 0
43 16 18 0
10 1 -29 0
-8 -27 -40 0
10 15 -23 0
19 8 1 0
9 -22 -22 0
45 -44 -20 0
49 -23 41 0
44 18 -18 0
41 25 20 0
-14 25 -23 0
-9 37 39 0
-37 32 43 0
27 26 14 0
45 -37 15 0
-44 44 21 0
22 -18 -37 0
-49 5 8 0
-2 27 -23 0
-39 3 -32 0
-13 -18 -1 0
6 18 -12 0
-29 -5 -23 0
-23 33 -1 0
12 48 34 0
13 42 26 0
-16 -31 -17 0
25 -40 26 0
40 12 -27 0
-49 40 35 0
38 -6 7 0
-39 -21 -19 0
35 37 32 0
-39 -41 -31 0
42 23 -13 0
-9 15 -43 0
-5 -20 2 0
16 49 -17 0
10 -4 -6 0
-40 47 7 0
34 -16 7 0
11 -15 -24 0
-3 10 44 0
1 -50 -1 0
40 48 49 0
41 37 -28 0
-11 -3 42 0
-22 8 -24 0
-3 34 47 0
44 -21 -8 0
40 -39 7 0
-40 -27 -41 0
31 -38 27 0
-33 -27 2 0
-39 36 49 0
-30 16 10 0
-12 48 -44 0
-25 -19 22 0
4 -49 19 0
21 36 30 0
-15 -30 -40 0
-14 -23 1 0
6 28 -35 0
17 -31 -36 0
-34 -14 46 0
1 -13 13 0
-9 44 26 0
24 7 -15 0
26 -23 -34 0
