c CNF generator v0.9
p cnf 50 287
-13 -39 38 0
26 46 -8 0
-11 -26 16 0
-28 32 -27 0
-42 47 -5 0
8 -48 -35 0
7 -21 -34 0
20 4 16 0
-12 -30 26 0
10 1 -20 0
-35 29 -1 0
33 28 -26 0
-15 38 41 0
48 -7 -23 0
42 -42 28 0
-38 40 37 0
35 50 -31 0
-13 46 -44 0
-8 35 -15 0
23 -34 30 0
37 -16 21 0
28 -22 -18 0
-50 -37 -23 0
4 -22 47 0
40 30 30 0
-38 28 -30 0
-3 -50 43 0
45 18 49 0
-36 -11 -10 0
-44 -4 -42 0
-35 -11 -27 0
-49 3 17 0
16 16 -4 0
39 -24 -30 0
-11 -1 2 0
-28 -42 -40 0
4 17 19 0
-40 5 -26 0
33 25 36 0
28 20 -35 0
1 -41 -24 0
-38 -1 -50 0
-36 14 -4 0
41 -29 -26 0
2 34 -14 0
8 -23 -28 0
-28 50 -37 0
26 31 49 0
41 10 37 0
21 16 10 0
-28 48 22 0
44 -50 -39 0
33 -31 -13 0
25 -20 -36 0
40 50 24 0
48 -39 -45 0
-5 -8 12 0
35 11 17 0
30 31 -33 0
-17 25 -47 0
13 -16 -22 0
48 -31 7 0
-29 -32 50 0
-44 11 46 0
45 31 24 0
16 -23 43 0
7 2 8 0
-38 16 -32 0
28 42 -6 0
-30 -20 41 0
-35 -44 -1 0
34 49 -41 0
19 21 -38 0
37 -28 -31 0
-36 -15 3 0
6 15 44 0
-29 42 -22 0
11 -9 -29 0
-3 -7 -10 0
16 -32 21 0
2 6 -17 0
-2 42 -25 0
-1 35 32 0
45 -50 38 0
19 -21 -29 0
49 25 -21 0
48 42 22 0
-39 -26 47 0
-7 -33 25 0
33 39 49 0
48 14 13 0
-18 9 43 0
-39 32 -8 0
31 12 -43 0
-1 -22 -42 0
9 45 -4 0
26 6 14 0
-39 -47 10 0
-27 42 -10 0
26 42 -33 0
40 39 34 0
-17 -39 -46 0
-37 -6 -6 0
-21 -48 47 0
-15 29 -9 0
-19 19 49 0
34 -45 -29 0
-18 -45 -36 0
-34 -2 37 0
-14 -8 13 0
49 -26 -35 0
40 -47 -17 0
20 48 -11 0
5 49 -39 0
11 -3 25 0
34 -1 16 0
40 -43 -41 0
-38 26 -3 0
42 17 -37 0
7 25 41 0
48 -8 -14 0
41 14 -16 0
33 12 49 0
-30 -6 48 0
-10 -47 -38 0
-6 -33 -34 0
23 17 37 0
38 -15 -35 0
31 24 30 0
-20 38 43 0
21 27 20 0
7 27 -46 0
-9 46 -36 0
28 46 -37 0
28 -13 23 0
44 7 13 0
-43 33 -35 0
37 13 -42 0
30 -44 10 0
7 10 23 0
2 49 -9 0
-1 14 34 0
26 -34 -31 0
48 37 -19 0
31 49 -19 0
-40 33 26 0
-1 50 19 0
13 39 -39 0
-42 9 26 0
41 13 -42 0
1 41 -11 0
-31 48 47 0
30 49 -13 0
-29 32 2 0
-29 -7 -17 0
42 6 38 0
-26 47 16 0
-36 18 -2 0
-14 -42 32 0
9 -50 11 0
-18 -45 5 0
-43 47 -40 0
-32 47 5 0
-15 -1 -40 0
-14 17 -40 0
-13 -18 -10 0
-17 -49 -28 0
35 -2 -28 0
-4 49 -2 0
46 -35 -7 0
-20 42 -2 0
-46 29 -15 0
36 -47 -1 0
13 -1 34 0
-8 -49 -12 0
13 37 -19 0
15 -47 22 0
27 4 36 0
-7 -34 15 0
4 -31 -6 0
-49 1 46 0
-32 -11 -16 0
22 -5 24 0
-33 21 -23 0
-12 36 36 0
-44 26 10 0
-9 -23 -35 0
2 15 -37 0
30 10 23 0
23 3 -29 0
-30 -43 1 0
-23 19 15 0
39 -39 22 0
-12 -42 -50 0
10 -24 25 0
-37 34 -15 0
38 4 -4 0
-26 47 -23 0
-25 -43 -26 0
42 -25 12 0
-16 -1 -7 0
-28 -9 1 0
47 43 -33 0
9 30 -8 0
-44 34 -11 0
37 -40 14 0
46 -28 -10 0
-21 -39 -16 0
-5 2 -28 0
47 -46 16 0
-31 6 25 0
-50 -2 -22 0
-8 -45 38 0
-31 9 26 0
15 47 -17 0
41 -28 42 0
23 -27 10 0
-46 -32 10 0
-19 23 -31 0
-38 -42 -1 0
38 -2 15 0
-5 -24 -30 0
-43 50 -30 0
-24 46 16 0
11 -19 -13 0
15 23 31 0
-25 -46 -44 0
20 -28 15 0
-47 25 -5 0
-35 -35 -49 0
50 3 -15 0
7 -5 19 0
-27 39 22 0
-44 -8 -32 0
-25 29 11 0
-18 30 -17 0
50 -33 47 0
-14 1 -26 0
33 -23 9 0
-8 -13 28 0
11 -25 23 0
10 25 31 0
4 8 -7 0
-14 20 10 0
29 -38 18 0
-34 -2 7 0
41 -43 -26 0
1 -38 42 0
40 -35 41 0
5 -4 36 0
-19 49 -38 0
2 -27 40 0
8 -44 18 0
14 -8 15 0
5 -35 -50 0
26 -23 -18 0
-2 -6 -22 0
43 -39 5 0
-36 26 48 0
-27 -46 -25 0
-19 -13 17 0
-26 -48 48 0
8 11 47 0
-24 -15 25 0
-10 -20 3 0
-29 50 -23 0
-8 1 -43 0
-15 -37 6 0
-32 17 -17 0
49 -2 -16 0
-36 -10 37 0
-21 13 -27 0
15 6 36 0
38 -32 5 0
13 42 15 0
5 48 -18 0
-13 -10 5 0
-12 -45 15 0
-37 10 43 0
-21 -13 33 0
-35 8 -23 0
-11 48 18 0
1 -49 30 0
10 -4 -21 0
1 36 -12 0
3 45 -30 0
-36 -46 -39 0
