c CNF generator v0.9
p cnf 50 287
12 19 25 0
19 44 -49 0
-19 -14 34 0
-41 36 43 0
-49 10 31 0
46 12 26 0
24 25 36 0
-2 30 -5 0
-46 -28 22 0
20 -29 -22 0
34 -10 47 0
43 9 -30 0
-24 -43 22 0
-48 37 -3 0
-41 43 41 0
43 20 39 0
-12 -4 -42 0
3 44 20 0
-7 21 -29 0
41 3 -9 0
-18 -3 -36 0
14 -5 -16 0
49 10 35 0
-3 16 -19 0
26 -47 -19 0
1 -14 12 0
-30 -30 -18 0
18 45 4 0
-26 42 42 0
2 39 17 0
17 7 24 0
-46 -37 38 0
34 -40 3 0
-34 7 -9 0
-5 -27 6 0
2 -20 -32 0
12 33 5 0
1 -22 -7 0
45 23 -14 0
4 15 23 0
24 -42 40 0
44 -14 16 0
-18 -7 34 0
39 11 35 0
12 -12 -5 0
25 -9 -50 0
-46 20 -15 0
-12 25 11 0
-4 39 4 0
-46 -9 -1 0
6 -8 -43 0
8 35 -3 0
35 -15 1 0
43 36 -35 0
17 7 -39 0
40 6 39 0
-7 25 -27 0
-20 -37 26 0
-25 28 -5 0
18 -42 17 0
-37 49 -6 0
9 -24 31 0
-31 13 -16 0
-31 -27 30 0
8 18 -48 0
-22 -48 19 0
18 -5 -44 0
-18 9 33 0
32 15 25 0
2 3 29 0
-42 -50 2 0
-12 -20 -44 0
-17 -50 -25 0
-41 41 -26 0
-9 20 -12 0
-37 14 4 0
-45 43 10 0
-9 20 -1 0
-48 -22 -15 0
49 5 26 0
16 28 44 0
-29 -16 -33 0
-24 45 33 0
-5 31 -12 0
-11 -12 -29 0
23 50 8 0
13 24 49 0
-30 22 -44 0
4 -48 -35 0
35 -35 -37 0
-38 23 -4 0
-5 -14 45 0
-18 33 -18 0
15 50 32 0
-48 -42 -36 0
-20 18 -30 0
20 27 -9 0
-7 -40 -13 0
38 -20 44 0
-37 46 30 0
-23 19 -38 0
49 40 -6 0
13 -4 -36 0
30 -14 -8 0
-48 -3 38 0
-6 -37 -46 0
-29 -25 -1 0
-46 -5 41 0
4 -16 19 0
7 8 -6 0
7 -23 -3 0
-3 -33 36 0
-44 16 -1 0
-10 36 48 0
-25 -16 -31 0
-47 30 -11 0
-2 -46 32 0
-4 43 22 0
-43 -16 7 0
-27 -7 -18 0
-5 -14 15 0
44 2 -35 0
-31 -28 -26 0
-3 22 -44 0
1 15 20 0
-18 -40 18 0
4 45 -17 0
-50 -29 -40 0
6 3 17 0
-1 15 -2 0
24 18 -13 0
-31 24 11 0
-34 8 14 0
-8 44 37 0
-32 12 -6 0
8 35 -32 0
-49 38 -30 0
7 2 -47 0
-13 -33 36 0
13 -38 -14 0
-42 8 6 0
-47 -30 -31 0
48 -5 -47 0
-44 -31 -43 0
26 48 -18 0
4 25 -16 0
6 -6 -48 0
43 36 -46 0
-7 -13 -2 0
13 -42 23 0
16 -27 47 0
39 -25 41 0
-4 43 13 0
17 24 -3 0
23 -47 -3 0
28 42 -20 0
-29 5 12 0
-44 -26 47 0
6 15 -23 0
22 -40 -45 0
18 35 15 0
50 49 -11 0
50 -28 39 0
25 -1 6 0
-49 23 31 0
-50 -45 10 0
-38 -4 21 0
15 19 4 0
17 -19 29 0
24 -20 -5 0
-44 14 20 0
41 47 -23 0
6 -39 43 0
-43 -30 -37 0
3 -26 -2 0
-12 -7 31 0
30 38 35 0
40 -1 -3 0
-11 19 -13 0
19 -25 -28 0
12 28 30 0
20 3 43 0
-8 -17 7 0
43 -46 -31 0
-43 49 -7 0
-40 31 -3 0
42 14 -11 0
-36 24 -17 0
-37 1 4 0
-9 -36 48 0
16 -8 29 0
29 41 -16 0
-19 -25 1 0
-50 31 29 0
-4 38 40 0
35 -23 -30 0
28 26 42 0
25 40 -45 0
5 -44 -47 0
45 -45 28 0
22 -6 -28 0
25 -14 -22 0
48 -33 40 0
41 -30 -20 0
-41 49 -13 0
-2 -24 -48 0
-42 3 -34 0
-1 -49 23 0
-29 15 35 0
-38 49 -13 0
-14 -13 23 0
28 40 -28 0
3 13 -44 0
-7 22 -30 0
23 -46 -38 0
-9 -41 -4 0
35 44 34 0
-1 -27 9 0
-32 18 41 0
-16 -45 -29 0
16 -13 -39 0
-36 18 -13 0
50 39 12 0
20 25 17 0
-9 15 -33 0
16 -32 -20 0
-36 44 25 0
39 33 -41 0
14 -32 -31 0
-27 -17 -17 0
13 12 48 0
-6 -27 35 0
30 24 -12 0
35 38 24 0
-17 34 -14 0
-47 38 10 0
6 -6 -22 0
-10 38 50 0
-23 10 31 0
-42 32 -37 0
-15 7 -9 0
19 -13 21 0
1 6 -12 0
5 23 47 0
17 -5 -16 0
43 -5 38 0
-22 26 23 0
45 -40 -34 0
-44 -27 32 0
15 23 9 0
22 11 43 0
-6 41 -13 0
31 41 14 0
41 6 2 0
-31 -29 -5 0
17 -8 -18 0
10 13 1 0
23 -12 -10 0
-6 -43 2 0
24 41 12 0
13 -29 -6 0
-37 23 15 0
-29 -24 47 0
12 43 -49 0
41 -5 -50 0
-28 -6 11 0
22 3 -28 0
29 -23 21 0
-5 13 44 0
15 20 -1 0
18 -31 -4 0
45 28 15 0
-10 41 20 0
20 37 -43 0
-43 22 13 0
42 42 35 0
-34 -27 20 0
-32 3 2 0
23 26 -31 0
40 -7 34 0
38 -24 -45 0
20 29 -1 0
5 19 -29 0
-28 -36 19 0
11 28 22 0
34 -17 -47 0
13 -15 -14 0
