c CNF generator v0.9
p cnf 50 287
-13 -24 -7 0
-43 -20 -49 0
-47 1 33 0
24 40 -45 0
-16 19 -10 0
-4 -6 -4 0
-14 -3 44 0
-40 -21 -25 0
3 -40 -49 0
-6 4 -27 0
49 24 -39 0
-26 26 49 0
-25 -16 48 0
30 34 13 0
-38 38 -20 0
-48 -24 -44 0
-5 16 -41 0
-13 14 -17 0
-18 -20 -35 0
-14 -10 -33 0
44 11 -7 0
-16 -46 -31 0
25 5 -10 0
-25 -13 -16 0
-23 -15 -47 0
21 13 -44 0
-1 -39 -37 0
-14 -20 16 0
-35 3 20 0
12 16 3 0
8 47 45 0
-34 45 -37 0
-9 6 41 0
-14 -2 36 0
17 -13 41 0
-10 -4 -43 0
33 -23 -36 0
40 1 -2 0
43 12 -6 0
-32 7 19 0
48 47 -41 0
30 -14 46 0
39 -42 46 0
-10 -30 -16 0
7 -11 -43 0
22 45 -48 0
25 -30 -4 0
-11 13 -33 0
19 -50 -28 0
37 -3 28 0
-27 -8 49 0
20 48 36 0
-16 -31 -11 0
-37 35 -21 0
-23 -41 17 0
13 -3 23 0
-1 -34 27 0
-6 39 -24 0
-12 -44 49 0
35 -36 30 0
-48 -8 -49 0
29 50 -31 0
33 -16 43 0
41 25 38 0
-15 -40 -22 0
38 -22 14 0
30 6 -48 0
28 16 -18 0
-12 1 -20 0
-7 -45 -47 0
-17 -10 17 0
43 -27 -8 0
-21 12 -18 0
42 -39 -45 0
22 -33 -22 0
2 -43 -5 0
38 -24 10 0
31 -40 14 0
41 18 44 0
12 -6 30 0
6 -8 13 0
30 -42 -1 0
37 -50 -20 0
21 42 -10 0
34 26 39 0
-30 -22 43 0
16 46 -1 0
-21 16 37 0
30 20 -46 0
-22 -44 -13 0
-15 6 9 0
-43 -22 9 0
40 32 12 0
15 22 40 0
27 50 -48 0
16 -10 -46 0
19 43 -25 0
19 -18 -15 0
-2 -8 -24 0
12 -5 24 0
9 -43 -12 0
-39 -25 -27 0
24 -26 -37 0
-19 -48 45 0
47 44 17 0
39 5 22 0
25 17 17 0
13 -27 -29 0
38 41 -21 0
-24 -8 -35 0
4 19 1 0
-38 2 -39 0
-31 -42 30 0
25 33 -12 0
-17 -2 25 0
-37 18 33 0
-4 23 47 0
23 -46 17 0
50 -36 -22 0
47 44 -4 0
18 -43 -43 0
-41 -30 10 0
-1 27 -7 0
36 -16 -35 0
-41 -39 -9 0
-36 -34 -1 0
-49 -26 -9 0
-29 -44 -19 0
-49 -35 10 0
-38 42 23 0
44 18 38 0
-50 47 22 0
42 39 -30 0
-38 18 9 0
14 39 27 0
-16 -10 46 0
4 -41 20 0
-36 -2 4 0
38 29 -42 0
-6 25 47 0
31 -4 -47 0
12 -5 47 0
34 47 29 0
-17 -12 -24 0
29 -48 17 0
30 31 40 0
-13 -16 -22 0
-14 1 49 0
-38 1 7 0
-19 23 -18 0
-3 -45 49 0
32 -45 2 0
23 30 -18 0
40 50 27 0
36 -9 24 0
-34 -29 -4 0
-29 -13 32 0
-50 -4 -8 0
28 36 -35 0
-48 9 1 0
-47 27 -37 0
-41 -13 -31 0
8 -16 46 0
-31 45 43 0
-5 -1 36 0
33 40 11 0
22 36 -25 0
-25 35 41 0
-42 41 -1 0
49 -45 21 0
-15 32 -18 0
-21 14 43 0
-35 35 32 0
-10 -26 20 0
-10 -24 42 0
-34 29 27 0
-16 -13 -42 0
5 -46 -36 0
-33 29 43 0
5 -1 38 0
-16 -4 -48 0
50 -44 -10 0
35 48 30 0
2 -36 45 0
-4 -25 29 0
43 -50 10 0
14 -30 -44 0
1 -45 37 0
48 -50 -38 0
38 43 1 0
30 16 -4 0
-28 -47 43 0
49 25 -6 0
-36 -33 -15 0
10 15 42 0
-5 30 20 0
-39 -44 37 0
-44 -46 23 0
30 -11 41 0
12 18 -16 0
30 -18 42 0
37 -38 -19 0
-36 -11 -46 0
-22 24 41 0
-15 -8 -8 0
16 -44 -30 0
4 38 15 0
33 -15 19 0
-3 31 -47 0
28 32 -4 0
-47 49 -38 0
-16 14 3 0
-25 -47 -4 0
-14 -33 -13 0
-43 9 44 0
7 -10 -37 0
-1 -46 -9 0
-26 26 -22 0
35 -40 -3 0
-1 10 -30 0
-3 31 27 0
20 -35 -47 0
44 -6 34 0
11 49 -1 0
44 -46 -46 0
48 20 25 0
44 50 1 0
28 -3 -39 0
20 24 35 0
31 50 -37 0
28 -9 -44 0
-29 -5 45 0
-40 16 6 0
-20 -19 9 0
39 38 5 0
2 -23 15 0
3 -22 31 0
-39 42 8 0
26 29 -15 0
29 43 -20 0
-33 16 -37 0
48 -5 32 0
-32 16 -47 0
19 -24 -12 0
45 -43 33 0
11 -26 -7 0
27 40 37 0
38 9 -10 0
6 16 -2 0
33 28 -31 0
-32 24 -10 0
-6 -15 47 0
44 -50 -47 0
10 -8 32 0
-36 46 -16 0
29 9 31 0
-28 -5 -23 0
33 42 -21 0
29 -40 -17 0
26 -3 23 0
-18 -12 -18 0
23 5 1 0
38 -44 -20 0
-21 18 -5 0
38 -21 -13 0
50 -36 -9 0
7 14 -47 0
45 14 38 0
19 -27 41 0
11 -33 -28 0
-20 -30 44 0
13 11 -35 0
10 -50 -6 0
-20 -1 4 0
46 13 -21 0
-15 39 19 0
-16 -40 -50 0
48 4 25 0
-30 19 9 0
41 -13 -49 0
19 45 2 0
-4 42 21 0
28 16 19 0
25 48 37 0
-41 -5 -31 0
-16 33 28 0
3 -11 -4 0
