c CNF generator v0.9
p cnf 50 287
4 -48 -13 0
22 33 -14 0
-20 -10 21 0
-9 -40 -1 0
21 4 31 0
15 -33 -29 0
1 18 -7 0
-9 28 -36 0
4 44 -18 0
49 23 -2 0
14 -32 -9 0
-27 -19 38 0
20 -6 18 0
-9 3 -42 0
48 31 47 0
47 5 16 0
-2 -42 -18 0
19 -27 -39 0
20 -18 9 0
21 -20 40 0
31 -48 -18 0
-34 -27 12 0
-29 40 46 0
20 -18 24 0
6 -19 29 0
13 37 -42 0
15 -8 -49 0
33 -29 18 0
45 21 7 0
44 -40 -10 0
-24 18 44 0
41 -5 47 0
-40 -49 -12 0
44 -21 -20 0
31 -34 45 0
-48 -45 36 0
-12 27 -31 0
25 -12 -40 0
-48 -7 -28 0
-23 43 22 0
21 23 -15 0
-39 -27 -2 0
-41 19 46 0
24 -32 44 0
41 -32 -20 0
-10 44 -47 0
-33 14 32 0
36 34 -5 0
9 13 -13 0
-40 18 43 0
30 50 -8 0
-8 -39 3 0
50 -21 -16 0
-44 3 -31 0
-40 -4 3 0
48 -41 -31 0
22 -37 45 0
-11 13 23 0
6 40 -2 0
-35 15 37 0
35 11 -24 0
-34 -17 -8 0
-18 43 39 0
-39 -7 -48 0
31 -47 -24 0
30 -25 42 0
-10 14 -42 0
-44 -13 -26 0
-48 -2 43 0
27 34 -46 0
22 5 15 0
-9 -42 -27 0
50 -11 8 0
-23 37 48 0
38 14 -15 0
-16 38 -39 0
39 -41 14 0
-4 -24 12 0
-8 -9 -7 0
12 27 34 0
-45 -46 50 0
-22 8 8 0
32 -15 -48 0
27 -26 -39 0
-10 3 -7 0
42 -28 -50 0
-20 3 30 0
-19 43 25 0
31 39 -40 0
-16 -32 -19 0
14 35 -18 0
38 49 26 0
-22 -14 -28 0
38 -35 21 0
38 7 4 0
-1 -37 50 0
23 44 42 0
-46 16 -48 0
-37 45 -48 0
7 -39 49 0
-3 -13 -25 0
-48 1 -14 0
-49 -34 6 0
-17 -30 2 0
9 11 -22 0
31 19 3 0
14 -13 -28 0
-48 15 13 0
-3 8 45 0
-5 34 45 0
-19 37 24 0
33 8 45 0
27 -20 -33 0
45 -14 -20 0
-32 -13 -44 0
-25 11 -18 0
44 -45 18 0
29 6 -10 0
49 36 35 0
-25 -33 -7 0
-40 38 4 0
-44 50 37 0
17 -23 19 0
10 -41 -36 0
18 -23 43 0
-32 -24 29 0
42 22 45 0
43 -45 -43 0
-25 -18 44 0
29 44 42 0
35 -15 34 0
-10 1 -40 0
-3 9 35 0
-21 26 -50 0
-25 2 43 0
10 23 24 0
-12 50 37 0
-29 34 -19 0
44 34 2 0
-17 -26 44 0
48 37 -25 0
-23 37 10 0
-2 19 -27 0
-41 32 -30 0
-15 -35 36 0
-8 3 15 0
-30 31 -50 0
34 -48 38 0
-33 39 -29 0
-13 -41 33 0
6 21 48 0
-27 43 -35 0
27 21 -41 0
-7 -23 29 0
-20 -36 26 0
21 46 -16 0
24 -34 45 0
-10 14 -3 0
-31 -7 18 0
-1 38 36 0
1 16 38 0
-23 45 2 0
-48 -48 -1 0
-17 17 -49 0
-31 23 -23 0
42 -30 22 0
-7 15 -36 0
-20 36 -24 0
43 -19 -23 0
-10 2 -14 0
20 27 -21 0
31 -14 -24 0
48 8 -14 0
-6 -1 -50 0
22 35 45 0
-48 -17 -6 0
20 11 5 0
-13 31 -15 0
-1 -3 9 0
-34 23 21 0
-3 50 -15 0
-14 -44 24 0
45 10 -37 0
-1 15 -19 0
-7 37 42 0
-28 -13 33 0
25 17 -46 0
-37 -42 -48 0
-34 17 -17 0
21 18 17 0
-1 40 18 0
-49 -13 -33 0
-26 -1 21 0
32 -39 -13 0
-33 38 -31 0
12 11 48 0
-33 47 21 0
17 19 23 0
13 49 -29 0
-47 49 -15 0
22 -32 -15 0
41 45 8 0
-26 35 43 0
-12 26 -50 0
-10 25 31 0
43 37 -45 0
35 42 -26 0
-14 -19 9 0
-38 32 -16 0
34 -8 -31 0
41 -47 -28 0
-49 28 -41 0
-44 43 4 0
10 -13 -49 0
-24 -6 37 0
7 27 50 0
-16 13 27 0
-33 -48 -27 0
-38 -48 4 0
1 47 -37 0
22 1 -32 0
49 40 -31 0
-6 5 -35 0
-12 37 -30 0
-34 -14 -45 0
34 2 25 0
3 19 -20 0
2 41 -8 0
-3 -19 8 0
19 16 40 0
-47 26 -47 0
41 21 9 0
50 -30 19 0
-50 26 1 0
4 40 31 0
-40 -41 16 0
3 45 -44 0
38 -19 -50 0
-1 11 23 0
-16 35 -4 0
-42 26 -10 0
-24 -27 -21 0
26 -38 -46 0
-2 1 -34 0
46 27 -39 0
26 -14 27 0
7 15 42 0
-18 -16 14 0
-12 -15 -2 0
-42 -5 -39 0
-15 -47 -7 0
-38 -14 27 0
4 24 -8 0
28 34 22 0
-33 -16 33 0
46 12 -32 0
7 49 10 0
9 -33 18 0
-49 11 5 0
13 2 23 0
-15 -19 24 0
-34 -50 20 0
-1 19 -33 0
-37 -16 11 0
-17 -19 25 0
33 11 20 0
12 6 -26 0
11 27 -42 0
-49 39 29 0
39 45 41 0
-17 34 5 0
29 11 35 0
43 -39 28 0
-9 -40 -13 0
-25 -20 -37 0
27 25 23 0
42 -15 13 0
-48 37 -21 0
12 -37 -10 0
-14 4 9 0
31 -45 29 0
47 -40 -22 0
-10 14 -15 0
-36 27 17 0
-19 46 9 0
31 -45 -45 0
33 -41 25 0
