c CNF generator v0.9
p cnf 50 287
16 -3 -37 0
6 -13 -28 0
-26 13 46 0
-50 -31 3 0
27 -49 -48 0
1 -47 18 0
-8 11 10 0
-33 21 8 0
6 50 7 0
25 -6 16 0
35 -12 -29 0
38 38 11 0
19 -4 43 0
11 16 -35 0
16 23 38 0
-20 -22 30 0
45 -20 3 0
48 -41 20 0
28 -19 27 0
23 36 20 0
-26 25 16 0
47 -19 -29 0
3 -45 -47 0
10 -9 -24 0
50 10 17 0
1 5 -43 0
-39 30 13 0
-18 -14 -5 0
-28 -16 7 0
3 -6 19 0
13 -8 -20 0
-43 8 5 0
-32 -38 -14 0
30 -17 -12 0
-24 -19 15 0
-45 38 -15 0
10 -16 11 0
-30 49 30 0
27 -21 36 0
15 -42 -40 0
4 -28 -26 0
41 7 -30 0
18 19 5 0
26 -37 -4 0
-6 39 -13 0
-9 7 -10 0
43 11 1 0
-27 29 -50 0
-23 -45 32 0
46 -3 -50 0
-16 -28 39 0
-46 13 -47 0
44 12 -22 0
1 28 44 0
-2 13 -10 0
39 -48 -45 0
-40 38 6 0
-17 -44 -5 0
17 -35 -3 0
-10 22 22 0
-21 -47 -34 0
18 -21 9 0
-23 -8 -4 0
-46 -14 41 0
2 14 46 0
-40 33 -42 0
21 -9 23 0
-22 42 -5 0
-23 -44 33 0
-8 19 13 0
29 43 -11 0
-6 -3 -24 0
3 31 -32 0
39 14 -32 0
24 10 13 0
-36 13 -28 0
20 35 46 0
-26 -24 20 0
19 2 -19 0
34 44 -29 0
47 46 39 0
-15 -31 30 0
36 38 39 0
-29 -50 -32 0
8 16 -39 0
32 -38 -38 0
-21 -38 13 0
8 4 33 0
41 -21 25 0
-6 22 47 0
-4 30 -2 0
34 -8 -34 0
-27 17 16 0
-3 11 36 0
45 -3 33 0
-31 -45 -11 0
26 -27 41 0
-48 18 3 0
-15 18 -28 0
-26 3 -30 0
-6 3 -9 0
39 -2 -47 0
-4 -27 11 0
31 9 13 0
-19 -37 -31 0
21 -40 -9 0
30 31 32 0
50 -35 33 0
-39 28 19 0
-14 37 31 0
-31 44 -5 0
31 -41 46 0
41 -19 -50 0
48 -45 12 0
13 6 21 0
-26 -25 27 0
49 8 -43 0
6 27 16 0
11 36 -8 0
-41 17 -14 0
26 -47 5 0
49 -5 1 0
50 -50 12 0
-34 34 -3 0
37 15 -45 0
-40 -6 4 0
45 -43 -28 0
50 -28 -11 0
7 48 41 0
-25 50 33 0
21 33 32 0
7 -25 32 0
-17 21 29 0
45 -13 12 0
26 -15 -8 0
-6 -9 21 0
-6 -15 4 0
3 -27 -15 0
-7 -48 -27 0
16 35 -43 0
-44 34 -31 0
6 -39 42 0
7 -20 19 0
-42 -18 -11 0
6 -32 25 0
24 3 -25 0
15 29 1 0
20 -24 -45 0
34 -11 -32 0
-49 -28 21 0
36 41 -3 0
-30 -5 25 0
29 29 2 0
18 20 18 0
1 50 -30 0
30 -41 -32 0
33 -45 19 0
47 42 49 0
15 20 -31 0
-47 -3 36 0
8 49 14 0
-36 13 40 0
9 -3 41 0
-48 -22 -26 0
24 3 39 0
12 -41 -8 0
16 21 28 0
-23 -22 3 0
-41 20 -5 0
7 -29 12 0
46 31 -16 0
-35 47 -41 0
45 -50 -16 0
-49 33 -42 0
39 11 -15 0
29 -38 -20 0
-5 -1 37 0
30 -39 -35 0
24 11 -22 0
45 -48 -42 0
44 31 40 0
-45 -5 33 0
-34 -46 -11 0
-28 -24 43 0
-9 -48 42 0
-40 3 20 0
-6 -44 10 0
-11 29 41 0
11 -37 -5 0
-14 -25 36 0
33 17 -18 0
-36 36 -23 0
38 17 44 0
-4 -49 -26 0
-41 -48 25 0
-42 -49 -35 0
24 -11 11 0
22 34 2 0
-46 -34 -22 0
41 7 28 0
-42 -36 -8 0
23 -6 -22 0
-3 -37 -31 0
-21 21 -47 0
-16 18 -18 0
-3 -32 -37 0
44 29 21 0
-24 39 -7 0
32 6 33 0
3 29 -40 0
38 -15 -38 0
-35 -15 30 0
-22 47 -25 0
-26 -24 -7 0
-41 14 34 0
39 -17 15 0
-48 12 23 0
-47 12 -15 0
45 47 28 0
50 45 30 0
31 -19 21 0
-11 21 -49 0
48 8 -24 0
30 21 -15 0
-1 -40 44 0
-15 -15 -29 0
12 -19 -45 0
-28 42 -34 0
-49 -27 31 0
-26 -26 22 0
32 26 34 0
46 30 17 0
29 48 -14 0
-28 2 5 0
-5 8 -44 0
-30 33 -46 0
-38 -6 -33 0
-3 27 22 0
-46 8 14 0
-12 -17 12 0
-32 40 -46 0
29 44 7 0
-24 47 -33 0
9 47 10 0
12 -14 -4 0
-49 -15 -31 0
17 -35 36 0
49 -50 46 0
6 22 -37 0
19 -46 12 0
50 -22 35 0
-37 29 30 0
-16 41 -35 0
3 -41 18 0
-9 -43 -33 0
19 -26 -47 0
-43 2 24 0
-20 5 20 0
30 3 49 0
5 -33 29 0
15 -49 -50 0
40 5 -40 0
-11 31 2 0
-20 44 -48 0
-31 -11 36 0
18 -15 -26 0
8 -40 28 0
-37 42 -28 0
20 40 5 0
28 -24 24 0
-15 42 -25 0
-30 43 -18 0
-50 -7 19 0
-4 40 30 0
42 50 -31 0
-36 44 16 0
32 -28 -7 0
-8 6 4 0
50 19 8 0
-34 49 34 0
-34 -7 -45 0
6 -18 19 0
25 -12 -45 0
-17 47 -31 0
25 -27 -24 0
27 23 -23 0
-14 -15 33 0
