c CNF generator v0.9
p cnf 50 287
-4 -35 27 0
8 -48 27 0
24 -49 -34 0
39 10 -21 0
-49 16 -47 0
23 -10 -27 0
10 50 -50 0
45 -40 9 0
-26 45 -29 0
1 -10 -13 0
16 28 -48 0
-4 6 -17 0
6 38 -13 0
12 41 -6 0
46 48 15 0
10 27 50 0
14 -18 -2 0
19 -49 -41 0
28 32 34 0
-48 -42 25 0
24 -42 42 0
24 33 -31 0
-28 -6 -1 0
32 8 -10 0
21 5 -26 0
41 -44 9 0
-36 45 13 0
7 -50 -15 0
-30 -27 9 0
28 -46 -29 0
-8 -3 -39 0
-30 13 -28 0
-46 2 7 0
-6 -18 -7 0
20 -38 36 0
-38 -9 15 0
-14 50 42 0
-2 4 34 0
-26 47 -4 0
48 -39 -1 0
-23 -28 43 0
14 36 45 0
40 35 9 0
25 38 -13 0
47 21 -20 0
9 -25 -1 0
28 -30 -22 0
-21 -33 -26 0
41 -43 -33 0
-43 -7 -44 0
-7 22 -48 0
25 -28 18 0
-29 -36 -16 0
-47 -50 12 0
5 -18 40 0
19 6 -1 0
-6 6 -15 0
4 -12 -4 0
-13 -1 -38 0
24 -40 37 0
-16 16 27 0
-45 -13 -24 0
-29 29 -15 0
5 -19 -10 0
35 1 -32 0
13 6 29 0
-50 -10 -20 0
13 39 -33 0
48 9 31 0
-39 17 -35 0
-19 -21 -43 0
-42 39 -16 0
45 -33 8 0
45 -41 -30 0
48 -49 6 0
14 24 -33 0
-37 -19 36 0
-22 22 -33 0
-14 25 30 0
6 -37 -23 0
5 -23 -11 0
13 28 41 0
-48 2 16 0
25 -17 -36 0
29 -12 40 0
29 34 -44 0
29 -38 -35 0
-22 -37 4 0
37 -32 -2 0
49 28 27 0
-7 -15 -37 0
-12 33 -20 0
7 -37 8 0
-27 49 -3 0
-32 -3 22 0
-23 -32 20 0
-39 44 13 0
37 -4 -12 0
-30 -45 33 0
4 4 -1 0
-29 23 6 0
-37 -37 -50 0
-5 40 -30 0
19 41 -27 0
-50 -24 20 0
-34 -29 -39 0
7 32 23 0
-36 48 -43 0
-13 -7 -41 0
7 4 -6 0
-36 -15 -45 0
-38 40 -7 0
-3 26 13 0
-7 -12 -24 0
47 19 49 0
-44 -1 46 0
-49 46 37 0
-49 -1 31 0
6 13 -2 0
-19 -40 12 0
10 8 -48 0
7 -41 50 0
11 35 -48 0
-44 -38 -4 0
-9 7 50 0
22 42 -22 0
-49 17 -35 0
4 -39 -46 0
-15 14 -32 0
33 29 34 0
6 -15 -41 0
-44 -19 -22 0
3 8 -25 0
34 20 10 0
-40 -37 -11 0
26 13 -50 0
-15 -29 -10 0
46 -7 -42 0
4 48 -47 0
20 46 45 0
50 -35 1 0
4 33 44 0
-43 -38 8 0
6 24 50 0
-19 -26 39 0
-30 -30 15 0
-36 16 11 0
33 -43 16 0
-28 -20 26 0
11 47 -16 0
-6 -41 -33 0
-50 13 1 0
1 12 25 0
-49 -11 2 0
32 41 -33 0
-21 45 19 0
-25 -50 31 0
-39 26 -37 0
4 20 41 0
24 4 27 0
31 50 35 0
-17 -17 16 0
-4 49 -29 0
-27 24 40 0
-29 50 -50 0
-36 -39 49 0
-25 21 -22 0
7 43 -31 0
4 -30 -19 0
-12 -36 43 0
-49 -11 30 0
-41 45 -47 0
-8 41 14 0
26 41 -46 0
17 41 -22 0
3 28 -37 0
-13 2 -17 0
-2 -47 37 0
-11 -33 -12 0
10 -43 50 0
38 -31 8 0
-35 -2 22 0
6 20 -4 0
-42 6 -9 0
-10 30 -31 0
34 38 -21 0
44 48 49 0
-43 -9 -22 0
27 -6 7 0
-20 46 -3 0
46 -22 24 0
23 -44 45 0
27 -41 34 0
-21 -20 40 0
28 -23 38 0
33 35 27 0
27 46 -37 0
-11 50 27 0
-30 -39 -12 0
6 -23 -7 0
45 -8 14 0
16 -19 -16 0
-43 15 -32 0
-41 40 49 0
-38 16 44 0
-11 -13 -42 0
31 42 3 0
-39 -23 -10 0
-22 -24 12 0
9 -34 -1 0
-31 38 -18 0
-1 -1 -18 0
-36 -11 14 0
-2 -1 -31 0
-36 -30 -4 0
31 -15 -21 0
5 -39 29 0
8 -38 -27 0
-50 22 -39 0
8 47 27 0
5 -19 50 0
-16 28 -2 0
3 19 -19 0
12 -18 -2 0
4 -30 -22 0
7 8 -13 0
-1 -5 43 0
20 -20 19 0
5 -16 -34 0
1 9 47 0
27 3 15 0
35 -31 18 0
-3 48 41 0
-17 33 -5 0
-43 -47 1 0
29 4 28 0
-2 -47 -34 0
-23 -43 -38 0
-16 -17 -35 0
11 -48 13 0
-18 34 34 0
23 -38 -24 0
3 41 -31 0
-33 3 -12 0
-43 24 18 0
33 -10 -10 0
-12 2 -7 0
-38 -20 13 0
-7 35 49 0
-21 -37 3 0
-18 31 24 0
-46 -42 -6 0
17 -20 -21 0
-50 -16 -24 0
-9 -37 -29 0
5 -10 -38 0
-46 24 -45 0
25 5 -24 0
12 -32 23 0
23 39 -19 0
-43 -18 -4 0
-47 -16 -41 0
-34 30 -43 0
2 -41 -2 0
-34 -12 -26 0
-20 -36 -35 0
-46 31 -41 0
32 -5 9 0
-25 -16 -18 0
-42 -1 32 0
25 37 40 0
-32 17 -5 0
38 -49 -41 0
-25 -5 -29 0
6 -7 10 0
44 -4 -41 0
29 -14 -3 0
-8 -23 13 0
32 22 -43 0
43 6 -29 0
-34 12 -43 0
13 -38 -39 0
13 25 -28 0
-47 -20 -15 0
9 33 -32 0
-39 12 -16 0
-23 22 -42 0
