c CNF generator v0.9
p cnf 50 287
47 -49 -13 0
-32 15 -49 0
-27 44 -26 0
42 48 -44 0
6 -41 -19 0
41 -8 1 0
48 -2 25 0
34 -25 44 0
7 8 -47 0
40 44 -13 0
-49 15 -48 0
-32 40 -3 0
20 25 49 0
-14 37 41 0
29 -29 41 0
22 35 -39 0
-24 42 6 0
36 -3 -50 0
4 -6 42 0
9 -37 -38 0
48 -32 26 0
-3 17 25 0
-47 -44 10 0
13 -24 -14 0
44 40 25 0
-29 26 7 0
-4 -30 -27 0
-13 10 28 0
-43 -2 27 0
-1 26 -3 0
-27 -17 39 0
33 -18 18 0
-20 15 25 0
17 41 17 0
-30 -16 21 0
-34 50 -11 0
19 11 27 0
-6 45 41 0
-46 -20 -49 0
42 34 -12 0
28 -16 43 0
-20 42 14 0
49 23 -8 0
44 -34 -17 0
-33 1 2 0
37 28 -9 0
-8 31 43 0
4 42 -14 0
19 -20 -12 0
-23 -35 25 0
-30 48 -28 0
-50 10 31 0
9 -36 -17 0
-2 -35 -12 0
-38 -12 18 0
14 14 29 0
-16 -33 8 0
-27 2 23 0
-25 -20 34 0
-20 42 -49 0
24 49 27 0
-45 -47 1 0
24 -2 -16 0
-47 50 -39 0
-38 -28 -33 0
-34 42 -32 0
18 46 17 0
-21 -18 49 0
-24 35 -17 0
-6 -1 34 0
8 -12 -12 0
16 -39 -41 0
-30 7 19 0
-21 31 11 0
43 24 25 0
-34 -47 34 0
32 31 -36 0
6 35 -43 0
-6 -49 -45 0
31 24 -11 0
-8 16 11 0
-41 -43 -36 0
29 39 44 0
-47 1 7 0
36 -47 -12 0
41 35 -28 0
-5 -3 -28 0
38 -36 37 0
8 -31 -7 0
-18 32 27 0
-50 -1 -22 0
-16 -13 -16 0
-43 5 43 0
-5 48 -10 0
40 14 26 0
39 -33 -47 0
5 18 -47 0
10 -36 -27 0
41 10 -24 0
49 50 -50 0
-37 -15 9 0
31 -23 22 0
8 37 -24 0
-50 29 21 0
-18 -20 -43 0
-2 49 -45 0
-11 -5 40 0
22 -19 -36 0
-13 -14 -37 0
-4 -6 -32 0
3 -25 -8 0
43 24 -50 0
36 -37 16 0
44 -46 23 0
-37 -45 35 0
-30 -42 7 0
37 39 36 0
12 15 -37 0
20 40 -11 0
7 -4 -27 0
-4 -24 16 0
-28 -49 -5 0
29 -31 -23 0
-35 46 19 0
36 -21 23 0
-43 33 -23 0
23 -43 21 0
-43 -40 -24 0
26 -21 14 0
-22 -34 -32 0
41 -50 -4 0
-1 -41 -5 0
-18 27 34 0
42 5 -18 0
-48 -17 29 0
-8 -22 -28 0
23 27 29 0
-45 -31 35 0
21 8 -8 0
40 3 -9 0
-46 -18 -38 0
-6 3 -29 0
-9 28 -14 0
-44 -6 27 0
25 -7 10 0
-48 -22 8 0
26 -8 49 0
-50 -46 -41 0
-39 -18 -23 0
36 -10 17 0
19 1 -27 0
-35 -17 35 0
31 8 -19 0
-3 -39 6 0
-9 -28 -36 0
-46 37 38 0
-27 7 31 0
13 5 5 0
8 -36 29 0
-43 43 -13 0
40 -11 8 0
24 34 -7 0
-21 25 4 0
15 -33 -22 0
-20 -33 -3 0
-43 -2 47 0
19 -32 -3 0
-11 39 -4 0
7 32 -45 0
-40 -33 13 0
25 -43 -19 0
39 -13 1 0
-33 35 41 0
-31 30 12 0
-7 1 -43 0
46 20 39 0
-9 10 34 0
-26 40 31 0
37 -25 33 0
1 -9 -38 0
-4 -26 3 0
49 4 22 0
24 36 -50 0
-21 37 -27 0
26 -23 2 0
43 48 37 0
-34 24 -35 0
-31 42 -4 0
11 13 15 0
10 28 -47 0
7 45 -32 0
1 -18 46 0
-2 -47 39 0
-3 -20 -21 0
24 -13 -6 0
13 26 -7 0
-41 44 5 0
-30 -32 -12 0
19 36 -28 0
1 -19 -33 0
-4 50 45 0
-38 5 1 0
-22 35 -26 0
26 -41 12 0
-3 1 -19 0
37 -20 36 0
-49 -46 -14 0
31 32 -20 0
-39 40 -13 0
-48 23 -37 0
-12 46 39 0
6 37 1 0
39 -30 41 0
-14 -48 -40 0
24 -22 25 0
-7 -14 -30 0
14 -2 -47 0
-12 24 43 0
21 42 20 0
-17 -17 -43 0
36 -4 -28 0
-20 -42 27 0
-26 20 -13 0
-35 41 43 0
3 20 -8 0
23 14 -48 0
-38 -48 -2 0
-36 49 -2 0
-1 -8 10 0
-8 -11 -21 0
40 -33 -11 0
-46 -19 39 0
27 25 -14 0
-9 -29 23 0
-20 -20 -40 0
8 31 37 0
5 41 -12 0
33 -45 19 0
-13 -39 -47 0
22 -14 -32 0
-34 5 11 0
10 5 39 0
41 21 49 0
3 19 -40 0
21 47 -49 0
-31 37 29 0
50 13 12 0
13 33 40 0
45 -41 31 0
5 -10 23 0
27 -24 15 0
35 24 -31 0
-20 -42 14 0
-45 -15 11 0
-15 -21 -34 0
-36 -32 2 0
35 -26 -39 0
11 11 38 0
-45 5 -13 0
-1 49 -47 0
-19 -1 -35 0
5 -25 -19 0
12 -22 38 0
-27 -40 -39 0
38 -49 22 0
-17 22 -12 0
-37 22 27 0
34 -32 23 0
-24 49 -14 0
8 23 30 0
37 -20 34 0
3 -50 31 0
22 -11 23 0
45 -17 20 0
36 -35 -12 0
-17 -23 -50 0
35 -50 17 0
11 10 12 0
41 23 -35 0
-4 -16 23 0
-2 -30 -32 0
26 49 1 0
-49 -32 -21 0
-20 -16 10 0
8 3 21 0
27 15 32 0
-18 -44 1 0
