c CNF generator v0.9
p cnf 50 287
-1 20 -33 0
-41 19 5 0
44 23 -35 0
29 30 -12 0
42 -3 -14 0
7 7 17 0
-47 3 32 0
-43 -45 38 0
-21 9 -12 0
8 16 23 0
13 -9 33 0
39 27 -17 0
29 23 -2 0
17 -45 32 0
25 8 -33 0
25 15 34 0
-36 -14 23 0
-36 15 -25 0
-47 32 12 0
-6 7 -28 0
46 20 19 0
-9 -6 -17 0
11 -18 -23 0
29 19 -47 0
10 16 13 0
-49 30 43 0
7 14 19 0
-40 46 33 0
-1 -19 23 0
-35 -41 43 0
10 -10 25 0
8 -18 25 0
-8 -41 46 0
-42 -33 10 0
-37 -1 -10 0
-11 -4 4 0
32 -39 -44 0
-19 -17 15 0
6 14 10 0
17 12 -40 0
-29 36 48 0
7 -1 19 0
9 37 -24 0
-9 -38 -35 0
-33 4 8 0
-38 31 15 0
-7 23 13 0
-16 10 -36 0
32 13 -38 0
38 -43 45 0
-15 -7 -32 0
-20 -49 13 0
44 -42 -21 0
-6 -4 27 0
25 -29 -19 0
-29 -43 29 0
-41 -5 27 0
-20 41 24 0
-31 -47 -36 0
22 -7 -45 0
-32 -6 16 0
10 34 -8 0
3 8 12 0
-13 -42 22 0
-45 -19 37 0
-41 1 -20 0
-30 8 -24 0
-41 -17 24 0
43 -9 -50 0
-50 47 -14 0
-30 -15 -44 0
-21 5 28 0
-22 20 -25 0
24 -25 16 0
-29 11 -31 0
-15 6 25 0
7 35 17 0
26 -25 -9 0
-3 -42 44 0
19 -3 -3 0
-36 33 33 0
-28 27 44 0
14 29 2 0
22 -23 2 0
8 42 20 0
-6 33 -34 0
-9 -9 8 0
-28 -8 -30 0
-46 -9 17 0
34 -10 22 0
-27 22 36 0
38 12 46 0
-49 -29 17 0
-39 -40 14 0
-47 32 45 0
21 -16 25 0
34 40 -38 0
-12 36 -17 0
-17 -3 33 0
-19 -39 5 0
7 -43 -2 0
-50 -10 -13 0
-1 1 -26 0
-24 48 40 0
18 5 37 0
42 -38 -7 0
-15 32 -1 0
5 -29 -4 0
43 -36 35 0
-1 40 48 0
11 50 19 0
-6 1 -19 0
-35 -40 14 0
2 28 -10 0
14 23 -42 0
38 37 -9 0
40 -34 -23 0
-23 -27 -40 0
11 11 -44 0
-34 -14 -25 0
-44 32 -45 0
15 37 43 0
-41 -22 -9 0
32 -41 -47 0
34 22 45 0
6 17 -13 0
-21 23 -43 0
22 12 18 0
-36 -31 50 0
-39 37 45 0
10 48 -27 0
-21 -26 -33 0
6 -9 -9 0
-19 5 -23 0
7 8 -8 0
10 41 -13 0
39 -2 -34 0
-28 29 12 0
-6 32 6 0
48 23 6 0
38 -15 40 0
-35 25 -32 0
34 3 -26 0
-24 48 1 0
41 43 -50 0
-16 40 40 0
27 23 44 0
-2 -40 2 0
-39 48 -18 0
23 31 -1 0
-49 47 23 0
43 48 -5 0
29 -25 21 0
42 -29 -8 0
2 -25 -22 0
-22 50 -15 0
41 -23 -39 0
14 21 -15 0
41 29 40 0
30 -2 -49 0
34 -28 -25 0
-8 -29 37 0
-42 43 4 0
28 22 48 0
12 45 -27 0
34 28 37 0
-40 33 -7 0
-41 -1 38 0
42 -29 -50 0
7 30 29 0
-16 47 2 0
30 -37 39 0
-28 33 -32 0
17 -32 -30 0
-35 29 33 0
-2 -11 34 0
-41 -48 -50 0
2 -42 -14 0
-35 3 39 0
27 31 35 0
32 -13 -10 0
-3 15 -21 0
23 13 2 0
19 -38 19 0
-49 40 -28 0
35 -18 -7 0
5 -33 45 0
-19 -44 13 0
42 -40 18 0
-7 22 39 0
2 -4 7 0
-38 -9 11 0
-23 -1 -7 0
26 39 33 0
-9 -12 43 0
-6 -35 -14 0
33 -48 32 0
45 -32 -29 0
-50 2 -3 0
34 -4 -6 0
-25 23 46 0
-7 35 38 0
-13 -19 27 0
25 -33 -14 0
45 -14 -9 0
-38 39 45 0
32 -20 -19 0
34 -32 2 0
37 7 -11 0
-29 -26 44 0
-19 19 -45 0
-49 -41 -8 0
1 7 24 0
11 1 1 0
-30 21 -43 0
16 50 1 0
30 -34 22 0
48 38 4 0
-43 -32 -6 0
-39 45 5 0
-37 28 10 0
13 -22 3 0
44 -18 6 0
11 -13 -32 0
-37 -41 24 0
29 -27 43 0
9 47 -4 0
-15 23 2 0
28 24 32 0
46 -9 15 0
-18 26 -34 0
37 49 45 0
-44 44 -6 0
50 25 29 0
18 38 -47 0
15 -17 -13 0
-36 -38 -40 0
12 -27 -21 0
-35 -22 -28 0
-17 -47 46 0
34 3 -28 0
-32 34 -5 0
16 -25 -10 0
30 16 12 0
30 -10 43 0
3 -35 3 0
32 -49 -22 0
37 -11 -37 0
-36 47 -3 0
-25 -12 34 0
14 -34 -36 0
-40 11 23 0
23 -22 -39 0
18 4 -11 0
42 39 40 0
-33 26 39 0
-14 10 13 0
-31 -11 -36 0
-42 38 45 0
-4 -49 39 0
-32 -9 -25 0
-41 -33 21 0
40 -39 1 0
-2 -34 -38 0
34 17 18 0
18 22 30 0
13 29 12 0
-32 -50 14 0
37 -21 -15 0
49 24 -16 0
-27 46 -28 0
10 -8 15 0
-1 -10 9 0
48 -46 -13 0
-27 -36 -34 0
33 38 29 0
47 30 7 0
29 9 -23 0
-49 2 -32 0
-12 41 9 0
9 39 -21 0
-22 50 -17 0
-38 -28 -35 0
15 -17 45 0
34 -35 -23 0
50 -26 -13 0
32 14 -24 0
