c CNF generator v0.9
p cnf 50 300
-4 35 -13 0
-33 16 34 0
-1 12 11 0
-1 -21 7 0
-13 21 -3 0
-40 -5 35 0
-46 27 6 0
20 -5 4 0
47 -17 -19 0
21 -44 28 0
-9 -45 23 0
3 -25 11 0
35 37 1 0
24 -42 6 0
-14 37 27 0
-4 37 -27 0
36 -7 48 0
43 49 22 0
-6 -35 16 0
-43 -30 -38 0
10 24 -8 0
3 -16 41 0
-38 50 -4 0
41 -24 -18 0
-49 12 15 0
8 -9 -46 0
-49 -24 24 0
24 -12 8 0
-10 30 -30 0
41 -42 45 0
22 45 -45 0
-44 -3 -9 0
36 -45 -35 0
8 28 30 0
25 8 45 0
17 -34 6 0
-12 -4 -4 0
-27 45 -16 0
-37 -21 11 0
-44 38 49 0
49 16 -20 0
12 41 -50 0
27 -47 -32 0
22 -8 -10 0
-11 -44 -32 0
-49 -25 33 0
-48 17 6 0
38 2 -13 0
33 38 -17 0
-2 17 50 0
-24 14 19 0
3 -1 15 0
-11 27 -44 0
36 -31 -26 0
-7 38 19 0
8 -39 -24 0
-25 28 12 0
-36 25 8 0
49 30 1 0
16 -10 -41 0
-4 26 50 0
-17 -39 -1 0
2 -43 46 0
28 -16 5 0
35 -5 34 0
16 -16 -34 0
38 29 42 0
14 45 27 0
21 -11 26 0
-46 -45 -46 0
-26 -16 -6 0
35 -41 -50 0
33 -10 -28 0
26 29 -25 0
38 -9 15 0
-7 19 -25 0
2 -30 -28 0
-35 -17 -22 0
-23 -18 38 0
48 -19 1 0
-3 10 -26 0
-42 -6 -43 0
-49 -38 3 0
2 35 -22 0
-10 -33 16 0
29 -32 -4 0
41 -45 18 0
18 31 -47 0
-21 8 43 0
32 41 -9 0
-18 -29 -27 0
-2 29 10 0
46 7 28 0
49 19 1 0
-14 10 -45 0
45 24 -9 0
-10 21 -28 0
-8 16 -30 0
29 -38 13 0
12 25 -48 0
-14 48 -25 0
37 15 -15 0
36 36 -2 0
-49 -20 -46 0
42 27 -44 0
10 46 15 0
-20 -36 -32 0
-32 48 16 0
36 39 48 0
-37 -23 -35 0
20 -22 21 0
39 -28 -9 0
-10 1 -12 0
50 28 27 0
-3 17 -40 0
47 49 -5 0
5 -31 -30 0
-46 43 29 0
46 -19 46 0
33 -26 40 0
-10 15 24 0
11 -17 37 0
-27 1 -11 0
-23 43 -17 0
-39 37 -8 0
2 35 45 0
32 -32 -5 0
-14 -21 40 0
9 -25 -46 0
-2 -7 -32 0
-14 -22 27 0
-42 -20 -28 0
-40 -15 41 0
20 39 41 0
38 -41 -35 0
-5 -35 7 0
40 5 -12 0
-22 -22 -20 0
-17 2 8 0
48 20 -35 0
-23 -19 -22 0
16 -9 -4 0
-9 -27 2 0
-27 5 8 0
28 -6 -1 0
-20 16 -12 0
46 -40 40 0
-3 20 21 0
18 17 16 0
48 3 38 0
-18 50 40 0
44 -1 -2 0
12 25 -32 0
49 -48 37 0
-48 -27 -19 0
49 -23 20 0
-28 -14 14 0
-12 47 -5 0
-16 -9 -13 0
-10 1 18 0
14 -1 -5 0
-6 -23 -31 0
7 25 -25 0
34 25 -29 0
-23 -12 28 0
-25 -18 1 0
22 -4 49 0
-47 29 45 0
-7 42 11 0
42 3 -35 0
-48 -46 -19 0
29 19 36 0
18 48 16 0
46 -25 35 0
10 -4 -13 0
-2 -24 -3 0
-25 -28 10 0
-38 -10 -7 0
33 47 -28 0
43 18 -50 0
9 18 -19 0
-35 39 -38 0
-38 47 -21 0
-45 48 -24 0
30 44 43 0
-10 -33 37 0
-48 -47 -7 0
-6 11 -42 0
-11 -49 40 0
48 15 12 0
-30 -48 -17 0
1 -28 43 0
28 -11 -6 0
-40 2 3 0
-23 -20 15 0
-44 -10 -11 0
38 13 -13 0
-25 -50 35 0
1 -10 -19 0
29 -8 45 0
31 2 4 0
10 -4 -8 0
22 36 23 0
3 -25 -30 0
49 -36 -6 0
36 -5 35 0
-3 13 -40 0
-16 -15 44 0
26 49 47 0
-4 -46 -29 0
30 -16 -34 0
26 30 -8 0
-4 2 11 0
1 17 -17 0
12 43 -27 0
-22 -25 -44 0
3 -15 -5 0
30 46 -45 0
38 17 -3 0
40 27 -41 0
31 27 -20 0
-41 42 26 0
17 13 7 0
35 -35 -26 0
31 -37 -7 0
-18 36 -34 0
-10 2 4 0
-16 25 -16 0
1 46 -2 0
2 -39 5 0
-47 -7 -5 0
5 -42 38 0
24 36 46 0
-2 49 25 0
18 31 -1 0
-22 -17 18 0
-6 36 -31 0
-13 14 -6 0
-18 -2 44 0
-15 41 34 0
-19 40 -30 0
29 21 26 0
19 -11 -42 0
-19 31 40 0
42 26 2 0
28 -45 9 0
40 -10 18 0
46 48 11 0
-36 40 -44 0
-20 -28 -13 0
36 2 25 0
9 8 49 0
11 26 -35 0
15 -32 -43 0
47 6 -31 0
35 -26 31 0
11 -44 -35 0
-10 32 -4 0
42 49 1 0
42 -2 -42 0
11 36 7 0
-50 50 -21 0
36 37 -45 0
28 -15 -20 0
2 12 21 0
-9 -4 36 0
44 -25 -23 0
-8 23 27 0
34 14 30 0
2 33 -46 0
-32 -43 -40 0
-12 -26 -22 0
-36 -18 17 0
39 -5 -34 0
-16 5 49 0
8 -28 -33 0
-21 -33 -28 0
20 -6 -18 0
-31 36 30 0
-33 23 -34 0
21 31 -11 0
17 -16 -39 0
-35 48 22 0
-28 32 -3 0
15 -36 9 0
-48 -31 -42 0
-5 25 2 0
15 -49 -38 0
-46 29 23 0
-1 -30 -35 0
17 -35 42 0
-43 -27 8 0
-11 12 37 0
-12 1 -27 0
-43 -6 -47 0
22 14 47 0
8 -22 -28 0
21 36 -22 0
19 -37 -11 0
10 -7 15 0
