c CNF generator v0.9
p cnf 50 300
-46 -27 -28 0
1 -43 -16 0
36 -44 8 0
-47 12 -30 0
40 26 -40 0
-6 1 14 0
-43 34 19 0
19 50 -20 0
-45 4 45 0
-43 14 9 0
-16 21 -4 0
17 -45 -25 0
15 42 10 0
31 5 -50 0
-28 49 21 0
-40 -1 38 0
29 -46 5 0
28 -35 -44 0
-19 1 -14 0
-45 38 -31 0
-37 -26 29 0
-27 41 40 0
48 5 17 0
9 -8 -37 0
-19 28 -9 0
-43 -12 -38 0
11 -23 4 0
-9 41 35 0
-45 -13 -40 0
33 -6 32 0
17 -16 14 0
34 -4 -42 0
22 9 -9 0
-24 27 37 0
18 -23 10 0
43 9 25 0
1 36 -5 0
-46 -22 -18 0
1 50 -29 0
-26 -23 -43 0
-27 -19 27 0
-21 34 -17 0
-30 -28 -2 0
-26 33 10 0
-35 -46 49 0
-22 -18 -7 0
1 -5 34 0
42 39 9 0
-31 11 -4 0
-6 -22 -40 0
-29 -13 -47 0
18 -2 -18 0
13 -33 43 0
49 22 -2 0
-36 -26 28 0
-29 9 18 0
37 -3 -45 0
38 26 -26 0
13 -12 31 0
34 -6 -20 0
-14 -9 -10 0
-22 -7 -30 0
34 27 9 0
-3 -44 7 0
15 46 46 0
22 24 -48 0
-32 25 1 0
27 -5 38 0
33 -16 13 0
-28 37 -20 0
-15 10 -3 0
25 -44 19 0
29 -3 41 0
-32 50 1 0
-6 20 -31 0
12 8 -13 0
47 -23 35 0
-27 -27 1 0
-40 47 45 0
-3 45 -3 0
-45 8 2 0
13 1 18 0
36 28 1 0
-29 -28 -17 0
32 19 -21 0
45 -9 -9 0
47 -48 -34 0
-9 8 46 0
-21 -18 42 0
20 -23 45 0
-20 -23 -37 0
7 25 -33 0
-16 41 -36 0
21 -7 14 0
24 -47 16 0
35 -25 -26 0
26 36 -9 0
-14 -23 4 0
11 4 -11 0
34 5 -17 0
-23 -15 2 0
34 -15 -14 0
12 -27 41 0
34 16 -29 0
-47 21 -5 0
18 6 -7 0
-16 41 2 0
-2 2 -32 0
48 -4 30 0
-6 20 2 0
-47 -22 11 0
-25 -17 -22 0
-22 28 25 0
-25 -2 29 0
4 42 34 0
-8 -23 -36 0
-14 -8 16 0
-29 -20 -36 0
50 -38 -47 0
41 -49 38 0
22 -27 42 0
50 1 37 0
-40 -21 -10 0
37 -10 7 0
30 1 -50 0
-8 -40 37 0
-47 36 -17 0
-42 -10 2 0
-5 -44 20 0
4 -34 8 0
34 24 45 0
24 15 49 0
4 31 -9 0
16 -41 46 0
-34 33 27 0
48 23 44 0
-17 -49 17 0
14 1 -19 0
22 10 24 0
36 47 26 0
24 15 -32 0
-45 44 48 0
-12 27 36 0
-29 4 16 0
-19 1 13 0
1 11 2 0
-7 -12 -23 0
-42 9 50 0
34 -36 -40 0
25 28 4 0
-29 -1 -39 0
-2 18 19 0
38 42 13 0
-28 49 40 0
25 -46 -20 0
-38 21 -50 0
-22 -49 22 0
12 12 20 0
-19 -4 42 0
23 -20 -21 0
39 37 42 0
-22 -11 19 0
35 -50 7 0
22 -18 -44 0
-10 -6 -50 0
-42 5 30 0
-45 40 -26 0
-15 43 -30 0
-39 -49 -43 0
8 -7 8 0
-27 43 20 0
15 -49 -25 0
1 -50 9 0
-34 -50 -12 0
-8 1 -48 0
27 41 5 0
-8 -11 23 0
-41 -48 43 0
4 -4 27 0
33 50 47 0
18 -33 -11 0
-13 -21 -47 0
-38 -26 -33 0
34 -7 -32 0
6 -3 -31 0
6 -25 41 0
-23 35 -48 0
-3 -19 25 0
-12 -25 31 0
45 -38 39 0
-24 13 -31 0
44 -40 13 0
35 -42 -17 0
-24 -41 1 0
-45 44 -37 0
49 1 5 0
-49 1 15 0
-13 23 -13 0
35 41 38 0
49 -30 33 0
25 -45 19 0
-26 16 36 0
-38 30 -20 0
24 20 25 0
25 -31 -50 0
-14 -30 22 0
13 10 14 0
-43 -33 -39 0
-5 29 -17 0
25 -10 50 0
-40 -12 -23 0
11 28 5 0
-35 -13 -45 0
6 24 33 0
24 -23 20 0
9 4 -26 0
6 -24 1 0
-22 1 -49 0
50 -10 -8 0
50 30 -47 0
3 27 43 0
6 -26 28 0
-49 -14 47 0
11 24 1 0
35 -3 35 0
-38 -34 49 0
35 -42 -32 0
-18 -45 39 0
35 15 28 0
-31 8 -7 0
6 6 15 0
-38 -5 -50 0
-8 -16 2 0
-9 -34 -35 0
7 37 37 0
48 -29 26 0
41 43 27 0
13 22 4 0
-45 -9 8 0
-11 41 -3 0
-36 7 -33 0
46 -30 -31 0
42 18 12 0
-17 -49 -8 0
28 -45 -33 0
-22 -21 8 0
15 2 29 0
-48 42 39 0
20 -42 -7 0
-50 20 -16 0
33 -24 18 0
-40 28 -27 0
-21 -50 -6 0
34 12 5 0
1 -19 44 0
-35 -40 -17 0
27 -16 42 0
4 -44 -5 0
-47 23 -14 0
44 34 43 0
26 46 27 0
-46 4 -44 0
5 -13 36 0
18 14 -33 0
18 46 50 0
-25 48 37 0
5 -48 -31 0
-16 2 10 0
43 -22 -24 0
-35 10 -22 0
48 -12 -40 0
26 -6 1 0
22 -45 16 0
-24 -31 6 0
6 -31 -17 0
-1 8 -40 0
16 19 11 0
-37 6 50 0
-3 -23 16 0
49 -13 50 0
-16 11 -3 0
5 18 34 0
-39 31 40 0
31 7 -44 0
-22 -33 6 0
-28 45 46 0
-17 28 16 0
24 -39 -39 0
-30 15 -35 0
5 27 -30 0
44 1 -35 0
33 -20 -45 0
-40 -8 -37 0
-49 -41 25 0
26 4 3 0
-14 7 -42 0
11 -7 -11 0
-26 -48 32 0
-33 4 35 0
-13 -45 44 0
