c CNF generator v0.9
p cnf 50 300
-48 -50 17 0
47 48 45 0
46 -33 -3 0
-23 47 -3 0
2 43 -25 0
-3 8 29 0
-16 44 35 0
-21 16 4 0
48 -35 8 0
18 37 31 0
4 -15 42 0
27 -13 -30 0
3 7 -40 0
3 33 14 0
-39 45 16 0
18 5 -16 0
47 -10 35 0
-33 43 48 0
-8 37 -46 0
5 -31 38 0
45 34 -7 0
35 36 -14 0
43 18 -15 0
-35 -9 -4 0
-43 12 -41 0
50 -20 -18 0
-49 -26 35 0
22 -4 -13 0
38 16 3 0
-42 50 -2 0
-9 14 8 0
-31 34 42 0
-4 -16 -26 0
22 38 -2 0
-22 -26 37 0
-50 49 -23 0
47 17 49 0
-23 -33 -9 0
-14 -46 20 0
-3 -47 1 0
-18 -48 -26 0
-21 -24 36 0
27 33 32 0
-17 14 36 0
1 40 -17 0
43 -21 17 0
36 41 25 0
-41 28 -33 0
47 19 41 0
-50 -49 -23 0
43 36 -14 0
12 35 -19 0
22 -31 7 0
-44 -10 14 0
8 -42 2 0
-9 -40 -33 0
-33 -41 -16 0
-39 29 -46 0
-10 -44 22 0
16 -16 7 0
32 17 25 0
-38 -37 -32 0
29 8 34 0
-45 -2 -49 0
-28 -44 -10 0
-13 -47 -37 0
47 11 25 0
-16 11 -21 0
13 13 17 0
40 -6 -36 0
-40 -23 27 0
-36 11 -7 0
-1 -32 -7 0
40 -20 8 0
48 31 -9 0
-39 35 -31 0
-8 14 38 0
-23 -12 -22 0
40 -31 45 0
-44 8 -3 0
-25 37 -41 0
-5 3 -7 0
-36 47 8 0
8 -28 -47 0
-15 -6 34 0
-6 27 35 0
-19 18 49 0
20 -32 -3 0
26 25 -15 0
38 2 -39 0
47 -16 15 0
-18 -4 38 0
22 46 36 0
41 42 12 0
-14 -38 29 0
1 -26 -20 0
-16 50 15 0
30 -5 -34 0
-9 -42 43 0
-5 2 -36 0
30 15 24 0
-39 -38 42 0
-4 47 -26 0
-46 9 11 0
-15 33 -11 0
37 -16 27 0
-48 43 -9 0
12 -28 -13 0
20 -30 35 0
-26 16 9 0
49 43 -25 0
47 45 -2 0
27 40 -14 0
-4 -35 16 0
-21 -27 46 0
39 15 -18 0
4 -21 26 0
-11 -18 -17 0
-19 -20 20 0
26 13 25 0
19 31 -8 0
37 -10 -33 0
-26 -38 -16 0
14 -7 50 0
17 -34 -40 0
-37 19 42 0
27 -16 -41 0
49 35 15 0
15 32 -36 0
-42 24 -1 0
-32 1 12 0
1 -44 23 0
42 -45 12 0
-9 33 45 0
47 -39 13 0
29 -23 49 0
50 12 -46 0
23 -44 17 0
29 37 22 0
-25 37 2 0
-26 -9 6 0
31 -11 40 0
45 -45 15 0
21 45 19 0
48 31 15 0
-32 -21 -50 0
18 44 9 0
12 -34 -47 0
-15 8 12 0
17 -19 4 0
-40 16 44 0
30 35 41 0
21 12 -37 0
-39 -41 -42 0
3 -6 -30 0
-35 -14 7 0
-3 19 31 0
22 21 46 0
-7 -14 30 0
36 -35 -48 0
-11 -2 -27 0
49 -26 -16 0
23 -41 -26 0
-27 27 -46 0
26 -49 1 0
35 -31 -21 0
32 42 1 0
30 3 49 0
-8 -16 -10 0
12 -19 47 0
3 34 -14 0
-3 12 -9 0
21 49 -15 0
47 -18 49 0
-45 13 -29 0
2 1 -10 0
-13 -45 22 0
-47 -6 24 0
42 -27 -10 0
-41 37 -17 0
35 -45 42 0
1 42 13 0
-28 -32 15 0
24 -44 37 0
45 -25 7 0
-28 19 -13 0
33 3 -8 0
-21 -31 -12 0
-2 17 40 0
13 14 -47 0
32 4 6 0
28 -28 29 0
-20 -40 -20 0
45 -16 -30 0
36 44 19 0
25 -39 -30 0
-48 25 43 0
-25 -28 -13 0
12 24 -23 0
-1 -30 -11 0
-44 50 37 0
-8 -24 -35 0
25 -44 -50 0
48 -43 22 0
28 6 -33 0
-44 -39 -45 0
-11 -34 -34 0
-34 -23 -44 0
-32 2 27 0
-39 50 41 0
-9 -23 -16 0
26 10 -5 0
38 -2 6 0
-27 38 16 0
1 31 -5 0
-50 26 -21 0
-21 22 33 0
-12 14 -42 0
46 -26 -22 0
36 29 13 0
9 -49 35 0
-14 44 -31 0
2 2 -2 0
-43 6 18 0
44 -14 -11 0
-16 46 -47 0
3 -26 9 0
7 14 -42 0
-6 37 22 0
-25 -47 -25 0
-3 -18 -46 0
-16 27 -36 0
32 24 -5 0
36 50 23 0
-5 -9 -40 0
42 5 7 0
-33 7 4 0
21 10 -10 0
43 12 28 0
40 41 -3 0
-3 -29 -6 0
39 -31 -9 0
30 -17 6 0
-25 -45 -44 0
-18 14 -33 0
-29 21 -19 0
38 37 40 0
-12 -48 -14 0
-44 -50 -15 0
-2 34 1 0
-26 46 -13 0
-13 41 -50 0
-24 -19 40 0
-15 -23 18 0
11 39 -44 0
-4 -7 50 0
39 3 -2 0
24 -12 35 0
-11 28 5 0
14 30 7 0
-20 -26 37 0
-3 -26 9 0
28 9 -5 0
-40 -2 -26 0
-26 16 19 0
-49 -17 15 0
13 -2 -50 0
16 16 17 0
-31 -10 22 0
4 24 -42 0
-9 37 23 0
-38 -6 31 0
45 -5 -46 0
7 -7 42 0
-49 -19 -34 0
3 27 -21 0
-45 -39 -31 0
-7 -23 22 0
17 -42 -27 0
21 -28 4 0
-14 -12 -14 0
-30 -8 36 0
-9 -11 10 0
-34 -26 -18 0
16 -25 -28 0
14 27 33 0
3 -38 40 0
-43 29 -11 0
-44 31 -14 0
36 -30 -1 0
10 40 11 0
-46 -28 -20 0
40 -41 -30 0
-13 -11 26 0
-22 38 -46 0
-13 25 45 0
50 20 -36 0
-41 3 17 0
-20 5 15 0
-18 11 -14 0
