c CNF generator v0.9
p cnf 50 300
39 16 22 0
50 -24 36 0
4 -40 25 0
20 33 -24 0
-44 13 -14 0
-26 -50 17 0
41 14 -19 0
-9 -42 35 0
-30 -31 19 0
-25 11 -25 0
5 -12 -45 0
9 -43 -7 0
4 -35 28 0
27 39 -3 0
27 -46 -9 0
-17 -9 -27 0
-37 6 23 0
17 -42 -20 0
-44 23 2 0
12 20 -1 0
-25 16 -38 0
10 -6 28 0
32 -42 30 0
1 25 28 0
23 -44 40 0
-48 43 -38 0
-16 -40 32 0
-13 -36 2 0
-28 -35 -12 0
5 38 -38 0
36 -8 48 0
23 -44 -27 0
31 -10 14 0
15 21 30 0
34 45 -45 0
-5 -1 -10 0
48 -37 36 0
-29 -34 26 0
-48 -11 43 0
-45 14 -49 0
37 -47 -20 0
26 -7 -37 0
-9 28 -35 0
16 17 12 0
-28 8 -45 0
-13 -34 37 0
10 -2 25 0
9 -47 -1 0
9 -22 -19 0
47 -18 44 0
40 15 -25 0
-9 24 15 0
33 19 -11 0
23 38 14 0
-41 26 -17 0
-42 12 -14 0
-5 15 -15 0
-27 47 -25 0
19 -30 1 0
11 -24 -15 0
-35 -28 20 0
-11 -4 25 0
-39 -16 26 0
14 -32 5 0
-32 -32 -19 0
3 -26 -8 0
-43 49 43 0
49 -26 12 0
34 45 -15 0
28 -37 46 0
30 28 32 0
-41 22 -37 0
23 -23 -1 0
-49 -29 -13 0
-27 13 -36 0
-21 -9 48 0
-9 -30 43 0
20 10 43 0
12 25 -32 0
28 21 -33 0
-5 29 -31 0
11 -13 -11 0
11 -10 -48 0
3 9 -34 0
-29 14 2 0
42 -42 -29 0
-33 -39 18 0
-45 -32 25 0
-41 23 -37 0
-44 17 14 0
-39 49 -45 0
-16 -8 -36 0
36 -19 -1 0
-28 -21 -48 0
12 13 14 0
19 -9 31 0
4 44 39 0
25 35 43 0
12 -24 30 0
38 -37 41 0
14 16 -29 0
29 -3 37 0
32 8 -47 0
-3 50 25 0
-44 40 -39 0
-6 -33 33 0
12 -2 -48 0
38 23 5 0
23 -24 2 0
1 11 -1 0
-29 39 -16 0
26 31 -25 0
41 -20 -5 0
15 -35 19 0
41 -7 -23 0
9 -14 -48 0
-43 14 -46 0
-21 40 -31 0
-13 -48 -24 0
-12 -38 -7 0
-9 -16 13 0
-9 -19 35 0
36 43 -13 0
-50 -42 42 0
45 50 40 0
43 12 -9 0
-25 -19 35 0
16 3 4 0
-23 -22 12 0
48 -44 -28 0
32 46 44 0
49 5 7 0
-25 -10 -22 0
-40 -10 -7 0
-22 47 -8 0
4 -9 7 0
50 -4 -48 0
-17 -50 -3 0
25 22 7 0
-19 7 -25 0
-28 -32 -44 0
-46 18 -21 0
-19 -47 -11 0
36 11 25 0
3 -7 -12 0
-2 -36 45 0
44 5 -14 0
-15 47 3 0
50 -21 -14 0
14 30 -44 0
41 5 -16 0
28 -22 -23 0
-36 12 -15 0
-12 -41 -21 0
-32 -48 -13 0
6 30 -41 0
-22 -13 -4 0
-48 -38 20 0
-20 -3 44 0
-41 6 18 0
-31 50 4 0
32 -42 20 0
43 18 9 0
-30 -16 -50 0
15 23 -37 0
-29 38 29 0
50 28 -48 0
42 21 40 0
47 49 30 0
-25 -33 -39 0
-36 24 24 0
33 13 44 0
-10 50 -23 0
39 27 33 0
24 11 -13 0
12 2 -8 0
-43 38 -44 0
30 -29 -37 0
23 39 -41 0
43 21 39 0
-15 -37 3 0
15 -7 -37 0
36 -48 36 0
-27 50 28 0
-18 -28 21 0
-25 -10 30 0
23 10 2 0
-39 2 1 0
-37 26 -46 0
9 10 18 0
-27 -23 7 0
44 -13 -49 0
-4 42 -6 0
-14 -33 -35 0
-9 -23 -32 0
-17 48 1 0
-48 -38 22 0
20 -26 -29 0
10 47 16 0
17 46 10 0
-36 20 -13 0
-8 28 24 0
-7 34 1 0
33 -3 40 0
-29 -3 29 0
-50 4 -20 0
37 33 27 0
32 38 -14 0
29 22 31 0
27 -44 19 0
36 -37 -40 0
-45 1 -50 0
-37 -19 -38 0
20 -19 -18 0
-7 17 30 0
13 2 20 0
-7 -44 -20 0
-41 6 26 0
1 18 -20 0
26 21 -29 0
-11 -22 12 0
-10 -15 -29 0
45 17 39 0
27 -16 -7 0
4 -31 48 0
11 -19 12 0
-50 -27 21 0
36 -27 30 0
-8 -1 -43 0
13 10 41 0
34 -21 6 0
50 33 9 0
30 41 33 0
-12 -14 14 0
-17 -12 -6 0
16 -36 -8 0
-36 -49 9 0
32 28 30 0
26 10 -7 0
42 -3 11 0
-20 9 3 0
39 -29 -7 0
-47 -33 -46 0
41 36 49 0
-33 -17 -4 0
5 -26 -47 0
-36 -28 1 0
-49 -26 -41 0
-3 10 44 0
47 -5 27 0
-7 -46 -6 0
-49 26 11 0
-48 -15 -19 0
-6 11 -13 0
-24 -2 17 0
16 -5 42 0
12 7 24 0
-36 -26 28 0
30 1 -30 0
-46 31 35 0
-36 -46 9 0
17 4 11 0
27 -24 29 0
-29 -30 18 0
24 -36 -1 0
-47 -30 29 0
8 32 50 0
18 -36 -24 0
6 -46 40 0
-17 -23 -29 0
-3 -38 -29 0
-39 39 4 0
32 5 12 0
18 33 -47 0
11 45 -23 0
-38 48 -46 0
-9 7 -23 0
-1 -26 49 0
-40 20 -17 0
3 7 6 0
10 32 -45 0
32 31 -13 0
13 -46 44 0
-24 -3 39 0
-10 -7 -34 0
29 -19 -7 0
26 4 -37 0
-36 -45 19 0
-40 -22 33 0
26 -15 47 0
-13 -4 39 0
-11 -13 20 0
50 3 16 0
26 21 -39 0
23 -43 -24 0
20 -16 17 0
4 -13 45 0
-39 43 -26 0
44 -50 43 0
44 -15 -4 0
