c CNF generator v0.9
p cnf 50 300
12 -38 -33 0
-27 46 6 0
-50 8 36 0
41 24 8 0
8 -27 -38 0
24 28 -45 0
-19 -49 9 0
39 -22 -21 0
-6 -12 25 0
-6 -6 1 0
-24 39 46 0
-23 -6 -30 0
-10 -21 49 0
-47 34 11 0
34 16 38 0
46 3 -18 0
-34 12 29 0
18 -14 18 0
-14 -2 33 0
49 -6 22 0
-33 -40 10 0
-20 21 -15 0
-39 41 39 0
-6 50 -7 0
-36 -25 -45 0
26 -41 -15 0
-19 19 18 0
42 29 -30 0
8 43 -48 0
-46 17 41 0
-8 46 -7 0
2 -20 -13 0
-5 32 42 0
-23 39 22 0
-41 8 -10 0
-49 35 39 0
-30 -26 -26 0
27 50 8 0
7 32 -4 0
-16 -11 29 0
35 14 35 0
39 -44 -25 0
41 29 -41 0
50 48 33 0
29 50 -41 0
5 -28 20 0
23 -6 2 0
-8 -43 -26 0
44 15 2 0
38 50 17 0
33 -13 -45 0
28 -36 21 0
9 -12 -47 0
-31 -21 13 0
33 29 -9 0
-15 -18 50 0
-50 9 45 0
14 -7 47 0
-14 8 -38 0
-35 -2 -23 0
34 -34 24 0
-28 -40 37 0
41 -35 -8 0
-13 -1 -1 0
-14 -30 23 0
4 19 20 0
-10 -35 40 0
7 -13 43 0
-46 27 11 0
-12 22 42 0
-29 -46 16 0
-14 44 6 0
4 49 14 0
-49 39 -34 0
-22 -38 -46 0
-5 -26 14 0
21 47 31 0
-19 27 36 0
-9 -43 -30 0
30 19 6 0
47 20 -14 0
2 -14 4 0
17 -27 49 0
22 -14 -33 0
8 22 10 0
50 -23 -12 0
-24 -46 45 0
19 -19 -42 0
41 -43 14 0
4 -49 -45 0
-50 2 19 0
-17 49 19 0
40 -24 36 0
-32 -35 -33 0
-21 -47 -2 0
5 36 -22 0
25 50 24 0
16 38 13 0
1 -36 8 0
-45 28 -6 0
-10 48 -11 0
-31 32 -35 0
-2 3 -31 0
-44 39 -42 0
36 11 29 0
43 -29 -7 0
-1 -44 6 0
39 -30 -18 0
30 47 -33 0
-11 49 41 0
-35 -23 -26 0
-43 -47 11 0
49 9 -27 0
-40 49 27 0
44 -46 43 0
-21 -34 -22 0
23 -50 -38 0
-46 13 7 0
15 -44 -23 0
-40 36 -39 0
-6 -34 -34 0
44 -26 48 0
17 -10 48 0
11 16 30 0
-42 29 -2 0
-6 -44 35 0
20 -16 -1 0
-12 49 50 0
-6 -4 15 0
-2 -26 -7 0
2 15 23 0
-25 -32 47 0
26 -25 -25 0
36 -33 -23 0
-33 7 -19 0
-16 -1 -1 0
-9 34 8 0
15 -46 46 0
-45 40 13 0
16 -39 17 0
10 33 15 0
-19 32 44 0
-13 -2 -11 0
1 23 -24 0
4 2 -29 0
44 30 -44 0
3 -21 38 0
-48 -14 -25 0
48 4 -45 0
-25 -16 -12 0
26 27 -28 0
17 -29 47 0
-21 43 -35 0
16 36 44 0
-11 48 -44 0
-24 17 13 0
-25 -2 -16 0
31 34 40 0
42 -27 49 0
42 40 43 0
36 18 33 0
4 41 13 0
-14 6 -43 0
-31 36 -11 0
20 31 -19 0
-42 15 43 0
50 50 -2 0
8 -8 39 0
-11 -22 -1 0
3 7 -15 0
-21 -48 -39 0
46 -14 21 0
-16 -38 -5 0
14 2 42 0
13 -49 30 0
46 -30 -28 0
13 -43 -30 0
46 -44 -34 0
-4 -41 -45 0
12 23 23 0
-29 -12 -29 0
-37 -47 3 0
39 -6 -23 0
45 30 -17 0
-48 16 -39 0
-32 -11 -18 0
-28 14 -48 0
27 -8 37 0
-41 -31 22 0
-5 24 -20 0
14 -40 4 0
22 -36 -16 0
27 -31 50 0
35 -11 16 0
29 21 28 0
21 14 -48 0
27 50 13 0
5 26 45 0
-12 -19 5 0
-14 -6 47 0
-48 42 38 0
-10 -12 36 0
-30 -42 21 0
46 45 -2 0
-29 -46 10 0
34 10 -15 0
34 -48 -18 0
23 -16 13 0
38 9 -33 0
-18 -10 -29 0
-21 -42 -22 0
11 1 9 0
27 1 -36 0
26 -49 -50 0
14 -47 26 0
16 -41 19 0
-10 -49 -38 0
22 -31 -7 0
34 1 -30 0
-41 13 19 0
-42 -8 -21 0
18 -24 -15 0
8 -29 6 0
-45 48 47 0
37 -1 -50 0
-41 50 -5 0
29 -5 -40 0
-45 -8 44 0
-38 -38 29 0
-15 18 -19 0
-22 -18 4 0
-45 22 -45 0
-27 -30 9 0
-20 -17 -49 0
-46 -25 31 0
50 -11 -44 0
16 28 -41 0
-31 12 31 0
-4 -33 -43 0
10 35 10 0
31 -50 14 0
31 44 -5 0
34 7 -35 0
-10 -7 3 0
50 -50 -46 0
-8 44 -31 0
-49 -18 -43 0
-37 8 21 0
-9 38 28 0
9 -36 -17 0
-26 -47 -43 0
-34 -25 13 0
45 5 -17 0
15 38 -46 0
-6 -48 23 0
41 38 -32 0
10 18 -3 0
8 -33 27 0
20 4 -9 0
-16 39 36 0
11 17 -1 0
-47 -50 22 0
12 -42 13 0
45 -38 49 0
24 24 49 0
-9 -15 -48 0
-25 -29 47 0
-6 -5 -26 0
-37 -11 -2 0
-16 42 5 0
33 -10 1 0
-21 -37 -20 0
-25 -40 -19 0
17 45 -33 0
43 -3 -41 0
-20 3 -26 0
50 -2 17 0
50 35 35 0
37 14 -22 0
47 -40 -39 0
-31 -19 -48 0
16 -24 -7 0
-38 -34 -17 0
-40 44 -23 0
2 -22 -6 0
-48 14 31 0
-7 31 -6 0
-41 2 -7 0
14 -37 -25 0
42 36 -48 0
-23 44 -24 0
2 7 -44 0
42 -47 -12 0
23 40 38 0
30 33 -45 0
-20 -13 45 0
-5 30 -40 0
-35 18 -12 0
-29 30 -27 0
-44 16 -6 0
