c CNF generator v0.9
p cnf 50 300
-15 46 35 0
42 -8 48 0
-31 -34 -10 0
-23 -6 43 0
-14 -46 -27 0
2 42 -17 0
-33 17 -34 0
43 17 21 0
-22 -25 32 0
30 25 -23 0
35 28 -25 0
-14 -19 -10 0
39 -21 -21 0
-41 9 -28 0
50 -7 17 0
-48 -25 44 0
-48 12 39 0
-20 -5 40 0
-22 -14 39 0
-42 22 -2 0
-25 44 -8 0
-32 49 29 0
-41 -24 35 0
18 -27 31 0
-31 17 -48 0
44 -27 14 0
-36 -26 -46 0
-10 -22 -40 0
29 31 19 0
7 -5 18 0
-13 9 46 0
10 -17 25 0
20 -12 48 0
36 -9 -25 0
11 -12 -36 0
-30 26 19 0
41 -5 -40 0
49 -33 31 0
22 -40 41 0
23 2 -2 0
-6 1 -5 0
11 -22 -27 0
43 47 -32 0
-27 -42 11 0
-2 46 -41 0
8 4 34 0
28 17 -14 0
32 -25 -29 0
42 -7 20 0
-44 43 18 0
-12 31 -34 0
-28 -44 -42 0
-40 -4 -37 0
19 49 -36 0
-49 -37 -42 0
-5 47 -43 0
18 45 14 0
36 -40 -13 0
2 -22 36 0
2 -27 50 0
-15 20 21 0
-40 12 -25 0
-41 -49 32 0
-7 45 15 0
-28 -48 -2 0
-23 -50 -16 0
-50 -16 5 0
-25 19 -8 0
-37 -35 27 0
-8 -5 -15 0
-25 -33 21 0
-2 -42 22 0
-3 44 -27 0
18 -12 -38 0
-45 -11 43 0
-13 37 -19 0
5 46 -36 0
3 -11 28 0
-31 13 43 0
-40 42 43 0
42 20 -7 0
33 -39 -44 0
-48 23 -34 0
-30 -40 -9 0
36 -23 -33 0
38 -44 -43 0
4 -8 37 0
21 -17 -14 0
-14 -25 -24 0
11 -35 -11 0
-29 -27 -47 0
-11 8 -28 0
-14 26 -44 0
-9 20 -35 0
20 -33 -21 0
10 37 -48 0
-49 -26 -31 0
-37 17 19 0
-30 12 -8 0
20 -13 -9 0
2 -32 14 0
-15 43 -5 0
14 -4 -38 0
-36 16 -41 0
2 -17 6 0
-12 -23 24 0
31 -5 -30 0
27 19 37 0
-26 -34 21 0
4 -12 9 0
-8 -43 30 0
-7 4 -18 0
4 -14 20 0
-1 41 48 0
-25 15 12 0
-18 -12 -8 0
-36 49 -26 0
13 36 24 0
30 -32 15 0
6 -12 30 0
23 -8 -43 0
33 -5 -34 0
19 45 40 0
24 21 50 0
-48 41 36 0
-21 37 46 0
2 -31 41 0
-11 -49 -36 0
-39 35 -46 0
-30 48 -10 0
-23 28 45 0
-5 16 39 0
-26 -3 -39 0
16 1 43 0
32 -11 -33 0
-11 -36 47 0
-38 -22 42 0
-1 -30 29 0
-15 -11 45 0
32 -44 17 0
47 9 12 0
48 18 -49 0
31 31 23 0
49 31 38 0
45 -3 11 0
-18 16 14 0
-32 -17 6 0
40 43 -37 0
-41 19 40 0
26 15 43 0
26 7 50 0
14 10 45 0
-21 -22 15 0
40 8 -18 0
7 43 -3 0
37 -3 -2 0
33 -1 1 0
30 -17 -44 0
-37 31 -40 0
31 -27 15 0
43 -31 -16 0
-22 31 15 0
43 -22 -34 0
23 -36 -28 0
-13 -4 -27 0
-36 29 -45 0
41 -5 -12 0
-36 -11 2 0
34 -7 6 0
-33 -37 19 0
-4 -21 5 0
-28 -22 -19 0
-42 -21 -1 0
33 -7 -48 0
2 -32 5 0
-29 -43 -7 0
3 -9 -10 0
-33 9 -7 0
42 -49 -4 0
29 26 28 0
9 7 -36 0
50 -17 -48 0
2 34 -2 0
-8 -23 -18 0
50 -5 -44 0
-6 16 -14 0
14 -6 31 0
-36 25 46 0
-21 24 41 0
-2 -39 48 0
-21 -2 -10 0
-36 41 16 0
7 34 3 0
43 9 -40 0
41 24 32 0
-18 -45 -36 0
-26 33 -28 0
-29 40 -25 0
-23 -24 43 0
45 10 45 0
-24 -16 30 0
-7 -46 48 0
30 -27 38 0
-44 -49 -27 0
11 40 49 0
-3 -39 21 0
48 -6 -14 0
-50 47 26 0
-50 12 -10 0
49 48 -7 0
-33 34 -42 0
25 -39 37 0
-50 -16 -40 0
44 -20 34 0
8 -14 47 0
30 -19 31 0
-47 -33 4 0
-46 -21 10 0
-3 46 -41 0
5 34 38 0
34 18 2 0
41 35 16 0
-25 -23 24 0
-46 4 -45 0
-1 -11 -12 0
10 33 34 0
33 22 12 0
-24 -18 -13 0
-25 -44 -16 0
31 -6 34 0
-4 -46 20 0
24 9 2 0
-21 -23 -10 0
35 -10 -35 0
4 -12 -48 0
-42 -35 21 0
-31 -49 -41 0
11 14 24 0
-8 19 30 0
-40 -13 -37 0
-28 -40 36 0
30 -12 25 0
49 -40 23 0
-18 -29 1 0
32 4 22 0
19 -31 41 0
-44 14 -15 0
10 -16 50 0
22 -49 -33 0
40 14 14 0
18 -46 -29 0
-36 48 22 0
37 -4 -37 0
31 -7 18 0
13 35 12 0
-18 20 44 0
4 40 -8 0
-45 -7 -37 0
-21 27 -16 0
6 -30 -14 0
-38 -14 -13 0
21 -13 -12 0
36 23 23 0
-31 34 -11 0
-3 -7 -25 0
-29 27 -4 0
-6 -26 35 0
1 -15 -24 0
-26 -40 -3 0
24 -21 -29 0
8 26 -33 0
-17 37 30 0
28 -42 44 0
-4 -18 16 0
48 -8 44 0
-33 -27 -6 0
47 48 -47 0
-13 -5 23 0
8 -45 -42 0
21 -38 -9 0
-7 6 -15 0
-28 21 -2 0
16 -41 -3 0
-1 3 13 0
40 30 24 0
31 28 -28 0
35 -42 32 0
-23 3 -39 0
4 -25 34 0
-30 -11 -13 0
-39 33 -49 0
-7 -14 12 0
30 25 -8 0
-11 29 -45 0
-37 -5 17 0
-43 24 -18 0
-29 -8 11 0
-37 -29 34 0
28 -41 -26 0
-25 49 -48 0
