c CNF generator v0.9
p cnf 50 300
-32 14 -32 0
-27 2 32 0
39 -50 20 0
19 4 43 0
2 44 -11 0
7 31 16 0
2 -47 -26 0
15 23 34 0
26 20 -13 0
25 15 36 0
19 -26 27 0
45 7 26 0
15 -47 28 0
-18 7 16 0
-26 -19 2 0
12 12 32 0
-13 -25 42 0
-47 -15 -39 0
13 -19 8 0
20 32 -37 0
-8 42 45 0
6 -13 42 0
18 -3 -5 0
17 11 33 0
-33 18 -7 0
-16 45 -16 0
2 -6 -32 0
-22 -42 26 0
13 -29 -19 0
-8 9 -12 0
-46 24 -36 0
-23 -48 -35 0
-33 -40 -31 0
-26 -22 19 0
-22 -12 -11 0
-29 -3 40 0
-19 40 35 0
-17 -16 12 0
-28 4 -48 0
35 25 -39 0
-37 34 3 0
-50 -13 23 0
-24 18 -45 0
-15 18 -3 0
-48 -3 -3 0
-49 49 -9 0
-5 -48 12 0
-44 44 33 0
8 -22 42 0
-23 -40 -34 0
40 -42 17 0
-21 30 -39 0
24 -9 -46 0
-46 1 41 0
50 34 28 0
19 -21 -33 0
29 -17 -3 0
22 -39 -46 0
31 -20 20 0
1 27 -18 0
-30 -6 2 0
46 -37 29 0
-3 -19 4 0
-29 10 -12 0
33 4 -37 0
-34 40 21 0
-14 11 49 0
47 25 12 0
-18 -41 6 0
-6 -14 -11 0
-45 -21 12 0
-12 -19 -45 0
-36 -8 50 0
6 -29 -5 0
-46 38 -15 0
-45 11 37 0
44 -19 40 0
-18 33 -5 0
31 -47 17 0
-35 -1 20 0
-33 -4 2 0
-18 -46 -24 0
33 -48 -22 0
-50 37 29 0
15 17 18 0
15 -15 -50 0
-43 -25 -30 0
14 -11 -12 0
-44 20 13 0
-49 16 -3 0
-38 -25 41 0
40 23 -24 0
42 -49 -38 0
11 50 42 0
-42 -50 -34 0
-23 12 2 0
-44 13 40 0
-41 48 12 0
7 -42 24 0
40 -23 -16 0
26 43 -13 0
-36 46 35 0
-8 -8 -18 0
30 -37 -8 0
-5 34 22 0
-1 -37 14 0
27 35 -21 0
-47 -46 -35 0
-19 -47 27 0
5 27 -23 0
4 12 -13 0
12 47 41 0
12 49 -41 0
-2 -1 -22 0
-8 3 4 0
18 -9 -32 0
-3 -2 -11 0
17 -49 26 0
-17 17 -47 0
12 41 -24 0
-36 7 -23 0
-32 -9 -7 0
-33 -23 45 0
21 10 -2 0
-5 -45 49 0
32 -9 -21 0
-9 -29 -24 0
-17 2 43 0
-12 -30 -35 0
-21 -2 15 0
18 44 23 0
-21 -47 4 0
-4 -13 -20 0
-14 -44 -23 0
-45 36 -18 0
-29 29 -50 0
2 -9 9 0
33 -36 -9 0
33 5 25 0
49 -11 -35 0
-13 -28 34 0
39 -36 41 0
-50 42 -34 0
-26 42 -48 0
5 -21 17 0
-9 -49 -36 0
-42 1 17 0
12 -11 31 0
38 -21 34 0
-11 -48 11 0
-38 -40 -20 0
-15 46 24 0
41 -13 43 0
-18 -42 -15 0
12 -38 47 0
-6 40 -42 0
-38 32 36 0
-29 -4 42 0
19 49 -24 0
13 -25 -8 0
-16 -5 50 0
10 -47 22 0
-19 36 28 0
-43 -32 30 0
-44 -25 28 0
44 -42 -32 0
-4 -31 -29 0
35 -47 -24 0
23 -47 -35 0
24 2 21 0
42 -16 25 0
-35 -13 35 0
20 -14 -12 0
25 30 43 0
10 19 24 0
13 -7 -36 0
19 15 4 0
24 10 10 0
-9 9 -37 0
-7 25 21 0
42 48 -12 0
33 1 27 0
-50 -38 23 0
35 -49 -7 0
1 44 35 0
-49 9 24 0
-49 -39 15 0
-7 39 44 0
12 44 45 0
-14 -34 -7 0
-50 -22 -9 0
-40 -29 6 0
40 44 -13 0
21 44 -45 0
-22 -38 -21 0
18 -10 46 0
1 -3 6 0
-4 -5 -9 0
28 -3 -9 0
16 -13 35 0
-38 18 -40 0
29 3 19 0
29 41 8 0
28 36 26 0
-46 -37 31 0
34 -37 19 0
32 -13 24 0
44 -16 -49 0
31 21 -16 0
-43 9 50 0
27 -35 -18 0
-35 17 -23 0
-12 25 -34 0
-8 -26 37 0
23 31 -44 0
-41 -22 19 0
39 22 -38 0
40 -26 -37 0
-47 42 46 0
43 30 -16 0
21 -7 -15 0
23 10 34 0
-36 38 19 0
22 44 31 0
-14 13 -30 0
-46 -49 43 0
-43 26 -49 0
-47 -36 41 0
-11 29 16 0
15 -37 33 0
14 23 -18 0
1 30 35 0
8 -44 21 0
-50 -34 25 0
20 -8 20 0
-42 30 -44 0
-23 39 -17 0
-15 -49 24 0
32 38 -10 0
48 41 39 0
-29 43 -45 0
50 44 -41 0
20 45 -18 0
19 8 -24 0
35 16 -38 0
34 -38 -47 0
-17 17 -43 0
39 -15 8 0
1 31 22 0
35 33 2 0
46 -47 -33 0
-50 -50 -31 0
-36 5 15 0
-47 11 38 0
-37 -30 14 0
-3 -2 -43 0
-7 -26 49 0
37 40 -46 0
4 18 8 0
48 8 -13 0
-20 -11 -35 0
-31 -40 -12 0
42 -25 -7 0
6 -34 16 0
-3 3 -21 0
19 47 19 0
-27 -3 -1 0
15 -27 41 0
24 32 4 0
-15 -46 -10 0
-8 30 -24 0
-37 -29 7 0
-22 40 29 0
41 49 1 0
-35 -9 -44 0
18 -16 -50 0
14 43 -17 0
36 16 9 0
-7 15 -10 0
1 50 35 0
15 39 41 0
-5 -29 49 0
50 -20 15 0
4 -6 43 0
-50 25 2 0
40 -19 5 0
-18 4 -46 0
-36 38 -45 0
27 38 9 0
47 -21 24 0
26 20 34 0
-22 26 -28 0
7 -17 -46 0
48 50 47 0
41 2 -48 0
-24 19 -19 0
2 6 -3 0
33 -18 27 0
8 44 -38 0
-26 -7 -49 0
