c CNF generator v0.9
p cnf 50 300
23 31 19 0
16 33 -3 0
-5 5 49 0
1 -11 20 0
17 20 -20 0
13 -42 44 0
-2 -28 17 0
-7 -36 -34 0
-12 37 40 0
13 49 -37 0
26 -31 -35 0
-40 30 -28 0
-19 -33 13 0
50 28 -16 0
-46 22 -13 0
6 34 44 0
20 5 32 0
-30 35 24 0
-38 12 -22 0
5 15 -13 0
-26 -41 -33 0
-8 38 -24 0
41 14 -29 0
35 -46 -22 0
19 -37 39 0
-19 18 -45 0
31 3 -38 0
44 39 3 0
9 -14 31 0
41 -31 -6 0
-36 16 36 0
-3 15 -20 0
-27 12 -11 0
-15 8 44 0
-13 29 43 0
-35 31 36 0
-23 -19 -29 0
49 48 -35 0
-9 -34 -24 0
-38 10 2 0
20 -5 30 0
-43 5 -38 0
44 14 26 0
-13 -29 20 0
-2 -41 -44 0
2 -17 44 0
-33 11 -45 0
19 -12 -15 0
40 6 1 0
18 -35 -41 0
-2 -13 -3 0
-19 -37 -1 0
-28 -5 -38 0
-23 22 13 0
-1 49 -3 0
-32 -34 16 0
-45 -13 38 0
36 35 -16 0
-43 -46 -14 0
31 16 6 0
35 -24 -44 0
45 -1 36 0
-24 41 -13 0
16 -21 48 0
-16 -45 -26 0
-13 -48 37 0
40 41 -26 0
19 -3 -26 0
-41 39 -8 0
28 -43 28 0
-5 3 31 0
-10 -6 -44 0
37 -11 31 0
-31 -18 -40 0
-43 -48 15 0
-34 -23 -17 0
33 4 43 0
48 -33 38 0
-48 -50 30 0
-19 -10 -40 0
-15 -36 24 0
-1 -49 -33 0
-35 -26 -37 0
-25 6 44 0
16 -38 17 0
-3 16 33 0
13 -41 -32 0
18 20 32 0
35 -33 -6 0
22 -1 50 0
-48 -17 -37 0
-31 -4 41 0
-26 -33 6 0
-24 38 49 0
-36 -1 15 0
44 -5 -14 0
-19 -40 35 0
29 42 -25 0
27 -46 -49 0
4 -48 43 0
-11 7 26 0
15 -32 -19 0
42 -28 43 0
19 -44 -7 0
-31 -30 6 0
30 -3 19 0
39 -8 -33 0
-10 3 -36 0
-31 40 2 0
43 -1 -3 0
-8 -42 15 0
-31 -5 -9 0
28 41 37 0
-22 -49 39 0
7 48 -29 0
-28 -47 -42 0
26 -16 -24 0
4 -25 48 0
-32 40 -9 0
-30 -26 -33 0
-42 2 29 0
20 -29 -20 0
42 32 36 0
-35 -12 14 0
10 -21 -14 0
-28 41 -28 0
28 16 -18 0
-2 -39 -42 0
-38 -50 -39 0
19 36 5 0
-41 -7 -33 0
-38 20 -29 0
-31 -33 -25 0
41 5 23 0
-23 1 11 0
12 -12 25 0
17 -49 31 0
41 -10 -6 0
11 27 25 0
10 -36 40 0
-24 -20 -38 0
22 40 -2 0
-24 36 -4 0
-23 -19 44 0
26 33 1 0
46 33 49 0
-41 28 42 0
37 5 27 0
-26 6 -1 0
36 -38 -2 0
-46 8 40 0
-40 13 42 0
-46 13 1 0
-28 14 6 0
35 26 14 0
17 -1 -10 0
24 -20 12 0
-26 17 -49 0
25 35 20 0
-1 -44 -29 0
36 -47 40 0
-24 8 32 0
12 -46 -20 0
-30 -12 5 0
-34 -7 -8 0
-4 -37 -14 0
-1 -47 2 0
-14 -42 36 0
8 -12 -24 0
48 -37 40 0
8 -35 -48 0
28 -13 -21 0
-38 37 20 0
-1 -47 2 0
42 -50 36 0
-27 33 42 0
22 22 34 0
10 -11 -2 0
-26 9 -22 0
42 26 -27 0
47 1 11 0
41 16 -31 0
4 43 23 0
41 38 44 0
-30 7 -2 0
5 -38 3 0
-14 18 14 0
37 19 22 0
36 11 -35 0
-45 20 20 0
-40 25 20 0
-3 9 2 0
15 31 -47 0
47 -26 -25 0
31 -32 45 0
-19 -25 -22 0
-31 -44 34 0
-11 45 16 0
50 -3 40 0
-45 -9 -16 0
-22 42 -37 0
44 -20 -9 0
-43 -49 34 0
17 -7 -18 0
-6 20 -44 0
43 -11 29 0
43 45 -50 0
29 24 -7 0
-30 31 20 0
-20 3 9 0
39 -7 -45 0
22 -11 37 0
25 -8 41 0
29 27 40 0
-19 -39 30 0
-14 25 -44 0
25 -37 -9 0
-49 -22 -6 0
12 -46 12 0
-4 -33 40 0
34 -20 34 0
24 -25 4 0
22 -41 -46 0
3 34 -42 0
47 26 35 0
-39 27 -42 0
1 -40 -8 0
-49 -5 -5 0
-10 21 13 0
-11 -16 -43 0
37 44 -38 0
-16 -24 48 0
48 -6 48 0
44 11 14 0
3 44 -43 0
-42 -2 -34 0
-27 19 41 0
-1 16 37 0
-28 26 40 0
40 -1 3 0
37 46 26 0
21 48 20 0
-48 -19 -30 0
-4 -38 9 0
-7 32 10 0
-24 -10 31 0
27 37 -25 0
-2 6 -32 0
-4 -15 32 0
13 -23 -6 0
36 -49 17 0
14 -46 -3 0
-18 33 -47 0
25 -25 -31 0
-3 -49 4 0
-12 16 -18 0
13 12 -25 0
47 12 48 0
25 36 19 0
-26 -37 35 0
-46 37 42 0
-4 -45 -33 0
23 19 -35 0
32 10 47 0
-41 16 -37 0
-35 -11 42 0
42 -20 -8 0
37 -23 24 0
10 -3 32 0
6 31 -44 0
39 -40 30 0
-48 22 31 0
-22 -13 32 0
-22 -30 -24 0
4 32 -11 0
41 -27 -2 0
26 -8 9 0
23 42 5 0
15 45 -20 0
-34 -15 13 0
12 30 4 0
13 -46 -34 0
15 34 -32 0
-33 -14 -20 0
19 27 -41 0
-13 -42 -5 0
-12 -14 23 0
-6 -32 42 0
-10 -11 -6 0
-15 -43 -42 0
23 -15 40 0
14 -1 15 0
38 19 22 0
8 -30 -19 0
15 -8 -39 0
-48 26 7 0
-8 13 5 0
-8 -16 -6 0
-23 39 -17 0
-27 39 44 0
