c CNF generator v0.9
p cnf 50 300
-8 28 -7 0
-1 32 7 0
20 21 19 0
27 21 -25 0
-36 -16 10 0
6 41 -29 0
4 45 -36 0
23 -46 34 0
-43 23 -14 0
-43 48 -48 0
-25 12 17 0
45 -4 7 0
-27 -15 43 0
-11 -34 36 0
-11 22 39 0
-46 -49 39 0
28 -38 44 0
-46 27 -27 0
3 -4 41 0
-48 -25 28 0
-22 -50 -40 0
-6 23 -26 0
-14 -14 33 0
48 -14 41 0
-17 15 14 0
-18 43 -50 0
44 -42 -11 0
-43 -43 47 0
-47 -34 -10 0
-14 -26 -25 0
19 1 -27 0
28 8 -29 0
-11 17 -33 0
44 36 29 0
4 26 -7 0
30 -21 37 0
-42 -46 -18 0
-47 24 -14 0
-12 -27 -35 0
-44 -22 -3 0
-23 43 -29 0
26 -39 48 0
50 -30 31 0
-10 -34 -40 0
26 28 16 0
-22 -27 41 0
-18 -10 30 0
18 28 50 0
-43 -19 -46 0
-31 30 -48 0
-22 1 34 0
-24 4 47 0
37 -14 -18 0
-40 -24 -39 0
48 15 26 0
49 48 8 0
-47 23 -22 0
8 -9 -50 0
35 -31 -41 0
-39 -25 12 0
-43 -33 -9 0
38 20 32 0
2 -46 -26 0
46 -47 -23 0
-3 25 33 0
48 28 30 0
49 40 -2 0
-10 26 -35 0
42 -44 28 0
42 -4 -13 0
32 50 29 0
-15 -44 35 0
-18 40 -40 0
-26 20 -24 0
-18 -2 -45 0
-40 35 10 0
-7 -37 4 0
18 3 -42 0
9 38 -29 0
-44 -23 -21 0
11 -19 -20 0
-11 -22 -23 0
-7 -46 50 0
31 -19 50 0
-9 -37 -33 0
44 -17 36 0
31 -39 32 0
10 -22 48 0
-3 -46 -16 0
-32 -36 -19 0
-17 -3 26 0
38 -10 -50 0
-35 12 -23 0
-13 -17 28 0
-44 -36 -8 0
-12 -49 4 0
31 28 -11 0
34 -1 24 0
-38 -44 -47 0
-2 -35 20 0
-38 21 7 0
42 -49 27 0
42 47 21 0
-7 -43 -31 0
26 16 -30 0
29 47 39 0
-39 39 -40 0
-4 3 -6 0
31 -47 -30 0
24 15 40 0
6 3 -37 0
40 -21 -13 0
-33 -41 -31 0
-31 -50 -17 0
40 39 25 0
13 -37 -22 0
2 11 34 0
25 29 32 0
16 5 -11 0
-44 49 -15 0
-38 48 18 0
-35 -23 25 0
12 5 -13 0
-38 2 34 0
41 30 -23 0
1 -37 50 0
8 -2 2 0
-37 -21 -47 0
-32 -34 9 0
-36 -29 -6 0
-2 -40 23 0
28 43 -31 0
17 32 15 0
44 48 -31 0
-21 4 13 0
-5 6 -30 0
21 -24 28 0
-45 -40 -4 0
-14 42 50 0
28 1 -16 0
-40 -17 -13 0
-47 42 -37 0
-22 16 6 0
-19 11 21 0
27 -11 5 0
24 47 -9 0
-40 -37 -46 0
-11 -37 -34 0
-3 -14 8 0
10 -32 -35 0
-9 -20 20 0
28 -37 13 0
28 23 -5 0
-18 -12 49 0
17 -25 28 0
25 31 48 0
14 -20 -8 0
29 21 -30 0
-14 34 -14 0
20 -48 36 0
33 31 -36 0
-47 -15 -32 0
31 -9 50 0
24 -18 -12 0
8 -31 17 0
-10 4 22 0
12 12 2 0
-35 -46 46 0
38 -34 -14 0
-36 -28 37 0
41 -29 14 0
-29 40 11 0
7 -19 -6 0
-18 -21 -43 0
-38 11 -45 0
-39 -34 47 0
22 16 39 0
-24 -22 -11 0
-1 15 22 0
8 -26 50 0
-1 6 -8 0
10 23 -19 0
44 -19 -2 0
-30 21 30 0
6 29 -20 0
-30 16 -30 0
-31 11 -13 0
47 -26 -4 0
21 41 -20 0
-23 16 31 0
-41 -27 -12 0
30 21 26 0
-21 12 -27 0
-34 -18 -25 0
-2 38 -3 0
-7 -5 50 0
43 -37 -8 0
19 46 -18 0
34 -18 -49 0
18 2 50 0
1 47 -29 0
34 -16 15 0
28 -29 37 0
17 7 45 0
37 28 16 0
3 -19 42 0
28 -9 11 0
-11 -36 34 0
-1 41 40 0
-19 -5 -40 0
1 -5 -41 0
43 27 39 0
27 -20 10 0
46 -22 -49 0
13 -42 -29 0
-15 20 -30 0
-47 3 -37 0
34 -3 -46 0
-12 30 9 0
41 25 16 0
-24 -48 44 0
45 -45 -12 0
-4 20 50 0
-34 -37 42 0
-32 -35 -46 0
-4 31 -23 0
-5 50 -43 0
44 -31 16 0
-37 -29 -37 0
20 13 28 0
31 -43 -3 0
9 30 -31 0
-34 -49 20 0
-27 46 -7 0
13 -19 46 0
3 17 -18 0
37 21 -21 0
-27 -36 35 0
15 -15 -28 0
13 -40 -1 0
-23 -28 19 0
-1 9 -17 0
-11 18 22 0
-39 5 1 0
-28 30 -25 0
38 -31 48 0
38 -34 4 0
-50 39 -21 0
-35 34 50 0
10 13 -28 0
21 2 -10 0
-26 -4 45 0
-34 17 -11 0
48 13 22 0
-11 -25 -14 0
6 36 -14 0
-41 -15 26 0
48 -23 -11 0
-10 3 13 0
40 -33 -24 0
29 -25 10 0
-50 -31 -33 0
34 12 -25 0
-22 41 -2 0
-1 14 -4 0
19 37 11 0
14 50 41 0
-27 38 46 0
-48 -31 -8 0
5 -33 -27 0
-30 -50 13 0
-25 -35 -7 0
-46 40 -45 0
30 -13 13 0
-41 23 -2 0
-46 -36 -6 0
-24 28 30 0
3 46 46 0
-35 -12 32 0
30 -46 -16 0
15 36 -26 0
-11 7 27 0
-5 49 -24 0
-12 31 10 0
-20 33 17 0
47 -18 2 0
-26 -39 -38 0
-31 -23 9 0
-19 25 42 0
34 -46 -5 0
7 44 -30 0
-26 36 -49 0
32 44 -44 0
23 -27 29 0
8 -47 11 0
-8 12 45 0
-4 -2 4 0
-39 28 -6 0
-26 13 -21 0
47 -47 -49 0
