c CNF generator v0.9
p cnf 50 300
-44 37 23 0
42 3 -29 0
43 43 10 0
-10 -23 -12 0
3 -29 -23 0
22 26 -23 0
40 -10 24 0
-38 6 17 0
-27 -19 -12 0
18 -1 26 0
-25 21 -45 0
46 -14 -30 0
-31 21 -11 0
-47 12 -50 0
21 -48 -3 0
-28 7 23 0
14 -41 42 0
-31 25 34 0
-42 -49 5 0
20 16 46 0
7 40 -7 0
-44 -48 -3 0
-20 -12 -45 0
-28 -7 -3 0
-26 -1 24 0
-48 32 21 0
-43 38 -12 0
-47 -38 39 0
-50 41 21 0
-39 -31 8 0
-1 -20 39 0
6 43 3 0
-37 12 -4 0
10 -10 45 0
43 45 -34 0
33 -15 23 0
6 49 -15 0
-15 8 3 0
11 -45 49 0
21 -31 -39 0
-34 39 26 0
-14 42 45 0
5 44 22 0
17 -46 43 0
46 25 33 0
-37 50 -4 0
12 39 38 0
6 20 28 0
-18 33 -5 0
14 -28 7 0
-8 -29 -12 0
27 -13 39 0
-50 -17 -16 0
-12 -40 -22 0
8 30 36 0
2 -34 -6 0
-28 -25 -33 0
14 6 -13 0
-7 48 -1 0
16 -17 38 0
22 17 31 0
-28 39 -5 0
-11 44 -1 0
-19 45 27 0
40 50 47 0
-14 14 -19 0
-38 10 -50 0
22 -4 15 0
40 -3 -21 0
37 41 28 0
35 -11 29 0
-13 4 2 0
10 -9 -29 0
14 -23 26 0
-20 -37 -18 0
-40 -3 -5 0
43 -28 29 0
-15 7 -41 0
13 17 -8 0
27 -20 41 0
-42 17 -23 0
-28 11 39 0
1 -7 -27 0
26 -27 -49 0
36 -39 36 0
23 16 27 0
-40 -16 -30 0
-8 13 -21 0
11 29 -49 0
36 -22 -7 0
50 -18 37 0
-24 27 -27 0
-38 -2 17 0
20 -26 -34 0
-22 -38 -15 0
-16 46 -16 0
31 -23 10 0
-27 26 21 0
-45 -22 -4 0
10 6 -12 0
-11 26 -31 0
48 -50 31 0
-29 8 -28 0
30 25 47 0
-29 41 1 0
-8 8 43 0
3 -38 1 0
11 -12 -6 0
-13 -23 -25 0
5 -44 -2 0
-22 -5 -46 0
9 -5 -36 0
37 -50 34 0
18 15 -45 0
-22 42 48 0
-49 3 23 0
29 -44 -3 0
40 32 5 0
-36 -50 41 0
-24 11 -34 0
38 3 -49 0
16 25 19 0
-3 6 -22 0
-3 48 33 0
-2 29 45 0
39 16 -2 0
-11 -8 -1 0
19 -24 11 0
8 -26 -2 0
15 -28 -44 0
-41 -34 50 0
-45 -14 4 0
-1 -31 11 0
-21 -7 -37 0
-43 -12 14 0
30 49 -34 0
7 47 -7 0
32 -22 -30 0
-38 47 45 0
20 -13 45 0
-26 44 13 0
-29 22 3 0
-19 -31 -25 0
-49 -15 47 0
47 -22 6 0
24 22 1 0
-48 -2 -7 0
-44 -37 -50 0
-34 26 17 0
45 -24 29 0
-38 34 -1 0
42 -32 20 0
-42 17 -22 0
-5 -37 50 0
48 -14 18 0
-50 -23 10 0
-32 32 23 0
7 47 1 0
35 3 -17 0
-36 -37 32 0
23 -25 31 0
8 18 38 0
-22 44 -40 0
35 -15 1 0
-17 31 1 0
-40 -26 -47 0
20 32 -21 0
16 21 37 0
45 12 -30 0
-47 -27 -23 0
-39 31 22 0
48 -37 -30 0
41 -43 -50 0
-20 47 8 0
32 -23 22 0
22 7 -23 0
-3 9 -5 0
26 -48 -45 0
49 35 29 0
23 34 31 0
-21 -21 -15 0
-37 14 -33 0
-37 -2 -8 0
-31 46 -36 0
-1 -48 48 0
-7 18 -18 0
-5 -48 -32 0
-35 46 18 0
-29 -18 -13 0
-19 47 -41 0
-24 34 -15 0
45 7 38 0
-29 -4 29 0
43 -44 3 0
-22 26 -31 0
10 -15 -9 0
49 10 16 0
-31 27 -27 0
-30 2 13 0
50 -12 -39 0
9 -13 -3 0
-30 37 49 0
-48 -17 23 0
37 -11 15 0
-13 -50 -8 0
30 1 -29 0
-32 26 -43 0
-39 -40 -24 0
26 15 -17 0
-27 -39 10 0
-5 -9 -28 0
-28 -9 -6 0
-12 30 -50 0
-13 -30 28 0
13 31 11 0
49 40 32 0
-7 8 11 0
-12 -7 12 0
-40 -31 50 0
24 31 -5 0
32 50 48 0
1 -40 -16 0
-12 -35 -30 0
-42 -17 -34 0
27 -34 -17 0
-10 -38 48 0
-39 18 -45 0
43 -20 27 0
43 -21 12 0
-23 -19 18 0
-30 -24 -27 0
-22 -24 48 0
13 -16 -28 0
32 21 41 0
-49 41 -50 0
5 -26 39 0
-17 -39 -3 0
27 -47 -40 0
-19 24 -43 0
-37 -8 40 0
37 7 27 0
-25 12 -38 0
50 -12 46 0
8 3 46 0
37 -13 44 0
-3 41 7 0
-40 24 -38 0
24 -20 -21 0
-10 -3 -44 0
22 8 11 0
-31 40 -36 0
-3 -32 -49 0
-8 50 -45 0
15 49 10 0
9 -47 -5 0
-48 -19 -41 0
46 -33 -3 0
24 -13 -1 0
-44 -40 6 0
34 -44 -27 0
28 -31 15 0
-4 26 4 0
-5 -31 42 0
-36 -48 26 0
24 -25 35 0
-40 35 -47 0
-34 -7 29 0
-45 -17 24 0
-33 13 18 0
27 -49 46 0
5 -22 -31 0
5 -14 22 0
30 -31 -15 0
-24 -4 17 0
23 -23 -17 0
-13 13 -16 0
-47 -8 -49 0
-15 -43 13 0
-50 -37 1 0
-2 -32 -8 0
-21 -31 19 0
12 21 1 0
-49 32 44 0
30 -20 21 0
-43 9 -1 0
-4 18 28 0
3 11 5 0
23 13 35 0
-24 27 -33 0
6 -23 -46 0
26 -1 17 0
-9 14 37 0
22 33 -22 0
14 50 42 0
-50 50 -6 0
12 45 -21 0
-2 1 20 0
-20 -15 30 0
-48 5 32 0
-17 42 46 0
