c CNF generator v0.9
p cnf 50 300
-23 -47 -38 0
44 41 21 0
-44 21 -31 0
-43 33 11 0
-45 4 -31 0
8 -38 -19 0
-50 29 -10 0
23 3 -27 0
47 22 26 0
-28 -4 -26 0
-2 -31 39 0
-11 20 33 0
-3 -12 -20 0
-19 1 31 0
-49 41 -14 0
38 -47 38 0
-23 20 -34 0
1 -27 -5 0
36 32 -18 0
15 47 34 0
-1 -45 3 0
21 -48 38 0
9 -43 35 0
-41 -21 32 0
-1 -21 -29 0
-42 -29 16 0
-2 2 33 0
50 6 11 0
-41 37 41 0
-7 43 -29 0
2 36 -4 0
-44 28 3 0
35 -11 23 0
41 23 44 0
-6 24 27 0
-23 30 -18 0
22 -31 -6 0
-18 30 16 0
-44 44 15 0
-33 -11 28 0
38 -18 9 0
27 31 50 0
-27 44 12 0
29 39 -6 0
-38 -18 39 0
7 3 49 0
-33 37 23 0
21 -5 -9 0
-38 20 5 0
14 -27 16 0
36 46 -4 0
-47 -22 -5 0
-8 21 -46 0
-50 -47 42 0
-41 -12 45 0
45 38 22 0
8 4 -44 0
-47 -17 -17 0
-32 -7 -23 0
-30 49 -33 0
-42 -4 50 0
-7 16 -31 0
-25 -44 -32 0
-4 -4 -38 0
36 49 5 0
37 -46 -41 0
-6 -22 -50 0
-26 32 -48 0
38 5 1 0
28 23 44 0
-14 -48 -3 0
9 -36 -19 0
44 46 43 0
-31 20 2 0
13 3 -45 0
-3 26 -18 0
-7 -48 -7 0
-25 -17 17 0
-14 -37 -12 0
19 28 40 0
-47 6 9 0
-21 22 -29 0
40 -44 16 0
46 -2 -12 0
4 19 46 0
-2 19 6 0
-27 -31 -29 0
-46 35 -29 0
30 10 47 0
6 9 22 0
48 -21 35 0
40 12 50 0
-46 34 -14 0
-22 27 -2 0
-29 -45 -6 0
50 -19 9 0
36 -17 6 0
30 2 38 0
-2 -41 11 0
11 2 15 0
-25 -6 21 0
-44 -31 35 0
1 -25 34 0
-43 -47 -6 0
-9 -46 20 0
-32 3 -48 0
-42 -24 -1 0
31 19 37 0
-44 -28 38 0
7 -16 -4 0
45 16 9 0
21 -25 -13 0
18 11 20 0
24 33 -10 0
24 -4 28 0
-28 34 -50 0
19 -39 27 0
45 24 9 0
-12 -19 -40 0
-26 8 -25 0
33 -13 -9 0
-46 -1 48 0
20 30 12 0
24 29 -42 0
-43 -46 1 0
44 30 -40 0
-28 -43 -36 0
-13 6 -4 0
29 -38 18 0
-48 -46 -19 0
-20 5 -30 0
28 8 -21 0
-11 32 32 0
44 -25 -17 0
-3 -7 10 0
23 -23 33 0
-5 -1 -11 0
37 -48 19 0
-20 -15 22 0
-32 -24 -4 0
13 29 -38 0
-40 -36 -6 0
49 19 16 0
-5 -40 47 0
35 -32 -50 0
-41 16 19 0
-35 -1 10 0
41 -25 -8 0
46 29 -9 0
37 15 -12 0
32 -9 -8 0
-22 6 -2 0
11 1 2 0
-41 8 34 0
-26 -10 26 0
-1 44 5 0
3 6 -21 0
-40 9 -30 0
23 -22 46 0
3 29 46 0
21 45 -10 0
-5 -14 -40 0
30 -43 47 0
5 47 11 0
-39 8 -46 0
-40 31 -36 0
-14 -19 -29 0
8 30 -10 0
-24 33 12 0
28 6 -34 0
-18 -22 4 0
-31 -23 -19 0
29 31 39 0
-6 22 9 0
-20 31 23 0
-31 -7 -36 0
36 -28 -48 0
3 31 20 0
-9 -21 -44 0
50 -9 -14 0
30 36 -34 0
-48 2 35 0
-7 49 -41 0
-12 34 3 0
23 -43 -29 0
33 12 -22 0
1 40 15 0
-21 12 -3 0
39 44 -43 0
-48 9 9 0
17 -37 50 0
-13 -44 -18 0
43 -40 -40 0
-28 -2 -13 0
21 -6 -22 0
-37 -27 29 0
25 34 -14 0
-4 11 41 0
22 15 -25 0
-26 14 45 0
37 30 3 0
-1 -11 -25 0
-43 -12 -48 0
50 -22 -16 0
-24 28 -41 0
-43 -27 -29 0
-6 32 46 0
32 38 26 0
22 43 50 0
46 42 -22 0
10 34 34 0
-39 -43 7 0
29 26 16 0
34 31 33 0
28 -43 -30 0
30 39 20 0
-27 -46 44 0
14 37 -36 0
-3 26 26 0
-6 17 -40 0
38 -15 -21 0
46 -1 -13 0
-35 10 47 0
13 -33 -11 0
-14 -26 14 0
37 -26 35 0
41 -43 26 0
-40 20 -37 0
-47 20 14 0
-21 45 -14 0
-7 35 35 0
35 -21 -35 0
-8 -6 6 0
45 21 -32 0
-35 -45 1 0
-23 -46 -28 0
-32 11 -21 0
-5 18 45 0
38 -4 10 0
34 1 27 0
-33 -29 -12 0
-4 9 -28 0
26 -35 43 0
32 14 5 0
-4 9 -48 0
-50 -30 -2 0
-31 -7 -16 0
-12 46 -43 0
25 41 -21 0
-22 -24 -32 0
42 -46 -23 0
-29 -9 39 0
42 -38 -19 0
12 -46 19 0
-21 48 -3 0
-22 5 -28 0
-18 28 17 0
4 14 44 0
-12 48 -15 0
28 -10 -49 0
27 -12 -30 0
-7 31 29 0
16 20 31 0
43 18 38 0
39 -49 -19 0
-46 35 12 0
-26 -25 -29 0
11 -4 -25 0
-33 -2 -29 0
44 13 -15 0
-24 -3 -5 0
-21 29 -20 0
37 -36 -19 0
-15 14 30 0
-33 26 35 0
1 38 9 0
-14 -33 18 0
30 4 -39 0
-16 4 -36 0
-40 -19 -26 0
-35 -34 39 0
50 -28 15 0
-7 45 -18 0
-30 -40 36 0
-7 -43 -15 0
-16 -38 -18 0
-39 26 -30 0
37 -40 -13 0
1 -50 -35 0
8 -39 -38 0
31 -10 37 0
-37 29 -33 0
1 4 -18 0
-14 -38 -17 0
35 -4 3 0
35 -26 40 0
-42 -14 47 0
8 13 43 0
11 3 -46 0
-48 -3 21 0
