c CNF generator v0.9
p cnf 50 300
27 33 42 0
-4 -14 -6 0
-47 6 1 0
-45 38 10 0
1 -6 -22 0
-46 -13 38 0
-24 -8 49 0
-34 -41 -38 0
13 -36 22 0
8 37 -30 0
-36 -47 39 0
24 12 6 0
31 17 11 0
-19 1 39 0
36 31 -18 0
-14 -34 -41 0
-45 2 -22 0
18 -33 -12 0
9 27 34 0
-43 23 -3 0
24 47 24 0
13 18 -46 0
24 -33 30 0
42 -39 -12 0
-14 -23 -22 0
8 -16 11 0
14 -6 -6 0
-20 16 1 0
11 16 44 0
29 25 -4 0
49 42 -24 0
21 -49 16 0
-24 49 35 0
34 18 10 0
-34 -36 -6 0
29 -8 -28 0
31 31 -39 0
9 21 -5 0
10 7 49 0
39 -41 -45 0
28 33 38 0
-48 -2 -28 0
-3 7 -13 0
-38 -7 26 0
9 37 -50 0
-6 -30 -32 0
-10 -23 -23 0
-35 -32 25 0
28 23 -47 0
-4 -7 35 0
-34 35 30 0
-29 24 -18 0
-45 43 27 0
50 -1 49 0
-36 34 -37 0
-17 25 27 0
6 -46 -16 0
-11 33 25 0
25 -40 -33 0
-23 -48 32 0
-5 22 43 0
-8 -5 -16 0
-2 -49 1 0
-4 -13 4 0
-8 24 32 0
39 -50 -12 0
-44 -35 -10 0
45 -25 -7 0
-35 -21 -6 0
38 -31 -13 0
32 16 33 0
-14 41 22 0
3 26 -16 0
-33 22 -46 0
23 38 49 0
-1 -3 15 0
-6 -4 -45 0
-16 20 16 0
-35 43 35 0
40 39 19 0
16 18 -21 0
-42 38 -7 0
24 -1 9 0
8 -22 9 0
-22 -31 16 0
-37 38 31 0
14 45 -42 0
-20 -20 11 0
-30 5 3 0
3 -36 50 0
-11 -15 50 0
-36 -3 42 0
50 -34 4 0
-8 9 28 0
37 -23 45 0
16 -34 -5 0
31 30 5 0
24 -28 16 0
35 16 29 0
12 19 -17 0
11 -22 -13 0
35 -43 15 0
2 -46 17 0
15 50 -39 0
-27 16 -29 0
16 6 -12 0
-9 19 35 0
-26 -18 -4 0
-32 -14 -6 0
-15 -33 -45 0
32 -33 48 0
11 -7 1 0
-36 -41 12 0
-41 -39 -4 0
-12 -16 -11 0
42 40 -4 0
-27 12 31 0
26 -24 -38 0
-38 -30 -43 0
-16 -6 -38 0
-42 -46 1 0
-18 47 40 0
49 32 -7 0
-38 -1 -3 0
-29 -8 31 0
17 -1 -29 0
-6 43 -4 0
36 -16 -24 0
-42 -39 3 0
3 45 21 0
-49 -45 47 0
-21 45 -14 0
-40 37 -22 0
-30 -46 23 0
-14 -28 25 0
-49 44 31 0
-36 49 -5 0
-35 -22 -34 0
-6 -20 27 0
27 -9 38 0
42 -7 34 0
-37 8 37 0
-22 15 12 0
10 -26 -13 0
20 -34 4 0
-32 27 23 0
-12 -16 46 0
28 38 8 0
43 -2 20 0
-49 39 -46 0
6 12 40 0
28 -47 -24 0
47 31 4 0
-46 -46 -15 0
45 -15 25 0
-25 4 -21 0
-32 -28 -3 0
40 -37 -10 0
-23 11 43 0
-6 11 -3 0
-21 -38 28 0
37 43 -14 0
35 -14 -37 0
32 -23 -15 0
-20 34 17 0
42 -35 -1 0
50 -10 48 0
-46 -5 2 0
7 -31 40 0
-12 32 -36 0
7 -18 -43 0
-40 -46 36 0
-26 -49 41 0
-46 23 44 0
-37 -18 -28 0
32 15 5 0
16 -40 -11 0
-7 -3 -12 0
-12 -50 9 0
12 -46 19 0
16 47 37 0
39 -37 11 0
44 -46 -46 0
-50 -28 20 0
49 42 36 0
19 -49 -11 0
45 -44 -6 0
-10 -37 23 0
29 44 34 0
-26 -33 7 0
-5 -50 -36 0
-31 -4 -26 0
-26 -7 -42 0
13 30 9 0
10 34 42 0
30 -39 -19 0
-41 37 -7 0
-41 15 -15 0
31 26 -10 0
10 48 22 0
3 24 -17 0
-38 6 48 0
-21 -41 22 0
-24 -37 -22 0
40 -5 48 0
-4 -13 15 0
-22 -20 -46 0
-23 -13 -8 0
-10 35 -1 0
-20 24 -29 0
-28 -30 32 0
-4 -34 13 0
-30 -15 17 0
43 35 -7 0
-17 20 9 0
18 -1 28 0
14 35 -47 0
24 44 -27 0
25 45 -49 0
45 -21 31 0
-24 1 -34 0
36 -40 45 0
12 -39 -21 0
8 10 -28 0
-47 12 -10 0
-14 -35 14 0
-4 -21 31 0
-10 9 -5 0
48 -9 46 0
39 48 33 0
1 11 11 0
48 3 -43 0
-37 27 39 0
31 25 -29 0
-23 18 48 0
47 -32 -23 0
-6 39 -28 0
5 50 50 0
38 -3 20 0
13 -38 38 0
30 39 -33 0
45 24 -6 0
-20 36 21 0
10 -30 -43 0
30 -42 31 0
-19 31 50 0
-18 3 -11 0
-33 4 -26 0
-27 -27 32 0
7 -44 -41 0
32 2 19 0
10 -24 -25 0
-7 49 -45 0
38 28 -18 0
18 -33 -16 0
-6 5 -29 0
-46 -10 26 0
25 -32 -35 0
-48 -17 35 0
2 -17 -27 0
30 -10 20 0
-30 -21 -2 0
14 -47 -11 0
10 -40 -35 0
3 -30 28 0
15 27 31 0
49 37 -39 0
-23 -14 17 0
-41 25 6 0
-32 48 -33 0
22 -7 -40 0
2 -4 -36 0
34 -11 3 0
-1 -40 -17 0
-23 26 34 0
-30 48 45 0
-12 -45 48 0
-37 -19 -31 0
-6 -24 -12 0
-19 -13 45 0
30 20 1 0
-14 37 1 0
42 -20 -5 0
5 -31 42 0
-27 -48 31 0
-13 -47 -21 0
17 -15 3 0
24 -33 -13 0
-16 6 -44 0
24 47 -25 0
3 -6 31 0
-37 42 -32 0
-23 -14 38 0
-46 24 -32 0
27 2 4 0
42 -47 -21 0
-4 1 32 0
-46 -42 -36 0
-14 -30 36 0
20 33 11 0
