c CNF generator v0.9
p cnf 50 300
40 41 32 0
-21 7 6 0
-5 -40 -7 0
-22 -7 -7 0
42 -14 27 0
26 48 37 0
42 -14 -43 0
34 -46 -5 0
-5 -38 43 0
-2 34 -34 0
21 -26 43 0
7 13 -47 0
28 19 3 0
-11 35 -6 0
-14 36 43 0
-28 32 -15 0
46 -18 -26 0
-14 22 34 0
49 44 -50 0
40 2 -39 0
-30 -44 -4 0
13 -15 -31 0
-33 -30 44 0
-2 24 18 0
-45 -47 -20 0
8 -12 14 0
9 -10 22 0
39 -26 -47 0
-29 -8 -36 0
27 -36 39 0
-9 -20 35 0
47 -3 14 0
-18 15 36 0
14 -24 -11 0
-7 3 -15 0
-41 47 3 0
-35 -33 -8 0
27 40 18 0
31 31 -31 0
-36 -31 -17 0
-22 -41 4 0
-19 33 11 0
6 -10 -16 0
-21 -10 40 0
50 -28 -8 0
-11 -12 -48 0
-15 -24 -16 0
-33 -27 -23 0
40 -25 -48 0
-45 -12 -22 0
-3 -6 38 0
-34 -3 -12 0
47 32 -27 0
15 -19 -21 0
10 44 16 0
-31 -36 -18 0
-27 2 -6 0
32 18 -50 0
-6 -20 -32 0
26 37 -30 0
11 12 -43 0
-7 -3 -22 0
-22 -17 -37 0
-22 -47 -16 0
43 11 -14 0
35 25 24 0
-9 -44 36 0
25 -44 31 0
33 9 26 0
-38 9 -14 0
28 -20 -38 0
-35 -32 25 0
22 16 -18 0
-32 25 34 0
-21 2 -17 0
36 26 -3 0
-10 -16 10 0
-9 21 -4 0
-36 32 45 0
40 -35 33 0
21 -31 -19 0
18 -48 35 0
4 11 -21 0
-6 21 -10 0
-19 -26 3 0
-10 18 24 0
18 -26 23 0
31 19 21 0
-9 31 -20 0
18 19 15 0
23 7 -10 0
21 33 -47 0
-38 -44 -29 0
-7 44 28 0
-5 14 5 0
-4 39 50 0
17 -47 42 0
8 -28 -23 0
2 9 -4 0
20 34 13 0
-49 -34 -9 0
29 -15 31 0
35 2 -33 0
47 -19 -42 0
43 48 -6 0
-21 46 -15 0
4 18 -32 0
-22 -11 -3 0
-41 5 9 0
33 6 50 0
43 -41 13 0
-38 -3 -7 0
-24 -35 15 0
-20 6 -13 0
-16 -49 46 0
-7 -4 13 0
6 -17 -20 0
-38 42 -47 0
30 36 -27 0
-31 -38 41 0
34 19 -33 0
-19 -1 19 0
19 -47 3 0
-15 31 -23 0
9 -48 34 0
15 38 41 0
-28 35 26 0
50 23 18 0
-25 -36 41 0
-39 7 -5 0
16 -5 -48 0
13 -6 29 0
-1 -5 5 0
-44 36 -1 0
12 -50 -4 0
50 20 41 0
47 44 47 0
-21 8 -14 0
-9 -48 42 0
-15 3 12 0
-16 -45 31 0
-10 4 -33 0
-2 43 -38 0
2 33 -12 0
15 -33 -26 0
26 13 23 0
12 20 47 0
7 -8 37 0
-30 37 -21 0
-47 -45 46 0
45 31 5 0
11 -37 2 0
8 36 21 0
26 -42 2 0
-8 -5 7 0
-35 -17 -19 0
-31 -26 2 0
-8 -20 -18 0
-21 -16 -4 0
-16 11 -21 0
50 -40 21 0
27 -14 -40 0
-21 11 44 0
-42 -22 -24 0
13 -48 -32 0
-23 32 34 0
43 -40 -9 0
-6 35 -39 0
-36 19 39 0
-28 6 -9 0
23 -46 -7 0
-5 -45 -20 0
48 6 -15 0
-22 -41 45 0
13 47 16 0
-16 29 -10 0
38 -14 34 0
-26 -31 13 0
-13 -14 -48 0
28 36 1 0
-19 -6 18 0
-3 -4 45 0
-18 28 23 0
-27 9 25 0
41 -47 32 0
-41 -15 -7 0
48 -21 10 0
25 11 2 0
25 19 -26 0
43 27 27 0
13 12 -37 0
-44 -26 18 0
-14 17 -36 0
-26 28 -50 0
-27 6 -34 0
45 12 -32 0
-48 47 -3 0
-12 -26 44 0
-12 -50 18 0
3 18 12 0
44 7 46 0
23 -28 5 0
5 -49 13 0
15 -43 -21 0
31 -35 7 0
-27 49 -44 0
23 -31 35 0
-23 -2 25 0
32 -17 45 0
-41 -10 -45 0
4 45 39 0
32 -18 7 0
12 50 -19 0
24 17 7 0
-22 4 -32 0
10 22 -36 0
-24 6 33 0
46 20 -42 0
-23 1 -35 0
40 -31 -38 0
23 35 -46 0
46 -13 -10 0
42 -11 -10 0
-50 -16 -24 0
-14 -27 -5 0
-32 -33 -33 0
20 -32 7 0
1 -16 23 0
-22 -37 -50 0
-42 -34 -34 0
38 -40 -41 0
50 12 48 0
-28 -22 -23 0
46 -36 36 0
-34 37 -31 0
-5 5 -2 0
16 29 19 0
39 14 -34 0
-28 26 -37 0
18 36 -2 0
7 -47 -46 0
18 -26 -26 0
-20 9 18 0
-31 -47 -35 0
24 14 8 0
11 -38 24 0
-3 38 46 0
12 -33 -49 0
-1 45 -6 0
4 11 43 0
15 17 -9 0
-2 -1 33 0
47 16 -18 0
-1 -28 -35 0
22 25 47 0
-38 39 43 0
45 -22 34 0
-7 11 -10 0
-35 -31 -39 0
44 -14 -43 0
31 42 -28 0
29 31 -26 0
17 43 10 0
-41 -3 -33 0
-40 -42 44 0
-6 12 -42 0
-32 1 -29 0
-39 -20 43 0
-17 -7 -5 0
34 24 -23 0
6 -11 -19 0
-21 25 35 0
29 20 49 0
4 -19 -16 0
37 -1 32 0
50 15 -4 0
-21 48 5 0
-41 -46 26 0
-27 -44 38 0
-41 -27 -30 0
24 50 -15 0
41 41 -6 0
7 37 -2 0
22 -13 47 0
-29 27 34 0
47 -43 -4 0
-27 26 -26 0
23 31 1 0
2 25 15 0
-13 43 -27 0
-6 41 -1 0
34 -29 -37 0
27 -18 -9 0
-21 -3 40 0
45 -50 -26 0
36 39 37 0
-47 49 -7 0
16 7 47 0
-22 -47 -23 0
-10 26 -36 0
