c CNF generator v0.9
p cnf 50 300
-24 32 15 0
20 41 -50 0
-14 -31 42 0
43 -35 13 0
-25 40 -49 0
42 -33 19 0
-10 29 29 0
-7 -15 -34 0
-21 -28 11 0
-31 20 -26 0
45 -18 -14 0
4 41 19 0
41 28 4 0
31 -41 5 0
19 -18 -37 0
-15 -29 -8 0
27 32 -31 0
21 -20 -10 0
18 -22 43 0
-1 18 -25 0
49 -35 -33 0
25 9 -10 0
4 15 48 0
-12 -35 -30 0
38 34 20 0
34 -12 11 0
-28 -38 -21 0
43 -46 30 0
5 -47 -25 0
-36 35 -49 0
-42 38 38 0
-31 -40 -33 0
-48 -38 40 0
-26 -2 -12 0
-10 -30 -36 0
-35 24 27 0
50 21 -37 0
-8 -50 30 0
41 44 15 0
38 50 40 0
49 18 16 0
-20 -41 -46 0
34 21 -37 0
30 -17 -46 0
39 -12 -31 0
32 10 30 0
39 18 35 0
-12 -49 -34 0
11 7 48 0
-10 -33 -7 0
18 12 -18 0
-48 10 49 0
-35 17 41 0
-37 -44 -26 0
-20 -38 -7 0
-11 -19 -38 0
10 43 37 0
-23 -14 18 0
-25 48 -34 0
-29 34 -42 0
-26 5 22 0
40 -15 50 0
-34 40 30 0
-34 -17 -19 0
-46 -21 35 0
-6 6 -11 0
26 49 6 0
30 -2 36 0
3 -40 -29 0
24 16 1 0
9 34 15 0
34 -9 26 0
-45 10 -37 0
-5 -22 -49 0
31 -18 -43 0
44 30 8 0
18 -6 31 0
-21 16 29 0
42 -33 12 0
-7 -46 -11 0
-14 -18 -31 0
-46 44 46 0
-22 5 47 0
-39 29 -4 0
-39 45 -7 0
8 45 32 0
-6 50 16 0
19 26 50 0
25 -28 16 0
40 27 11 0
2 41 -9 0
46 -45 -36 0
-20 -46 1 0
25 -3 47 0
-14 -16 49 0
16 35 -43 0
38 -49 46 0
-29 -20 -24 0
-41 -50 -46 0
-44 -17 -1 0
44 -43 -22 0
6 16 -32 0
17 31 44 0
-2 3 46 0
-14 -24 -22 0
21 45 -24 0
-42 -20 -21 0
18 50 -41 0
-46 -13 -6 0
9 -45 -49 0
-18 23 42 0
-44 46 -11 0
31 20 37 0
-23 42 46 0
-29 -37 27 0
28 -33 5 0
-15 47 -14 0
20 32 -20 0
4 -18 27 0
44 -41 4 0
46 -33 5 0
-27 34 25 0
-40 39 17 0
-28 37 -20 0
-21 -42 -21 0
-6 48 -7 0
30 2 -19 0
-7 7 -15 0
11 9 40 0
-48 -25 -23 0
-7 15 -24 0
-9 19 6 0
14 -38 24 0
-40 18 37 0
17 -23 -18 0
-11 4 -25 0
44 50 35 0
-30 28 -49 0
41 4 6 0
-22 35 -37 0
46 35 -6 0
24 31 47 0
-26 16 43 0
19 48 -6 0
21 5 -32 0
38 32 39 0
-19 18 -20 0
37 6 8 0
-14 -37 31 0
6 9 36 0
42 6 24 0
4 18 7 0
-19 7 -41 0
-50 -12 -42 0
-19 -35 50 0
-20 -4 -39 0
-46 -12 -41 0
31 -3 20 0
40 16 27 0
-19 5 31 0
-37 37 -11 0
-29 -2 -34 0
25 -9 43 0
33 4 44 0
47 31 -33 0
-40 7 -41 0
29 -6 -40 0
4 -25 45 0
-43 37 -41 0
-44 5 41 0
17 41 -38 0
-15 4 -11 0
-40 14 20 0
-46 3 37 0
-1 -1 -12 0
-38 -34 -40 0
28 29 -6 0
-3 -39 -41 0
-11 -46 -28 0
-29 45 17 0
37 36 40 0
-40 -5 47 0
-32 32 -36 0
16 -3 -20 0
22 50 -2 0
-49 34 -36 0
19 25 -7 0
-12 -27 47 0
40 -8 34 0
40 46 -24 0
30 23 27 0
16 -43 -16 0
-2 -17 47 0
-21 -47 38 0
-22 49 23 0
-30 11 47 0
-23 17 22 0
-45 27 -39 0
-37 -18 47 0
37 -17 40 0
-35 28 -5 0
-14 43 29 0
18 10 -7 0
43 -11 19 0
33 -22 39 0
-37 -19 49 0
-25 30 29 0
9 47 37 0
8 -23 41 0
-40 17 -3 0
50 -46 -27 0
37 -34 8 0
17 42 34 0
-22 -10 -50 0
-4 17 -12 0
20 50 -1 0
-20 -18 10 0
-21 41 -1 0
-24 -37 -16 0
-16 32 -22 0
-21 -18 46 0
-24 3 7 0
-23 15 49 0
4 -38 16 0
-31 -26 19 0
-7 -26 41 0
-22 1 -2 0
-3 -42 10 0
-5 -41 -23 0
-45 -30 -32 0
-36 -16 12 0
10 -18 46 0
29 -23 -4 0
-18 -44 -18 0
22 -46 -43 0
29 -4 -41 0
17 -35 37 0
-2 39 18 0
-3 43 -15 0
27 19 -2 0
-26 -41 -15 0
32 19 49 0
-49 4 -31 0
-17 -47 15 0
-40 23 -12 0
34 10 -11 0
-21 5 17 0
28 -16 -20 0
35 -27 -42 0
-24 45 -29 0
50 -26 26 0
23 -23 -14 0
-36 39 31 0
19 -48 -2 0
27 -31 15 0
38 -12 -27 0
-2 -4 -18 0
5 11 -17 0
17 -16 45 0
2 1 27 0
-17 -13 50 0
23 -2 39 0
48 44 -32 0
25 29 -29 0
-50 -4 -2 0
36 -48 -27 0
-8 -39 39 0
-15 15 19 0
39 35 -50 0
-21 -29 -10 0
-8 -31 10 0
38 -23 -47 0
-4 45 41 0
-30 -32 11 0
-48 -32 -47 0
43 12 29 0
43 13 43 0
48 37 -42 0
45 -50 -37 0
-33 -49 38 0
39 -35 -14 0
42 50 -46 0
20 34 31 0
-5 -20 43 0
-40 43 -45 0
41 43 25 0
-28 35 20 0
-18 41 7 0
39 -37 -20 0
2 -18 46 0
8 -5 -9 0
41 17 -12 0
-49 41 17 0
33 39 23 0
-45 -24 -43 0
-47 -43 4 0
-18 -4 -30 0
-7 -12 2 0
-10 4 -12 0
-50 49 27 0
