c CNF generator v0.9
p cnf 50 300
11 6 -33 0
48 -7 -49 0
37 25 39 0
-44 19 28 0
4 -28 -46 0
-34 -15 -47 0
-30 24 -48 0
15 -20 -33 0
-15 -13 23 0
-9 -29 -6 0
-23 49 -33 0
33 37 -44 0
44 26 40 0
19 -8 37 0
9 17 -28 0
-38 -48 -36 0
-10 -47 47 0
-20 13 -31 0
35 13 -19 0
-19 -33 -10 0
-13 -25 -34 0
-48 40 20 0
-43 -50 42 0
38 11 -48 0
-8 -42 -41 0
46 -5 24 0
41 8 1 0
-20 -43 36 0
4 -23 5 0
-2 -36 -48 0
-47 12 -42 0
-18 -45 30 0
-6 38 9 0
4 6 3 0
-20 -36 -36 0
-11 33 21 0
20 19 -48 0
27 2 -24 0
-50 -33 -18 0
16 11 16 0
34 34 -13 0
41 34 10 0
2 -31 -32 0
-33 44 23 0
-48 -50 1 0
15 12 -39 0
-15 -5 -15 0
-27 -13 -1 0
-24 50 3 0
-27 -40 26 0
32 -33 -1 0
-1 -41 20 0
24 1 -17 0
21 26 36 0
-6 -21 14 0
45 16 30 0
-24 -46 -27 0
-12 21 14 0
35 -10 -49 0
-50 34 48 0
-36 -31 -11 0
-22 31 -13 0
4 10 10 0
-27 -47 50 0
-46 42 13 0
-28 25 28 0
43 5 9 0
28 -36 14 0
-50 -26 49 0
41 31 -18 0
-1 16 49 0
-17 -7 -29 0
-14 -32 17 0
-16 46 30 0
-32 27 -48 0
-39 7 21 0
37 -10 23 0
-2 -10 26 0
-6 -44 -3 0
-23 -32 -38 0
6 -29 -45 0
-47 -6 -31 0
49 -8 17 0
27 -6 7 0
9 -42 13 0
2 2 -12 0
-49 33 -46 0
33 -24 -31 0
-49 -42 39 0
-27 -38 -4 0
15 -27 -8 0
-35 50 -44 0
50 -10 -49 0
3 -36 24 0
-11 1 25 0
26 42 -15 0
-15 46 5 0
-6 26 49 0
-10 34 -50 0
34 23 -23 0
7 25 -8 0
-33 -10 50 0
34 -17 4 0
-46 -33 18 0
49 29 -33 0
-16 50 41 0
24 -1 31 0
1 15 22 0
14 -6 -29 0
49 37 -22 0
43 -28 -40 0
-6 -44 -26 0
8 -7 -23 0
-22 48 37 0
34 28 3 0
-4 8 12 0
34 -11 4 0
22 -20 -3 0
-4 -27 20 0
46 14 -43 0
-39 36 7 0
-30 -13 8 0
23 28 38 0
15 -17 43 0
1 -46 -42 0
-7 -30 28 0
-38 -24 19 0
-7 31 32 0
48 33 23 0
40 36 16 0
-31 42 -3 0
-7 33 -46 0
9 -25 -30 0
21 47 -10 0
43 47 -10 0
11 29 -37 0
-30 25 33 0
46 -26 50 0
21 -2 13 0
-45 50 14 0
21 -40 -22 0
38 25 -45 0
-48 5 4 0
37 -11 -31 0
21 20 49 0
-10 -25 -30 0
-19 -43 37 0
-21 -17 23 0
34 -8 -45 0
45 -16 -31 0
35 -49 30 0
14 -22 -44 0
-3 50 -2 0
-47 -8 -24 0
-12 -19 -32 0
-35 23 38 0
5 -5 36 0
-31 40 -36 0
-45 48 -36 0
-25 24 29 0
28 -14 -30 0
-43 41 47 0
18 -18 -26 0
-13 -43 -50 0
26 40 -25 0
-23 -4 -18 0
20 12 27 0
-45 -7 5 0
-25 18 37 0
-3 2 -6 0
29 -17 -48 0
-36 -30 -29 0
44 -25 -6 0
16 2 -50 0
-45 -41 24 0
-10 14 -43 0
19 40 -2 0
-44 -48 32 0
-30 25 18 0
-12 -21 -28 0
1 -7 13 0
-4 36 35 0
6 -37 -35 0
40 -16 20 0
35 41 -26 0
44 -9 -28 0
-24 3 -17 0
9 -39 44 0
49 -10 -47 0
45 -49 17 0
34 17 -43 0
48 -35 -44 0
41 -43 18 0
25 -9 18 0
-42 21 20 0
24 40 31 0
-28 -23 37 0
-48 -29 43 0
-31 -46 -36 0
19 -45 2 0
26 -33 -48 0
-34 -24 -33 0
-5 -49 15 0
-46 -48 -5 0
5 -29 47 0
-27 -43 17 0
-18 -30 -22 0
29 -11 -48 0
40 -13 -30 0
-10 36 -5 0
-4 -30 -24 0
-33 45 21 0
47 35 -47 0
-47 -22 -17 0
13 3 -23 0
38 24 -12 0
-3 -39 -43 0
-14 -47 41 0
-47 7 11 0
45 -29 -13 0
34 -35 18 0
-17 -21 2 0
11 45 -38 0
-38 12 -8 0
-13 -28 35 0
10 9 -35 0
11 13 -47 0
-44 -6 -25 0
-47 2 19 0
6 -8 -39 0
16 -23 -46 0
-35 19 48 0
-35 -20 -48 0
-32 -43 4 0
14 -27 -22 0
-27 26 -7 0
-44 22 -32 0
38 46 34 0
-21 37 16 0
29 10 23 0
4 1 45 0
-38 23 -20 0
23 -38 -17 0
-31 -33 -28 0
-18 -30 -31 0
12 -11 -20 0
34 7 -42 0
12 -50 -1 0
-18 8 41 0
-15 34 -27 0
-13 -6 -32 0
23 -7 -9 0
-16 10 37 0
6 13 4 0
5 26 5 0
-48 -47 7 0
37 -20 6 0
-46 -19 37 0
13 44 37 0
-48 -50 -43 0
-4 48 39 0
25 -6 4 0
-23 -12 -30 0
48 -15 15 0
45 -19 -9 0
36 -47 -8 0
40 -8 -33 0
5 -46 -49 0
-29 29 45 0
-7 15 -6 0
17 13 -20 0
25 -10 8 0
-11 -48 46 0
1 -28 25 0
-1 -34 37 0
6 47 40 0
30 -46 1 0
45 41 -45 0
24 -4 -41 0
-50 18 24 0
42 48 -48 0
-25 -22 -49 0
-26 -25 -38 0
-9 25 -4 0
-20 -24 -14 0
-11 23 13 0
-4 2 31 0
50 -33 -33 0
-23 35 -42 0
45 5 -46 0
9 -6 47 0
28 -21 -7 0
43 36 -31 0
-47 48 22 0
39 -49 25 0
-33 48 43 0
2 -15 -20 0
-30 -36 -42 0
15 28 -9 0
41 -22 1 0
