c CNF generator v0.9
p cnf 50 300
15 -18 -24 0
-42 -50 21 0
-42 15 42 0
-24 18 -49 0
31 -6 -18 0
44 25 16 0
3 43 -35 0
11 21 -5 0
1 -13 -4 0
10 22 3 0
39 -44 -40 0
-21 -39 45 0
-41 42 1 0
12 19 -28 0
3 46 7 0
-20 16 39 0
-10 46 41 0
-8 -15 13 0
5 11 3 0
37 -37 -43 0
48 16 45 0
10 47 -50 0
-4 -34 -12 0
-42 -12 -4 0
19 21 28 0
-37 24 48 0
-46 45 -44 0
14 48 37 0
33 -48 30 0
28 -19 -29 0
-13 46 28 0
5 46 39 0
2 25 -33 0
-19 -5 -14 0
-33 17 34 0
-3 -29 36 0
-14 41 3 0
-26 -6 4 0
32 8 -42 0
45 25 -38 0
47 -22 -22 0
37 14 -14 0
38 29 26 0
-12 29 -48 0
19 -45 19 0
23 -23 -14 0
30 -11 33 0
25 36 -47 0
24 35 -4 0
49 7 -6 0
42 -46 30 0
22 42 -2 0
-22 35 -38 0
-50 -9 42 0
10 -47 -26 0
-47 -34 -39 0
20 19 38 0
48 -35 -19 0
-45 30 16 0
39 42 24 0
-24 31 5 0
-30 32 -46 0
-45 21 -5 0
19 34 -49 0
38 -33 -28 0
-22 50 -33 0
-27 -43 -25 0
-14 -29 -29 0
-9 48 23 0
-27 11 -42 0
28 -41 -17 0
20 15 22 0
23 32 44 0
48 -45 -45 0
46 18 33 0
-27 -1 17 0
-14 -36 -12 0
5 -44 -39 0
-31 21 -15 0
-19 31 -42 0
-7 -2 29 0
29 33 17 0
-14 -24 -35 0
15 19 -18 0
-2 -4 -40 0
-50 -18 -35 0
12 45 34 0
50 33 -13 0
49 -3 26 0
30 5 10 0
-13 -25 16 0
-15 -13 -2 0
-46 44 18 0
-30 -20 -5 0
-50 37 30 0
8 -18 11 0
9 9 27 0
-19 3 -26 0
-4 -46 -39 0
30 -22 -22 0
-32 37 -4 0
37 -4 -40 0
6 24 -44 0
-26 -17 49 0
25 38 10 0
-29 -8 36 0
17 -20 24 0
5 6 4 0
-12 1 -13 0
-8 32 8 0
-16 38 44 0
-2 -17 48 0
-17 19 30 0
-48 -1 -35 0
-22 9 30 0
-28 21 -49 0
-20 -17 -9 0
18 -46 -29 0
50 -38 38 0
-46 -25 43 0
2 -47 42 0
-47 15 39 0
17 -36 -22 0
-27 -35 -40 0
43 -1 -35 0
-18 -9 47 0
-29 -41 16 0
-5 29 2 0
-47 25 43 0
42 9 38 0
-12 32 -39 0
25 18 -2 0
-23 -44 -41 0
16 -29 -26 0
-14 -16 41 0
-25 -32 19 0
-23 2 28 0
-47 22 37 0
-9 20 43 0
-2 -9 20 0
-15 -31 42 0
-34 -20 3 0
15 36 -2 0
-34 -1 50 0
8 -34 11 0
28 -45 -17 0
-9 40 16 0
35 21 25 0
-22 -42 -22 0
40 26 -44 0
-44 2 -38 0
-38 -23 -19 0
29 -1 -27 0
-14 41 9 0
26 -16 -20 0
-1 -6 28 0
27 -41 -32 0
-31 -40 -24 0
2 38 39 0
-4 -45 -16 0
-3 -7 50 0
-11 -4 44 0
24 -17 -24 0
46 8 6 0
12 41 -29 0
-36 -23 9 0
4 -27 -8 0
-15 10 -22 0
-3 -19 -3 0
-42 -43 11 0
-25 -34 4 0
-10 23 -35 0
-24 15 39 0
36 -18 -6 0
-36 -49 -49 0
-3 -36 12 0
21 25 -39 0
37 46 -42 0
23 43 -50 0
7 5 -7 0
17 38 -16 0
48 47 4 0
-28 14 -20 0
-14 -32 39 0
13 -34 -9 0
14 -1 31 0
-30 41 48 0
-11 45 -4 0
39 30 -15 0
11 17 26 0
-1 31 -25 0
-21 -26 -1 0
-8 42 11 0
-45 -8 -10 0
34 -33 -35 0
13 -39 -24 0
-26 39 -50 0
-29 42 -17 0
-28 -25 25 0
45 7 -23 0
32 -10 37 0
-32 16 22 0
-27 37 27 0
17 40 40 0
-31 6 -3 0
-14 -14 22 0
-27 9 -34 0
-43 -1 -18 0
48 -19 -16 0
8 20 12 0
5 6 7 0
18 48 33 0
11 -16 -23 0
6 -47 10 0
50 -1 20 0
15 -1 44 0
-2 -18 -18 0
44 37 -12 0
-44 25 -32 0
21 10 9 0
-37 41 -37 0
-4 -16 14 0
-21 34 27 0
-33 -34 41 0
43 -3 9 0
-8 -15 -41 0
-34 14 42 0
25 19 -27 0
-39 -12 -29 0
9 -40 -26 0
46 -24 -10 0
6 44 48 0
-50 16 10 0
22 -2 31 0
3 -36 -39 0
-7 -37 -23 0
-38 -49 -46 0
42 -38 30 0
24 -1 47 0
29 -43 27 0
1 21 32 0
45 25 37 0
41 -6 -21 0
-48 31 19 0
32 10 35 0
-5 4 41 0
36 -48 -39 0
-36 -35 20 0
18 4 -44 0
48 33 47 0
37 14 3 0
7 37 -25 0
-23 30 28 0
-36 -2 24 0
36 -16 -27 0
44 37 32 0
-11 32 3 0
-2 -3 -30 0
-28 -36 -23 0
-31 -24 38 0
-35 36 -43 0
-35 26 -24 0
-41 -20 -8 0
15 -26 17 0
47 16 -43 0
-42 -19 -40 0
-45 -12 42 0
40 -24 5 0
-13 -22 -12 0
35 -34 38 0
-40 47 -28 0
9 -24 -30 0
44 47 12 0
-20 -28 -45 0
20 19 15 0
15 41 30 0
48 -36 -22 0
-9 27 14 0
11 -37 33 0
7 -40 -27 0
9 -12 39 0
37 9 -40 0
17 34 -21 0
-34 24 -14 0
-1 -29 8 0
-6 5 26 0
-24 1 45 0
32 8 37 0
29 -39 -29 0
-37 -3 24 0
-44 -22 18 0
-50 -16 43 0
44 -40 2 0
8 10 -14 0
-5 -4 -21 0
-44 -33 42 0
10 -48 44 0
19 34 -20 0
7 41 -48 0
-33 -44 -41 0
