c CNF generator v0.9
p cnf 50 300
13 26 -47 0
-28 19 -42 0
47 23 45 0
-25 25 -7 0
38 38 -31 0
41 -40 2 0
42 -25 -30 0
-23 22 49 0
27 -46 8 0
-26 -40 48 0
-43 41 37 0
37 13 -31 0
-26 17 -19 0
-8 -28 -47 0
-1 9 44 0
8 12 -37 0
-8 -46 -20 0
13 -26 -30 0
-36 3 -8 0
17 -15 20 0
-46 31 8 0
25 -10 30 0
-24 -42 2 0
34 48 -46 0
36 48 -26 0
7 46 45 0
-14 20 11 0
8 15 46 0
-20 -47 24 0
48 23 49 0
32 33 -5 0
-37 37 21 0
-47 45 -45 0
12 2 -45 0
-22 40 -4 0
40 3 -12 0
36 -37 -27 0
-22 -46 -30 0
11 32 -30 0
35 -36 32 0
-1 -30 -26 0
-25 -17 50 0
-20 -35 35 0
4 -5 22 0
42 35 -26 0
-42 42 -38 0
-42 39 -24 0
26 -33 -36 0
-17 -32 15 0
9 43 -5 0
-21 -22 -4 0
-47 29 36 0
37 -18 43 0
-29 -45 -40 0
-23 15 20 0
-30 44 18 0
-7 35 -37 0
26 -12 45 0
26 -28 44 0
-19 41 -47 0
29 21 33 0
-44 50 18 0
-39 47 41 0
-32 4 -27 0
-50 13 -3 0
-17 28 5 0
-36 8 -26 0
-35 18 -9 0
-13 -8 -20 0
-8 38 -29 0
14 7 27 0
36 10 21 0
41 -27 6 0
-26 15 34 0
-44 7 10 0
17 26 -35 0
46 -33 50 0
18 -20 42 0
49 30 39 0
-27 42 -15 0
-43 -22 25 0
19 -31 -17 0
8 47 1 0
26 -49 35 0
-37 -30 -31 0
-31 20 14 0
31 3 -31 0
7 -34 -1 0
21 20 1 0
37 9 26 0
-12 -13 -41 0
-49 49 -16 0
40 5 46 0
-14 -38 1 0
-34 40 49 0
-25 13 8 0
-11 28 28 0
12 -33 11 0
-25 -23 -16 0
-14 -30 2 0
-45 26 18 0
-4 -6 12 0
32 26 35 0
16 -20 34 0
11 -41 -7 0
36 -10 43 0
29 -49 26 0
36 48 -20 0
18 -29 19 0
28 36 35 0
-22 16 20 0
-43 -25 45 0
-49 17 36 0
42 45 -23 0
26 -7 1 0
30 45 -33 0
-44 6 39 0
-1 -5 -6 0
-42 25 43 0
-31 8 -23 0
34 43 -50 0
17 -29 47 0
-11 31 -38 0
50 -5 45 0
50 43 45 0
22 13 2 0
20 19 21 0
-24 11 40 0
27 -3 -47 0
-31 16 13 0
11 8 29 0
20 -36 15 0
43 -35 6 0
-4 13 11 0
-27 32 24 0
26 -39 39 0
33 48 -18 0
-13 17 -47 0
-21 17 21 0
-45 10 -8 0
1 5 -36 0
-11 -34 23 0
-44 45 -28 0
3 -12 47 0
-45 -14 -22 0
21 -7 35 0
-16 -20 36 0
-44 -33 47 0
-41 28 23 0
-31 29 -5 0
-37 27 -30 0
38 -45 18 0
-13 32 11 0
-19 13 -9 0
-12 17 11 0
-44 41 -12 0
-33 3 48 0
-35 24 40 0
-15 3 -5 0
47 -14 -2 0
-4 22 -35 0
-42 11 20 0
30 -47 26 0
31 -8 7 0
35 -21 6 0
-22 -45 26 0
-21 7 -20 0
-27 11 20 0
-14 -10 -26 0
-15 -29 19 0
30 -17 43 0
39 41 17 0
-1 39 13 0
49 -24 26 0
15 -47 31 0
39 -8 -23 0
27 23 -5 0
-2 -23 16 0
-31 -6 -46 0
18 25 -37 0
-38 -14 1 0
25 -48 -32 0
33 -13 30 0
6 -41 2 0
13 4 -39 0
-23 6 31 0
48 39 -49 0
-23 -35 -23 0
-1 8 45 0
-4 -49 41 0
-49 11 34 0
-7 7 10 0
-3 -25 32 0
42 20 -33 0
6 -50 31 0
-27 17 40 0
-11 -32 -48 0
29 50 -49 0
-40 7 -49 0
-34 -20 -1 0
24 1 5 0
16 39 29 0
-5 18 -49 0
-2 -5 -50 0
-18 -14 27 0
10 -26 -15 0
-17 -20 26 0
-45 1 9 0
-3 40 48 0
-4 -29 17 0
-49 -35 32 0
36 -3 -13 0
17 27 19 0
46 -32 -35 0
-23 -21 -48 0
5 -40 -38 0
-10 -11 -8 0
17 13 -13 0
-19 -15 6 0
-26 -8 28 0
-36 -9 40 0
7 -1 39 0
8 9 2 0
-42 1 -42 0
-16 -28 -41 0
-45 -14 -49 0
50 -18 -22 0
-47 -45 26 0
-29 16 37 0
-5 15 -34 0
22 -50 6 0
-9 26 -25 0
-47 48 -44 0
-38 7 -6 0
26 28 48 0
-18 -45 1 0
28 24 6 0
46 46 -29 0
3 29 -48 0
49 -33 -33 0
-3 41 41 0
-6 48 -44 0
45 6 -48 0
-33 -36 -47 0
-4 -35 34 0
-25 44 -45 0
-50 -41 42 0
42 -19 -42 0
6 -27 -44 0
-26 -2 -40 0
-12 -31 16 0
7 30 -28 0
-28 -38 -22 0
-26 44 44 0
-16 50 25 0
49 7 -39 0
38 -31 -8 0
11 -45 24 0
-10 21 -7 0
-33 26 7 0
35 -22 3 0
-10 10 -48 0
-36 -26 39 0
31 -17 -16 0
-34 25 -14 0
-38 -11 1 0
33 -19 -26 0
13 -4 41 0
25 -21 17 0
-15 -47 39 0
-39 -12 7 0
11 -15 -12 0
-27 -43 17 0
-33 -46 26 0
31 33 -50 0
-41 -32 9 0
39 -10 8 0
28 -12 -9 0
-22 12 42 0
-27 5 -32 0
-48 -8 -45 0
-18 29 11 0
50 45 -15 0
-36 47 -19 0
34 21 39 0
-10 34 -14 0
-48 -5 48 0
-20 -17 -7 0
15 29 24 0
6 -9 -6 0
1 -43 34 0
20 -42 -35 0
43 -10 49 0
2 -19 19 0
16 -22 -31 0
44 -20 33 0
31 28 -25 0
-16 -33 -17 0
24 -28 -29 0
1 -42 -3 0
