c CNF generator v0.9
p cnf 50 300
-31 29 -33 0
5 16 35 0
3 -10 8 0
-45 34 -24 0
-39 -48 -34 0
27 6 10 0
21 24 -20 0
39 -18 22 0
-49 48 15 0
39 -49 9 0
26 26 -21 0
49 3 -42 0
-29 -42 -45 0
-3 16 -29 0
50 -24 -47 0
12 -35 -37 0
-5 -20 48 0
-43 -21 15 0
-18 48 33 0
50 -28 -35 0
-15 25 -5 0
48 21 -33 0
48 13 1 0
21 29 -39 0
-49 42 22 0
-20 7 35 0
-40 26 21 0
35 8 34 0
-30 31 -17 0
37 21 -12 0
-29 -19 24 0
-20 7 -20 0
-46 -44 14 0
17 8 38 0
-29 47 43 0
23 -30 14 0
11 -38 -45 0
14 47 26 0
50 11 -4 0
28 35 11 0
-28 4 -10 0
-31 2 40 0
42 37 -26 0
-4 -1 30 0
-15 -12 -15 0
-8 -38 36 0
-29 -4 45 0
31 -16 -29 0
-31 1 16 0
-21 -5 36 0
16 -28 -33 0
-46 46 20 0
9 40 -20 0
24 -33 31 0
-47 -31 -50 0
-9 -32 29 0
-49 -41 11 0
-45 -29 -36 0
-49 36 -1 0
-49 -48 12 0
27 -31 17 0
-45 -10 -10 0
46 12 -34 0
16 25 -50 0
9 -29 -44 0
1 -49 -13 0
-18 -30 -8 0
2 6 -17 0
2 -23 20 0
-24 4 -35 0
35 8 44 0
-39 36 13 0
24 16 -19 0
45 27 -48 0
17 -47 23 0
-4 -45 27 0
-44 -31 -11 0
34 -15 -35 0
-6 -22 28 0
-8 -22 -13 0
14 13 7 0
-6 6 26 0
25 -39 40 0
-12 -44 -4 0
30 -9 -31 0
-38 25 -21 0
-6 31 -41 0
-39 49 44 0
-3 -49 46 0
-23 11 22 0
29 -48 1 0
-9 4 16 0
-26 27 45 0
-38 -40 29 0
27 -33 -33 0
-23 37 28 0
-23 -46 -23 0
-37 35 25 0
-48 37 15 0
-50 -6 -6 0
23 -23 25 0
4 15 -49 0
43 36 42 0
4 40 19 0
-15 49 -37 0
44 -16 -8 0
35 19 23 0
-31 37 33 0
48 -43 -23 0
22 -47 -32 0
18 11 -49 0
43 28 37 0
16 -21 12 0
-18 26 14 0
-38 24 -50 0
-42 -31 7 0
-40 13 30 0
-22 25 -38 0
12 23 -38 0
41 44 32 0
42 44 -28 0
-8 35 35 0
1 19 -40 0
-31 9 -16 0
-35 27 -39 0
36 -39 41 0
-27 34 15 0
-18 -2 42 0
-30 36 -50 0
43 4 39 0
-35 -19 -13 0
-46 -48 -50 0
11 29 -48 0
22 14 30 0
22 -32 -24 0
-24 35 34 0
4 8 46 0
-33 19 11 0
-5 -16 -22 0
-3 -47 -46 0
8 28 -3 0
-49 10 -22 0
-41 -35 7 0
15 -5 -16 0
37 2 -33 0
41 43 -48 0
39 -29 -30 0
-1 -19 -39 0
31 -20 -17 0
27 47 11 0
-50 50 30 0
-31 8 17 0
-23 42 -29 0
31 11 -25 0
-7 -38 16 0
17 27 -41 0
20 -14 -13 0
3 -7 -44 0
43 19 27 0
-41 -16 -19 0
18 -26 -11 0
49 -49 13 0
22 3 20 0
12 -19 3 0
8 -31 49 0
-10 31 44 0
-12 -30 -15 0
-43 -37 -15 0
-39 26 -17 0
-42 -47 12 0
-39 -27 19 0
-50 36 22 0
-12 36 27 0
-33 27 4 0
-35 -26 -6 0
-12 -45 26 0
-49 23 -20 0
-21 -49 -49 0
50 7 19 0
3 29 12 0
11 -20 -2 0
-22 42 28 0
-15 27 -21 0
27 -36 -43 0
-35 35 -18 0
-32 12 18 0
-43 -12 -46 0
-10 45 -38 0
31 -40 -48 0
-48 9 17 0
10 46 3 0
-33 -25 -18 0
-5 -10 -34 0
36 -4 -16 0
29 -21 8 0
28 -29 44 0
-12 -23 -21 0
-27 -15 23 0
6 -9 49 0
-32 -9 -6 0
-33 -14 47 0
-3 -24 -47 0
-25 42 -18 0
-47 42 9 0
23 32 -46 0
-4 26 -44 0
-23 -1 -44 0
-10 -24 -45 0
-6 4 -25 0
-47 33 34 0
47 19 39 0
-2 10 -21 0
46 -37 24 0
-11 -34 -15 0
-31 44 -41 0
1 -43 26 0
-1 -45 -40 0
19 2 -35 0
-41 40 -5 0
50 16 -2 0
-18 -29 -28 0
45 27 42 0
-48 -27 41 0
25 12 -32 0
-25 6 35 0
26 41 -43 0
20 -7 3 0
-36 36 -42 0
-14 -8 8 0
36 -8 -45 0
-28 25 -30 0
-29 48 6 0
-10 -22 -40 0
8 -10 15 0
-23 48 -21 0
-2 25 15 0
-13 18 -36 0
24 -3 -4 0
9 22 37 0
25 -9 21 0
-15 -21 15 0
3 -33 44 0
-16 15 -38 0
28 -3 24 0
27 -31 39 0
-23 -7 -3 0
-39 7 -13 0
12 -23 -15 0
20 39 -9 0
-1 -13 18 0
-19 22 37 0
-9 -3 29 0
-22 3 9 0
-32 -31 -47 0
-26 23 -12 0
30 27 -6 0
-35 -32 -5 0
-49 18 -12 0
34 36 39 0
42 28 10 0
28 16 -8 0
-37 -10 23 0
-34 -27 11 0
-48 -34 -39 0
22 9 -15 0
-26 41 -8 0
25 -38 -47 0
-27 37 -25 0
-4 -2 -13 0
31 -38 32 0
43 33 42 0
-21 -30 49 0
26 -45 8 0
43 -50 35 0
7 -6 -19 0
-12 -35 -5 0
34 -43 -3 0
47 -10 28 0
43 9 -33 0
30 29 25 0
-26 15 -27 0
28 36 -43 0
-41 -16 31 0
25 7 49 0
-25 -2 -37 0
40 -16 45 0
-32 -14 -6 0
-26 -18 -28 0
17 41 -40 0
-9 7 -12 0
-23 4 -47 0
-27 -17 -11 0
-12 49 8 0
-24 -20 1 0
4 -49 -20 0
43 -33 31 0
-47 -35 -13 0
-22 23 30 0
-14 -16 4 0
-49 -34 -45 0
