c CNF generator v0.9
p cnf 50 300
-34 -6 -37 0
-32 30 -22 0
4 2 -29 0
-42 -1 -13 0
28 -49 20 0
7 -11 -29 0
-2 -33 -50 0
-2 -7 19 0
27 -16 25 0
-44 10 9 0
27 -16 -35 0
-25 48 -44 0
36 21 -22 0
41 17 23 0
20 -26 35 0
23 -37 50 0
-21 46 -40 0
25 13 26 0
43 -22 -12 0
-24 3 43 0
27 -18 48 0
31 29 -36 0
-11 -14 -8 0
-2 -14 15 0
27 -37 17 0
20 33 -7 0
34 18 -30 0
48 -3 -33 0
-15 38 -26 0
-16 -48 -33 0
50 34 40 0
29 25 -45 0
50 23 -16 0
-45 -48 37 0
32 -48 15 0
44 22 -13 0
42 8 25 0
-15 3 -40 0
6 -10 16 0
-34 16 25 0
3 -35 -50 0
24 -17 -15 0
-30 -20 -33 0
2 -4 41 0
6 14 -38 0
5 45 32 0
-28 -38 -30 0
25 -9 42 0
-14 -34 21 0
-30 21 46 0
-21 -14 43 0
-12 16 15 0
4 -3 -8 0
13 48 5 0
-31 38 -27 0
-11 35 16 0
-22 -11 11 0
-40 17 5 0
47 47 -8 0
-31 -40 -29 0
24 38 -46 0
-3 -26 35 0
38 23 -19 0
48 -19 44 0
-7 48 32 0
-28 -1 50 0
22 -39 -2 0
33 47 36 0
-25 -34 -27 0
18 43 -9 0
2 -38 29 0
-11 -33 -2 0
23 37 36 0
29 -20 18 0
47 43 24 0
-45 11 17 0
32 16 3 0
6 5 -11 0
-50 -48 5 0
-11 -13 -9 0
24 27 35 0
-41 6 17 0
-48 3 -25 0
50 -37 31 0
34 36 23 0
-26 1 -9 0
35 -34 10 0
19 6 21 0
-1 -13 -30 0
-46 11 -12 0
-32 12 29 0
-44 15 -40 0
-45 -50 45 0
38 -49 -40 0
-42 -25 29 0
44 -5 -35 0
7 -27 -49 0
-49 14 35 0
23 -26 48 0
-5 45 -34 0
-49 49 -10 0
-50 8 45 0
-14 -37 35 0
-22 14 48 0
-23 19 -39 0
-23 35 23 0
-23 -25 -38 0
-40 -34 23 0
-4 -13 -3 0
16 48 -30 0
-30 32 -31 0
3 -21 25 0
39 36 50 0
-24 34 -39 0
32 -9 4 0
-14 -31 17 0
-41 21 -38 0
26 -21 -4 0
-4 34 44 0
-25 -21 -37 0
16 -10 34 0
41 -47 2 0
2 41 2 0
45 -10 46 0
46 -2 37 0
-33 -48 -8 0
-39 18 31 0
-4 3 24 0
6 36 -47 0
7 -24 47 0
43 31 -13 0
11 -18 37 0
42 42 -29 0
-33 -8 -34 0
8 3 38 0
-45 45 -23 0
49 13 45 0
-40 -15 18 0
16 -30 43 0
-49 -37 37 0
-10 -45 15 0
1 26 -22 0
-22 20 19 0
-35 6 -44 0
-49 43 4 0
43 6 29 0
-7 35 -38 0
-1 20 23 0
32 -3 41 0
-44 -40 -21 0
-50 -11 41 0
23 -12 31 0
43 -28 -35 0
-28 -34 -43 0
-17 48 3 0
-12 27 47 0
26 42 49 0
19 41 7 0
9 38 -13 0
30 34 -50 0
-25 -11 -4 0
17 -45 37 0
-44 31 -1 0
41 34 21 0
20 -21 -40 0
3 -3 2 0
-19 41 -26 0
23 -49 -5 0
-10 -19 -7 0
35 -8 -45 0
48 -44 -25 0
8 -2 3 0
-25 20 -39 0
31 30 22 0
27 -8 -28 0
-13 -20 25 0
-29 1 -36 0
-1 24 -43 0
11 -15 -47 0
-21 34 -28 0
20 -34 32 0
-19 4 -4 0
-43 3 -37 0
9 -15 46 0
41 -4 -31 0
-5 -4 -21 0
-13 43 -45 0
5 10 47 0
23 37 11 0
-26 -18 -49 0
38 -3 -12 0
-37 8 -13 0
14 -39 -40 0
-15 7 -7 0
39 50 -26 0
31 33 -5 0
-12 -34 -27 0
44 -9 11 0
33 -27 19 0
27 -48 6 0
-4 -10 -39 0
42 8 35 0
46 -12 15 0
32 9 -11 0
-37 42 33 0
-19 -33 4 0
27 42 41 0
10 -4 36 0
45 23 46 0
-20 32 -23 0
-6 11 25 0
-14 -15 12 0
-32 -44 -19 0
-30 43 7 0
13 36 43 0
31 -47 20 0
46 12 23 0
-38 41 39 0
-25 -31 30 0
13 -35 6 0
-31 15 -49 0
28 37 -27 0
-6 41 -40 0
28 -43 -39 0
-11 6 22 0
42 32 -35 0
-48 35 21 0
26 50 3 0
22 2 14 0
36 30 1 0
-6 3 -32 0
13 46 -7 0
15 14 41 0
-1 20 14 0
22 16 46 0
32 30 15 0
-24 36 -14 0
26 -49 25 0
40 -5 5 0
-42 -33 1 0
-21 -6 4 0
48 15 -49 0
35 40 -23 0
-15 -8 5 0
-1 -30 6 0
3 -17 35 0
-48 32 -3 0
-21 43 -33 0
-16 11 5 0
-31 -38 23 0
-45 -40 -48 0
-34 13 -2 0
-42 -50 36 0
47 47 32 0
-5 5 41 0
-2 5 -30 0
-10 -37 -40 0
13 1 41 0
35 14 -38 0
7 41 -45 0
-37 -10 -46 0
-6 -13 5 0
-47 29 -41 0
15 -31 -42 0
7 -17 47 0
-35 -48 10 0
32 -48 8 0
40 -44 4 0
-41 -1 -18 0
-15 -3 46 0
-43 -23 -26 0
50 -44 35 0
23 33 26 0
15 1 7 0
10 48 -33 0
-32 -26 13 0
48 6 -36 0
-27 3 -26 0
-27 -3 35 0
16 50 43 0
30 -44 -29 0
31 41 37 0
23 -47 -47 0
12 -50 10 0
42 -18 16 0
-23 8 15 0
2 -14 31 0
-6 14 -13 0
7 -40 39 0
-19 -11 14 0
34 -50 -23 0
26 -19 44 0
-3 -18 -43 0
-8 34 19 0
-32 -41 22 0
19 -21 17 0
-50 -19 -39 0
-8 42 -31 0
-40 3 31 0
-12 -42 22 0
