c CNF generator v0.9
p cnf 50 300
-2 -45 25 0
-16 11 -25 0
23 -41 36 0
-7 41 -38 0
7 -18 -40 0
-26 41 -50 0
13 20 8 0
8 39 6 0
23 20 -25 0
-12 -32 -38 0
-20 22 7 0
-48 29 34 0
-14 -9 -26 0
-13 -50 50 0
33 -26 -28 0
4 39 -14 0
-42 22 -35 0
-19 9 -1 0
-45 19 -19 0
5 5 -30 0
-21 12 49 0
21 -36 -7 0
-36 -35 -14 0
32 -22 17 0
18 -22 -40 0
28 -34 14 0
-30 -31 -16 0
-32 -32 21 0
-18 43 -11 0
-29 14 -35 0
-6 18 -24 0
-21 -43 34 0
-31 23 -5 0
6 29 30 0
-12 34 18 0
24 -10 9 0
-13 18 -2 0
21 -23 -9 0
23 30 47 0
10 30 -44 0
38 38 32 0
-7 45 -26 0
-9 42 -50 0
6 11 -16 0
19 -45 2 0
-39 7 46 0
6 -33 -43 0
34 -34 -14 0
-35 47 48 0
26 34 -4 0
48 23 32 0
-42 -7 23 0
22 -6 34 0
-43 -17 -30 0
-18 -13 -38 0
-25 -50 4 0
-29 1 -13 0
44 31 28 0
-16 -3 -35 0
-26 -44 -13 0
25 12 9 0
-36 -40 43 0
-41 40 -30 0
37 -24 -16 0
-15 -46 44 0
9 -38 -22 0
16 -43 14 0
21 25 -9 0
39 10 -25 0
12 33 23 0
-28 -5 -6 0
-47 13 -9 0
-34 -30 -17 0
-5 49 16 0
-25 -11 -22 0
-2 5 33 0
-40 -7 20 0
32 5 3 0
25 18 -39 0
9 28 -1 0
-35 -42 -25 0
-39 16 -43 0
35 10 33 0
18 -35 -20 0
46 36 -35 0
-47 -24 -36 0
13 -31 -12 0
48 23 37 0
-32 32 50 0
-9 10 -45 0
-18 19 -33 0
-19 -47 -37 0
-37 8 9 0
-25 -45 38 0
27 3 11 0
-11 -46 28 0
-17 26 -37 0
-25 16 -5 0
-17 49 -18 0
-3 -43 40 0
-30 -36 -46 0
20 5 18 0
39 1 1 0
-48 19 3 0
-22 -13 -23 0
26 14 -41 0
43 -19 8 0
-8 25 -9 0
-12 -17 18 0
-42 36 -20 0
-39 37 39 0
-39 -42 -48 0
-16 10 28 0
-48 -45 -10 0
8 -26 -22 0
-17 -39 -22 0
15 15 -8 0
-27 -35 41 0
-49 -46 36 0
-40 -45 44 0
21 46 8 0
46 7 -24 0
17 23 12 0
-43 3 22 0
-39 13 -5 0
18 34 19 0
18 27 -4 0
-33 5 -9 0
-50 -3 -50 0
36 -19 -2 0
26 -6 13 0
-20 47 -4 0
20 -11 50 0
-15 -32 49 0
29 15 27 0
15 -48 40 0
16 -21 -44 0
-29 -30 47 0
48 -29 -2 0
-42 43 -39 0
40 10 -6 0
-39 48 -33 0
-5 -8 -33 0
48 -25 43 0
24 -47 15 0
-1 -24 34 0
-30 -30 -10 0
-30 -10 33 0
-11 12 21 0
-33 -50 -39 0
6 -20 25 0
-35 34 -38 0
-16 28 7 0
-21 -18 -34 0
41 15 5 0
8 -35 -22 0
27 31 -14 0
14 -39 18 0
-8 -14 1 0
-42 -17 -39 0
34 30 11 0
39 29 1 0
37 -22 33 0
44 -43 -17 0
3 21 25 0
23 26 -42 0
-41 17 -48 0
4 44 -34 0
44 -25 20 0
40 -14 43 0
-26 43 -44 0
45 16 36 0
1 37 -39 0
-28 -26 -35 0
-26 5 -41 0
-7 12 -48 0
16 -43 -46 0
-10 44 49 0
33 -23 21 0
-29 -24 -32 0
19 -35 -13 0
15 -16 -16 0
-36 29 -45 0
-36 -2 -50 0
-27 -9 3 0
-2 12 -19 0
34 -26 -28 0
-41 10 31 0
-24 -31 10 0
-3 -28 -44 0
28 1 38 0
-20 -22 -40 0
49 31 -20 0
32 13 38 0
-28 37 -28 0
1 -26 -32 0
-40 -30 -30 0
-35 50 -27 0
11 25 -2 0
14 -16 -6 0
37 -1 -39 0
7 -25 29 0
-29 48 -6 0
-15 -26 -31 0
34 24 -25 0
14 -8 45 0
12 -22 7 0
-12 15 -35 0
33 34 45 0
38 -40 15 0
-39 32 27 0
20 -21 6 0
24 -4 20 0
19 -5 -18 0
34 -25 38 0
9 -28 -2 0
-11 27 -24 0
-33 -41 -34 0
46 22 -22 0
28 -28 -20 0
-12 5 37 0
-41 -7 -29 0
-48 -36 31 0
-29 -31 34 0
4 14 -3 0
-19 3 12 0
-37 23 -45 0
25 3 24 0
-13 39 -26 0
-3 3 19 0
-11 19 28 0
33 32 46 0
-35 49 -28 0
-45 37 35 0
35 17 -16 0
-16 -39 2 0
-18 -33 -32 0
38 -38 -39 0
30 4 45 0
7 8 20 0
27 -28 20 0
13 -31 -9 0
26 -25 -19 0
-40 -33 -40 0
-38 10 -12 0
-8 -15 -48 0
-42 14 41 0
43 14 23 0
-14 8 -33 0
-37 37 -26 0
2 -3 19 0
25 43 37 0
-31 5 -13 0
-45 -2 15 0
-6 -5 31 0
-24 -18 21 0
-27 -44 -5 0
32 -38 37 0
1 41 -18 0
-13 -27 -2 0
50 18 -18 0
-17 22 -10 0
-39 -33 36 0
-3 16 38 0
42 13 -4 0
-14 36 5 0
17 7 12 0
-34 16 34 0
-25 -48 5 0
34 -16 -13 0
39 -29 44 0
29 -47 36 0
-46 35 48 0
48 -10 27 0
-27 -11 29 0
-27 -34 -25 0
17 -13 -44 0
-20 -29 16 0
-45 3 -28 0
-19 -42 30 0
4 -40 -23 0
43 -7 44 0
-15 22 27 0
21 -36 20 0
-29 22 -22 0
-41 -35 11 0
30 -28 -30 0
-23 -43 -16 0
-50 37 24 0
3 -46 5 0
38 -7 -29 0
-49 -14 10 0
7 47 14 0
23 -1 -28 0
31 44 14 0
-48 22 9 0
1 -31 -1 0
50 23 19 0
-10 48 -35 0
-13 49 -30 0
