c CNF generator v0.9
p cnf 50 300
27 -7 -20 0
3 19 -49 0
-31 -37 11 0
-50 29 -35 0
-29 47 35 0
-45 -40 16 0
11 3 -22 0
-7 21 34 0
4 -40 2 0
36 35 21 0
-28 -40 -8 0
-8 -5 47 0
-19 -42 -44 0
-28 -28 23 0
-49 -13 43 0
39 -22 -18 0
18 -21 40 0
-3 8 31 0
25 4 42 0
-41 -46 26 0
5 45 24 0
35 11 -22 0
28 49 40 0
30 -30 -46 0
-31 21 -5 0
-18 25 -29 0
10 -23 -13 0
14 32 5 0
-26 44 1 0
-46 -27 15 0
49 34 -42 0
-29 -22 -12 0
-44 -28 50 0
50 -25 18 0
-3 10 -29 0
46 33 20 0
-49 41 -11 0
28 -1 15 0
32 43 -11 0
7 33 -6 0
-28 -44 -49 0
3 38 38 0
16 -11 47 0
15 11 -36 0
20 19 21 0
-27 48 22 0
15 -2 16 0
-4 47 23 0
40 -45 -36 0
38 -13 -21 0
1 47 -45 0
11 5 33 0
35 -13 -2 0
50 37 -49 0
37 -7 -41 0
-43 28 29 0
-20 -46 -22 0
-29 -22 -8 0
-30 38 -35 0
-16 8 16 0
-7 20 8 0
47 34 18 0
1 18 -4 0
-37 -50 32 0
-36 19 40 0
31 -39 -1 0
33 31 29 0
-10 46 -50 0
19 3 -48 0
-30 -42 -21 0
-39 -19 15 0
33 -20 -7 0
27 -13 -21 0
-42 20 -26 0
24 -49 48 0
40 -9 -22 0
-37 21 -14 0
42 -23 26 0
-15 42 -15 0
25 -33 -21 0
-37 47 -35 0
48 10 -9 0
37 -32 -36 0
26 -42 5 0
6 38 -25 0
25 9 13 0
-44 37 28 0
29 47 4 0
-29 -26 42 0
-45 -14 -22 0
16 -17 36 0
-43 8 3 0
-7 -46 -5 0
9 -38 -11 0
-13 -32 -40 0
-20 -25 -37 0
-33 6 1 0
28 -27 -38 0
-9 -25 1 0
-9 29 -36 0
31 9 -19 0
-19 37 -3 0
-40 -50 27 0
-47 -7 8 0
-7 23 -43 0
17 -19 -50 0
-50 31 -40 0
39 13 1 0
43 6 44 0
-42 1 -19 0
-34 17 -16 0
8 -40 9 0
-17 -17 -49 0
-35 26 29 0
-1 -47 -40 0
22 45 27 0
41 18 -40 0
27 37 -46 0
-14 -6 -20 0
45 -48 31 0
26 -14 45 0
-33 -39 35 0
18 -1 -42 0
25 -22 -29 0
42 -36 -41 0
6 -35 28 0
44 -6 47 0
24 -48 -3 0
7 33 26 0
-12 -21 10 0
41 -40 10 0
-18 34 -26 0
41 20 -39 0
-35 -6 -39 0
-4 -10 -33 0
-36 34 -25 0
-14 -12 -18 0
-13 27 50 0
16 -21 21 0
50 17 -27 0
45 28 45 0
36 -35 -25 0
44 34 38 0
14 31 13 0
-50 32 14 0
34 3 12 0
38 46 23 0
2 2 47 0
-39 -27 26 0
3 -5 -46 0
-1 3 -43 0
-15 -27 49 0
1 16 23 0
-19 -10 25 0
46 -20 -30 0
20 -18 -5 0
26 -26 49 0
20 22 -24 0
-18 -49 -35 0
-27 35 -14 0
24 -7 -29 0
13 7 32 0
43 -47 -8 0
35 43 -35 0
19 -15 22 0
-28 -12 41 0
-49 9 -31 0
38 -17 37 0
18 -20 -12 0
-21 -5 -16 0
37 -19 -21 0
31 -21 49 0
6 26 9 0
14 11 -41 0
43 35 21 0
6 -4 47 0
-23 -8 -9 0
-7 -6 43 0
-8 15 -25 0
12 45 -47 0
-38 -13 50 0
39 24 -47 0
-15 21 5 0
-3 -30 44 0
-18 -4 -37 0
-17 29 -46 0
-10 50 2 0
-50 26 -45 0
-21 -19 50 0
37 21 5 0
-11 -29 -28 0
-18 46 44 0
26 9 -36 0
25 -28 -50 0
-40 44 29 0
32 29 3 0
-19 -48 -46 0
3 45 13 0
29 37 -43 0
-38 -18 19 0
36 11 6 0
39 15 3 0
43 25 6 0
3 16 15 0
44 -44 1 0
-46 3 -43 0
-39 6 39 0
-28 45 12 0
-25 -13 18 0
32 -28 34 0
4 35 -43 0
-44 14 -35 0
25 -8 34 0
-50 -18 3 0
-41 -3 16 0
26 -19 -50 0
18 -19 5 0
-42 -42 17 0
-43 -29 3 0
50 -21 -22 0
-30 1 28 0
3 50 13 0
-6 -30 -21 0
-5 45 -40 0
-18 3 -45 0
4 3 -6 0
-28 -50 -26 0
47 20 -19 0
-6 -25 10 0
-26 35 9 0
-47 5 9 0
18 29 28 0
29 29 -50 0
29 -21 -29 0
34 -25 -11 0
-8 26 9 0
34 48 27 0
3 -23 49 0
-18 19 1 0
28 -38 26 0
-2 41 -1 0
42 -12 -35 0
-11 16 40 0
45 34 -37 0
-35 -10 35 0
-3 -49 34 0
23 -1 -45 0
8 20 35 0
41 9 -39 0
20 -33 12 0
6 -45 45 0
-30 27 6 0
5 28 48 0
1 21 -22 0
3 14 2 0
26 -18 -26 0
12 23 -4 0
-14 -13 42 0
9 -30 37 0
-13 -32 -47 0
36 -31 38 0
7 15 -12 0
-44 -21 36 0
37 -10 24 0
-39 -47 -5 0
-3 -42 -20 0
24 -28 -29 0
24 -19 -17 0
-30 16 -41 0
-19 -9 7 0
47 -16 -41 0
-18 -40 5 0
44 4 -11 0
-26 -43 -21 0
-46 -40 14 0
-34 50 16 0
33 -20 38 0
40 34 -25 0
9 49 13 0
-49 24 26 0
-15 18 14 0
-29 39 -29 0
-46 43 4 0
-10 -36 -44 0
-28 -12 -26 0
-21 41 2 0
-40 -40 33 0
-28 -48 -32 0
3 16 37 0
-24 -36 -25 0
-12 -1 -10 0
-27 12 19 0
-27 32 16 0
27 11 -16 0
21 15 -6 0
-40 -8 -32 0
-30 6 49 0
39 26 28 0
9 20 50 0
-47 -27 43 0
