c CNF generator v0.9
p cnf 50 300
-45 -49 -30 0
-22 13 34 0
-13 23 38 0
25 -6 3 0
14 34 -19 0
-19 29 13 0
-39 -45 -50 0
-43 20 11 0
29 -44 -1 0
-26 28 -15 0
-50 -2 -49 0
-10 -25 -8 0
20 43 1 0
-7 40 -15 0
39 -30 -29 0
43 12 14 0
47 1 -20 0
-19 6 47 0
-26 39 -36 0
23 -16 -11 0
-6 -45 -18 0
47 -13 -35 0
-14 3 -17 0
-32 -29 43 0
-39 -43 -40 0
-14 3 13 0
17 29 -49 0
7 -21 14 0
23 35 43 0
-33 -23 5 0
22 -9 -32 0
14 -21 -14 0
-49 27 29 0
42 13 -46 0
10 -47 27 0
19 19 23 0
-4 -21 -34 0
-41 -41 -50 0
9 -4 3 0
11 -48 -40 0
30 -18 27 0
50 -2 -9 0
-30 -17 -40 0
-2 -39 12 0
32 7 -2 0
-12 -22 -11 0
-20 -25 -20 0
-2 -10 46 0
-49 -14 25 0
-29 -47 -22 0
-49 -28 -22 0
-25 1 32 0
43 48 -1 0
7 -33 -9 0
-16 -2 36 0
38 -43 -32 0
-43 34 36 0
4 41 -20 0
1 -29 38 0
-6 -45 -41 0
-35 2 -46 0
-37 45 31 0
3 -42 7 0
-45 2 40 0
48 -6 -18 0
-9 7 14 0
22 13 -3 0
7 -37 42 0
-4 -35 9 0
33 7 9 0
31 -23 -19 0
23 42 19 0
1 43 17 0
8 -10 -30 0
-15 -14 -48 0
9 -32 7 0
4 -6 29 0
-16 49 27 0
-23 24 -28 0
27 -28 37 0
-40 23 18 0
7 26 10 0
5 18 17 0
-41 11 -48 0
36 7 16 0
-48 34 -47 0
-20 -21 -19 0
18 6 -38 0
39 2 -26 0
-36 -50 17 0
5 21 -25 0
-31 -26 -19 0
-30 11 -23 0
-27 -7 37 0
38 -30 25 0
45 -20 -2 0
-21 -20 -46 0
38 -50 4 0
-20 -37 -6 0
-3 -35 -4 0
36 -4 6 0
9 -28 -20 0
-45 23 31 0
38 45 -44 0
-8 -7 24 0
-6 35 48 0
27 -28 -28 0
48 -48 42 0
-43 -24 -36 0
34 -2 -8 0
-20 7 -29 0
-5 -9 7 0
-42 19 1 0
-34 40 -21 0
-37 -11 25 0
17 -49 7 0
-3 -36 -41 0
-16 23 -46 0
38 46 -34 0
44 -26 -14 0
-45 38 37 0
41 -47 -27 0
-37 -35 -34 0
47 23 48 0
-47 -16 -21 0
-40 -31 -47 0
7 -31 46 0
36 -49 22 0
-23 -42 -45 0
27 16 -4 0
-49 -3 -32 0
31 -29 -22 0
-50 28 -37 0
-15 12 28 0
37 -27 -29 0
-38 -47 -30 0
-42 38 8 0
-28 -32 -32 0
7 36 -35 0
-36 41 6 0
-11 13 -6 0
-46 -19 -49 0
-43 7 13 0
-13 -29 2 0
4 13 -3 0
-41 35 -39 0
-7 7 -50 0
-28 -12 -8 0
-18 -34 -47 0
-37 -19 38 0
-18 -10 1 0
-24 25 6 0
-6 20 -25 0
-31 22 18 0
9 -34 49 0
17 -44 50 0
24 21 -36 0
-35 -11 -35 0
18 5 -44 0
12 -39 -28 0
8 6 25 0
3 37 6 0
3 22 -34 0
28 -4 2 0
17 42 29 0
-43 -5 16 0
-40 5 -24 0
-39 40 -17 0
5 24 -13 0
-4 34 -27 0
23 33 -49 0
-2 -32 -44 0
-43 9 21 0
-19 -2 -30 0
1 -9 -17 0
-39 -26 30 0
8 -15 -47 0
-6 49 -33 0
35 30 9 0
47 -32 -32 0
-26 47 -46 0
39 -35 15 0
-39 -2 45 0
48 -42 -11 0
44 12 48 0
-3 -38 35 0
-19 43 2 0
-19 19 38 0
31 9 49 0
14 21 -50 0
-45 -15 -5 0
-50 14 34 0
-37 -31 -6 0
1 -47 -43 0
18 -25 -13 0
-48 -32 -12 0
-40 -50 16 0
-42 -36 10 0
38 43 -4 0
5 27 -21 0
11 -39 -31 0
-30 40 -14 0
7 12 5 0
-42 -49 40 0
-47 27 -9 0
-26 34 -14 0
-22 -16 -21 0
-32 -45 35 0
8 -18 -12 0
-39 23 35 0
-7 23 -22 0
-46 -43 12 0
2 7 -16 0
-31 -22 33 0
-39 -30 -32 0
-20 -7 -24 0
11 -31 41 0
-25 -39 -2 0
25 33 -42 0
14 46 12 0
20 -30 -17 0
5 -46 -36 0
-15 3 26 0
34 15 18 0
-27 16 -28 0
29 -10 -9 0
-42 -16 13 0
-47 -25 31 0
-32 18 -22 0
4 -9 -36 0
-3 10 -37 0
-19 -12 -40 0
49 -43 -36 0
3 -6 11 0
-36 -30 6 0
1 12 -7 0
47 -41 -28 0
27 -7 18 0
18 17 -19 0
48 48 -50 0
-16 -40 44 0
12 20 27 0
42 -42 -17 0
-47 -45 -37 0
-27 -39 15 0
30 34 -42 0
-44 7 -12 0
-29 -32 22 0
-2 -3 -2 0
23 -32 50 0
-1 -39 -19 0
33 -29 50 0
-31 2 25 0
-41 18 43 0
26 29 34 0
46 -28 -45 0
-36 42 -20 0
-35 37 -25 0
6 19 22 0
-16 -17 41 0
5 -27 28 0
13 -32 41 0
23 -46 47 0
-23 37 -46 0
10 -37 -29 0
1 -47 49 0
-36 -5 -9 0
-21 4 43 0
2 -3 -40 0
-26 27 21 0
27 47 -31 0
-29 -31 -35 0
-7 -38 24 0
16 -11 -2 0
10 -39 38 0
-47 -39 16 0
-47 -7 29 0
-19 4 -49 0
-7 -46 6 0
-47 1 43 0
49 28 1 0
-31 10 38 0
32 -27 -21 0
22 -45 -24 0
11 27 -46 0
-32 -13 -13 0
-16 -4 19 0
11 -45 -49 0
-31 -33 -30 0
-32 -26 17 0
-9 -8 44 0
29 -5 -46 0
-6 -35 -31 0
-46 -43 -27 0
-8 19 38 0
-29 34 21 0
-28 29 -4 0
-27 13 -15 0
-47 10 17 0
-30 -17 -1 0
