c CNF generator v0.9
p cnf 50 300
40 -32 28 0
-36 41 10 0
15 44 -38 0
14 -8 -4 0
-45 -2 -47 0
-2 -46 -49 0
-35 -4 49 0
-23 50 -31 0
-29 -17 -1 0
49 41 -30 0
29 12 3 0
-32 13 -6 0
-8 13 28 0
40 24 -30 0
17 6 26 0
30 19 -12 0
-3 19 14 0
11 -37 -46 0
-36 -46 35 0
-8 24 2 0
-38 -46 -15 0
-44 31 24 0
9 -31 43 0
-27 -24 -21 0
17 36 40 0
11 -42 -20 0
33 4 27 0
12 -28 44 0
16 49 21 0
-49 4 -14 0
30 -41 18 0
-49 46 11 0
-46 -6 -16 0
-12 -6 16 0
-3 -10 -3 0
49 -3 39 0
20 43 -21 0
45 -6 20 0
-42 22 35 0
4 -11 38 0
-50 -26 42 0
-28 44 -33 0
-49 -20 46 0
-15 45 17 0
-10 48 -34 0
-10 -26 23 0
21 -28 11 0
-20 6 -20 0
6 -40 -30 0
43 45 -27 0
33 37 16 0
15 -5 -41 0
9 -18 -25 0
33 -38 49 0
34 48 -31 0
-22 -33 30 0
-50 -28 44 0
23 -21 9 0
-47 -25 -12 0
2 -50 -37 0
8 17 -16 0
14 -30 -20 0
38 -31 -35 0
28 15 24 0
23 -28 -39 0
-39 -43 22 0
10 -29 -28 0
13 8 4 0
40 -10 17 0
49 6 -36 0
-20 32 -46 0
2 -48 47 0
-36 7 38 0
44 34 13 0
-21 5 -7 0
-38 13 -4 0
-9 -18 -20 0
-21 26 -4 0
-14 23 41 0
-22 -40 45 0
-50 20 -25 0
49 28 18 0
-34 17 26 0
-37 -27 -14 0
-43 -10 7 0
-14 6 -13 0
10 2 -39 0
-50 31 -39 0
-30 37 4 0
-34 28 -25 0
29 35 42 0
20 -27 38 0
44 25 -15 0
-43 -46 42 0
20 9 2 0
-19 -43 30 0
32 -10 12 0
-15 -3 -50 0
-11 22 -35 0
-40 -4 7 0
21 11 -2 0
11 3 27 0
32 -45 -14 0
-8 -16 -9 0
6 -19 32 0
-42 19 12 0
-21 7 -32 0
7 48 -47 0
-9 -3 15 0
42 29 -31 0
39 43 24 0
40 48 -7 0
-29 47 -25 0
-28 36 -23 0
-34 24 1 0
34 47 -49 0
-20 -32 -37 0
35 37 18 0
37 -6 -3 0
45 -37 -25 0
-20 33 -43 0
-12 -35 2 0
15 -33 -48 0
39 -28 45 0
27 -18 -13 0
21 9 -49 0
36 28 -36 0
4 -30 -48 0
-37 2 -1 0
47 -20 38 0
-41 9 20 0
44 1 -33 0
-39 -36 -3 0
-22 36 -13 0
-47 49 39 0
-8 50 -34 0
26 -34 -4 0
-28 -37 34 0
22 5 48 0
7 -18 22 0
-42 15 -29 0
22 21 -30 0
-32 -46 -44 0
30 20 20 0
11 46 2 0
-42 28 19 0
50 -35 43 0
31 -30 23 0
-37 -40 -3 0
-20 -11 -7 0
-8 47 -45 0
10 39 -30 0
42 12 -5 0
-14 -44 -10 0
14 41 -28 0
19 -15 11 0
-42 43 -13 0
35 12 41 0
37 35 5 0
-10 -46 23 0
-44 18 -24 0
-25 -28 33 0
1 -36 -27 0
-42 8 -22 0
-38 11 -42 0
9 31 -35 0
-47 -42 21 0
-48 50 34 0
37 -2 -23 0
-14 -41 25 0
-45 -19 -49 0
10 7 -48 0
-23 -32 6 0
48 -30 -14 0
23 1 -18 0
43 -28 -38 0
30 -46 -22 0
33 -8 12 0
-12 4 -26 0
14 35 44 0
-19 -46 -28 0
-10 7 -3 0
1 -32 -10 0
35 -26 -12 0
22 7 34 0
50 -2 -42 0
-16 11 40 0
-40 -34 -44 0
17 -9 17 0
23 -48 35 0
-32 50 37 0
41 -13 42 0
48 -50 30 0
-49 3 -45 0
29 49 -15 0
36 -15 -47 0
4 -12 -42 0
22 17 -3 0
-50 27 -28 0
-22 5 22 0
9 -38 -44 0
32 29 10 0
-34 7 -24 0
50 45 47 0
30 -48 -10 0
-9 -41 -5 0
-16 -27 2 0
36 17 41 0
-31 -17 41 0
-49 26 -45 0
3 41 49 0
-19 -48 -40 0
45 42 -42 0
43 9 21 0
20 -39 -50 0
34 -25 -46 0
36 -43 -42 0
35 -13 4 0
23 31 25 0
-4 4 44 0
-17 28 39 0
10 27 -40 0
7 32 -38 0
-7 -45 -25 0
-41 28 -27 0
9 -11 -38 0
16 36 -16 0
25 -40 21 0
49 -10 30 0
26 -6 5 0
28 26 -3 0
50 41 -30 0
-46 10 20 0
-36 -13 37 0
-31 -49 -49 0
-37 -10 -31 0
41 -32 -7 0
-27 28 -35 0
-13 -16 -18 0
-32 -49 28 0
-44 30 -32 0
3 19 39 0
-28 21 -22 0
-46 -34 19 0
-47 -45 41 0
-31 13 20 0
23 32 -25 0
38 3 -42 0
-38 -18 -35 0
13 47 -20 0
-32 -19 -24 0
37 -14 -17 0
-21 29 24 0
-33 25 47 0
-25 30 14 0
39 -13 -22 0
-33 13 47 0
-2 -25 46 0
-12 -41 28 0
13 -41 3 0
12 -49 17 0
28 -27 -39 0
7 -37 9 0
40 -35 22 0
-19 -10 -33 0
-45 21 1 0
25 -32 3 0
-21 38 31 0
35 4 34 0
-8 49 29 0
9 36 -39 0
21 -22 11 0
-7 -10 6 0
20 47 21 0
-27 -32 43 0
28 6 -33 0
10 -37 -25 0
-25 48 1 0
22 35 19 0
-11 -36 34 0
-35 -47 -32 0
-46 -4 -9 0
-35 -50 37 0
-28 50 31 0
-45 -48 -38 0
45 -18 3 0
25 -31 -26 0
-31 47 15 0
36 -20 -28 0
-24 -47 -31 0
-19 -29 -44 0
-41 24 15 0
13 21 36 0
4 -32 43 0
-23 30 -11 0
3 -29 -40 0
-46 8 28 0
25 39 -12 0
-4 30 -37 0
-27 46 5 0
