c CNF generator v0.9
p cnf 50 300
-21 -17 2 0
-31 37 -23 0
11 -1 -50 0
9 -28 -9 0
2 -21 -6 0
28 35 -8 0
-43 -32 20 0
-19 14 -34 0
35 -34 24 0
8 30 -36 0
-44 -30 -21 0
37 -38 -32 0
12 -33 39 0
22 32 -30 0
4 14 -7 0
26 22 32 0
47 39 32 0
-33 13 -37 0
-2 -8 -17 0
45 -22 -13 0
-27 34 8 0
4 -45 7 0
7 13 -1 0
-10 -31 -28 0
-42 -28 18 0
-23 -10 29 0
39 31 16 0
4 25 38 0
-2 38 -45 0
-8 -28 -27 0
34 3 -19 0
-34 -11 -13 0
-44 35 27 0
-22 40 -47 0
49 25 48 0
24 -49 -41 0
23 -28 7 0
-9 -28 20 0
-11 11 28 0
-12 33 41 0
-9 -6 11 0
11 -4 24 0
16 42 13 0
-17 -11 5 0
44 25 13 0
-33 43 45 0
-6 45 32 0
-26 -16 44 0
33 13 36 0
-2 -17 -26 0
-20 7 18 0
-15 46 36 0
37 47 5 0
15 -17 -50 0
39 -50 -22 0
-40 -28 17 0
-31 29 45 0
6 23 -5 0
49 23 -3 0
-33 -24 43 0
7 28 -28 0
35 9 -14 0
-45 -35 -14 0
9 29 -12 0
15 10 41 0
47 -17 -50 0
49 25 -2 0
-24 -6 -31 0
-17 41 -45 0
-12 41 -46 0
20 11 46 0
-38 -13 29 0
28 49 17 0
-48 23 30 0
-27 -47 -23 0
-7 -32 3 0
-4 33 2 0
-12 48 -14 0
1 -49 -26 0
43 -9 -46 0
21 38 -24 0
48 41 21 0
-38 38 19 0
27 -21 12 0
40 -9 49 0
-8 -10 22 0
26 24 -49 0
-2 4 40 0
-9 2 -30 0
32 17 -49 0
-13 19 13 0
12 21 -10 0
22 -1 -6 0
28 45 6 0
-35 22 -15 0
-46 -4 -20 0
27 -43 39 0
8 37 -46 0
-18 28 16 0
-9 44 -6 0
36 -35 22 0
10 -10 28 0
-40 5 39 0
-10 8 -27 0
20 -4 30 0
11 41 5 0
-1 49 38 0
-34 33 -6 0
-9 -11 2 0
37 11 -21 0
31 44 50 0
41 24 -42 0
-13 32 -42 0
-13 35 30 0
50 23 -46 0
-8 -11 -37 0
12 -32 27 0
47 -28 33 0
-46 30 -3 0
-23 31 36 0
14 30 -9 0
-10 -6 3 0
-34 -24 46 0
-3 -23 -5 0
-10 -15 -7 0
-26 31 47 0
11 45 22 0
-18 13 33 0
-46 5 7 0
50 26 -43 0
-22 12 -24 0
47 36 -12 0
-27 -8 -36 0
-48 9 -21 0
17 -43 -42 0
-10 -27 -3 0
-2 47 13 0
-21 41 29 0
37 -1 39 0
-12 -42 24 0
19 9 36 0
-11 -47 14 0
26 36 -11 0
-38 -35 -2 0
-16 40 28 0
12 -13 43 0
-23 4 31 0
-13 -27 -30 0
-46 41 -16 0
-39 -34 44 0
-9 10 -1 0
25 -27 34 0
43 -3 38 0
-22 -50 -15 0
4 46 -30 0
18 8 -46 0
-49 -24 33 0
27 44 14 0
18 48 -15 0
-8 -22 7 0
35 5 45 0
-37 12 23 0
-13 38 10 0
41 10 17 0
-50 12 14 0
36 -26 -29 0
11 1 28 0
8 -1 -20 0
14 -46 16 0
-25 42 6 0
-20 -29 35 0
35 8 31 0
-21 -30 -10 0
11 13 -42 0
-34 19 35 0
25 13 -40 0
40 8 46 0
-33 -3 23 0
-7 22 35 0
-28 -34 41 0
-50 44 -44 0
-50 -33 7 0
-4 12 -15 0
-46 18 -6 0
50 5 3 0
-26 25 10 0
-31 -37 20 0
-43 8 18 0
23 -9 29 0
33 7 5 0
26 44 -31 0
-18 14 48 0
-23 -23 -13 0
-3 -21 -45 0
33 -30 43 0
25 -15 43 0
-27 27 24 0
-37 -47 -46 0
-10 39 -25 0
12 36 -35 0
-22 -8 48 0
29 -33 -1 0
-38 23 -42 0
2 -31 40 0
6 -30 -16 0
14 -36 7 0
-4 -48 -37 0
-10 12 34 0
-49 -18 30 0
-34 3 -6 0
30 45 34 0
39 -44 2 0
28 25 2 0
28 -25 -32 0
-23 11 47 0
-50 17 -18 0
-13 -1 -4 0
-39 7 19 0
5 37 14 0
43 27 -15 0
10 -16 -27 0
-42 10 -1 0
18 -41 28 0
-47 49 -32 0
35 -45 39 0
-50 -50 -37 0
-26 25 -19 0
-7 18 -14 0
-16 3 48 0
38 -20 29 0
5 36 46 0
2 5 -10 0
30 13 -3 0
20 -16 -2 0
41 36 37 0
-39 3 39 0
-31 -49 24 0
34 48 -25 0
46 4 -14 0
-23 -29 37 0
-30 32 9 0
-42 48 -14 0
-15 -39 20 0
-12 7 12 0
48 41 20 0
-47 9 -32 0
-40 -31 23 0
-18 5 14 0
47 -25 40 0
15 -25 -28 0
14 26 -30 0
-14 -9 -45 0
50 11 11 0
35 9 39 0
8 23 2 0
20 -33 -26 0
40 -9 -40 0
-24 -38 37 0
-3 -30 22 0
-42 -46 -43 0
7 16 -8 0
40 18 -50 0
-31 19 40 0
19 35 -1 0
-2 -23 -25 0
31 -13 -3 0
26 45 7 0
42 -21 -14 0
-30 -27 40 0
21 -24 -4 0
-44 44 31 0
38 25 13 0
13 -6 11 0
-46 -2 -38 0
12 -24 -18 0
42 32 43 0
-37 -30 -3 0
45 10 19 0
11 46 43 0
38 -26 45 0
28 -9 13 0
20 21 16 0
31 3 -6 0
18 -41 26 0
-4 38 -18 0
-28 12 -28 0
-10 49 18 0
-43 -24 27 0
18 -44 -40 0
-36 5 -6 0
-36 -46 -35 0
-36 -31 -8 0
-11 -39 20 0
-32 11 3 0
-10 8 -49 0
-13 7 -39 0
9 2 44 0
19 26 34 0
3 -32 -34 0
-31 41 46 0
