c CNF generator v0.9
p cnf 50 300
-25 -30 18 0
19 -45 -3 0
29 44 28 0
13 41 -45 0
-16 -48 -39 0
-42 -42 1 0
8 15 -5 0
18 21 -8 0
-41 -19 15 0
-41 15 38 0
49 -35 -14 0
-43 -29 -50 0
-26 -21 1 0
48 -19 41 0
48 43 39 0
14 25 -37 0
33 -9 49 0
9 -13 13 0
-23 10 41 0
-30 38 46 0
-23 18 -27 0
-35 -29 -41 0
-38 42 23 0
11 -42 -36 0
9 39 11 0
32 45 47 0
-26 32 -9 0
-12 30 14 0
19 32 48 0
32 -13 -11 0
-27 -16 19 0
-43 49 24 0
44 15 -45 0
-29 21 -23 0
21 48 -30 0
7 46 -32 0
-8 21 27 0
42 -11 -47 0
45 -21 -27 0
-5 -18 7 0
19 10 -8 0
45 -49 -27 0
7 -10 -14 0
18 -1 8 0
22 1 -4 0
-29 35 7 0
-35 5 50 0
-42 16 15 0
-33 -31 19 0
38 40 18 0
47 -21 -40 0
-47 19 -34 0
50 -10 2 0
47 -23 -23 0
37 -27 44 0
27 -17 -10 0
-46 -49 17 0
32 -41 8 0
-20 43 21 0
-27 10 41 0
45 45 31 0
16 -32 -4 0
-5 -37 13 0
12 32 3 0
36 4 15 0
-34 -29 7 0
27 8 -17 0
2 44 43 0
8 23 -22 0
23 -40 -33 0
-20 22 39 0
49 -19 -23 0
-39 -42 26 0
32 -48 -16 0
27 27 17 0
31 -49 -1 0
-11 -26 -28 0
23 -3 -12 0
-49 4 -15 0
32 7 -41 0
-42 -25 6 0
23 -8 -38 0
-11 -30 25 0
21 -40 -29 0
15 -2 45 0
-47 20 14 0
-28 48 -7 0
-8 46 -12 0
-49 29 19 0
36 38 13 0
19 -29 9 0
-19 -18 -14 0
-6 -42 25 0
1 -15 41 0
29 -33 -12 0
50 -33 17 0
19 27 50 0
-31 -1 -5 0
3 -12 33 0
49 38 19 0
-28 41 30 0
-5 -7 35 0
-44 -40 13 0
-42 -8 18 0
39 -41 46 0
14 38 -5 0
7 -31 -28 0
-24 29 -49 0
13 -36 47 0
-35 26 32 0
-2 -37 11 0
44 -22 -13 0
-36 38 -17 0
33 3 -28 0
-29 28 -15 0
-7 -37 50 0
-6 -45 39 0
8 16 -42 0
10 11 -12 0
31 39 20 0
-17 -3 19 0
10 17 -2 0
-27 36 25 0
-34 32 33 0
14 -48 -20 0
-47 -16 -3 0
-4 -24 -22 0
-34 2 -14 0
-31 41 -37 0
-6 1 -14 0
9 12 -48 0
-42 5 12 0
18 29 -39 0
7 46 -19 0
35 -19 45 0
-36 -39 -47 0
9 -49 -40 0
33 34 50 0
30 35 -5 0
29 -2 -4 0
23 19 23 0
-24 -4 -24 0
-14 -26 -18 0
37 -23 9 0
41 -16 -10 0
-11 -48 -50 0
-34 -24 -20 0
-27 36 27 0
-25 29 7 0
-20 -8 -31 0
-35 6 1 0
-37 50 -43 0
-38 27 45 0
-40 -28 1 0
-3 -48 9 0
-40 -39 31 0
-5 16 36 0
-14 -37 -41 0
36 26 -45 0
-8 35 24 0
9 -35 30 0
-3 22 16 0
15 -27 -25 0
49 -14 -28 0
-30 -43 -3 0
-33 -2 -15 0
31 -13 41 0
39 6 -44 0
-50 -40 -6 0
-36 -32 41 0
48 41 -20 0
41 10 11 0
-16 -32 1 0
29 10 -36 0
27 19 -14 0
27 -8 -26 0
50 -13 -41 0
1 26 22 0
32 -8 34 0
-5 26 -8 0
-2 32 -18 0
-49 33 33 0
-27 15 6 0
-17 3 17 0
1 -32 25 0
-1 31 15 0
-20 -47 -21 0
36 21 -42 0
20 8 12 0
-3 -4 -50 0
-35 -7 -20 0
8 32 36 0
-25 39 49 0
8 -5 -1 0
-14 -28 29 0
-24 36 15 0
-3 40 -3 0
-43 22 -49 0
-29 -39 -39 0
23 -37 27 0
-36 -32 -48 0
7 46 -33 0
-25 21 34 0
-46 -38 26 0
50 -9 -16 0
-12 -19 18 0
-48 42 -46 0
32 17 22 0
-37 27 -44 0
33 36 42 0
-29 39 42 0
28 -17 36 0
-30 17 -34 0
-41 -36 26 0
-17 -9 29 0
-39 32 -7 0
25 -20 29 0
-13 -2 -19 0
-30 -4 -10 0
-2 8 28 0
-31 -50 -12 0
-36 5 -17 0
-28 45 3 0
-46 11 -4 0
37 -25 12 0
50 27 29 0
-39 15 -32 0
-22 -29 24 0
48 25 33 0
15 37 -4 0
-7 -47 24 0
-39 26 37 0
47 32 -40 0
22 -25 6 0
41 6 37 0
-20 5 1 0
-31 12 44 0
44 -9 12 0
23 21 50 0
-6 -16 27 0
-48 28 43 0
32 50 -2 0
-8 -28 30 0
-25 1 41 0
10 4 38 0
8 -43 -23 0
-43 -30 -9 0
6 -35 -17 0
33 49 39 0
40 40 11 0
23 -23 14 0
36 -44 -23 0
14 -42 -50 0
-31 48 33 0
-25 -6 -50 0
-16 37 16 0
-1 -28 -18 0
4 36 -37 0
-17 30 31 0
26 31 -17 0
46 -42 3 0
47 -43 20 0
-47 39 -24 0
-43 46 -18 0
-4 -25 16 0
-12 17 -22 0
-10 -44 45 0
-25 -2 -33 0
-43 22 43 0
45 -17 28 0
20 7 2 0
-10 -18 21 0
-32 -13 -3 0
28 48 11 0
-22 7 24 0
-40 -29 -27 0
-7 -33 43 0
20 -50 -28 0
-5 16 25 0
2 -31 -19 0
10 35 4 0
8 -49 -41 0
-44 6 -23 0
-35 -17 -24 0
24 -13 -16 0
-2 -24 12 0
-18 -25 13 0
-11 -12 23 0
-47 20 -31 0
14 -9 -3 0
-10 16 -45 0
34 -17 16 0
-17 -29 45 0
34 -37 27 0
-39 -15 -43 0
-47 -23 -6 0
-27 -34 21 0
33 -8 10 0
5 -5 17 0
46 11 20 0
