c CNF generator v0.9
p cnf 50 300
-47 -42 -13 0
-23 -38 -25 0
21 41 -15 0
50 17 37 0
-33 -12 -41 0
30 -10 -39 0
-48 -8 47 0
29 45 28 0
-27 -23 45 0
27 -43 10 0
-11 42 25 0
22 16 10 0
6 -41 -48 0
-12 17 37 0
-4 -39 -33 0
50 -5 -44 0
-11 -27 35 0
-47 8 -48 0
22 -25 19 0
19 22 33 0
14 17 26 0
1 1 15 0
-17 7 -49 0
-44 11 -42 0
-26 -44 22 0
-1 -30 46 0
44 45 21 0
-25 -1 -48 0
-11 40 15 0
-9 -15 -19 0
9 -33 40 0
-4 19 35 0
10 24 40 0
27 -43 5 0
-37 -33 -16 0
-50 41 -48 0
-35 -49 37 0
39 41 -1 0
-48 -6 -38 0
34 -16 29 0
-14 -36 -16 0
-42 -25 50 0
46 35 6 0
29 43 40 0
-1 -44 1 0
-11 -41 -21 0
38 8 -42 0
44 -22 -37 0
1 49 -12 0
-31 46 13 0
9 25 -27 0
-3 24 -2 0
33 -24 -21 0
-36 -5 26 0
-20 -20 19 0
-23 30 37 0
20 9 25 0
-41 41 36 0
36 -15 27 0
31 -31 -43 0
29 -17 -44 0
47 -50 -37 0
13 1 50 0
-10 -6 28 0
45 6 -35 0
-28 33 1 0
10 39 5 0
33 -36 -44 0
19 27 -24 0
-15 3 -26 0
-30 9 35 0
-5 18 3 0
14 20 -47 0
-44 -1 -48 0
31 13 -8 0
-19 -9 20 0
43 -50 44 0
-9 8 49 0
3 -43 -40 0
8 -4 -17 0
-43 -30 15 0
-13 -36 24 0
22 45 29 0
35 26 -49 0
28 -34 19 0
37 -5 35 0
30 10 45 0
-42 -33 -6 0
31 -1 32 0
-30 -40 -25 0
6 34 36 0
-45 -42 -25 0
33 49 8 0
41 -18 19 0
43 40 39 0
-44 -18 -29 0
14 -25 6 0
10 -38 -34 0
27 24 -20 0
-28 -4 31 0
-11 -47 -18 0
-40 42 -48 0
-21 -41 40 0
-35 5 -2 0
-23 14 20 0
-19 -11 50 0
12 10 49 0
50 -3 10 0
16 26 18 0
-33 22 -30 0
-19 18 -33 0
48 -36 -49 0
-18 -47 -20 0
22 -21 24 0
14 -8 30 0
-11 31 39 0
13 17 -31 0
2 17 -20 0
-34 -39 -11 0
-34 -12 5 0
-11 8 32 0
-46 37 8 0
-39 25 -26 0
-42 48 -20 0
5 21 37 0
21 -33 -29 0
-11 -40 35 0
49 -26 7 0
-18 7 7 0
31 14 14 0
5 -40 -25 0
49 -7 -45 0
41 15 -21 0
22 43 47 0
-15 -37 -30 0
-33 20 -38 0
2 15 16 0
10 -31 14 0
-3 50 -26 0
21 42 8 0
23 6 -35 0
-17 -17 -38 0
-49 -35 -17 0
-43 -36 23 0
50 -20 10 0
-19 48 -12 0
-36 -23 -12 0
-10 -46 -40 0
31 -11 42 0
31 7 5 0
-4 -15 -12 0
44 -23 42 0
7 -25 -15 0
35 30 31 0
-2 -10 50 0
-16 -29 -4 0
-43 -25 -11 0
40 27 -22 0
-33 -4 -6 0
16 -36 42 0
37 44 35 0
34 41 -23 0
-47 -25 -19 0
14 26 5 0
-34 27 29 0
-31 -45 45 0
28 31 3 0
23 33 3 0
-23 -16 45 0
46 47 33 0
35 -44 26 0
18 15 -39 0
-2 21 19 0
3 -8 49 0
5 43 -3 0
5 44 -33 0
-27 -1 23 0
-10 20 32 0
50 45 -32 0
-23 -39 36 0
-14 -10 -31 0
7 -35 -49 0
-16 -42 -8 0
4 -32 40 0
11 -24 -16 0
31 23 29 0
-35 -6 -26 0
35 -20 -21 0
-35 -42 11 0
-30 3 31 0
-43 -32 -47 0
9 4 13 0
13 22 -46 0
17 9 -25 0
6 32 10 0
-5 -24 -19 0
19 -42 18 0
-6 -32 10 0
-44 43 8 0
36 24 -6 0
-6 37 43 0
-6 23 9 0
-40 24 24 0
5 26 25 0
-9 -44 11 0
-27 -6 11 0
-8 -48 -21 0
-2 -46 -10 0
-11 15 35 0
-32 47 -44 0
-41 -48 31 0
-20 27 -31 0
-44 -46 10 0
-10 39 12 0
-44 8 -7 0
-3 -45 45 0
6 7 -46 0
50 5 7 0
49 11 -8 0
31 -15 40 0
1 -48 29 0
-11 9 45 0
5 -38 36 0
-40 -50 34 0
-20 -27 -28 0
-42 -37 30 0
26 -47 12 0
-8 5 7 0
-43 48 -23 0
11 -33 17 0
50 42 6 0
23 30 25 0
-39 23 22 0
-22 48 -6 0
-22 16 -41 0
-44 -19 10 0
31 -36 -41 0
9 49 -10 0
6 -18 -19 0
5 46 33 0
-40 -11 -36 0
-46 -12 41 0
-14 -18 -38 0
48 15 -33 0
-24 -10 -21 0
-36 38 36 0
7 -18 -45 0
-33 -24 -21 0
-30 -8 -22 0
31 48 42 0
-39 42 50 0
40 -48 48 0
49 -14 -3 0
18 -29 24 0
36 -48 36 0
-16 1 -24 0
-18 1 -42 0
10 -39 -19 0
-23 -42 -40 0
-2 37 44 0
16 9 -2 0
24 31 37 0
-3 -10 28 0
-12 11 -16 0
37 19 -38 0
-33 28 -44 0
22 -43 36 0
-5 -46 46 0
24 -21 -5 0
-20 34 -45 0
-13 7 40 0
22 13 42 0
15 -33 20 0
38 43 29 0
40 -1 32 0
28 -40 3 0
20 -6 -40 0
-41 11 19 0
37 -44 30 0
40 44 21 0
-12 -21 20 0
46 10 -39 0
25 -41 -2 0
-4 -15 40 0
-34 -26 -39 0
-29 15 -3 0
-10 -2 29 0
-47 27 -24 0
-42 -23 26 0
-40 -13 -38 0
-4 23 26 0
-21 26 46 0
41 9 47 0
-18 -41 -23 0
-43 -31 -16 0
-25 24 40 0
-30 35 -20 0
-42 5 35 0
49 31 -49 0
19 11 47 0
