c CNF generator v0.9
p cnf 50 300
12 13 -45 0
33 -47 21 0
-10 -26 -24 0
-43 14 1 0
-23 13 -40 0
-13 -4 44 0
15 24 -22 0
-32 13 32 0
40 4 14 0
33 12 49 0
-17 47 -37 0
-27 -14 -36 0
-16 -26 -33 0
36 -12 -26 0
13 -1 -21 0
-19 -36 7 0
5 -41 48 0
-33 32 -45 0
-47 29 -36 0
46 15 7 0
-50 12 -22 0
33 -22 31 0
-41 -25 -23 0
17 -22 10 0
-5 31 48 0
-11 13 20 0
42 -40 -14 0
-16 35 -50 0
32 33 -46 0
35 -14 35 0
18 22 41 0
-48 50 35 0
33 -36 -1 0
28 -28 -21 0
37 -45 -21 0
-3 30 -24 0
9 19 -5 0
-20 -39 21 0
26 10 44 0
1 -44 48 0
10 -13 -49 0
18 -29 -48 0
-11 -12 35 0
-24 16 -23 0
-42 -8 -50 0
43 -6 -34 0
47 -4 -25 0
-46 -48 13 0
30 9 -15 0
45 7 -26 0
-23 -42 50 0
-21 -11 24 0
6 -8 35 0
5 10 43 0
-48 21 -48 0
42 -25 34 0
-18 13 -15 0
-49 -13 -29 0
1 31 -39 0
22 -33 26 0
-43 16 47 0
1 45 -29 0
-35 -23 -49 0
50 -4 3 0
50 33 -2 0
-6 -32 -29 0
-41 -13 10 0
11 32 9 0
-4 -32 -40 0
-50 -32 -46 0
-8 20 -8 0
-27 41 50 0
-19 9 44 0
33 6 20 0
36 -50 -2 0
2 38 2 0
50 -49 -46 0
-30 39 -46 0
-6 -32 8 0
11 30 37 0
24 24 50 0
-44 -5 30 0
48 -17 36 0
-28 -31 50 0
-17 -41 46 0
-41 -24 -31 0
-18 -32 25 0
-37 11 -1 0
26 7 -31 0
-47 39 13 0
-39 28 -17 0
-24 25 2 0
40 -15 -43 0
44 9 -50 0
6 45 32 0
-31 -6 1 0
-20 -16 34 0
-8 33 -17 0
42 -40 33 0
-41 40 -38 0
29 -6 5 0
42 -13 38 0
-19 12 13 0
30 -8 -15 0
34 1 -40 0
44 -47 -38 0
34 48 -21 0
1 -24 -28 0
32 -35 -30 0
-30 5 38 0
-8 -15 35 0
26 -30 33 0
-14 -22 -36 0
-24 -6 11 0
-18 3 -43 0
8 33 -49 0
49 -25 -27 0
17 28 -50 0
35 24 -24 0
-3 -30 25 0
-20 16 30 0
48 25 -8 0
-23 -15 -33 0
22 37 -20 0
-3 44 2 0
12 -50 -28 0
44 -33 24 0
-31 19 -31 0
-35 -8 1 0
46 -5 4 0
27 11 4 0
12 -50 -11 0
13 -10 -10 0
-10 -46 39 0
9 -43 -39 0
12 -40 -2 0
-37 -7 -29 0
42 38 -40 0
50 -3 -47 0
-29 -49 -37 0
-4 -26 -49 0
30 12 2 0
13 -3 -23 0
-36 -13 -36 0
-41 -19 -33 0
-41 46 47 0
9 12 25 0
1 -42 18 0
-14 -7 -40 0
-36 11 -29 0
37 23 -5 0
-27 10 -6 0
-4 -10 17 0
-14 -39 -16 0
-27 24 -47 0
-12 -39 -20 0
-46 -1 -4 0
-6 -26 46 0
9 -19 -30 0
-5 -35 50 0
27 39 -42 0
-36 -12 -50 0
-42 2 -18 0
-9 -38 16 0
50 -16 22 0
-48 -39 -25 0
24 -46 1 0
9 -49 20 0
-46 5 -42 0
-27 -32 -28 0
14 2 44 0
-26 27 -19 0
-4 13 13 0
-22 17 7 0
17 -2 26 0
39 10 4 0
-20 4 -48 0
39 38 41 0
-10 -32 13 0
23 -44 -37 0
-6 12 41 0
-39 3 26 0
33 -20 15 0
50 -45 -36 0
19 -12 -2 0
-12 -40 9 0
-3 14 31 0
-17 34 48 0
-29 1 22 0
38 6 -40 0
-1 29 10 0
9 20 -3 0
-5 -31 47 0
-27 17 25 0
-43 13 49 0
-2 -9 40 0
-10 -48 17 0
-43 -9 14 0
-20 -5 34 0
41 -21 -45 0
-45 -22 -49 0
1 25 39 0
12 -45 -17 0
9 -11 -38 0
-22 -48 -37 0
-21 24 -17 0
41 -38 -2 0
-33 -6 -13 0
-38 -31 -46 0
-1 12 37 0
-1 19 14 0
-50 -9 -12 0
5 -41 3 0
12 43 -9 0
9 -23 49 0
-11 1 32 0
-27 -46 30 0
-45 50 4 0
27 4 11 0
-23 36 40 0
-35 32 29 0
-6 -20 -30 0
-17 30 -18 0
37 17 -37 0
-31 -10 -1 0
5 44 33 0
-14 -1 33 0
-47 22 -13 0
30 -41 -15 0
44 -18 -44 0
-44 6 -17 0
-40 13 -10 0
25 -2 -33 0
-5 15 19 0
-42 47 19 0
48 40 -14 0
-19 23 -42 0
-37 -49 -14 0
43 24 -3 0
-46 -15 -23 0
37 -6 21 0
-39 22 5 0
5 33 1 0
-20 -7 -49 0
-28 39 -36 0
30 -32 37 0
-33 40 -8 0
-42 -39 16 0
11 15 -23 0
27 19 -47 0
37 -24 -29 0
36 -39 15 0
-4 30 37 0
-22 -32 -50 0
-5 -24 39 0
-20 8 17 0
44 28 -24 0
-48 -23 50 0
-45 -33 -5 0
37 -22 35 0
-34 10 -6 0
-5 -26 -12 0
28 -17 40 0
-21 43 44 0
38 23 -44 0
47 46 12 0
-8 32 -6 0
49 -39 22 0
31 36 23 0
21 38 -48 0
35 42 34 0
-8 46 -49 0
-36 -34 -22 0
25 48 -36 0
34 7 -2 0
35 -8 -16 0
-49 31 40 0
38 19 46 0
-41 -4 44 0
-40 -17 36 0
38 -24 -42 0
38 -32 12 0
6 -30 12 0
44 26 19 0
46 1 38 0
10 -22 -6 0
47 25 -49 0
-3 -13 7 0
-49 41 -44 0
-50 20 21 0
-21 13 37 0
-22 41 1 0
16 -42 -16 0
34 34 24 0
-40 37 -45 0
37 45 32 0
22 -39 -22 0
-20 -2 18 0
-41 -13 -28 0
1 -4 -3 0
