c CNF generator v0.9
p cnf 50 300
3 -9 40 0
-11 30 -30 0
15 15 -15 0
-45 -48 -35 0
8 27 -38 0
25 -19 -48 0
-31 -27 5 0
-9 2 -12 0
50 -19 -41 0
47 16 -43 0
42 12 39 0
-29 -20 14 0
44 -36 28 0
-43 -9 -45 0
49 -42 -37 0
43 50 -17 0
-3 17 41 0
12 45 45 0
4 42 11 0
28 -43 10 0
-36 4 -6 0
-7 13 44 0
50 -29 48 0
35 47 11 0
32 -15 -49 0
49 7 -20 0
-35 40 -23 0
-23 -12 -49 0
-4 29 45 0
-10 4 -1 0
-3 35 -30 0
22 -11 14 0
-3 10 -34 0
26 4 38 0
20 3 -34 0
-3 -15 31 0
-19 -40 26 0
-49 -7 44 0
20 6 -26 0
5 -25 28 0
-1 -4 30 0
-49 -47 -21 0
-19 23 12 0
7 28 34 0
6 35 6 0
-21 -49 -13 0
39 48 -29 0
-45 25 14 0
-44 -22 -8 0
-46 17 -11 0
39 14 -48 0
-34 38 -30 0
-30 38 -50 0
-38 38 30 0
23 -43 -2 0
-1 -11 -43 0
-33 -23 41 0
-37 -37 29 0
-36 -48 35 0
46 -26 -3 0
8 40 -13 0
14 -35 -39 0
39 48 -28 0
-18 -9 -19 0
15 -47 49 0
-7 37 14 0
-7 45 -36 0
23 -18 37 0
-7 -29 40 0
-7 6 -30 0
50 -27 -15 0
16 43 17 0
-45 -8 12 0
-37 -18 17 0
-24 -37 -45 0
-18 -42 -20 0
33 -42 30 0
-32 -29 12 0
-19 39 48 0
-37 45 -4 0
-47 -26 2 0
-27 30 31 0
-34 49 46 0
34 -21 27 0
-36 24 11 0
36 34 -23 0
-28 32 -28 0
31 -36 -28 0
-30 47 -32 0
-36 47 25 0
-43 30 -37 0
-14 -32 35 0
-47 -3 22 0
32 -44 -18 0
-20 -23 25 0
30 -20 -24 0
31 6 -12 0
-16 -23 17 0
22 -47 -19 0
-29 16 16 0
26 32 -34 0
-38 -10 -2 0
23 31 -38 0
-30 43 32 0
18 -45 -33 0
21 37 -23 0
-35 -4 44 0
-31 28 -44 0
-38 -45 48 0
-2 -45 22 0
-24 -19 -5 0
-2 -13 50 0
-18 -41 -43 0
33 48 19 0
23 3 12 0
-41 -38 13 0
15 2 -45 0
-36 -15 49 0
14 -40 -1 0
45 -42 39 0
-46 -11 -4 0
-11 -27 -7 0
-4 -2 -11 0
43 -30 45 0
43 28 24 0
-14 -49 -50 0
-26 21 -13 0
-26 -6 48 0
-45 32 36 0
31 12 39 0
-45 42 -46 0
-4 4 -21 0
-50 9 -35 0
-38 -24 18 0
16 21 48 0
-13 15 -10 0
38 -22 49 0
-42 -5 -10 0
-6 26 2 0
8 32 13 0
13 -33 39 0
-25 49 -6 0
50 32 46 0
4 49 26 0
27 -33 -32 0
-34 43 -43 0
34 -11 22 0
22 27 -34 0
-31 -2 -42 0
-42 24 26 0
-13 -40 -37 0
-2 20 -20 0
-6 45 -10 0
-42 -21 -11 0
-44 24 8 0
-8 -10 24 0
-46 24 33 0
-10 1 -37 0
-42 -7 -27 0
48 -6 19 0
45 16 33 0
6 -36 6 0
-48 44 -37 0
35 -11 -43 0
36 42 -10 0
27 -32 5 0
-22 -41 -27 0
-38 -31 42 0
-13 13 -41 0
26 -6 -2 0
-46 47 25 0
30 -20 -19 0
-19 1 50 0
-3 22 14 0
27 -42 1 0
-13 -5 49 0
-42 -8 1 0
-6 -16 -47 0
15 -47 -28 0
32 46 -23 0
-48 -6 26 0
12 -5 20 0
13 2 42 0
31 32 3 0
-47 34 -18 0
25 22 40 0
-7 6 14 0
21 -40 -43 0
44 -3 -25 0
-33 -8 -31 0
-29 30 15 0
-32 -4 -33 0
-9 -7 -20 0
-33 34 -10 0
-26 11 -26 0
-30 -42 -50 0
21 34 10 0
-11 -14 33 0
-17 10 -25 0
21 -39 -3 0
18 -44 15 0
-15 20 43 0
-23 23 -19 0
-41 33 -40 0
8 45 -14 0
41 -14 22 0
-19 -29 12 0
1 -23 -46 0
-38 40 2 0
3 -21 25 0
-13 33 -18 0
7 6 -44 0
-11 -43 15 0
-8 14 36 0
10 -4 -5 0
-36 2 -5 0
7 -30 22 0
-8 -36 -33 0
16 -23 -45 0
34 -43 17 0
-46 43 10 0
41 -48 20 0
28 32 12 0
22 -12 -50 0
-10 -13 11 0
25 -34 -30 0
-23 13 34 0
-32 13 20 0
-15 27 -5 0
26 14 48 0
-27 20 21 0
-24 13 -41 0
39 31 -21 0
-37 35 -39 0
-33 -41 -27 0
49 11 11 0
1 -43 27 0
2 19 11 0
8 31 -24 0
43 -29 -12 0
-7 26 35 0
44 26 6 0
-12 -22 -37 0
-13 -17 -35 0
6 -28 10 0
-10 7 4 0
-8 18 9 0
-43 -26 -10 0
17 35 -44 0
-31 3 -7 0
-46 -11 6 0
-38 -3 -32 0
7 -19 9 0
-32 24 26 0
-3 42 -38 0
17 -5 -44 0
48 -43 -10 0
-6 17 34 0
-39 -25 43 0
34 -5 -49 0
-13 41 -46 0
-15 40 22 0
29 -50 -43 0
19 -27 41 0
18 34 17 0
-10 -31 2 0
-18 -8 3 0
43 18 2 0
-21 -36 22 0
-43 22 11 0
33 19 -23 0
37 -19 -4 0
49 32 -2 0
14 16 -14 0
-38 -40 33 0
24 -47 -22 0
-31 40 -13 0
43 -44 -24 0
-42 48 26 0
-24 45 42 0
8 -26 -18 0
19 -38 -22 0
-46 -44 -1 0
1 26 30 0
-22 33 -42 0
-35 -43 -2 0
44 -15 5 0
-7 -19 21 0
-25 -46 8 0
22 -19 -40 0
-33 11 1 0
39 -27 -9 0
-16 -48 -31 0
4 -12 9 0
-31 36 -5 0
-16 -30 -20 0
15 44 50 0
-3 -15 11 0
-14 11 23 0
17 38 17 0
