c CNF generator v0.9
p cnf 50 300
-48 -37 7 0
-45 40 20 0
25 -37 22 0
-8 -36 2 0
-29 25 -26 0
6 11 -14 0
-17 -15 -13 0
-2 13 -31 0
38 15 -28 0
-11 44 -37 0
-27 -15 34 0
-14 -24 -41 0
11 -20 -18 0
-16 -10 -21 0
-46 11 19 0
-14 -41 14 0
-5 -25 -32 0
35 19 29 0
45 -22 10 0
-20 -1 -6 0
27 -46 47 0
25 40 4 0
13 3 -1 0
50 10 5 0
-24 36 -18 0
-12 -50 -46 0
26 -15 -1 0
-32 26 -35 0
-5 -16 3 0
10 33 -20 0
32 46 -14 0
6 -31 20 0
-42 2 -29 0
13 -49 17 0
-49 -4 -46 0
31 -2 1 0
-31 38 31 0
-20 -22 14 0
21 -27 -39 0
23 -14 11 0
33 15 -35 0
-9 -43 28 0
-9 18 -40 0
-26 18 -46 0
-7 -42 -29 0
-25 -2 -26 0
-10 24 -4 0
-7 4 15 0
-44 -17 -49 0
-45 31 -13 0
19 -19 43 0
24 38 -6 0
8 -9 29 0
35 1 -22 0
-2 -43 -27 0
29 -23 -33 0
-35 33 -6 0
46 41 -46 0
-5 4 46 0
15 -42 31 0
21 49 33 0
8 4 -27 0
6 1 41 0
42 -24 25 0
-5 -8 -50 0
-34 -47 1 0
37 4 -39 0
15 -47 37 0
-25 -10 -1 0
-8 19 20 0
31 4 -24 0
3 -4 -47 0
22 -2 -9 0
12 26 35 0
22 48 -20 0
4 6 -34 0
-2 -39 -39 0
-36 -4 -12 0
-41 -7 -16 0
-32 -44 -50 0
40 -11 8 0
-22 -46 -45 0
33 12 -3 0
37 19 46 0
48 -39 27 0
4 -27 17 0
-36 -42 34 0
-7 25 35 0
9 29 16 0
15 16 -10 0
-2 -22 49 0
-16 -41 27 0
-1 -24 14 0
-31 28 36 0
46 -19 -36 0
50 -49 10 0
3 -31 -22 0
-5 -29 -10 0
-27 -47 -10 0
28 5 37 0
13 10 -10 0
43 5 25 0
16 29 3 0
32 38 25 0
-19 14 24 0
-27 -27 7 0
30 7 -39 0
-16 -42 46 0
-4 39 -5 0
27 -11 46 0
35 -5 -7 0
-23 17 10 0
-41 -46 34 0
-30 -12 -9 0
-45 -30 -30 0
-21 -12 -40 0
-3 16 23 0
-22 40 -5 0
-31 13 15 0
7 -24 -39 0
2 18 -44 0
36 -43 3 0
-25 11 34 0
41 15 -29 0
47 35 -5 0
6 -47 23 0
50 -44 21 0
29 -4 3 0
17 16 -41 0
-15 18 25 0
32 3 -33 0
-9 34 45 0
-1 42 2 0
-28 45 5 0
31 -21 50 0
-7 -2 32 0
3 -36 -6 0
3 17 -44 0
37 39 14 0
11 34 5 0
9 5 3 0
-20 -11 -18 0
25 20 14 0
24 50 -5 0
-13 -24 -31 0
25 -42 49 0
-38 50 50 0
-45 -33 42 0
-20 -3 -49 0
-29 -28 40 0
-1 45 -8 0
-18 -38 -38 0
-50 37 -22 0
42 26 -47 0
-40 -34 -8 0
37 49 23 0
43 -33 38 0
29 -42 6 0
49 -24 -28 0
-21 14 -39 0
6 -29 -36 0
2 20 15 0
43 -13 6 0
-27 8 -36 0
-34 36 9 0
-48 -18 16 0
3 46 -14 0
48 -26 34 0
-47 -39 -30 0
-6 49 -4 0
-20 -24 -37 0
-45 43 1 0
-41 -8 48 0
-39 -30 -1 0
-23 -18 -35 0
33 -13 25 0
20 6 -25 0
-40 -8 45 0
14 -14 -49 0
13 -50 -4 0
49 12 18 0
27 35 -6 0
-16 37 -5 0
-30 9 -46 0
-44 19 -33 0
-25 24 6 0
10 17 30 0
-20 49 32 0
16 -48 7 0
1 -29 4 0
-5 -5 -22 0
-45 7 17 0
1 -28 -36 0
5 -9 -30 0
13 -47 22 0
16 45 38 0
-18 -6 33 0
-20 16 -13 0
-46 -20 -8 0
5 45 -17 0
47 -12 36 0
17 13 -34 0
31 17 25 0
-7 -11 -45 0
29 -3 36 0
6 26 7 0
39 -30 47 0
37 38 36 0
16 -1 48 0
-19 -6 -30 0
4 -2 -50 0
43 13 17 0
-4 -49 -17 0
-19 -28 44 0
13 -34 -33 0
-28 -36 17 0
-22 31 13 0
-15 -40 7 0
17 -8 -30 0
6 17 14 0
46 -36 10 0
-42 22 49 0
36 -3 -21 0
-14 46 26 0
42 -41 34 0
8 -11 -9 0
37 -3 -45 0
4 39 -25 0
-34 14 13 0
14 -3 6 0
22 36 18 0
44 -1 31 0
-27 -30 8 0
-31 -46 -50 0
36 8 -21 0
-18 -50 -42 0
-19 -33 -47 0
10 23 -25 0
40 -34 49 0
-25 12 -28 0
-47 -45 -45 0
49 20 44 0
36 -14 -29 0
17 45 43 0
-46 -5 20 0
8 -5 20 0
-8 -34 -32 0
-3 5 -30 0
34 49 -6 0
8 -16 34 0
27 35 8 0
-23 -44 -39 0
9 30 -17 0
22 -4 -27 0
33 -29 1 0
23 15 -24 0
-40 13 -48 0
12 -8 9 0
-33 29 3 0
25 -7 1 0
28 11 -21 0
-15 3 -19 0
-17 30 29 0
33 26 -6 0
-47 27 -10 0
-20 27 50 0
18 46 35 0
21 37 -48 0
-25 -38 -14 0
41 -26 -2 0
-36 40 -42 0
-4 -19 42 0
10 3 -40 0
-48 50 -31 0
-30 30 -44 0
33 44 -30 0
-17 -34 47 0
-4 -44 -40 0
-49 -40 22 0
27 10 17 0
-47 27 38 0
-31 -48 -41 0
39 -36 -35 0
-1 19 19 0
-15 -10 33 0
-39 21 -22 0
-2 35 32 0
-48 -27 38 0
-3 -4 -33 0
43 -42 33 0
15 -45 -50 0
-28 -37 -30 0
11 -21 47 0
-38 -32 -18 0
45 -46 -46 0
48 -9 -25 0
30 18 36 0
23 38 14 0
-43 21 -44 0
-24 18 29 0
