c CNF generator v0.9
p cnf 50 300
-44 34 12 0
10 -5 48 0
-48 -36 -42 0
3 -20 -16 0
-15 15 18 0
-30 18 -48 0
2 -3 32 0
6 -25 -45 0
11 30 -45 0
-12 17 -48 0
-28 -46 -39 0
-31 -1 4 0
-29 -7 4 0
23 -20 -10 0
6 -37 15 0
32 -4 29 0
2 28 3 0
-45 -13 -49 0
30 23 47 0
-44 41 42 0
15 -28 11 0
3 -50 -32 0
-39 39 -17 0
43 -4 35 0
22 48 -21 0
-29 8 -49 0
-9 -6 26 0
-40 27 43 0
30 -3 -2 0
-3 25 39 0
-2 -22 -25 0
20 8 24 0
-28 41 -49 0
27 -30 -44 0
-34 -42 -28 0
-9 20 45 0
38 26 -6 0
-41 -12 -33 0
-48 50 41 0
-15 26 10 0
-48 -35 23 0
-17 -46 48 0
-42 -37 -38 0
32 11 -29 0
24 -3 30 0
28 -48 -8 0
35 42 -45 0
-17 21 -31 0
10 -21 -22 0
16 20 -4 0
-29 -2 26 0
-3 -12 -21 0
-8 -36 -41 0
2 -24 -46 0
-33 48 -17 0
-28 -9 46 0
28 11 37 0
-16 -28 -49 0
-24 16 -1 0
-3 20 -15 0
-2 14 -23 0
12 -49 -27 0
-46 -16 -37 0
31 24 -14 0
29 23 12 0
5 20 -41 0
23 -17 -26 0
-44 -7 15 0
-26 -48 -34 0
19 -39 34 0
-42 16 -38 0
-33 47 -21 0
10 41 -10 0
-9 47 -50 0
-3 -23 38 0
-29 22 -32 0
-17 10 -10 0
11 -13 43 0
24 -32 14 0
6 21 -49 0
-38 -23 -4 0
30 -27 11 0
44 -38 13 0
-17 26 14 0
38 32 -13 0
-19 -26 7 0
3 6 26 0
-25 -16 -36 0
19 44 -12 0
45 -8 34 0
-33 -7 -35 0
-23 -2 -10 0
-32 -17 -25 0
34 -34 21 0
19 -35 5 0
-17 33 27 0
-19 23 27 0
16 8 -7 0
36 27 48 0
-45 -5 -2 0
25 -44 -42 0
21 -6 16 0
-10 -9 42 0
-36 28 -17 0
-29 -32 -36 0
48 12 -18 0
-34 -11 25 0
13 11 33 0
45 -2 2 0
-12 18 43 0
9 13 23 0
28 -34 31 0
49 -15 21 0
24 21 -28 0
48 -20 -40 0
-25 -8 -17 0
-33 27 -31 0
-3 16 35 0
-49 48 -33 0
24 -2 39 0
-34 -49 48 0
-25 -39 -18 0
24 45 -24 0
29 -21 23 0
-34 19 26 0
-7 -22 5 0
-10 -11 45 0
9 -10 -23 0
-34 43 -11 0
-10 -30 24 0
38 -6 -8 0
6 13 36 0
43 50 30 0
47 -15 38 0
2 -7 -20 0
-40 6 3 0
17 30 -10 0
-32 -38 -32 0
47 43 45 0
19 3 45 0
-20 41 26 0
11 -16 -46 0
-8 -40 -7 0
33 14 -28 0
-49 -43 -23 0
-21 -6 -23 0
39 -46 19 0
-11 29 12 0
-2 41 -10 0
20 -30 28 0
29 25 45 0
21 27 19 0
-30 -4 -47 0
-21 -37 37 0
-29 -24 22 0
5 -28 28 0
46 24 -32 0
12 13 -46 0
32 -20 -43 0
-15 10 40 0
5 -11 26 0
47 -40 30 0
-17 25 6 0
-25 12 19 0
-15 2 26 0
-17 50 19 0
-50 14 5 0
-3 8 -41 0
-17 -26 -3 0
24 -3 -5 0
28 -35 34 0
-19 -16 39 0
-37 -38 5 0
44 45 -37 0
25 9 50 0
45 -39 -49 0
-21 37 48 0
-24 32 -10 0
42 -31 -49 0
-25 -23 34 0
-5 25 34 0
44 36 44 0
2 13 -26 0
-32 -13 20 0
45 -41 -47 0
-31 48 38 0
14 50 -20 0
11 29 -42 0
-21 -48 -46 0
-37 -41 24 0
-13 -36 33 0
-15 -36 43 0
13 -9 48 0
37 -38 -3 0
-32 -18 49 0
12 -50 -42 0
47 45 13 0
27 49 41 0
-17 9 47 0
-27 25 -47 0
-33 46 -32 0
-48 -25 49 0
-39 6 35 0
34 -3 25 0
-29 42 -23 0
14 13 -47 0
-7 32 1 0
-22 23 -11 0
38 -47 2 0
-15 -13 -3 0
-38 5 14 0
-38 3 -1 0
8 -33 7 0
-43 -48 -4 0
8 -28 37 0
6 -41 -20 0
-33 -17 -38 0
45 -45 -37 0
35 28 -32 0
-37 32 14 0
3 17 31 0
8 28 -42 0
34 -3 -20 0
-37 2 38 0
-27 -1 -36 0
42 -42 -27 0
14 39 43 0
-18 23 -21 0
49 -35 -25 0
23 -31 6 0
-33 -20 -13 0
43 -21 -2 0
11 -44 -21 0
46 -29 10 0
-18 -20 -4 0
9 -29 41 0
45 22 4 0
-23 5 5 0
-18 44 15 0
34 9 -49 0
-3 32 28 0
3 26 -17 0
-11 15 -10 0
24 -30 7 0
25 -37 45 0
-11 -17 4 0
-19 -48 6 0
9 -49 -50 0
-42 -25 -1 0
-49 6 -28 0
-2 16 -44 0
45 35 18 0
-4 1 -34 0
19 -39 36 0
-46 18 10 0
43 -32 -41 0
38 46 -32 0
-39 1 -47 0
45 5 46 0
16 17 -8 0
-4 40 48 0
-6 20 2 0
-10 -13 -11 0
-38 1 -36 0
34 16 21 0
-43 -17 10 0
19 -7 13 0
-2 36 2 0
-30 34 28 0
-29 45 17 0
-28 7 35 0
-6 -45 8 0
-1 -23 14 0
48 18 46 0
38 -33 -33 0
-1 44 -32 0
-32 -13 34 0
13 13 -42 0
17 -9 -47 0
14 19 34 0
-31 -49 -50 0
2 43 -12 0
-14 42 -28 0
-8 43 15 0
-47 39 26 0
48 -4 15 0
14 15 -29 0
-14 -46 17 0
40 -50 -10 0
-47 -1 -3 0
31 -26 -43 0
43 35 -36 0
30 -46 37 0
24 18 -31 0
-11 -35 10 0
-5 -28 9 0
38 50 43 0
31 15 -16 0
31 -31 14 0
-40 47 20 0
