c CNF generator v0.9
p cnf 50 300
2 -20 16 0
10 37 -10 0
26 -50 -24 0
-18 11 37 0
23 29 -8 0
-44 -37 -40 0
24 38 -25 0
-26 -37 -37 0
5 -29 -22 0
-24 48 22 0
4 -39 9 0
41 42 -37 0
-37 -43 -48 0
-32 25 39 0
10 -2 -14 0
-46 50 -18 0
22 -11 40 0
-41 25 17 0
38 36 15 0
-23 41 40 0
40 4 21 0
4 17 29 0
-38 -49 30 0
44 -45 1 0
46 14 -25 0
-6 -47 -43 0
15 -13 39 0
21 6 -15 0
7 -11 11 0
14 8 13 0
49 13 -7 0
22 41 -50 0
9 38 -13 0
-20 34 -37 0
-11 -33 -32 0
27 -10 -27 0
1 35 12 0
-25 -29 40 0
18 14 -44 0
14 42 -11 0
40 -25 14 0
-46 43 -15 0
38 -29 7 0
6 23 -37 0
30 -30 26 0
2 34 36 0
-37 -14 -21 0
27 -43 -30 0
1 -8 12 0
-47 -46 32 0
-9 33 -26 0
-27 8 -17 0
4 34 1 0
19 33 10 0
-6 24 8 0
37 22 -11 0
28 5 -39 0
-19 19 -26 0
37 50 -37 0
17 8 -44 0
-11 30 5 0
-4 8 50 0
28 -16 -27 0
-9 -3 -45 0
12 -11 48 0
-29 -30 -35 0
16 -45 -10 0
25 -20 -40 0
42 36 22 0
26 -14 -46 0
32 -7 -47 0
11 -30 21 0
16 -36 -42 0
-31 42 36 0
-49 -3 6 0
-49 44 6 0
11 -18 6 0
30 42 38 0
30 9 4 0
20 47 -16 0
-37 15 37 0
-2 9 5 0
-48 20 -15 0
-45 -38 8 0
-15 -17 -37 0
17 -45 44 0
38 -6 -1 0
26 36 4 0
-35 -18 49 0
-15 26 -17 0
-20 36 -24 0
4 43 -46 0
39 -32 -47 0
-49 39 -26 0
5 -20 -49 0
20 -14 39 0
27 -22 14 0
-5 50 26 0
-5 3 -8 0
-30 42 -22 0
-42 -3 5 0
-28 -23 -26 0
34 49 25 0
-3 15 -24 0
12 28 -41 0
-47 40 43 0
22 -24 -40 0
-6 -4 -35 0
8 -8 -18 0
18 41 -34 0
3 16 20 0
13 40 41 0
25 15 -34 0
45 -30 -18 0
-42 22 -14 0
-25 -16 25 0
-6 9 31 0
6 27 -49 0
-8 -38 -12 0
-48 19 -44 0
24 6 50 0
39 -32 32 0
-1 13 50 0
33 -20 15 0
-10 -35 -7 0
-3 21 43 0
-8 41 -19 0
-43 44 -7 0
31 -49 -29 0
14 -22 36 0
-7 13 -32 0
-40 -42 -23 0
14 -47 5 0
-28 -38 37 0
12 23 -29 0
4 -3 39 0
48 46 -35 0
15 7 40 0
25 -27 -39 0
22 -13 10 0
22 -46 1 0
25 29 30 0
-39 -45 -3 0
-8 -40 -29 0
4 46 38 0
25 47 45 0
14 5 5 0
-1 22 21 0
15 36 20 0
28 5 31 0
-12 28 -37 0
-4 -31 -43 0
47 -43 3 0
23 17 -50 0
50 40 14 0
-44 29 -29 0
-8 -21 3 0
-39 -34 43 0
-7 -37 -25 0
-36 5 11 0
12 40 -1 0
4 -6 -29 0
33 17 -2 0
37 -30 -20 0
-28 -46 31 0
-11 11 22 0
-7 -31 13 0
-30 19 49 0
26 2 26 0
49 -47 6 0
-44 16 -20 0
-11 -4 41 0
-31 -20 -5 0
41 -37 -4 0
-34 -50 8 0
39 -4 -22 0
-10 -47 -22 0
-47 16 12 0
-1 -5 29 0
2 2 -20 0
20 37 -2 0
19 -15 35 0
9 -47 -15 0
30 31 3 0
-32 11 -37 0
6 36 -16 0
27 -33 -6 0
-39 48 26 0
-41 -16 -20 0
21 5 -10 0
3 18 -12 0
-9 -33 -19 0
20 -10 1 0
-8 -37 -23 0
-14 -23 15 0
-18 42 1 0
-6 -35 42 0
30 41 11 0
7 5 -43 0
-20 14 18 0
-4 10 -3 0
-17 -9 23 0
-12 -4 17 0
-41 -45 -1 0
-23 30 -22 0
-22 41 -3 0
42 -4 -24 0
-7 16 -48 0
-39 -28 32 0
43 -46 -38 0
-38 -32 46 0
-32 18 50 0
-39 -4 1 0
-8 -46 47 0
21 25 45 0
-21 3 -41 0
29 -44 -20 0
25 -33 49 0
11 29 -50 0
5 15 -12 0
-34 4 -27 0
5 22 -38 0
-44 25 28 0
45 -19 11 0
42 -29 -13 0
-12 -9 43 0
43 23 -30 0
19 38 -18 0
-31 3 5 0
-41 -50 50 0
-10 1 -17 0
15 -36 -14 0
-48 41 10 0
6 -11 36 0
-13 -23 -4 0
-11 15 -25 0
29 10 15 0
-28 -25 -25 0
47 35 -30 0
4 26 47 0
-24 49 -38 0
-25 49 25 0
15 -39 -42 0
-11 48 15 0
48 41 -8 0
45 -26 -31 0
-6 -29 -2 0
30 -17 19 0
-11 40 -19 0
-14 40 -23 0
10 43 28 0
-16 -15 -12 0
5 26 23 0
-22 -9 -10 0
-24 30 25 0
50 13 33 0
27 -45 -33 0
34 50 7 0
35 -8 -48 0
20 -21 1 0
-15 -13 8 0
17 -2 13 0
1 37 -37 0
-13 -39 -47 0
-37 -36 -23 0
-4 35 -27 0
-36 1 2 0
9 -48 33 0
15 -41 -7 0
-31 -9 -46 0
-19 19 49 0
-29 -6 14 0
-19 -24 36 0
-31 -21 37 0
-37 -36 -6 0
-29 -11 -1 0
8 37 -19 0
36 -37 -10 0
-25 -19 29 0
-17 -19 47 0
-34 -30 45 0
9 5 -2 0
22 46 49 0
40 -18 -40 0
40 -2 34 0
6 -8 -36 0
42 39 16 0
-16 26 -32 0
-39 50 -27 0
-3 40 -25 0
-42 50 29 0
50 -3 24 0
-33 -22 -48 0
-6 50 -23 0
-19 -8 6 0
31 35 -21 0
43 -39 4 0
41 -29 -36 0
8 47 -13 0
-23 34 -47 0
