c CNF generator v0.9
p cnf 50 300
30 -24 -1 0
-22 -9 10 0
8 20 -36 0
-10 4 -40 0
-43 35 20 0
44 2 22 0
20 19 -5 0
-33 31 -48 0
-42 31 -36 0
-49 25 33 0
-48 35 -24 0
2 35 14 0
-17 -2 -6 0
14 21 -27 0
50 18 14 0
-48 16 -24 0
-21 19 14 0
9 -23 3 0
-3 -43 43 0
-26 6 -9 0
-22 1 -23 0
-35 -13 -9 0
30 20 22 0
-11 -37 21 0
44 -9 8 0
-50 -9 -48 0
49 22 -8 0
-43 -46 -15 0
-3 -33 1 0
13 -28 45 0
-37 -7 -37 0
-6 1 5 0
49 -47 -16 0
50 -34 16 0
-17 2 30 0
39 -29 -40 0
26 17 -39 0
-42 11 -4 0
40 23 19 0
-11 -5 26 0
-3 -10 -12 0
15 -45 16 0
27 15 36 0
36 -37 41 0
15 13 22 0
-49 44 -27 0
-33 9 -22 0
-39 -38 -20 0
45 26 -39 0
-15 -19 -35 0
-30 -39 -12 0
-17 -47 3 0
14 33 -9 0
47 -29 48 0
-28 17 -17 0
-28 -3 -46 0
-46 -38 -44 0
-37 -50 20 0
4 -16 46 0
3 6 -30 0
-10 -27 48 0
19 -37 14 0
38 40 -18 0
-6 43 27 0
28 9 17 0
18 37 -32 0
48 -19 36 0
-6 44 22 0
-19 -34 21 0
42 -36 -43 0
-29 -50 -30 0
-42 -19 4 0
-19 26 20 0
48 45 -46 0
2 31 -49 0
-4 37 34 0
33 3 -39 0
-27 37 38 0
35 32 8 0
30 50 -24 0
35 47 29 0
1 -23 -8 0
41 -41 27 0
-11 28 -33 0
20 -27 30 0
46 2 11 0
-49 9 11 0
-27 37 -38 0
9 -5 18 0
49 15 -36 0
-13 23 1 0
-25 -49 -46 0
-13 19 -45 0
27 41 9 0
-48 -8 1 0
-9 43 -30 0
35 -32 -24 0
46 12 -44 0
47 46 -8 0
-12 -23 48 0
-37 -1 34 0
2 31 8 0
-37 -11 -17 0
-42 -15 -23 0
19 -21 -40 0
49 30 24 0
-13 -19 29 0
44 40 41 0
-16 12 -49 0
-16 -41 22 0
-24 -3 -33 0
-33 -40 -32 0
-13 32 8 0
-20 1 -32 0
-33 -12 42 0
35 -12 -48 0
44 -29 -45 0
8 22 5 0
-1 14 15 0
-36 25 -27 0
-24 -3 -40 0
-10 1 49 0
23 -41 3 0
24 11 -29 0
1 21 49 0
-48 -50 -33 0
-31 41 2 0
9 -27 19 0
37 41 -3 0
13 -37 -48 0
-17 7 -27 0
23 -22 3 0
4 -44 -29 0
-30 12 29 0
47 -40 -13 0
11 9 -44 0
-27 37 10 0
39 -34 3 0
-33 28 20 0
18 22 25 0
46 16 -36 0
-28 -10 16 0
31 3 -15 0
23 -32 -4 0
48 -40 -25 0
20 41 -24 0
10 27 49 0
-39 -1 -22 0
-29 -36 -50 0
43 -43 4 0
-10 2 38 0
3 -37 22 0
-35 17 -48 0
16 34 36 0
6 -13 25 0
21 11 -27 0
-6 -35 -34 0
7 -2 34 0
4 6 -8 0
24 -11 11 0
22 -24 -10 0
-44 18 47 0
4 18 -31 0
37 32 -10 0
-1 -36 16 0
10 -45 12 0
-38 -5 26 0
39 43 -21 0
-5 -8 -32 0
-5 -49 28 0
-44 18 49 0
30 -21 3 0
-23 -42 -7 0
-19 24 32 0
-1 -24 -31 0
-50 -22 -16 0
-22 -17 49 0
-47 43 -8 0
40 16 -46 0
-9 1 -31 0
-28 28 23 0
-24 -25 -50 0
46 3 14 0
46 1 5 0
40 8 18 0
28 6 -45 0
-48 48 -37 0
-48 26 -5 0
34 -40 21 0
15 33 -7 0
-21 -21 -19 0
9 -46 -43 0
-20 28 29 0
49 45 -43 0
-12 -10 3 0
46 -38 14 0
46 34 3 0
-17 38 21 0
-2 -25 9 0
-32 -24 -32 0
-13 38 -2 0
13 8 7 0
-20 43 36 0
-37 -17 -23 0
-7 16 26 0
-27 8 4 0
-30 14 14 0
18 23 23 0
27 -35 -26 0
41 -44 14 0
-14 -9 38 0
-37 26 -3 0
24 -22 4 0
5 -39 3 0
-42 -42 -30 0
37 26 -16 0
-1 -6 2 0
32 10 11 0
30 37 31 0
-45 -39 31 0
-17 -36 -34 0
-8 -10 -9 0
32 -50 23 0
36 16 49 0
-48 50 -47 0
-50 -15 14 0
10 47 26 0
16 31 -30 0
10 -15 40 0
13 8 -8 0
22 -40 4 0
-38 40 23 0
-25 48 -5 0
50 -41 5 0
16 -20 31 0
37 -32 -16 0
38 18 -27 0
14 -26 10 0
25 -37 30 0
13 -39 -44 0
48 42 45 0
-2 -38 -3 0
-11 -42 -48 0
11 -36 -11 0
-16 4 -23 0
32 38 24 0
-31 7 23 0
35 -46 -14 0
23 -19 -31 0
8 -44 -19 0
36 -10 11 0
-36 37 -41 0
39 -5 8 0
46 -19 27 0
47 20 -4 0
33 23 -34 0
15 -1 -16 0
-44 18 33 0
16 37 35 0
31 7 -6 0
-17 3 -1 0
47 41 34 0
15 -24 45 0
44 23 -31 0
14 -46 13 0
-24 28 42 0
30 -35 48 0
20 -43 7 0
-43 34 -27 0
-13 34 6 0
27 -39 49 0
9 38 31 0
35 36 23 0
-33 17 5 0
49 41 -23 0
-16 20 35 0
21 22 -46 0
-32 -26 47 0
-45 -24 -35 0
-50 -33 31 0
40 -1 -9 0
-22 40 5 0
-10 -8 -29 0
39 -40 44 0
45 -27 -11 0
-19 -32 -18 0
8 -34 46 0
-45 8 -17 0
39 19 -2 0
43 -30 50 0
-40 -13 6 0
-10 -3 32 0
3 32 35 0
17 47 15 0
45 -19 -19 0
-40 -6 47 0
-36 50 -6 0
-42 -25 24 0
22 -34 -26 0
26 -2 -42 0
