c CNF generator v0.9
p cnf 50 300
12 -9 36 0
26 -14 -36 0
-46 12 -40 0
-4 41 -14 0
-1 50 35 0
5 -25 -6 0
-25 21 2 0
-32 -22 30 0
-29 23 -8 0
41 37 14 0
50 -50 -3 0
13 -42 -36 0
15 17 6 0
29 6 -34 0
2 -14 17 0
-9 -35 -35 0
-33 14 35 0
42 -8 -9 0
26 -30 -29 0
-39 12 -24 0
37 -16 -33 0
-42 7 27 0
27 25 -7 0
-17 -1 20 0
-32 47 -49 0
-47 -4 16 0
40 -48 50 0
-3 -29 -6 0
-38 -28 39 0
-49 20 12 0
17 -33 39 0
-2 -43 27 0
48 41 31 0
-45 -40 17 0
7 -36 25 0
-41 -50 17 0
29 37 26 0
-48 1 32 0
-47 -25 22 0
-18 -20 -4 0
-16 -36 5 0
-41 42 -46 0
13 -23 -18 0
-39 36 24 0
26 -44 14 0
11 38 24 0
-36 -20 24 0
-18 37 -7 0
-34 -12 20 0
12 -3 44 0
-5 -10 -9 0
-29 -33 -48 0
-30 12 46 0
48 -28 -5 0
25 35 1 0
-31 -7 19 0
20 -44 5 0
-47 27 -49 0
-41 41 -12 0
17 22 -43 0
-44 18 -29 0
-46 13 44 0
-20 31 -31 0
-8 40 -45 0
12 -15 14 0
24 -34 26 0
32 -47 33 0
26 30 38 0
12 27 27 0
-20 35 36 0
-29 4 7 0
-29 -14 26 0
45 -19 17 0
-22 40 35 0
-30 -2 8 0
-14 -39 3 0
-37 41 3 0
-23 28 -8 0
23 -1 -3 0
8 41 -11 0
-18 -46 41 0
43 16 32 0
-27 44 -47 0
-26 36 -24 0
1 -49 46 0
11 31 34 0
-28 -17 -24 0
34 -47 -21 0
-30 -10 27 0
7 21 -36 0
-7 -20 31 0
-6 18 -21 0
9 -40 26 0
-26 -37 -33 0
-36 -5 -50 0
-50 -18 -44 0
-27 9 -39 0
-44 40 -19 0
32 -7 40 0
-46 5 26 0
-38 24 -37 0
-22 3 -1 0
32 50 -49 0
-46 -1 -38 0
18 38 -17 0
-3 -27 -15 0
12 9 -40 0
-8 -19 46 0
33 40 -38 0
21 45 -19 0
42 -44 29 0
2 -21 -49 0
39 -9 22 0
24 -25 2 0
4 21 34 0
4 -50 44 0
-44 4 -15 0
-41 18 17 0
-18 47 25 0
-44 9 48 0
2 -49 26 0
30 12 26 0
-22 16 -48 0
15 20 16 0
1 43 45 0
19 -19 -9 0
37 -12 24 0
27 46 24 0
11 10 20 0
5 -50 -38 0
-6 -22 -13 0
-6 -29 -21 0
-34 -6 -36 0
42 28 11 0
-38 2 41 0
4 -11 46 0
25 21 8 0
-48 -37 24 0
-8 -24 -14 0
-1 38 -13 0
50 31 21 0
-33 -40 -9 0
39 23 22 0
38 14 22 0
31 -34 -9 0
20 -30 19 0
-38 -34 -42 0
15 21 -50 0
17 -9 -28 0
28 23 49 0
8 -43 38 0
-19 16 42 0
-2 -22 36 0
20 45 -46 0
40 46 25 0
34 -9 22 0
-30 10 46 0
-21 -11 -13 0
28 -38 27 0
-15 42 -46 0
-16 12 -22 0
-37 -21 9 0
7 21 -17 0
-45 -50 -36 0
-45 -7 40 0
40 14 49 0
-22 16 -15 0
17 -41 34 0
-2 -45 -44 0
30 45 17 0
-49 34 32 0
-48 -40 12 0
-38 -9 32 0
42 23 -26 0
-44 32 -22 0
6 -26 -10 0
40 -35 22 0
-30 -13 50 0
28 45 -19 0
-11 -45 41 0
12 -14 -22 0
24 13 44 0
44 -28 -11 0
48 8 39 0
46 -33 12 0
47 44 32 0
-30 -6 36 0
-22 38 41 0
-13 -1 -35 0
29 -43 -2 0
9 -25 -35 0
10 -45 -6 0
29 -25 -37 0
19 -49 -30 0
-15 -26 -46 0
-30 -42 -11 0
-1 -25 -31 0
40 -31 27 0
40 -5 -29 0
-29 -44 46 0
-12 -44 -43 0
48 13 -32 0
-43 -48 -34 0
25 13 43 0
-26 -31 45 0
-34 -10 -34 0
21 10 45 0
34 -5 -37 0
40 16 -36 0
-16 -31 -34 0
-6 34 -48 0
5 43 -19 0
12 -32 45 0
49 14 12 0
32 28 20 0
33 3 -47 0
-20 14 31 0
27 -13 40 0
30 7 -5 0
-9 -41 -9 0
-42 -20 -33 0
43 -7 -49 0
-47 -20 -22 0
26 -36 30 0
-24 34 17 0
-1 -10 38 0
21 25 22 0
15 -38 34 0
43 39 16 0
38 -35 15 0
-33 42 -34 0
2 39 25 0
-21 28 27 0
-15 7 33 0
-47 -18 -2 0
-30 -4 -14 0
36 -31 -1 0
7 -27 -47 0
2 -11 33 0
-46 25 37 0
42 -50 -12 0
35 7 34 0
20 -37 -36 0
7 -11 -22 0
31 -27 -46 0
-7 -46 37 0
9 -33 -22 0
-16 -46 -7 0
43 -25 -48 0
-2 20 -50 0
-32 48 3 0
6 -20 8 0
11 -44 -4 0
-43 31 -28 0
48 31 -35 0
-2 -26 -18 0
-39 -27 -13 0
-9 -16 -13 0
-25 5 -4 0
31 38 -13 0
12 -37 24 0
21 -10 -47 0
33 -12 -42 0
-42 15 13 0
15 15 10 0
-49 39 -9 0
36 38 7 0
4 -47 28 0
38 -8 -34 0
49 -36 -34 0
-32 7 -1 0
-27 28 -46 0
-20 1 1 0
-37 43 -24 0
48 39 35 0
-13 31 2 0
47 -39 -2 0
3 18 -47 0
49 8 -37 0
-34 -36 40 0
-2 -16 36 0
-4 23 23 0
42 -12 24 0
25 21 9 0
-26 9 -50 0
-4 49 16 0
27 6 -16 0
28 15 10 0
14 -42 32 0
37 23 33 0
-46 46 -44 0
-39 22 16 0
33 15 -29 0
-49 -19 21 0
-40 -41 7 0
13 -28 -30 0
-50 -28 -23 0
-33 46 -31 0
42 30 -39 0
1 -15 -25 0
