c CNF generator v0.9
p cnf 50 300
43 25 -19 0
13 18 10 0
-9 -13 -25 0
-46 -37 -21 0
47 6 17 0
42 39 -31 0
22 -31 30 0
-21 -12 15 0
-24 -34 -31 0
-21 -38 -28 0
37 20 36 0
-27 -33 -9 0
-43 7 31 0
32 6 -25 0
41 -6 41 0
39 -34 -4 0
50 46 27 0
50 43 -13 0
-24 19 9 0
14 -20 34 0
32 26 -22 0
-3 45 20 0
-21 50 7 0
-6 26 38 0
31 -31 -13 0
-9 -15 -42 0
11 -20 -46 0
-33 18 -28 0
-46 -40 21 0
45 49 -43 0
-22 -36 -40 0
21 -26 -42 0
-37 -9 37 0
-21 -22 -45 0
22 6 -21 0
13 -28 10 0
36 32 13 0
26 -35 34 0
37 16 12 0
48 46 -40 0
-8 1 23 0
-9 -39 -44 0
-36 -44 -21 0
46 21 -4 0
-48 -36 16 0
21 -49 -46 0
-12 15 50 0
-19 35 5 0
1 12 38 0
-42 25 -43 0
-41 47 42 0
42 19 6 0
11 -31 -39 0
-13 -37 -26 0
-33 15 -1 0
42 25 -8 0
-43 21 1 0
9 -25 -47 0
-20 -32 -43 0
-47 13 48 0
11 -40 -2 0
44 10 45 0
-33 -29 12 0
40 40 -41 0
-9 -40 27 0
-44 -5 41 0
21 -29 13 0
14 -44 46 0
-16 12 -34 0
-16 -33 -37 0
-39 3 31 0
17 -28 6 0
-6 -14 24 0
16 -33 4 0
49 -18 45 0
-31 -4 26 0
-21 -35 -7 0
-47 43 40 0
37 -22 42 0
17 6 -26 0
-23 29 -34 0
49 -31 -46 0
-37 14 -12 0
21 36 13 0
-30 -9 -26 0
-42 -13 25 0
-22 -48 -25 0
34 30 46 0
31 37 10 0
-36 29 -14 0
-28 10 34 0
-45 -12 2 0
-19 22 3 0
41 43 -22 0
-21 8 31 0
-33 39 20 0
-29 -26 -17 0
-50 21 -43 0
-25 -21 -17 0
-12 -21 -46 0
-5 -47 -26 0
33 -34 27 0
-27 18 33 0
-11 -45 36 0
25 21 13 0
26 -32 48 0
-40 40 -50 0
-8 -38 -48 0
-33 14 -5 0
-18 46 41 0
-32 -43 16 0
-3 -35 -31 0
-2 -1 1 0
-25 39 -11 0
-31 -39 16 0
27 -39 -19 0
-28 -25 42 0
50 26 43 0
-48 -25 49 0
-23 -38 2 0
-5 -42 24 0
42 5 -34 0
31 -25 43 0
-49 37 3 0
44 22 -47 0
-35 -12 22 0
8 16 -33 0
20 -17 13 0
41 11 -31 0
-15 38 -32 0
3 34 27 0
-49 35 30 0
5 46 -48 0
-41 6 28 0
33 1 -44 0
34 -35 -47 0
-41 -4 44 0
11 41 5 0
7 -47 -30 0
5 17 -24 0
16 43 45 0
-39 12 -12 0
-23 -25 -28 0
27 30 -13 0
-37 -36 -8 0
-34 21 26 0
-25 -11 46 0
36 -9 -3 0
18 20 43 0
16 -33 -21 0
12 -48 -35 0
-49 -8 -25 0
33 -48 15 0
5 42 -23 0
-15 13 22 0
3 46 -32 0
-26 18 -43 0
50 47 -4 0
-6 15 -36 0
-39 30 40 0
2 33 -5 0
50 38 42 0
-7 -28 -40 0
-3 -41 46 0
-42 -41 -26 0
-39 13 24 0
-2 10 -37 0
48 -36 27 0
8 40 -23 0
-32 48 39 0
-44 -16 -29 0
-14 -21 18 0
7 -7 -49 0
44 4 45 0
-19 -14 34 0
-37 -13 22 0
-48 -31 11 0
37 -28 -13 0
44 -29 -22 0
14 -24 -22 0
-32 -46 -35 0
-48 -22 22 0
43 -14 -46 0
42 24 11 0
25 -44 9 0
40 48 17 0
-36 20 -44 0
3 30 42 0
47 -1 1 0
5 -43 -30 0
5 -40 -6 0
-26 5 40 0
-8 -11 -50 0
-50 -19 37 0
42 10 16 0
37 -23 30 0
44 31 26 0
25 49 -9 0
-15 42 50 0
18 -32 -31 0
13 35 -13 0
-21 -43 8 0
-41 -9 37 0
39 -20 -28 0
39 -14 -12 0
19 -36 40 0
2 -14 43 0
1 -29 -22 0
11 40 -31 0
-37 -25 -46 0
-25 -14 -6 0
-43 -30 10 0
5 50 4 0
-48 13 49 0
-28 -21 -32 0
-29 -2 -46 0
38 -27 4 0
37 -9 -46 0
-17 -13 7 0
36 -27 12 0
41 -41 -14 0
-25 34 27 0
16 -34 -40 0
38 -44 21 0
17 -3 28 0
49 22 45 0
32 3 -34 0
-27 -11 -28 0
12 -37 39 0
-11 -24 35 0
48 -48 -33 0
18 21 -46 0
-16 -9 -22 0
-6 36 -25 0
-27 43 9 0
43 39 39 0
-48 -44 23 0
18 22 -25 0
-28 -21 29 0
42 -8 -41 0
-29 29 39 0
-50 48 17 0
7 22 -12 0
-32 47 12 0
47 -46 -50 0
-45 -45 -42 0
-33 -13 -23 0
44 9 -28 0
-18 39 -21 0
-44 -30 -50 0
-44 -46 13 0
36 -45 -46 0
-2 26 -44 0
26 12 27 0
-33 10 -18 0
-5 5 -41 0
-35 45 6 0
37 -3 -25 0
8 -23 14 0
35 6 -15 0
17 4 -14 0
-20 -39 39 0
30 31 36 0
14 48 -37 0
-45 49 2 0
21 -41 49 0
34 -16 36 0
2 -42 -25 0
-43 18 -16 0
12 34 -29 0
39 -9 -18 0
44 5 49 0
-25 -14 -50 0
30 -5 27 0
14 35 47 0
-25 -16 15 0
-4 -23 40 0
17 -50 -19 0
-9 -13 42 0
13 -45 31 0
9 -40 -42 0
-31 -11 -16 0
-1 3 44 0
-11 50 -35 0
17 3 -27 0
5 44 25 0
-44 28 14 0
35 35 11 0
27 22 -44 0
-48 -42 24 0
48 -8 -17 0
17 20 47 0
44 33 -25 0
-14 -43 -9 0
-16 43 -39 0
38 35 -4 0
-42 -22 3 0
12 -29 -29 0
-22 4 41 0
-40 -21 22 0
