c CNF generator v0.9
p cnf 50 312
-10 3 -49 0
35 -10 -30 0
-10 30 -48 0
39 25 24 0
-8 4 -5 0
7 -40 -22 0
-48 -7 -36 0
-25 2 8 0
29 32 -7 0
-19 -14 7 0
47 -43 -14 0
1 29 -30 0
-22 -50 -21 0
-42 -45 9 0
-10 24 41 0
47 27 -10 0
14 42 30 0
9 42 21 0
35 -22 14 0
34 -23 -30 0
-47 10 -50 0
38 11 4 0
22 -5 42 0
-14 21 -36 0
14 -46 21 0
38 -20 32 0
1 43 -27 0
-45 -41 44 0
30 46 36 0
28 -47 -37 0
28 41 46 0
16 48 14 0
26 47 48 0
34 -36 -19 0
-39 -32 9 0
-23 -5 47 0
7 12 8 0
35 -14 -34 0
-18 49 -42 0
1 -35 30 0
-4 -20 -22 0
43 2 -42 0
-4 -34 33 0
-30 -5 44 0
-31 49 17 0
9 22 -37 0
-39 -16 -23 0
-47 23 45 0
-6 12 42 0
5 7 -39 0
23 25 4 0
40 -25 -38 0
-38 35 -12 0
-5 9 -29 0
-17 -24 -26 0
-31 18 48 0
24 9 -47 0
-36 21 40 0
-40 -21 -32 0
-11 -24 -8 0
20 43 1 0
43 46 -7 0
-41 -10 10 0
-39 -42 -10 0
-37 -4 -8 0
22 3 -2 0
19 -41 -18 0
40 -32 -29 0
-6 -36 20 0
-22 36 4 0
14 5 40 0
16 -39 5 0
-26 35 -29 0
-48 -31 37 0
-31 20 36 0
35 -38 28 0
3 -25 36 0
5 -43 40 0
33 -44 -47 0
-2 42 -3 0
-45 8 49 0
-15 -6 -50 0
-38 -13 -35 0
-33 -19 -4 0
36 -46 -11 0
45 35 -23 0
36 12 -27 0
-43 32 17 0
6 -6 26 0
-6 -22 50 0
29 -9 -26 0
14 44 26 0
-10 36 -27 0
24 -16 31 0
-14 43 24 0
-29 8 28 0
-34 36 20 0
-6 -34 -22 0
33 -50 17 0
17 50 -39 0
-44 -23 15 0
-30 27 -27 0
-21 -37 -19 0
-3 48 -2 0
-30 -9 37 0
-13 20 -23 0
-6 -18 44 0
38 -7 -34 0
-13 15 -3 0
-42 35 -7 0
42 -22 44 0
20 1 35 0
-43 13 -11 0
47 -46 -13 0
22 37 -40 0
26 -2 -26 0
-22 16 -21 0
41 -32 -8 0
48 -21 8 0
-41 -36 46 0
37 19 -35 0
-2 -10 -37 0
4 -41 49 0
-5 23 -9 0
42 -15 -14 0
5 -8 35 0
-36 -7 -38 0
5 -36 -50 0
28 -48 21 0
-37 12 -27 0
-50 -31 40 0
4 -18 -22 0
-1 -18 24 0
-18 42 -44 0
10 -40 30 0
24 19 -23 0
-40 46 34 0
-1 -19 -1 0
3 8 -1 0
-30 -41 37 0
-20 4 -18 0
50 36 13 0
7 -7 20 0
41 23 -49 0
33 -2 16 0
-16 -34 41 0
-8 -32 10 0
-2 -43 39 0
21 6 50 0
28 -42 15 0
-29 -28 -50 0
24 -28 30 0
-44 3 33 0
-13 -34 -12 0
29 44 24 0
-42 16 44 0
32 15 -41 0
-19 -1 -18 0
49 22 6 0
47 -4 -33 0
-6 -46 -41 0
-40 17 -40 0
32 -3 27 0
14 33 -47 0
33 -3 23 0
31 -30 27 0
47 -29 15 0
-38 23 -43 0
33 45 -35 0
-16 -23 27 0
-41 3 -29 0
23 14 -10 0
-32 39 -45 0
-16 -5 -5 0
21 -38 28 0
15 -28 -48 0
-24 41 -13 0
-43 -11 -17 0
11 10 -27 0
-21 44 -8 0
7 -36 -17 0
21 -42 -25 0
-21 27 48 0
1 16 -4 0
-2 -45 48 0
27 30 30 0
16 3 34 0
33 34 -39 0
19 17 37 0
37 -25 -9 0
14 33 8 0
-19 40 6 0
14 -25 43 0
-5 -34 5 0
-44 -13 -46 0
-26 45 -18 0
-19 -9 -22 0
46 11 -17 0
49 10 9 0
44 28 -49 0
14 -40 1 0
42 -31 -20 0
-42 -10 39 0
-16 -3 37 0
-4 -12 28 0
50 -28 37 0
19 -38 -7 0
-15 35 5 0
12 -35 -24 0
-31 -33 -7 0
-29 22 -30 0
4 -19 10 0
-43 -31 -16 0
40 1 12 0
5 -48 1 0
-2 -14 34 0
-23 -43 13 0
24 29 -40 0
-26 -26 -32 0
-21 -29 32 0
48 -49 -27 0
-1 -7 -32 0
-7 -41 17 0
-44 -14 -39 0
49 -2 -42 0
-31 16 30 0
7 14 39 0
-41 -29 48 0
-29 49 -21 0
36 -10 -7 0
-25 -26 49 0
-13 9 11 0
43 10 -10 0
-26 -43 -31 0
8 14 21 0
-19 -19 -13 0
-39 -33 8 0
10 -5 11 0
-8 23 -25 0
-33 43 17 0
-50 -13 16 0
-48 19 -46 0
-7 17 36 0
-30 -20 44 0
24 -33 -17 0
50 49 -19 0
-31 28 -3 0
-10 46 37 0
-36 42 -35 0
-22 18 -26 0
25 -34 -43 0
-6 12 -12 0
47 14 -32 0
-44 35 38 0
28 45 21 0
2 -39 19 0
-18 27 12 0
1 -11 14 0
-28 28 -17 0
-15 -46 -50 0
46 -41 24 0
36 -4 33 0
9 24 -39 0
-6 47 24 0
-26 2 43 0
2 -30 -18 0
-8 8 33 0
-48 35 -41 0
-8 -49 -12 0
45 28 4 0
-46 -24 -3 0
5 48 -11 0
-38 8 13 0
21 10 33 0
19 -32 -21 0
-38 16 48 0
-34 6 44 0
16 -5 27 0
37 15 33 0
-42 -27 6 0
-2 29 -4 0
-42 -19 -17 0
50 10 41 0
8 11 -47 0
-35 -17 30 0
-5 -27 4 0
-43 45 26 0
-31 35 -45 0
1 -37 48 0
3 6 8 0
16 42 30 0
37 -37 -29 0
8 16 41 0
32 38 -36 0
-17 22 49 0
43 33 25 0
-40 -4 -45 0
30 -21 -38 0
28 -20 1 0
-24 -40 50 0
-20 -2 41 0
35 -46 28 0
38 -28 34 0
-10 -45 -19 0
18 -3 -5 0
49 39 -40 0
7 35 12 0
-47 21 25 0
-12 -22 13 0
-24 -18 -3 0
-25 -3 -42 0
-9 39 1 0
