c CNF generator v0.9
p cnf 50 312
-10 -32 -36 0
19 32 12 0
19 -26 -44 0
-22 -29 -37 0
-8 -14 41 0
-22 41 -14 0
26 24 9 0
22 -33 -23 0
49 13 -15 0
-24 -8 7 0
-37 11 -19 0
-44 26 22 0
-31 2 40 0
48 -10 -24 0
34 47 10 0
-43 -11 -11 0
-48 24 19 0
-9 -20 -49 0
-37 -34 -13 0
27 30 -7 0
-27 -23 50 0
-16 -19 -24 0
-37 37 20 0
36 3 36 0
-40 5 -40 0
13 -44 44 0
19 9 35 0
28 -41 -26 0
31 47 -11 0
47 -45 24 0
31 -49 -4 0
-6 39 -47 0
-5 -44 11 0
-7 50 16 0
-43 27 44 0
-12 -39 1 0
-9 -49 29 0
25 -25 48 0
-38 2 -6 0
21 42 -43 0
-22 -7 17 0
14 -22 -14 0
-43 -33 -26 0
9 -14 20 0
45 46 17 0
-16 47 -22 0
-19 -47 -43 0
-9 42 -46 0
6 36 -15 0
23 -3 46 0
2 2 -49 0
-22 14 39 0
46 -16 -47 0
-19 23 -50 0
-2 44 -16 0
-11 6 -40 0
-22 18 -30 0
-23 -6 -5 0
-27 -32 37 0
-44 -1 50 0
12 -19 11 0
37 22 -22 0
-21 3 19 0
-32 -37 6 0
-4 15 -38 0
-49 -26 -11 0
15 -1 49 0
27 -26 -22 0
-18 42 -14 0
-48 18 12 0
-42 34 14 0
1 -37 -37 0
-20 34 -37 0
15 34 -9 0
37 20 -4 0
34 -24 26 0
-28 -27 -50 0
-24 -29 19 0
-21 36 -50 0
39 -2 -49 0
-18 38 -12 0
2 44 32 0
-26 -12 46 0
-40 -42 9 0
9 -45 45 0
50 -40 32 0
-10 34 -2 0
-28 -28 -48 0
-9 24 -44 0
-23 -43 -40 0
-38 -37 -21 0
-48 -8 47 0
7 45 -39 0
-17 -42 18 0
-36 -6 29 0
-18 -32 -19 0
-41 27 -41 0
-42 -21 12 0
2 21 -24 0
1 -24 16 0
17 -28 -33 0
3 39 -7 0
-22 -43 32 0
-21 46 -19 0
49 -6 -5 0
-33 7 -1 0
-10 42 -35 0
-13 35 -3 0
-18 -36 -28 0
-8 3 28 0
-13 7 -27 0
-16 -34 -30 0
-14 -45 -8 0
-1 -15 16 0
43 1 -8 0
16 25 -18 0
46 -19 -12 0
-8 -41 29 0
26 -17 -12 0
35 17 15 0
30 -6 4 0
-34 46 36 0
-5 47 12 0
-3 45 18 0
31 37 23 0
50 -45 -10 0
-14 25 -18 0
-29 -26 -23 0
48 -29 44 0
33 18 25 0
44 20 -24 0
-17 -32 -41 0
27 5 19 0
-15 -14 32 0
14 12 13 0
-11 10 -34 0
-31 -11 13 0
32 -4 10 0
47 -18 -18 0
-17 -41 38 0
42 -41 3 0
-21 -30 5 0
8 -38 38 0
36 -29 -4 0
20 10 38 0
30 47 21 0
20 18 -10 0
39 44 -27 0
-9 10 47 0
-14 -43 37 0
-4 -36 3 0
36 -47 -40 0
-24 1 47 0
35 32 30 0
-16 -45 24 0
-18 40 17 0
-10 2 7 0
17 30 42 0
30 -24 -17 0
-10 -2 9 0
-33 45 45 0
-46 -22 -15 0
-29 7 19 0
-38 -29 -33 0
6 -12 -8 0
-45 -31 39 0
-12 5 -49 0
-12 -45 -37 0
33 29 36 0
36 25 -13 0
-24 -12 -32 0
-24 50 29 0
-11 -29 -6 0
24 -8 -11 0
-8 -25 7 0
-50 -32 12 0
15 -1 -27 0
-49 45 -40 0
-17 -49 -25 0
6 50 9 0
-40 18 -21 0
6 44 -18 0
-28 4 31 0
34 5 -33 0
-38 41 -34 0
15 -12 -15 0
15 -29 -22 0
-1 6 40 0
-11 11 -7 0
-12 44 -39 0
-45 -12 23 0
30 9 14 0
20 -31 47 0
38 19 -39 0
-14 -7 -30 0
26 46 2 0
5 22 21 0
-27 -32 26 0
50 19 33 0
13 17 -9 0
37 -16 50 0
-13 15 19 0
-41 -28 4 0
34 -13 49 0
10 19 4 0
-34 30 -35 0
24 9 -24 0
25 10 -25 0
-45 -5 14 0
21 -48 31 0
-40 11 -23 0
39 -33 37 0
18 -9 -42 0
3 -3 -43 0
17 14 -43 0
26 8 -43 0
-43 -21 47 0
-49 -36 15 0
12 14 -26 0
45 -40 3 0
-9 50 -44 0
32 -32 9 0
39 12 23 0
47 -14 -20 0
-2 -48 -46 0
-6 -8 13 0
21 1 26 0
47 -16 38 0
47 -7 9 0
50 9 20 0
41 -21 27 0
-10 -27 11 0
-43 -34 9 0
-10 35 -25 0
-2 37 11 0
13 4 21 0
-24 -38 -42 0
30 38 26 0
-9 -23 -38 0
-6 -25 36 0
-14 -23 12 0
-27 -25 36 0
21 3 -11 0
5 30 -15 0
18 -34 -23 0
36 -7 34 0
-2 36 22 0
15 -9 -17 0
-3 -16 5 0
25 25 17 0
1 3 -28 0
31 -39 -23 0
-47 18 20 0
-24 15 16 0
-41 36 -43 0
40 46 14 0
-1 11 49 0
-18 -34 24 0
-6 1 -40 0
-36 25 -39 0
-6 -46 45 0
24 7 -41 0
29 -42 43 0
-16 -17 -27 0
-15 -16 4 0
-46 23 -29 0
9 29 -17 0
-33 -14 8 0
3 -4 32 0
-30 10 -43 0
36 -8 -42 0
-16 29 3 0
-21 49 11 0
-8 46 -14 0
-4 23 -28 0
16 28 -38 0
13 -4 -17 0
27 -14 29 0
3 47 8 0
32 35 3 0
-9 17 -1 0
48 -42 14 0
-32 19 26 0
-14 23 -10 0
34 2 29 0
21 9 -1 0
-32 -25 -36 0
48 37 23 0
-5 21 -37 0
-39 -40 39 0
50 -50 -36 0
-9 26 -36 0
-9 -22 48 0
5 -48 -17 0
46 -31 -37 0
-3 -25 -36 0
-49 22 -23 0
15 -6 8 0
20 -34 1 0
2 5 -5 0
1 -22 3 0
21 28 10 0
-22 -23 -2 0
-31 7 -49 0
-28 42 -16 0
41 -18 31 0
44 -48 -37 0
-27 46 1 0
-20 31 -17 0
-49 7 -11 0
23 20 12 0
-22 -32 22 0
