c CNF generator v0.9
p cnf 50 312
25 -41 7 0
1 -37 -23 0
-11 10 -10 0
-18 -12 -4 0
-1 48 18 0
-43 35 13 0
-23 48 -42 0
-23 4 -4 0
46 28 -11 0
45 -33 2 0
-10 -49 -31 0
4 -8 1 0
4 15 21 0
-26 -44 44 0
-17 43 14 0
50 27 11 0
-46 18 3 0
27 -48 13 0
37 -29 13 0
-29 -39 45 0
16 9 36 0
-48 27 4 0
5 -27 -27 0
-26 -31 27 0
6 38 -8 0
-46 -48 21 0
-26 -27 40 0
-32 36 33 0
-3 16 23 0
-31 4 -50 0
-5 -2 -40 0
-48 50 -50 0
1 -28 3 0
12 5 -11 0
-18 -38 42 0
7 37 19 0
37 36 -29 0
26 47 -5 0
45 47 -18 0
30 -33 10 0
18 47 30 0
3 29 18 0
14 36 16 0
3 -25 -26 0
-10 -41 29 0
8 -5 -14 0
-29 -26 34 0
-15 3 37 0
10 27 24 0
3 -27 -28 0
1 33 39 0
-10 -27 7 0
30 14 25 0
37 33 33 0
-2 35 38 0
-8 39 -50 0
50 -4 -29 0
37 2 -37 0
33 -23 -13 0
-35 -34 24 0
-8 11 -24 0
24 -23 2 0
46 -19 -26 0
-50 -9 -32 0
38 -35 -1 0
-44 29 -21 0
-31 -47 22 0
-36 11 -11 0
15 -19 -22 0
-24 17 -39 0
-50 -4 -30 0
-23 -15 -27 0
-16 25 -36 0
12 -35 -27 0
6 -40 -38 0
-43 -42 33 0
25 5 -21 0
9 26 -27 0
34 -31 30 0
-8 -37 -3 0
17 3 -18 0
19 -21 29 0
13 14 40 0
-43 -30 27 0
39 -8 -39 0
-45 -14 24 0
-49 -25 -36 0
5 -22 -9 0
34 1 49 0
-46 -18 -24 0
26 29 37 0
-43 -29 -23 0
25 18 -25 0
-41 9 -27 0
-26 -14 24 0
44 -25 2 0
-49 -10 1 0
40 15 -22 0
-47 -18 35 0
18 -9 -37 0
43 34 44 0
44 32 -35 0
50 -43 40 0
-43 15 26 0
32 -46 33 0
14 -13 20 0
-20 -42 44 0
31 -46 -46 0
-42 36 30 0
-14 22 3 0
-15 -41 38 0
-19 -46 -13 0
-43 44 -28 0
-50 18 1 0
-3 17 -47 0
35 48 30 0
47 14 47 0
-3 27 25 0
-33 36 38 0
-12 22 -34 0
-3 32 1 0
-30 50 -22 0
-32 -33 -28 0
2 -50 33 0
-13 -4 -40 0
-50 16 -23 0
-19 -16 -40 0
21 29 -16 0
-47 -5 -48 0
49 -13 -11 0
-32 15 21 0
1 38 -12 0
36 -1 -19 0
-41 48 -3 0
8 31 6 0
27 34 12 0
-12 -10 -37 0
-37 29 32 0
-33 2 1 0
30 27 -30 0
-4 -11 -41 0
-32 43 -36 0
15 46 -47 0
-27 -16 -7 0
18 22 -41 0
44 -44 13 0
-48 49 5 0
-31 -42 36 0
-13 -31 35 0
-32 9 -1 0
-11 -20 -7 0
45 34 42 0
6 -29 7 0
4 39 33 0
-12 12 -13 0
-26 -28 -37 0
21 34 2 0
10 -27 7 0
-28 -4 -17 0
3 -24 9 0
-10 17 31 0
-47 -38 -2 0
-19 -7 22 0
-27 37 -19 0
-21 -39 33 0
-23 50 20 0
-1 -27 50 0
-31 -38 -42 0
-11 -27 21 0
39 -19 -3 0
9 -47 -21 0
34 -4 -30 0
-31 30 -41 0
18 50 -44 0
-11 25 -18 0
5 46 44 0
-27 -33 19 0
8 -24 -47 0
-7 -43 -4 0
34 23 22 0
-26 42 -46 0
27 -3 -47 0
-23 -4 35 0
-16 -41 -42 0
-41 -30 7 0
-22 27 7 0
50 -7 9 0
36 47 -15 0
50 -37 -2 0
-38 -26 30 0
3 -24 35 0
-29 -4 -2 0
-39 -31 40 0
-4 31 28 0
-23 11 -13 0
-46 -44 37 0
-4 40 -5 0
-9 -9 11 0
-12 -25 -48 0
-36 -28 14 0
-46 22 -17 0
40 29 -38 0
-36 -30 33 0
45 30 -3 0
2 -2 50 0
48 -34 -12 0
32 -33 50 0
39 39 -22 0
-50 -33 1 0
-47 7 -34 0
-4 -17 29 0
-23 -33 -19 0
21 10 15 0
-2 12 -49 0
42 -23 -31 0
-4 -39 46 0
29 22 31 0
29 -20 50 0
-15 -12 9 0
-25 -48 -48 0
-50 26 6 0
-2 -34 17 0
18 -43 -13 0
-8 -20 48 0
1 -20 47 0
3 48 18 0
-15 -48 22 0
-41 10 32 0
40 16 -1 0
-12 -10 -5 0
6 -12 -28 0
9 -47 14 0
31 -19 32 0
7 -19 -46 0
-9 48 -44 0
-19 12 38 0
-42 -13 1 0
-7 21 -14 0
48 2 31 0
42 17 -25 0
-42 24 6 0
-50 -4 -2 0
-50 -22 -27 0
40 -9 38 0
-10 9 25 0
50 -6 16 0
-13 14 38 0
-5 -41 -3 0
-43 39 -3 0
32 -12 41 0
-28 -22 -36 0
-33 -3 29 0
-14 -34 -48 0
-5 11 -10 0
9 -4 46 0
10 39 -19 0
26 -23 49 0
-18 44 -14 0
6 11 25 0
-29 44 -5 0
40 -31 -25 0
-20 44 -49 0
-19 1 -41 0
21 22 -25 0
3 8 28 0
42 4 40 0
-47 24 -33 0
18 25 -13 0
-35 35 1 0
50 -12 37 0
2 3 -40 0
-5 29 -47 0
-45 -46 1 0
-21 42 -37 0
-48 -35 20 0
-28 -36 -3 0
38 -46 -20 0
8 34 -35 0
-29 19 -37 0
-29 46 36 0
-1 34 12 0
21 28 -48 0
-7 2 -6 0
-41 -44 -44 0
-49 15 -46 0
22 -7 28 0
40 4 24 0
-6 -28 12 0
-5 -16 8 0
1 -42 -19 0
50 -36 -6 0
-48 50 14 0
3 -37 -50 0
50 9 -23 0
38 -9 -21 0
45 -47 -49 0
25 8 -17 0
46 -47 33 0
-35 -4 37 0
34 11 -29 0
44 -4 28 0
-13 20 -26 0
-1 39 6 0
-42 6 44 0
33 49 40 0
-31 21 1 0
29 -17 -1 0
6 -45 45 0
-32 22 27 0
-41 21 -9 0
-42 -9 50 0
26 47 46 0
