c CNF generator v0.9
p cnf 50 312
-8 33 39 0
-49 -9 -4 0
7 -20 28 0
28 -47 -10 0
40 36 -43 0
-44 2 40 0
-12 39 -31 0
-36 29 33 0
11 46 -45 0
38 28 1 0
38 43 31 0
-1 -9 -4 0
-19 -30 -34 0
-42 32 27 0
-46 -1 49 0
-23 42 45 0
-14 33 50 0
32 -16 -38 0
22 -29 48 0
-45 2 -17 0
21 7 -3 0
-3 -10 -12 0
-21 38 1 0
-31 17 3 0
-25 24 47 0
-49 29 -17 0
21 -5 14 0
-37 12 -41 0
-23 -47 2 0
-42 -24 -47 0
-29 32 -17 0
-9 17 -26 0
37 19 21 0
41 -23 10 0
49 19 45 0
11 -8 -16 0
-2 38 7 0
24 23 -35 0
-18 44 -46 0
29 35 -3 0
5 -50 -32 0
-16 30 -20 0
48 19 -2 0
-2 37 -27 0
47 27 -20 0
-42 41 -12 0
49 19 6 0
7 16 25 0
-35 25 -18 0
3 -45 -34 0
-1 29 -26 0
-30 -37 43 0
-9 -30 -32 0
42 21 -2 0
17 41 10 0
18 28 -30 0
24 24 -7 0
34 18 -4 0
42 -50 37 0
-13 32 19 0
-47 22 -8 0
14 3 32 0
-45 37 -8 0
35 17 14 0
-9 14 -48 0
35 20 -8 0
-2 -27 31 0
15 -26 -47 0
20 1 2 0
7 -10 -9 0
-31 -14 32 0
34 22 43 0
42 14 50 0
17 -21 -1 0
-21 12 23 0
44 8 7 0
21 -1 27 0
44 -35 -21 0
-6 -25 -38 0
-41 -3 7 0
11 47 42 0
36 18 -30 0
-8 6 27 0
30 20 -41 0
-20 -18 49 0
-12 32 25 0
-27 49 50 0
-13 -7 15 0
47 32 -22 0
-26 -41 34 0
21 -11 -1 0
46 8 6 0
18 40 24 0
-45 -50 -39 0
40 -15 -12 0
-49 -27 13 0
-24 -4 2 0
19 35 -44 0
9 -20 49 0
18 28 -22 0
3 24 30 0
14 22 9 0
-25 40 44 0
33 6 20 0
-28 3 12 0
-13 9 44 0
39 -46 -44 0
-26 25 -2 0
-36 37 46 0
-44 -16 28 0
16 -17 -30 0
-3 -2 -11 0
-20 14 18 0
34 4 37 0
-24 8 7 0
46 24 19 0
3 -31 44 0
18 -38 47 0
-42 -8 -1 0
14 -48 -33 0
27 45 -46 0
44 40 -9 0
-32 -45 -13 0
34 45 50 0
20 30 39 0
-38 1 10 0
34 16 17 0
-39 -34 10 0
-5 -49 -1 0
24 42 25 0
28 39 13 0
-14 20 15 0
23 -14 -47 0
14 44 12 0
27 34 -50 0
-44 49 -49 0
25 -37 10 0
2 4 22 0
-25 -40 -25 0
22 -26 14 0
-13 45 -25 0
-32 40 21 0
42 -46 -38 0
-41 -7 35 0
-11 34 -46 0
23 33 -21 0
6 -14 9 0
6 30 11 0
-20 -12 -39 0
34 37 10 0
-44 13 11 0
-3 36 35 0
37 -41 -23 0
-20 -1 26 0
46 -24 1 0
-48 -14 35 0
-35 -47 43 0
-23 1 41 0
7 -44 46 0
5 24 -10 0
32 -15 -41 0
48 -33 -19 0
-45 -4 -50 0
-2 9 41 0
16 21 -37 0
-45 1 13 0
3 14 28 0
41 18 -29 0
11 26 -12 0
-21 -45 3 0
-13 37 13 0
8 9 -2 0
42 -32 -16 0
-39 44 47 0
-8 39 24 0
27 -20 7 0
-45 -29 21 0
-28 -47 -48 0
13 5 40 0
-22 18 -38 0
49 11 -12 0
-31 10 -25 0
25 -12 -16 0
-25 15 41 0
35 -22 -49 0
18 13 -14 0
-33 34 6 0
-20 31 50 0
44 -11 -4 0
11 -42 27 0
11 -41 -50 0
15 -33 -47 0
-17 -48 -27 0
-14 -26 -30 0
-24 -41 -13 0
28 -36 10 0
49 -38 22 0
-48 -27 43 0
-49 28 43 0
-46 -33 -36 0
-33 -5 -48 0
10 6 3 0
-15 -48 38 0
-16 13 -10 0
2 24 -23 0
47 10 24 0
-27 -47 -2 0
-29 46 10 0
17 -36 33 0
-38 40 -22 0
6 41 -27 0
26 42 -6 0
-5 -8 30 0
18 -35 43 0
-3 -34 7 0
20 -41 32 0
34 -49 -12 0
-20 8 -40 0
-49 24 27 0
-6 9 -35 0
-48 26 44 0
-8 -30 -20 0
-1 31 -6 0
-18 -21 11 0
9 43 47 0
-9 -19 13 0
14 -13 -16 0
-5 22 45 0
-22 5 -9 0
5 13 8 0
46 25 17 0
-16 44 -27 0
29 -42 38 0
-3 13 -37 0
-47 35 24 0
-40 22 -20 0
24 -19 12 0
-16 26 10 0
29 -50 -46 0
-18 -29 14 0
34 49 -34 0
-50 -11 -3 0
-9 13 24 0
-46 34 -35 0
8 13 35 0
34 4 -2 0
-16 -7 26 0
-42 12 23 0
36 -2 29 0
-48 -10 10 0
50 -40 43 0
-45 3 22 0
46 36 -45 0
-12 -2 -28 0
-17 37 -39 0
36 -1 -36 0
37 -26 45 0
-16 -25 -24 0
6 -20 -19 0
7 -20 -9 0
31 3 30 0
13 10 4 0
-20 -43 -42 0
7 -7 -6 0
-23 37 9 0
-25 -26 39 0
27 -20 9 0
10 16 2 0
40 11 6 0
-17 -27 31 0
-8 -15 -15 0
19 -35 -23 0
-45 4 26 0
-12 46 -14 0
-19 -36 -32 0
21 -25 41 0
-36 16 -11 0
-26 -11 4 0
13 -17 -7 0
7 12 -17 0
23 5 10 0
-40 -40 -4 0
21 -46 32 0
-45 25 13 0
40 -30 48 0
32 24 -26 0
-43 -45 -2 0
47 27 -12 0
5 5 46 0
-41 -48 -19 0
-8 -12 -40 0
-35 38 -47 0
-34 -14 19 0
-36 -33 24 0
33 -10 -8 0
-1 48 10 0
16 18 37 0
-48 23 -47 0
-28 -35 -26 0
-35 1 -34 0
-29 45 45 0
-32 17 35 0
-23 32 33 0
7 50 34 0
4 -33 38 0
-2 -13 -47 0
9 28 46 0
3 12 38 0
21 -14 40 0
21 -40 -20 0
17 -50 1 0
-37 12 13 0
