c CNF generator v0.9
p cnf 50 312
-44 -14 50 0
-37 18 -7 0
38 -4 6 0
44 -24 50 0
13 -11 -26 0
-14 -23 31 0
-10 40 -40 0
7 35 43 0
21 48 16 0
-42 20 33 0
3 -9 -7 0
16 -25 18 0
-41 -42 -16 0
-38 -5 13 0
15 -22 -15 0
-46 -4 48 0
-26 -44 45 0
27 11 -18 0
-38 -15 27 0
48 25 38 0
28 48 6 0
27 48 2 0
48 19 -50 0
-20 9 12 0
-41 33 -26 0
37 17 -6 0
18 -6 46 0
-45 50 -11 0
-17 -15 44 0
-16 -37 17 0
-6 3 17 0
-34 36 -32 0
-32 29 20 0
33 4 -11 0
20 -28 1 0
37 -5 1 0
-2 -21 -25 0
45 -50 29 0
41 -19 -29 0
-25 -11 6 0
-17 40 16 0
50 2 14 0
30 -19 43 0
-31 -45 -1 0
-43 12 -8 0
35 -38 -43 0
38 -29 -34 0
35 13 2 0
-27 -47 35 0
-41 -26 -7 0
-38 11 34 0
-34 3 45 0
28 -9 45 0
32 40 29 0
29 13 -34 0
19 -10 23 0
-28 20 6 0
28 42 -32 0
13 1 -41 0
39 -42 24 0
-36 -3 -42 0
-39 -40 12 0
-35 3 -47 0
44 -48 3 0
42 -14 -45 0
-40 50 -11 0
-39 -34 -34 0
-45 27 -40 0
-49 -41 30 0
-23 -37 -48 0
7 -33 34 0
-50 2 -27 0
-15 6 -37 0
-9 10 -45 0
26 9 11 0
-20 -18 -13 0
2 46 23 0
18 33 -40 0
-30 33 31 0
3 33 -43 0
4 -33 33 0
8 -12 15 0
9 -29 -30 0
-49 41 -8 0
-28 17 15 0
-34 -50 44 0
13 -27 31 0
15 18 29 0
6 46 44 0
25 5 -32 0
-1 22 14 0
10 -34 -46 0
-6 -28 47 0
-38 19 28 0
3 -47 32 0
-9 -22 50 0
-16 -39 35 0
49 -23 24 0
37 -4 -48 0
11 33 -4 0
38 -13 48 0
-28 -4 -38 0
-39 2 -28 0
34 1 -7 0
12 -40 25 0
30 11 28 0
-32 -1 1 0
10 7 -41 0
23 17 36 0
-35 -27 -13 0
-8 -20 49 0
-47 43 38 0
3 28 31 0
29 -26 -11 0
-34 -40 35 0
-13 -49 36 0
43 22 11 0
-15 14 -33 0
39 42 -18 0
26 13 24 0
14 -24 2 0
34 33 -9 0
-5 41 26 0
-15 -6 8 0
42 -49 4 0
34 -14 -46 0
50 16 -14 0
14 -28 -13 0
-31 21 -18 0
29 -40 -26 0
-14 16 26 0
30 -40 -34 0
2 -28 -2 0
-25 28 40 0
-49 -19 44 0
32 -18 -48 0
-7 50 8 0
-16 -23 -23 0
-44 41 16 0
27 -27 -13 0
-14 -16 15 0
2 24 -5 0
-48 -13 -29 0
26 -15 36 0
33 -41 -25 0
-37 -12 46 0
-35 30 -27 0
17 27 3 0
16 -17 45 0
-4 -33 24 0
-44 -19 37 0
35 -13 -17 0
-38 43 -43 0
-2 11 -2 0
21 -9 46 0
9 -11 37 0
39 -45 30 0
-41 -45 -34 0
26 -28 39 0
-48 16 31 0
-44 43 -30 0
23 4 28 0
-8 10 -37 0
-30 24 -29 0
-44 -11 29 0
-42 -24 -13 0
26 -7 1 0
20 -26 24 0
-3 -20 -45 0
-8 22 4 0
8 -26 7 0
-24 22 48 0
12 41 35 0
-24 -26 1 0
-35 23 7 0
-29 37 -41 0
-2 -28 -40 0
32 -25 2 0
-47 50 -30 0
30 -50 -22 0
-15 46 14 0
-4 -36 24 0
-33 27 7 0
43 26 -45 0
39 -14 22 0
5 -9 41 0
-38 39 -44 0
33 12 33 0
-38 1 -7 0
6 29 -1 0
-17 -22 7 0
-43 -27 -34 0
27 -4 -21 0
-24 18 -15 0
50 -48 22 0
-50 -35 9 0
10 40 7 0
17 39 -8 0
-41 27 10 0
28 39 18 0
21 45 -10 0
-47 28 -43 0
37 38 -1 0
2 -17 -16 0
28 -45 -11 0
-32 47 10 0
45 -50 29 0
41 -37 -26 0
-34 -19 24 0
-33 24 -20 0
-27 -13 -15 0
11 -44 8 0
39 19 15 0
1 -48 -47 0
-16 -4 -25 0
-30 -21 -31 0
-5 40 37 0
29 -44 -3 0
41 -49 3 0
35 35 -15 0
-1 30 46 0
-28 -19 2 0
-45 -41 -17 0
24 -34 -12 0
-37 16 35 0
12 -8 -5 0
-4 -24 -15 0
-45 -45 -7 0
-35 14 21 0
-48 49 30 0
-49 12 39 0
34 12 32 0
24 22 21 0
-47 -22 7 0
-25 -44 3 0
8 -23 -9 0
12 21 1 0
-30 -35 -48 0
10 5 42 0
-41 38 -46 0
-5 -42 49 0
3 15 33 0
9 16 -15 0
5 1 33 0
-47 -48 33 0
-10 26 -36 0
-50 7 -36 0
43 -11 -34 0
-46 -32 5 0
-41 45 -45 0
-9 -2 -8 0
-34 31 16 0
1 42 20 0
-40 12 -1 0
43 29 17 0
40 -38 -30 0
-29 26 33 0
-48 41 9 0
3 -17 -33 0
-7 11 6 0
49 2 -12 0
-15 27 -35 0
33 -10 37 0
-28 -9 50 0
6 16 45 0
40 12 12 0
38 -7 49 0
31 -13 22 0
11 48 46 0
-45 47 42 0
-20 -35 26 0
39 -36 28 0
8 29 19 0
22 -25 8 0
-42 -1 -38 0
-30 13 2 0
-43 -30 42 0
-18 -7 6 0
46 -33 13 0
21 -42 -29 0
22 10 33 0
48 -34 35 0
-32 3 28 0
-11 -15 9 0
25 -18 43 0
-37 -49 -16 0
-13 -5 -45 0
37 38 -19 0
-44 45 1 0
41 44 -5 0
20 -44 41 0
-29 35 -44 0
-40 -29 28 0
-5 -24 14 0
37 34 27 0
-33 30 7 0
-35 -24 6 0
19 35 -39 0
7 -7 -28 0
-31 47 -8 0
16 14 11 0
-6 45 43 0
-25 29 1 0
48 2 47 0
-8 29 -6 0
25 19 -18 0
9 -13 23 0
-32 -32 46 0
22 -18 11 0
-49 -13 5 0
49 10 -18 0
-9 9 24 0
