c CNF generator v0.9
p cnf 50 312
42 12 37 0
24 -24 32 0
-31 28 -29 0
11 49 36 0
2 -24 33 0
49 -15 -48 0
47 -31 22 0
-50 4 3 0
23 8 4 0
9 -39 -17 0
10 1 13 0
8 -9 -17 0
1 21 49 0
23 47 32 0
-45 19 1 0
-42 -17 -24 0
31 -3 -6 0
25 49 -50 0
-29 44 -50 0
-19 45 -14 0
-40 30 10 0
22 35 -31 0
34 32 44 0
-33 -38 36 0
8 43 -11 0
38 40 -20 0
2 -27 41 0
43 -50 -16 0
8 24 26 0
34 47 -37 0
-34 -41 17 0
-14 -50 -16 0
14 48 -33 0
-39 -45 -50 0
14 -28 -13 0
30 48 -21 0
25 44 37 0
-40 -48 18 0
22 28 -33 0
-26 -5 18 0
-1 30 22 0
4 -18 -5 0
36 -17 -28 0
-45 -22 1 0
4 26 -42 0
33 -36 47 0
42 24 34 0
10 18 -7 0
-40 -40 10 0
45 -34 -13 0
-31 -38 -42 0
-46 -17 11 0
11 -5 -34 0
37 16 -21 0
31 6 -5 0
-12 35 -17 0
41 20 1 0
9 38 6 0
43 23 -22 0
23 -46 -46 0
39 -45 -49 0
-48 -15 24 0
29 40 -39 0
40 -18 -29 0
33 23 4 0
-50 2 -8 0
-42 42 10 0
24 40 38 0
-47 14 4 0
-14 37 41 0
-32 35 35 0
-26 22 37 0
11 38 19 0
48 48 47 0
-38 3 -7 0
10 -35 47 0
32 22 37 0
-42 37 -7 0
37 -26 17 0
-13 28 10 0
23 24 25 0
22 -30 28 0
-28 7 -26 0
12 -3 20 0
-30 -4 45 0
33 21 8 0
5 35 -24 0
-31 28 -18 0
33 -5 -6 0
1 -22 -13 0
-33 39 -5 0
1 -29 -20 0
34 -14 14 0
-28 14 -50 0
35 4 16 0
13 -21 -38 0
-8 15 32 0
5 27 25 0
-13 -30 36 0
27 -27 45 0
-30 -36 47 0
-43 -40 -26 0
-12 -39 22 0
22 -31 38 0
-11 -32 -41 0
40 39 -31 0
46 -50 36 0
-23 44 -35 0
-1 48 -18 0
-26 -4 -9 0
32 33 50 0
15 49 -31 0
-21 -35 11 0
-33 4 30 0
-5 23 -27 0
-13 -19 5 0
-15 27 45 0
43 39 -34 0
44 -3 -29 0
8 -41 11 0
-48 15 -21 0
-25 -34 -8 0
-45 -19 50 0
5 -34 -2 0
20 -5 -45 0
-39 -37 -35 0
-46 -33 28 0
17 24 15 0
34 -35 -12 0
-36 15 45 0
-41 -37 34 0
15 23 5 0
6 17 -49 0
-27 18 34 0
-45 -13 18 0
40 50 -27 0
-47 17 6 0
-28 -20 -17 0
3 -40 11 0
18 50 -50 0
-32 -16 20 0
-12 14 19 0
-24 37 -28 0
-31 27 24 0
-6 24 -26 0
-34 32 47 0
28 -1 -13 0
-33 31 -8 0
22 -7 -20 0
-28 40 33 0
50 27 44 0
43 -48 10 0
-36 -20 -20 0
-27 -13 17 0
-7 -8 35 0
-31 47 -27 0
-41 48 -43 0
39 -37 -27 0
-42 50 -15 0
24 47 -4 0
27 -37 -21 0
23 -25 18 0
46 -49 -8 0
-14 14 8 0
5 -41 -41 0
23 44 -35 0
-3 9 -16 0
43 42 -2 0
47 19 13 0
44 21 -39 0
7 -41 -3 0
22 -25 34 0
-15 -22 50 0
36 33 -7 0
-36 28 32 0
-36 -48 19 0
-18 -13 2 0
19 46 -41 0
-41 36 -32 0
43 2 30 0
8 -30 -18 0
8 42 -40 0
-38 -12 50 0
15 24 -11 0
-39 14 24 0
11 -3 -33 0
-50 44 35 0
-14 -36 49 0
-25 -3 -22 0
35 42 -30 0
-27 21 -43 0
25 46 -41 0
38 -1 4 0
-14 9 -23 0
40 26 -6 0
1 -20 -10 0
-26 -20 33 0
23 25 -31 0
41 46 -50 0
-25 42 7 0
41 18 26 0
-5 26 9 0
-16 -7 2 0
-27 23 49 0
-2 -6 17 0
-6 1 -44 0
-21 -3 -1 0
2 -14 -29 0
-37 50 -35 0
-9 25 31 0
7 11 -48 0
11 -12 -10 0
23 -48 34 0
1 40 22 0
34 -40 7 0
20 -23 -1 0
-46 47 47 0
20 2 -16 0
27 33 23 0
28 17 -16 0
-32 -24 -9 0
-3 47 -19 0
-47 -22 20 0
-4 -32 33 0
4 -9 -19 0
5 -28 8 0
-2 -37 25 0
-38 28 -11 0
-35 -31 10 0
-9 39 -29 0
-17 9 -26 0
40 18 -43 0
14 35 35 0
-21 28 -39 0
12 6 26 0
11 -16 -43 0
-50 36 -40 0
28 -12 10 0
35 -2 -13 0
31 25 50 0
-45 -33 -32 0
28 19 47 0
-48 -16 5 0
45 9 33 0
13 24 18 0
27 -46 21 0
-6 31 31 0
-12 15 6 0
27 25 49 0
-30 -32 -39 0
-15 -4 -27 0
39 -40 33 0
-1 -7 -30 0
-25 45 -1 0
11 -33 41 0
-41 3 50 0
-36 -15 -35 0
-45 31 -49 0
44 12 -22 0
-47 20 -31 0
18 40 -40 0
-7 36 -43 0
-13 13 -48 0
6 36 -26 0
-50 -37 -47 0
-28 9 26 0
23 31 31 0
38 -37 34 0
23 -3 9 0
44 16 -23 0
3 -2 28 0
-7 -24 6 0
-22 -33 -19 0
-20 26 -41 0
-50 -41 -44 0
-21 -39 -33 0
-26 10 -34 0
27 44 39 0
-32 7 -1 0
14 -28 32 0
-12 -21 47 0
1 -24 11 0
14 -5 5 0
-28 -42 20 0
16 -27 48 0
-32 -48 -46 0
15 -30 32 0
-19 11 -32 0
-14 -38 14 0
32 -23 20 0
-48 5 45 0
-11 -48 -7 0
4 -29 -38 0
-20 38 47 0
-19 41 -40 0
1 -49 -34 0
-21 -12 24 0
-14 29 -45 0
14 -10 1 0
38 -32 -11 0
23 21 -49 0
36 -35 11 0
28 21 42 0
13 4 1 0
-35 42 -30 0
5 -27 13 0
-25 -48 39 0
42 -12 -31 0
39 26 39 0
-43 6 -14 0
6 37 -7 0
22 17 48 0
