c CNF generator v0.9
p cnf 50 312
38 44 40 0
-1 34 -41 0
-16 11 25 0
-18 -46 -45 0
-22 -8 -40 0
-18 -41 8 0
18 23 27 0
-49 -38 -27 0
-8 -17 -22 0
-10 -28 -10 0
34 12 28 0
-5 -49 19 0
31 41 -4 0
-35 -1 42 0
-24 16 26 0
22 27 45 0
-46 32 -29 0
-42 -44 48 0
37 12 -32 0
42 20 -18 0
23 39 11 0
32 9 -16 0
-34 34 33 0
15 -1 -32 0
4 -37 9 0
-6 -1 50 0
-7 33 -5 0
32 10 5 0
-30 -9 29 0
-49 48 -48 0
36 -10 -4 0
27 18 41 0
10 -9 47 0
-33 7 29 0
16 3 -36 0
-6 21 44 0
-35 45 12 0
44 9 37 0
39 2 27 0
-1 44 -40 0
-18 30 -33 0
4 48 37 0
49 19 -10 0
5 2 -25 0
50 -36 -14 0
38 -24 -13 0
-35 9 39 0
29 34 46 0
-21 -37 24 0
40 -44 -25 0
31 7 -20 0
46 -17 -25 0
24 26 23 0
-46 15 -17 0
-19 -45 10 0
-37 -36 -44 0
43 10 -46 0
2 -21 -8 0
50 -4 -18 0
-9 9 20 0
-8 -5 -28 0
-5 -41 -15 0
-19 -44 -31 0
-43 -47 12 0
-33 9 -16 0
-9 6 -33 0
9 42 33 0
47 -24 -17 0
49 3 4 0
40 18 -6 0
28 -22 -24 0
-26 37 45 0
33 -24 -44 0
-30 47 -46 0
-23 23 32 0
-16 -31 24 0
35 -29 -39 0
-12 39 -29 0
42 -21 -29 0
-3 22 48 0
6 18 -19 0
-9 -45 9 0
-6 -18 33 0
-46 -24 -24 0
-47 30 -37 0
-35 -47 -29 0
43 -41 -10 0
-3 45 -13 0
-9 46 -29 0
7 -9 18 0
-1 -27 -17 0
-27 18 -46 0
19 26 -41 0
9 -47 24 0
-4 16 30 0
14 -4 22 0
44 -49 -16 0
-30 40 27 0
42 14 -15 0
1 12 -6 0
-34 -3 6 0
21 3 50 0
44 18 -25 0
38 21 -41 0
-38 12 18 0
29 -1 46 0
18 6 -18 0
-41 -38 -46 0
9 28 27 0
24 19 -28 0
48 6 -14 0
39 41 34 0
-29 -19 11 0
20 -42 -46 0
24 4 -38 0
-39 42 -40 0
37 -17 19 0
-32 29 -3 0
-50 -6 10 0
20 -50 -8 0
11 38 -31 0
40 -13 31 0
-5 36 -27 0
-38 -44 14 0
22 3 12 0
36 13 -16 0
48 -27 -36 0
-34 -30 -34 0
-16 -10 -10 0
7 -8 50 0
30 46 19 0
-7 6 37 0
38 17 3 0
-7 17 48 0
18 -41 -22 0
-34 40 23 0
-1 32 -32 0
-19 -1 18 0
-48 33 15 0
-9 44 -38 0
-2 -48 -36 0
-3 10 5 0
-6 29 -49 0
-36 22 -20 0
-13 14 -41 0
-44 -5 -27 0
-16 -6 47 0
-38 50 21 0
-37 49 -44 0
-18 6 22 0
24 -19 -16 0
-46 36 -38 0
23 -8 -31 0
24 36 11 0
-16 -5 -50 0
-1 -26 6 0
4 -31 -40 0
-3 -14 -10 0
-12 -26 32 0
34 -41 -39 0
43 -26 16 0
-38 -19 11 0
-10 41 50 0
40 20 44 0
41 -2 -6 0
-10 -49 -42 0
50 11 44 0
-17 -24 -47 0
-3 -12 -48 0
-37 -45 -32 0
37 41 26 0
40 19 21 0
8 -36 18 0
3 48 30 0
42 24 12 0
4 -43 -38 0
-17 49 40 0
46 -23 1 0
-12 -23 35 0
33 21 -36 0
-17 -47 1 0
-45 20 -11 0
-37 41 5 0
-44 -27 49 0
-36 -16 -10 0
-19 6 30 0
29 -42 45 0
39 20 -38 0
-21 -32 -41 0
-37 40 -33 0
-27 -32 16 0
25 -30 -9 0
-39 -34 50 0
-8 40 -12 0
20 -24 -31 0
30 33 -31 0
17 -29 7 0
21 30 29 0
-9 31 48 0
43 15 -36 0
19 46 28 0
-14 -37 -29 0
15 -20 37 0
27 -5 7 0
7 40 -45 0
-43 39 23 0
7 45 47 0
-50 -10 4 0
46 38 8 0
-49 35 3 0
46 37 13 0
49 -23 -23 0
-19 -1 23 0
-1 31 3 0
-14 -16 48 0
-5 -41 12 0
39 29 50 0
20 -11 -37 0
25 -16 -38 0
-5 13 -6 0
50 9 5 0
29 -26 -47 0
14 -25 -17 0
17 38 7 0
-9 -29 25 0
-10 37 -12 0
23 8 -14 0
26 -10 -13 0
-43 1 15 0
-31 26 -14 0
18 -24 -12 0
-5 -46 -29 0
33 12 -46 0
-1 50 26 0
21 -17 -29 0
35 36 -15 0
-3 10 20 0
-6 13 48 0
-30 42 -19 0
13 -2 -24 0
23 -40 -34 0
39 47 -38 0
23 7 23 0
1 -7 12 0
-42 -25 25 0
13 1 -28 0
49 31 -24 0
25 46 1 0
49 -45 24 0
-18 31 -39 0
-25 -44 7 0
-50 -33 38 0
-10 23 -34 0
-19 -27 -9 0
-27 -8 -44 0
29 -26 24 0
-9 -36 -5 0
14 29 -48 0
12 -11 42 0
-15 -27 12 0
-43 -6 -47 0
-39 20 22 0
-9 -27 -25 0
-12 25 47 0
-46 19 -17 0
-6 -9 -17 0
-13 -1 -24 0
-3 -8 14 0
-23 -2 -15 0
3 -34 23 0
43 43 42 0
16 30 -2 0
-12 15 -45 0
7 -30 30 0
-3 24 -42 0
-29 38 -43 0
26 -28 7 0
37 -48 -49 0
50 46 -8 0
45 -28 -46 0
-11 -36 7 0
-18 14 39 0
-21 -30 -16 0
-22 44 -21 0
39 -30 -18 0
38 4 -20 0
13 -14 -34 0
-32 7 -1 0
1 37 44 0
-50 -27 -11 0
-23 -2 -50 0
-44 -25 -9 0
-23 49 1 0
42 -23 21 0
-35 41 20 0
-49 -46 28 0
5 27 27 0
4 23 49 0
44 -39 38 0
-20 28 28 0
29 -48 19 0
-43 -11 26 0
-13 -8 -6 0
37 5 3 0
18 33 11 0
42 -25 34 0
-42 28 -41 0
12 -10 11 0
-18 45 -8 0
39 -16 -25 0
36 31 -22 0
-21 43 -39 0
