c CNF generator v0.9
p cnf 50 312
43 7 -49 0
-23 2 -11 0
-36 -24 -43 0
-16 44 -19 0
-2 36 -48 0
1 -28 14 0
34 -17 -38 0
45 -1 31 0
50 27 5 0
1 -1 28 0
15 -36 -38 0
36 -26 -15 0
21 5 -8 0
-12 21 -19 0
10 34 20 0
-13 -45 -24 0
-28 -24 5 0
-5 14 47 0
-31 -2 -23 0
-20 -35 -35 0
-8 14 45 0
-45 35 44 0
50 -20 -12 0
-32 -6 41 0
46 13 -42 0
8 -3 25 0
-10 -33 34 0
-6 -45 -10 0
-6 23 -30 0
40 23 -34 0
26 -47 -5 0
-14 -24 -28 0
-38 -5 26 0
-37 -26 -38 0
-9 45 -17 0
19 7 8 0
-1 -17 41 0
-13 -9 -16 0
45 42 27 0
-16 -21 20 0
17 -41 -21 0
42 -20 -44 0
-37 40 24 0
38 4 -15 0
-8 4 8 0
15 14 42 0
-37 21 -6 0
-37 8 -47 0
38 -10 -49 0
30 10 -44 0
-34 -2 34 0
4 22 45 0
22 10 44 0
23 6 12 0
46 -46 -14 0
-27 41 2 0
34 -17 50 0
-37 -19 -9 0
15 -48 7 0
-31 -24 23 0
-5 -8 7 0
19 27 40 0
-46 -19 -34 0
8 11 37 0
33 -45 35 0
-33 -37 -41 0
49 26 16 0
4 -14 -20 0
6 3 -9 0
12 -13 -37 0
-27 -13 27 0
3 -31 7 0
36 6 -35 0
12 12 -20 0
49 -31 50 0
36 -7 17 0
-38 15 -29 0
-44 37 2 0
15 -7 38 0
-9 15 -34 0
-19 8 2 0
11 40 -38 0
-36 16 -10 0
-37 43 -43 0
17 37 -42 0
-49 15 47 0
-50 -17 -13 0
12 -25 -41 0
-34 -26 4 0
2 28 43 0
24 25 40 0
25 -10 6 0
-34 -29 -4 0
-27 -6 -15 0
10 21 36 0
-29 -49 21 0
23 -50 -44 0
-30 47 46 0
42 -22 15 0
-49 17 -15 0
-42 -4 -41 0
-11 17 -31 0
11 -7 -19 0
39 25 -21 0
45 -23 25 0
16 -18 -38 0
-4 48 -23 0
37 43 46 0
-41 -26 19 0
20 -45 43 0
-8 12 -3 0
-44 -6 -21 0
-36 -35 -21 0
31 42 -3 0
-41 31 -16 0
-46 -29 -47 0
24 33 -1 0
25 40 50 0
44 -26 -13 0
-38 25 -29 0
-3 -7 44 0
-37 46 48 0
-24 10 20 0
16 4 14 0
46 -39 -37 0
-36 -19 50 0
9 -31 -42 0
-20 7 32 0
-38 5 33 0
-39 -32 12 0
45 -26 29 0
30 -14 -43 0
-33 41 46 0
-28 -22 29 0
-16 -35 -14 0
49 -41 -40 0
-45 42 14 0
-40 1 25 0
41 -48 -2 0
-46 40 -17 0
-50 -28 9 0
-20 -6 -36 0
-5 -32 -31 0
-35 -36 -10 0
4 2 33 0
43 -7 7 0
47 -30 -41 0
-1 27 29 0
-20 32 -44 0
-16 -35 -7 0
8 11 -23 0
-6 44 -23 0
42 -32 -18 0
5 -11 5 0
17 -28 41 0
4 42 6 0
-28 -25 48 0
35 -13 -49 0
16 20 -47 0
-29 39 -25 0
13 -33 13 0
34 43 44 0
43 -8 -17 0
-31 32 43 0
-50 30 22 0
2 -34 24 0
14 19 45 0
23 22 25 0
-14 43 -17 0
1 -29 -37 0
-33 5 -50 0
-16 -23 -32 0
-2 -25 27 0
-50 -41 -8 0
-49 22 -49 0
24 16 20 0
-32 18 -19 0
23 14 32 0
-3 -19 -35 0
50 -19 40 0
27 28 -42 0
31 48 -40 0
-36 48 -1 0
42 -47 -24 0
-35 -10 20 0
15 10 8 0
8 36 30 0
-1 -14 -39 0
34 20 27 0
21 2 -43 0
16 -3 12 0
14 -20 -44 0
11 -42 2 0
30 -28 13 0
21 16 4 0
47 28 43 0
-36 -26 -16 0
-14 -2 -32 0
42 16 1 0
-23 -38 15 0
4 -5 -24 0
-47 6 50 0
15 -32 33 0
-42 -8 -16 0
-45 43 -6 0
35 41 2 0
-27 -48 -32 0
34 -37 -39 0
-35 -20 42 0
-36 -37 8 0
10 -3 5 0
8 4 -12 0
50 -11 -18 0
-26 -43 -19 0
16 -12 -45 0
-11 17 -12 0
41 -16 -6 0
-9 23 -34 0
2 -48 38 0
39 24 -30 0
-10 -17 -20 0
35 5 27 0
5 34 21 0
-2 -43 -3 0
-7 -13 -20 0
-2 -15 -6 0
18 37 14 0
19 8 1 0
-32 46 17 0
17 39 -12 0
-1 -25 -40 0
14 -5 -33 0
28 11 -9 0
-26 -30 -8 0
5 -6 50 0
38 -1 -10 0
-8 -46 14 0
20 -27 -36 0
10 -41 27 0
24 31 -1 0
-35 48 -42 0
25 4 -44 0
-49 -31 42 0
-15 49 -1 0
2 48 21 0
28 41 -49 0
27 -24 45 0
24 -28 18 0
3 -44 -24 0
-6 29 -38 0
-19 -13 47 0
-44 -30 25 0
12 -14 25 0
27 47 40 0
38 34 -13 0
32 17 -3 0
-34 31 -30 0
38 -2 15 0
12 -19 18 0
8 45 20 0
19 -24 12 0
-38 10 -9 0
37 34 29 0
-20 50 4 0
-50 -42 -1 0
12 40 -47 0
-50 -12 20 0
-49 -15 9 0
38 44 37 0
29 43 -13 0
-30 28 -29 0
41 -13 22 0
-2 -41 -4 0
5 34 11 0
-5 2 -34 0
-10 -34 -16 0
-14 -42 -45 0
6 -6 50 0
-27 -11 14 0
-16 6 43 0
-11 -15 -26 0
-27 28 43 0
-8 24 36 0
13 50 29 0
-17 -34 -17 0
-12 15 33 0
-12 4 9 0
-33 -37 -33 0
46 50 -32 0
17 -33 -7 0
44 -15 31 0
5 20 -13 0
-33 -11 32 0
35 -47 34 0
-23 -48 -11 0
24 2 -33 0
28 11 16 0
6 14 17 0
-33 36 23 0
-4 3 40 0
46 28 40 0
41 -32 -34 0
40 -17 -22 0
-2 -32 38 0
41 8 -25 0
-19 15 -29 0
-19 -33 8 0
-47 30 40 0
-38 -1 -33 0
-8 -22 15 0
35 34 19 0
30 30 -1 0
