c CNF generator v0.9
p cnf 50 312
3 -9 39 0
-31 45 40 0
-47 -48 -2 0
5 7 -4 0
41 13 -47 0
14 21 -47 0
11 -18 -35 0
29 -31 -4 0
26 10 28 0
-17 11 9 0
-15 4 -33 0
34 -33 2 0
37 13 -11 0
39 -41 40 0
-2 12 -39 0
47 28 -45 0
29 6 33 0
49 -6 9 0
-45 32 42 0
-19 -33 -33 0
30 1 23 0
45 -14 -49 0
-43 24 22 0
27 10 7 0
22 39 -7 0
-37 -37 22 0
46 12 19 0
-24 -41 48 0
32 45 33 0
-19 -50 11 0
-46 22 -3 0
35 -40 -19 0
11 49 -5 0
-8 3 29 0
8 35 -37 0
32 -30 -46 0
-22 -24 45 0
-31 12 -20 0
-5 -24 4 0
-30 -20 -41 0
42 36 50 0
50 -29 -19 0
24 37 16 0
14 -48 42 0
-41 45 -39 0
-15 15 -37 0
41 -1 44 0
41 -9 31 0
-32 32 -40 0
10 46 -24 0
21 14 -9 0
30 -21 32 0
-36 -42 -19 0
47 17 -2 0
-34 36 1 0
15 49 27 0
-14 -13 -11 0
23 -21 42 0
-46 -50 8 0
-34 36 -46 0
4 41 13 0
40 31 26 0
33 22 42 0
22 4 -25 0
10 -1 7 0
1 8 -22 0
-14 -30 28 0
19 -21 -43 0
-10 -11 -19 0
-22 17 -44 0
-29 -29 -32 0
34 50 -1 0
-40 -22 -50 0
-10 -20 -37 0
21 15 45 0
13 7 9 0
19 -41 -7 0
-20 42 47 0
18 -11 22 0
-2 12 41 0
15 -50 -42 0
-18 6 -49 0
-41 28 -29 0
6 -8 -35 0
-34 -41 -2 0
15 17 -28 0
-34 -50 30 0
-50 44 -1 0
8 49 48 0
14 27 2 0
29 -31 -48 0
5 1 -12 0
-31 2 47 0
-7 -46 -8 0
-46 13 -40 0
38 29 -34 0
22 -25 49 0
-20 46 3 0
34 -1 40 0
-41 -40 -9 0
-44 5 -38 0
-25 -12 29 0
-38 26 -32 0
43 -30 -42 0
-31 -50 48 0
-24 -40 -49 0
23 -40 -44 0
-28 4 12 0
-20 14 29 0
34 -6 16 0
8 -6 -12 0
3 -6 13 0
-43 22 31 0
48 38 14 0
37 30 29 0
15 4 -8 0
4 -22 -42 0
11 -26 -33 0
-24 10 -47 0
6 -19 40 0
-4 -23 -23 0
-47 13 -38 0
43 5 44 0
45 -40 45 0
49 40 15 0
31 -50 31 0
27 39 50 0
35 38 3 0
-23 37 7 0
-18 -39 28 0
-2 -8 -23 0
38 29 -3 0
-16 10 -35 0
44 3 2 0
14 -36 -38 0
-3 -17 47 0
-11 -8 -41 0
36 -49 -9 0
-31 -22 -17 0
36 -34 -23 0
37 -16 -44 0
8 39 37 0
36 16 -32 0
-16 -9 -44 0
-46 -7 -13 0
19 49 -19 0
48 4 27 0
-5 -20 12 0
-26 2 -41 0
-13 32 32 0
-46 -4 6 0
36 36 -34 0
20 -35 -24 0
42 -18 20 0
-27 33 27 0
38 -27 33 0
-24 31 -46 0
-45 -17 34 0
3 -22 -32 0
-46 -37 -15 0
20 9 26 0
-21 22 -35 0
24 49 29 0
-30 -5 12 0
-16 22 -41 0
19 14 17 0
31 -5 -24 0
-9 -48 -4 0
-23 -5 -7 0
-20 33 -5 0
45 27 14 0
18 -46 42 0
-48 43 46 0
-21 6 26 0
4 -40 38 0
11 -9 -48 0
-46 1 -27 0
-32 -29 29 0
-47 21 43 0
-9 18 45 0
-50 -4 21 0
33 -37 -11 0
34 -7 -3 0
2 22 32 0
-9 40 35 0
17 18 45 0
19 44 41 0
-40 -21 -7 0
-39 -35 43 0
-26 31 27 0
27 47 21 0
-43 -38 36 0
-18 -20 -42 0
-37 46 -2 0
37 41 -8 0
14 -20 -48 0
-26 38 -34 0
-12 -41 -32 0
-49 -22 -1 0
-47 -13 49 0
41 -7 47 0
-48 -21 12 0
-24 20 -34 0
-10 -40 -27 0
24 28 41 0
-22 7 -38 0
39 8 -48 0
-16 44 29 0
-35 10 -19 0
26 19 -4 0
38 -21 -11 0
28 -24 -49 0
-42 -36 33 0
-9 -11 24 0
-48 -7 43 0
-12 -8 -42 0
7 -34 21 0
17 29 -23 0
-31 -31 -29 0
26 13 -50 0
-25 -32 5 0
50 -40 5 0
29 6 50 0
48 8 46 0
-22 28 -21 0
37 -34 26 0
26 -40 -4 0
14 12 -15 0
-11 -1 47 0
-37 1 6 0
16 32 -11 0
35 1 12 0
-23 -46 49 0
19 31 28 0
18 23 19 0
-14 47 -34 0
-42 -47 -7 0
-17 -46 -31 0
-50 14 20 0
-35 4 1 0
35 18 -27 0
-29 11 20 0
-2 -48 23 0
14 43 33 0
19 -35 -9 0
4 19 -30 0
2 28 -25 0
19 20 -37 0
28 -17 -12 0
-44 21 -42 0
31 -15 14 0
46 -18 20 0
19 13 -27 0
18 -34 10 0
-14 49 33 0
-24 -8 18 0
-42 -7 41 0
-35 14 2 0
23 6 -30 0
8 -49 -34 0
28 43 -35 0
-29 -16 33 0
-28 -22 6 0
-24 -9 -38 0
9 -21 -50 0
3 9 -13 0
48 47 -38 0
10 -8 25 0
-44 8 -15 0
-42 -8 -48 0
-27 -34 39 0
36 32 -40 0
47 -31 -41 0
32 -36 -19 0
-30 6 14 0
17 -50 50 0
-29 -17 -1 0
-13 37 45 0
-11 25 31 0
-29 46 -21 0
34 4 -16 0
-16 -12 40 0
37 -35 45 0
18 -49 30 0
-33 -26 -3 0
2 24 26 0
-3 -15 -21 0
43 -23 -30 0
-7 34 10 0
-9 -35 31 0
-50 40 20 0
-40 20 -27 0
-39 40 -17 0
49 -48 27 0
12 -21 10 0
-24 1 7 0
1 -18 -43 0
-8 -12 42 0
-20 -20 -39 0
42 14 -29 0
-1 -25 -17 0
13 37 -48 0
40 -9 -37 0
-48 4 -33 0
-29 30 -3 0
28 9 -17 0
38 -19 26 0
39 39 -46 0
-10 -40 -14 0
37 -5 -27 0
-37 -30 -5 0
36 -13 -28 0
