c CNF generator v0.9
p cnf 50 312
20 47 -8 0
40 16 5 0
14 37 -17 0
38 -23 10 0
-29 -48 47 0
-40 29 -18 0
37 -20 43 0
11 47 -24 0
5 44 -32 0
-8 -4 -22 0
13 25 -1 0
43 -14 34 0
37 43 -44 0
-12 18 31 0
17 -33 20 0
-13 27 -14 0
-18 -31 33 0
22 -50 22 0
-39 50 -13 0
-1 43 5 0
30 23 -19 0
-1 -5 -45 0
-18 44 -27 0
-45 -7 26 0
-37 48 36 0
35 16 33 0
-16 -48 43 0
-43 50 -13 0
-10 -9 9 0
-48 8 -8 0
19 43 15 0
8 -19 -27 0
-35 24 -49 0
-43 8 38 0
-31 7 -1 0
5 -36 -19 0
33 -40 -36 0
4 46 -5 0
-9 -46 46 0
-12 8 33 0
26 12 -27 0
23 -29 22 0
32 -40 7 0
-40 -50 -39 0
24 44 -46 0
-44 25 13 0
40 4 23 0
-33 -43 23 0
-39 48 -16 0
14 -27 3 0
15 30 -21 0
14 42 31 0
43 11 42 0
-28 32 20 0
-48 -13 -20 0
-44 46 29 0
-5 -20 25 0
11 40 33 0
1 5 -13 0
-19 -34 19 0
-2 30 -13 0
46 49 16 0
9 8 -24 0
-2 -5 -44 0
-3 -33 -4 0
36 -50 -11 0
1 8 16 0
-49 -28 11 0
-40 -1 19 0
-12 14 -11 0
46 -16 21 0
-36 9 9 0
7 -17 34 0
-41 26 -10 0
-9 33 1 0
50 -10 42 0
-34 -44 -48 0
-3 -43 16 0
14 50 -14 0
-19 -5 25 0
30 18 37 0
-24 -25 21 0
31 22 25 0
42 35 46 0
-5 -40 20 0
30 -13 -26 0
41 -10 29 0
28 -36 48 0
-8 -48 3 0
-18 35 -32 0
24 14 26 0
43 -40 37 0
15 24 -24 0
18 -34 6 0
47 -44 29 0
31 9 2 0
11 -50 -2 0
19 21 -39 0
-35 -26 10 0
25 -14 -34 0
43 5 -21 0
29 -23 -37 0
47 8 -48 0
32 -27 46 0
47 -27 48 0
12 -22 17 0
-22 -27 34 0
-48 -2 -7 0
26 28 -8 0
-29 -44 23 0
20 -8 -25 0
-40 -20 38 0
-3 20 25 0
39 -43 -25 0
35 -49 38 0
2 45 -31 0
4 47 41 0
8 9 6 0
-14 -39 38 0
16 -42 26 0
-3 20 13 0
-1 40 -7 0
6 47 -7 0
47 1 34 0
-4 4 10 0
17 48 -50 0
-26 24 -2 0
38 -13 -30 0
-48 -44 28 0
-3 -23 33 0
6 -49 26 0
29 -36 1 0
-1 -37 -4 0
-14 20 11 0
5 25 -33 0
28 -5 -3 0
-46 -22 -15 0
-13 20 -1 0
-2 -46 42 0
25 40 -5 0
40 -44 46 0
-27 -35 29 0
-24 -12 -36 0
-30 42 34 0
43 -25 -28 0
-41 -45 -3 0
-19 -44 7 0
11 41 -47 0
-22 30 -40 0
8 -44 -49 0
35 -21 45 0
26 11 3 0
-39 -9 -6 0
-7 -42 -24 0
-43 46 12 0
-12 -49 5 0
4 40 -28 0
-4 -46 -31 0
-37 27 -25 0
42 -45 37 0
28 33 -37 0
-37 -6 -50 0
46 44 13 0
34 25 -39 0
-26 14 32 0
24 26 50 0
5 -46 13 0
39 21 -18 0
-25 -15 -32 0
-9 17 -8 0
3 16 47 0
-32 26 -22 0
-22 -45 24 0
35 16 14 0
-21 27 33 0
-15 -30 23 0
4 -38 -50 0
49 14 -10 0
17 -9 7 0
12 -5 -4 0
22 8 -15 0
41 -21 48 0
-9 -34 -9 0
-3 18 -4 0
-3 42 13 0
36 6 48 0
50 38 40 0
-23 -47 7 0
-13 23 -9 0
8 -45 -8 0
22 3 23 0
25 45 -40 0
26 22 19 0
29 7 -11 0
20 2 -16 0
-43 -14 28 0
-45 26 20 0
26 23 -39 0
5 46 5 0
-17 16 -5 0
3 2 6 0
-11 -33 -2 0
47 -7 42 0
15 10 -30 0
34 -46 -15 0
46 9 29 0
42 36 39 0
18 -37 44 0
34 7 -48 0
-38 27 -27 0
45 29 22 0
-3 -2 -43 0
28 -40 40 0
-27 -25 -39 0
-15 -22 -10 0
-14 -42 -25 0
-35 -27 50 0
-33 -49 6 0
32 38 26 0
50 20 -12 0
44 4 30 0
29 23 28 0
-23 -27 31 0
36 -9 -45 0
37 41 -35 0
42 48 -32 0
47 -27 -30 0
11 19 20 0
-19 -34 38 0
-15 -46 13 0
-36 46 -41 0
29 -7 39 0
41 20 30 0
30 -43 11 0
-1 -21 27 0
-29 19 -3 0
-4 39 -1 0
5 32 -5 0
16 -38 34 0
-22 -38 -48 0
8 9 -4 0
50 30 7 0
31 -19 -5 0
-35 -23 -39 0
45 11 3 0
16 2 -25 0
19 46 -28 0
-50 41 40 0
40 -35 -2 0
19 49 9 0
4 -35 -19 0
20 12 15 0
-10 48 30 0
-4 43 18 0
-25 -2 41 0
-22 -14 -29 0
-28 -5 -2 0
3 3 2 0
11 26 -1 0
-14 25 -21 0
33 -35 -16 0
-13 38 -5 0
-13 50 -18 0
-41 -44 22 0
-44 -22 9 0
47 -42 -39 0
-2 -3 -12 0
43 29 -22 0
-17 19 26 0
10 5 11 0
-46 17 -12 0
3 -35 5 0
-25 -27 45 0
-41 -37 -15 0
5 9 -37 0
19 11 -44 0
1 -14 -44 0
-36 49 -17 0
40 -41 -28 0
40 40 -7 0
-39 17 10 0
-43 -41 -42 0
-39 -8 19 0
-46 42 -9 0
-40 -32 47 0
-6 -22 26 0
16 -39 46 0
43 -7 -13 0
-24 26 10 0
-11 -10 10 0
-35 10 -4 0
39 45 18 0
-31 44 -27 0
8 -25 15 0
-20 5 -27 0
-17 23 4 0
28 2 15 0
-48 -50 30 0
-23 -49 23 0
-37 10 -28 0
33 31 -11 0
-24 -9 38 0
12 -14 36 0
-50 25 -44 0
8 -49 -25 0
30 28 45 0
-23 12 -22 0
-48 2 -24 0
50 21 -31 0
38 17 6 0
-33 33 -8 0
32 48 -15 0
