c CNF generator v0.9
p cnf 50 312
49 -23 15 0
-46 -36 2 0
44 16 -7 0
-44 -28 48 0
18 4 -42 0
-42 9 -1 0
-27 -23 4 0
43 -30 28 0
49 -6 43 0
-49 -42 47 0
-45 42 22 0
-39 -12 33 0
29 3 14 0
2 21 50 0
26 -3 -41 0
-43 30 14 0
41 -35 21 0
-32 18 -24 0
-22 48 -2 0
21 6 -12 0
2 -30 -15 0
24 9 11 0
-23 -23 32 0
33 34 -10 0
4 -49 13 0
-28 45 1 0
22 -41 29 0
28 -38 36 0
-46 -23 14 0
27 -42 -4 0
18 37 3 0
-43 -6 10 0
-44 14 -23 0
44 -21 28 0
15 -19 9 0
-42 18 -1 0
-1 -10 5 0
40 12 3 0
-8 43 -29 0
-26 -9 -16 0
-28 19 7 0
-3 32 47 0
-46 44 -4 0
9 -7 -21 0
3 -28 -44 0
36 22 -37 0
23 46 -29 0
-27 -25 45 0
-23 28 46 0
-11 -24 -12 0
-26 28 -35 0
-10 23 28 0
38 15 32 0
-28 -26 -36 0
15 -8 -43 0
42 27 -4 0
46 -22 -6 0
-13 -38 5 0
-11 -49 40 0
-43 33 31 0
-45 20 25 0
28 23 -23 0
-44 -11 4 0
36 -21 -24 0
41 -49 -48 0
-9 43 -17 0
-4 19 10 0
19 -28 16 0
29 -25 5 0
22 46 -22 0
32 47 49 0
18 3 -33 0
19 10 -8 0
-21 34 -34 0
43 -31 22 0
-2 25 10 0
6 18 22 0
22 -12 -12 0
-49 4 21 0
-44 -43 -34 0
10 -41 17 0
-21 15 -41 0
9 29 6 0
33 49 18 0
49 34 21 0
49 33 35 0
31 41 44 0
12 -27 42 0
-3 33 43 0
1 -23 50 0
-19 -44 24 0
5 49 15 0
-34 -44 46 0
3 26 36 0
-46 21 -10 0
19 -6 50 0
2 50 31 0
38 -11 -42 0
-8 9 20 0
-19 24 -14 0
31 -36 38 0
3 47 40 0
33 41 -23 0
12 -19 30 0
-43 -23 43 0
-46 -25 17 0
-23 -47 50 0
22 7 13 0
-33 -28 -15 0
20 32 18 0
8 6 30 0
35 -9 6 0
-32 42 18 0
-14 -2 28 0
-16 29 -33 0
5 -23 -3 0
-49 -25 30 0
6 -47 -41 0
-38 50 18 0
8 32 30 0
2 20 3 0
17 -19 -14 0
21 34 34 0
-2 -36 -26 0
-11 -23 -20 0
-29 -13 12 0
-43 10 27 0
-34 40 43 0
4 6 19 0
-8 25 -22 0
6 -46 -4 0
44 42 8 0
-32 -38 7 0
-29 -12 -33 0
-22 29 -23 0
-15 28 -40 0
-4 5 -43 0
-15 10 -19 0
8 34 1 0
-38 21 29 0
-26 -33 14 0
-37 -17 42 0
10 20 36 0
-31 5 46 0
26 -8 23 0
-24 -38 24 0
30 8 38 0
13 -48 29 0
-21 43 19 0
19 16 1 0
18 22 9 0
25 -7 7 0
-12 6 39 0
-41 -38 20 0
-30 20 47 0
-16 -3 31 0
-20 45 -1 0
-4 44 -26 0
13 -36 2 0
20 14 23 0
18 -38 -31 0
-42 -25 -5 0
2 -27 -25 0
-48 -16 30 0
-48 -26 -29 0
-36 34 28 0
-20 4 -13 0
-40 -12 48 0
37 -1 -40 0
36 4 43 0
41 -28 30 0
-24 39 7 0
-5 -24 -5 0
-36 15 42 0
-4 -20 -13 0
-25 -20 27 0
23 32 -9 0
-7 49 35 0
-46 39 24 0
-35 48 36 0
-4 -25 3 0
35 -41 -13 0
34 -46 34 0
6 -17 48 0
-11 17 26 0
8 10 -18 0
14 7 29 0
-13 -32 20 0
-3 -26 27 0
35 -13 49 0
24 -27 28 0
-4 -3 -46 0
42 -24 -11 0
-38 -45 -44 0
47 -24 -50 0
29 -10 -41 0
-44 -16 -44 0
-3 -5 -22 0
-39 42 -15 0
11 18 -22 0
3 -25 9 0
34 35 -47 0
47 -10 19 0
-28 -5 47 0
-14 3 38 0
-7 47 -28 0
39 29 -30 0
-37 47 12 0
24 25 37 0
11 18 27 0
-24 -17 -15 0
20 30 28 0
20 47 26 0
-28 13 28 0
45 20 32 0
36 50 -22 0
-8 7 -34 0
45 10 12 0
-32 8 -9 0
-49 31 -41 0
41 44 -9 0
49 50 -33 0
-5 2 22 0
45 -39 23 0
35 39 -24 0
5 -32 -20 0
-10 32 22 0
-42 -26 -32 0
-49 -4 33 0
20 42 15 0
-24 11 16 0
31 33 -5 0
7 36 5 0
-2 50 40 0
50 22 -49 0
3 28 36 0
23 1 -33 0
-11 4 17 0
-8 18 50 0
-6 39 15 0
-18 -40 19 0
-33 -46 -29 0
-43 34 -8 0
25 31 28 0
-24 8 34 0
-45 16 -21 0
26 1 48 0
36 33 -28 0
-6 -36 38 0
42 -4 -15 0
-37 14 -32 0
-12 50 -11 0
36 -40 21 0
50 40 22 0
5 46 -9 0
-18 15 19 0
4 -6 -25 0
-16 -41 28 0
22 44 43 0
-29 -13 2 0
38 15 -17 0
-31 -4 -10 0
18 32 2 0
21 17 -28 0
16 -40 16 0
-17 -50 35 0
-41 45 7 0
-45 39 31 0
17 -1 6 0
29 22 35 0
48 -12 -48 0
-27 -32 15 0
43 -3 32 0
11 -11 -3 0
-22 -29 30 0
32 -44 19 0
-21 15 28 0
-22 23 -14 0
-17 -48 -47 0
-32 43 16 0
42 32 23 0
10 5 -4 0
31 -31 -50 0
50 27 -42 0
16 -14 8 0
18 -39 -12 0
23 -9 31 0
-25 26 -2 0
50 -18 -36 0
-23 23 -28 0
-25 10 -12 0
48 -43 45 0
-26 31 -43 0
21 -46 -16 0
34 -32 -36 0
7 45 17 0
10 35 -41 0
-28 -11 -10 0
41 -40 -46 0
-44 -3 15 0
-10 27 11 0
14 8 10 0
-1 18 -3 0
21 -41 45 0
-17 -9 -19 0
16 -48 25 0
5 39 23 0
2 39 -26 0
36 1 -6 0
15 41 12 0
25 -46 39 0
32 31 -1 0
