c CNF generator v0.9
p cnf 50 312
-31 11 -3 0
40 8 -10 0
3 16 26 0
-44 41 -24 0
-32 36 -22 0
25 44 31 0
13 34 11 0
-31 4 49 0
21 27 38 0
-36 -41 18 0
9 27 43 0
39 -11 7 0
-32 -41 4 0
47 -28 2 0
-22 2 37 0
29 31 -34 0
-23 17 -13 0
-11 -30 30 0
31 42 -25 0
15 3 20 0
27 44 -27 0
-4 46 -2 0
18 49 -36 0
-37 15 -31 0
-18 -24 24 0
-19 -8 -37 0
-29 -34 -15 0
-21 -36 -45 0
-50 -23 45 0
50 27 48 0
37 39 -9 0
27 28 27 0
-22 -36 -17 0
11 19 42 0
3 -35 -24 0
-22 40 -12 0
11 -45 -43 0
-36 -31 34 0
-21 -25 48 0
49 -31 -29 0
-36 27 34 0
15 29 28 0
-24 24 38 0
-34 28 -29 0
16 -1 5 0
2 -37 -29 0
-13 -6 21 0
-34 -41 -22 0
3 -43 -5 0
-2 -48 -29 0
-13 22 34 0
-49 34 -1 0
28 32 -13 0
29 -31 -14 0
14 9 50 0
-17 32 16 0
24 46 -28 0
26 19 -21 0
-26 4 48 0
-31 -45 -2 0
-5 -44 -50 0
-11 -28 -10 0
-35 -18 32 0
-9 -34 33 0
-1 9 36 0
-19 26 -45 0
-1 38 25 0
-34 -25 -33 0
12 -45 15 0
-10 39 50 0
-35 34 28 0
22 -35 -33 0
-23 -3 -41 0
-23 49 40 0
39 34 19 0
7 -5 -39 0
-46 -22 14 0
-49 31 44 0
-5 -11 13 0
-38 -50 -19 0
46 47 -38 0
39 -33 -34 0
23 8 44 0
-49 11 31 0
-35 -6 -23 0
-11 42 -22 0
-40 27 -42 0
39 -18 -19 0
-19 16 37 0
-28 36 39 0
-10 -1 40 0
-3 41 23 0
49 15 -1 0
-32 -33 14 0
19 -2 -10 0
49 -27 -1 0
5 7 11 0
-41 9 -34 0
10 19 -46 0
-49 -27 43 0
-47 27 36 0
43 48 -41 0
15 19 41 0
29 -47 -25 0
43 -19 39 0
-35 1 26 0
-47 -44 -2 0
-47 -21 -33 0
9 7 -17 0
-10 21 20 0
42 -50 31 0
21 -29 -18 0
39 -42 -35 0
12 36 -5 0
-16 -4 23 0
37 -24 35 0
-42 -44 -50 0
-39 -4 47 0
13 -50 41 0
24 26 -47 0
-8 31 -27 0
11 -30 39 0
48 -24 2 0
24 19 -15 0
-29 48 -33 0
-6 16 19 0
14 36 29 0
-46 11 19 0
-24 -12 39 0
50 -9 -10 0
-41 -23 26 0
1 35 -13 0
31 -12 23 0
-30 -3 32 0
-24 21 -40 0
39 48 30 0
41 -22 -2 0
29 -49 -17 0
-13 -24 48 0
-42 -40 20 0
-21 -39 44 0
6 -42 -35 0
-23 -33 20 0
33 -37 45 0
47 43 7 0
-2 20 -17 0
-50 45 6 0
-5 -50 -27 0
-16 -49 1 0
-1 29 -44 0
-35 27 32 0
-34 18 15 0
-34 -2 13 0
-25 1 36 0
-19 -44 3 0
35 -2 43 0
10 -12 14 0
45 -7 40 0
-40 9 24 0
13 -11 -5 0
46 11 -27 0
15 16 44 0
-29 23 1 0
-15 -5 4 0
-29 15 -42 0
47 43 -11 0
-46 11 -15 0
-43 19 41 0
29 25 -15 0
-5 47 8 0
-45 25 -26 0
45 -19 17 0
43 -19 -44 0
8 20 -42 0
19 -7 -47 0
46 36 27 0
36 -46 42 0
-12 -25 39 0
-32 -42 -14 0
-22 -4 -22 0
23 2 22 0
10 16 -17 0
-47 32 -13 0
-50 -21 35 0
-20 -12 30 0
-11 46 14 0
-26 23 25 0
-37 -6 -39 0
-27 -50 -5 0
-9 41 48 0
-36 11 -41 0
12 38 -16 0
42 -20 18 0
-22 10 -36 0
48 -35 12 0
46 36 -4 0
35 16 15 0
-5 40 -27 0
-1 3 46 0
47 -21 32 0
-14 35 -42 0
4 35 15 0
-42 8 49 0
-47 17 -48 0
-26 -40 24 0
-1 -46 42 0
22 -37 -14 0
14 -33 -27 0
-42 -22 12 0
7 40 11 0
21 38 -17 0
50 42 5 0
43 -4 -8 0
33 38 -19 0
-22 6 -20 0
-31 -16 -4 0
5 26 -40 0
-29 20 -13 0
-17 18 -19 0
-41 6 46 0
49 -3 -35 0
4 -29 -22 0
21 23 44 0
28 46 -7 0
32 -48 38 0
32 -25 15 0
-9 -10 50 0
22 9 -24 0
-38 -40 22 0
-46 -9 -21 0
32 -16 35 0
-30 18 44 0
11 -43 -2 0
16 28 15 0
-49 45 -32 0
19 -30 -8 0
43 4 -48 0
10 29 20 0
27 -33 7 0
-40 25 43 0
-14 -32 3 0
-28 44 42 0
-15 -30 30 0
26 -29 6 0
-9 46 22 0
28 -16 -1 0
39 -4 -9 0
-16 -11 31 0
-5 -14 -32 0
21 -16 41 0
-21 40 -42 0
49 27 -5 0
16 -24 -23 0
30 -33 16 0
31 -48 -29 0
44 -16 19 0
-16 -45 -40 0
-46 18 -32 0
-9 -33 31 0
-11 -34 -9 0
29 16 -35 0
-30 16 -7 0
8 -8 -38 0
13 -32 -28 0
48 -31 19 0
24 -34 -31 0
-20 -45 39 0
16 -29 -40 0
15 -12 -9 0
35 -4 -43 0
21 -50 8 0
22 15 -10 0
-24 43 -48 0
-13 -18 -12 0
-3 48 -20 0
4 26 40 0
11 40 25 0
42 25 -20 0
3 -18 4 0
-19 -4 -50 0
29 -34 -10 0
-50 12 49 0
1 27 2 0
-23 36 -17 0
-14 47 39 0
7 -50 -39 0
45 26 32 0
-42 49 -9 0
-43 -9 -33 0
31 -50 31 0
46 -35 -32 0
-45 15 16 0
-47 26 -48 0
3 19 10 0
22 31 -35 0
41 42 3 0
49 36 24 0
-24 -29 -36 0
-4 -25 -15 0
36 11 -21 0
-18 17 48 0
48 48 -28 0
-32 5 -46 0
-35 -26 -37 0
35 -17 -17 0
21 -47 -49 0
-4 -41 -8 0
-11 -28 -20 0
3 -9 -16 0
42 -47 -31 0
46 41 -3 0
41 49 -14 0
