c CNF generator v0.9
p cnf 50 312
43 31 32 0
20 41 -24 0
-48 -33 -13 0
4 -41 39 0
1 35 -17 0
-14 -24 12 0
-31 -39 -32 0
40 -18 24 0
-39 -41 -18 0
42 -18 7 0
-22 45 -44 0
46 50 3 0
4 -15 39 0
-16 13 46 0
-39 -9 -4 0
20 -29 22 0
-36 41 -23 0
-37 16 29 0
-17 48 -23 0
-23 -34 -7 0
5 -39 50 0
-10 23 30 0
9 -21 -25 0
38 -26 25 0
-29 -49 40 0
15 -32 -50 0
49 17 18 0
-45 -17 -2 0
6 47 -39 0
13 48 -1 0
48 13 45 0
-43 -44 -11 0
29 -1 29 0
47 -39 31 0
47 -2 -37 0
25 -10 3 0
4 -7 9 0
43 -8 -4 0
-40 6 2 0
34 18 -41 0
-27 49 21 0
-6 8 18 0
-32 36 -24 0
-48 50 -39 0
38 -30 43 0
-43 -28 15 0
-17 35 48 0
4 -24 -30 0
-22 48 -25 0
11 -15 -14 0
-21 -17 49 0
44 -8 4 0
29 42 -21 0
-42 -3 32 0
38 -45 16 0
3 -38 -17 0
-50 15 4 0
-12 -30 -33 0
8 -24 42 0
-29 -15 -1 0
-20 -12 29 0
-19 -32 -22 0
46 -44 -20 0
-25 15 5 0
-31 42 -39 0
-19 -17 32 0
42 19 33 0
-15 28 22 0
-22 34 5 0
48 2 15 0
46 -26 8 0
-14 11 39 0
48 -3 9 0
-16 18 -41 0
-10 23 -40 0
-32 12 1 0
47 20 18 0
-27 12 49 0
25 -49 7 0
-20 32 -42 0
-2 3 -7 0
23 11 50 0
-33 18 6 0
-13 -3 -4 0
21 -1 35 0
-34 -47 37 0
7 -16 -5 0
-34 -5 14 0
17 -7 -9 0
46 19 -15 0
36 6 19 0
17 -1 28 0
-22 -42 42 0
42 -44 41 0
48 -39 -5 0
-9 -18 -36 0
-25 -39 25 0
-10 11 -12 0
16 37 30 0
18 -10 -15 0
18 13 -8 0
15 39 9 0
-42 -21 5 0
-4 -23 29 0
-48 -35 9 0
-3 -42 -15 0
3 41 -37 0
15 28 48 0
17 13 22 0
28 -39 30 0
-17 -3 10 0
38 7 35 0
4 -38 -27 0
-27 -43 -13 0
-35 15 -12 0
35 -47 -26 0
-46 36 46 0
-14 -36 -17 0
8 10 -20 0
4 -38 -3 0
-26 -17 -25 0
15 -9 -26 0
-16 -18 9 0
-26 21 -16 0
-10 41 5 0
-31 29 39 0
18 50 -2 0
47 -6 3 0
-32 -2 31 0
18 28 33 0
-32 25 6 0
43 -1 26 0
10 -12 37 0
34 -34 -23 0
43 38 -50 0
46 -46 -23 0
29 -17 10 0
6 -46 -20 0
5 -6 -14 0
-43 -37 8 0
-9 44 21 0
42 -23 -33 0
-16 -20 35 0
-30 11 -1 0
-5 -47 24 0
-3 -27 -29 0
-6 43 50 0
50 -14 -8 0
-22 37 9 0
24 30 17 0
-45 -30 37 0
26 -23 -32 0
-17 15 -34 0
-37 -45 40 0
47 -34 -10 0
-10 -36 35 0
-29 -2 -27 0
41 -47 -16 0
28 -50 -31 0
8 6 1 0
47 4 41 0
-41 -4 -45 0
-24 6 9 0
-25 14 29 0
-30 43 10 0
-1 -34 39 0
6 27 37 0
-21 16 39 0
32 -8 -14 0
-19 11 -10 0
8 47 3 0
48 -3 -41 0
1 33 -45 0
-22 -27 -14 0
28 30 27 0
-25 38 -4 0
-39 26 -29 0
21 9 -26 0
-23 50 -21 0
-42 22 28 0
19 -32 14 0
24 38 29 0
-7 36 2 0
-29 -42 30 0
-21 -28 39 0
-41 -27 -14 0
46 2 39 0
-21 -5 41 0
-19 -49 42 0
16 -38 -3 0
22 3 36 0
-30 -30 -23 0
-30 49 40 0
42 13 -49 0
49 -4 -25 0
-45 33 24 0
49 40 15 0
-23 -49 17 0
-21 -40 -27 0
31 -17 11 0
41 30 3 0
34 13 -4 0
-5 -22 41 0
30 -22 30 0
43 -6 48 0
10 -28 29 0
40 11 -43 0
19 27 5 0
30 -4 -32 0
18 -32 8 0
-10 6 50 0
24 29 35 0
-6 -29 -33 0
11 32 -27 0
-49 4 -22 0
-3 -44 -13 0
-18 -40 32 0
-25 -35 31 0
23 40 22 0
42 47 39 0
-18 -47 -42 0
-31 50 -23 0
18 35 5 0
-1 10 11 0
33 45 -33 0
28 -44 25 0
-1 -15 39 0
-15 13 14 0
1 -43 -26 0
-38 -13 31 0
-39 -21 -39 0
-4 -25 36 0
-44 -31 -17 0
-3 40 -48 0
-8 -14 34 0
-29 30 11 0
-15 6 -1 0
-2 -47 48 0
-50 46 -39 0
-2 -8 -42 0
-27 15 -18 0
36 -29 -46 0
-31 18 -27 0
16 6 -5 0
-25 50 19 0
-46 34 -17 0
-47 23 19 0
-2 -47 44 0
46 3 -37 0
17 -11 -30 0
45 22 -1 0
21 7 -15 0
30 30 9 0
50 19 -10 0
5 -21 -1 0
-28 38 -23 0
1 38 -44 0
4 -41 29 0
-49 -22 23 0
19 -50 21 0
-4 50 12 0
-14 -32 39 0
37 33 -9 0
-45 13 -2 0
-11 -43 -44 0
-18 -50 30 0
37 35 -47 0
-48 26 -4 0
-11 15 11 0
-48 50 -40 0
-35 35 -40 0
5 -7 35 0
-16 -47 -4 0
29 12 -17 0
5 21 21 0
8 2 -46 0
-16 50 34 0
38 -14 -4 0
9 -13 41 0
5 -33 24 0
49 -50 41 0
-13 -5 8 0
-28 3 43 0
50 -39 25 0
-22 33 -13 0
46 26 19 0
3 29 -40 0
-44 -31 -7 0
24 -24 -47 0
25 10 43 0
-17 -37 25 0
-31 -26 -49 0
-46 30 12 0
26 -44 -36 0
35 20 -21 0
-18 41 -7 0
-26 16 17 0
41 8 -18 0
-4 -42 -44 0
36 12 7 0
20 7 -7 0
-35 48 -21 0
24 36 -15 0
35 47 -36 0
23 47 47 0
-24 29 25 0
-16 -12 -11 0
26 -46 -27 0
12 21 30 0
-15 -50 12 0
-50 -22 43 0
4 -20 2 0
