c CNF generator v0.9
p cnf 50 312
23 -19 -33 0
24 9 -33 0
41 -18 14 0
46 -9 -17 0
44 -24 28 0
-25 -31 9 0
-19 1 -18 0
-38 -45 43 0
-36 -5 31 0
29 -30 20 0
-16 -38 -24 0
7 9 -38 0
-50 -9 -30 0
-40 21 6 0
-38 43 23 0
-16 -16 -22 0
27 -29 -18 0
-50 -48 31 0
-40 47 26 0
39 -12 32 0
12 -8 -46 0
-21 43 -16 0
-38 43 36 0
-30 -43 30 0
-45 -27 32 0
2 1 6 0
49 -44 -10 0
-24 -40 17 0
40 8 -45 0
50 -47 -25 0
38 -18 -28 0
-43 23 42 0
44 28 -5 0
-33 -45 -8 0
-42 -8 -13 0
-7 32 20 0
24 46 10 0
-28 -8 35 0
49 32 -50 0
-27 40 -47 0
46 41 -16 0
49 30 -1 0
-12 -26 -47 0
3 24 20 0
-8 -5 43 0
-33 39 -8 0
-32 50 45 0
16 26 28 0
4 8 6 0
7 31 6 0
23 34 39 0
-36 -20 -48 0
-20 45 48 0
-10 1 30 0
-37 -10 -34 0
45 22 37 0
5 -42 -34 0
-48 -44 43 0
-49 1 -3 0
38 -13 -12 0
15 -37 -8 0
5 -44 -49 0
38 48 16 0
-47 -21 -38 0
45 -34 38 0
37 46 -4 0
-21 23 -27 0
35 -42 -32 0
30 -37 42 0
6 2 50 0
18 -28 -12 0
44 -8 -45 0
3 22 -30 0
32 18 -1 0
20 -44 -50 0
-2 13 32 0
25 -10 -27 0
-13 -1 -12 0
-24 19 -27 0
4 -40 -49 0
43 10 -32 0
5 -11 22 0
-3 44 45 0
26 -42 -1 0
44 -13 -48 0
-32 -16 12 0
38 -22 -31 0
4 3 -22 0
40 22 42 0
-13 -8 2 0
3 24 -10 0
-35 -9 37 0
44 -21 43 0
20 12 -16 0
-1 -4 25 0
-35 40 49 0
28 33 -34 0
22 -25 -5 0
44 29 -6 0
40 41 -24 0
-4 18 -9 0
30 49 24 0
33 43 -31 0
10 -49 5 0
12 -18 45 0
13 -12 34 0
44 -22 35 0
-33 -49 18 0
46 -6 -42 0
33 21 38 0
-50 18 6 0
2 -33 23 0
42 42 34 0
-15 2 -25 0
35 47 -28 0
-21 -44 -36 0
2 -50 -28 0
11 29 -49 0
39 23 -24 0
-17 -2 44 0
14 -47 -44 0
23 7 28 0
5 21 -5 0
-32 44 -27 0
20 27 37 0
-17 -24 -44 0
-15 -28 -19 0
-42 -26 30 0
47 23 -15 0
-43 34 27 0
40 -8 11 0
-5 -25 -46 0
-37 5 27 0
-35 -39 -22 0
-34 -13 -43 0
13 5 -31 0
42 -24 2 0
5 8 18 0
24 -12 -34 0
46 -9 -9 0
-21 -20 23 0
-41 -16 47 0
-8 7 12 0
-43 -50 37 0
-44 11 -50 0
47 -1 46 0
19 -47 -40 0
-39 27 -49 0
-47 -11 -36 0
5 2 25 0
-43 11 37 0
-29 -39 13 0
17 27 -21 0
-30 50 6 0
-8 -15 -48 0
-47 -28 -36 0
43 1 46 0
-2 48 -11 0
44 48 -17 0
-26 -49 29 0
33 -43 -19 0
6 46 -8 0
-19 7 44 0
37 27 6 0
2 -6 32 0
-29 8 -49 0
-44 -42 -42 0
-16 -24 -30 0
42 44 -13 0
-8 32 46 0
-39 -30 18 0
48 -14 35 0
23 18 -24 0
-39 -48 39 0
38 -4 -37 0
-19 -15 37 0
48 -43 -17 0
45 -16 10 0
13 -33 -23 0
18 29 -36 0
-44 5 40 0
18 11 -2 0
-42 -49 -40 0
-32 47 -33 0
-39 29 18 0
-13 -49 4 0
30 -18 38 0
-29 -27 -26 0
1 14 44 0
-19 -5 41 0
-18 18 43 0
-16 -29 -44 0
-16 37 -31 0
2 1 -31 0
26 -16 35 0
-36 -21 22 0
20 -5 25 0
-26 22 -31 0
-40 21 -49 0
-2 -39 4 0
40 20 46 0
28 33 26 0
20 15 12 0
-31 -49 -4 0
35 -45 -13 0
29 29 2 0
17 -40 45 0
42 34 -45 0
1 33 9 0
-30 35 -13 0
-44 13 -19 0
-41 42 41 0
-13 4 27 0
-46 49 -34 0
-18 -33 -10 0
22 20 -34 0
9 -19 13 0
-9 -24 -24 0
-35 -10 43 0
-16 22 35 0
20 8 23 0
-16 12 -16 0
24 47 21 0
-35 -34 49 0
-21 -23 9 0
-21 18 -40 0
15 1 3 0
29 39 -36 0
-17 -33 26 0
39 -2 -12 0
-17 -38 36 0
-46 -12 -9 0
17 -32 48 0
6 -3 -36 0
33 17 22 0
-2 26 40 0
41 -3 34 0
46 -27 -33 0
9 -40 2 0
-9 24 -36 0
42 -23 20 0
-10 27 34 0
42 -7 8 0
25 24 34 0
19 1 -13 0
-20 44 -35 0
40 11 -23 0
34 6 -46 0
-43 -21 -23 0
-50 -13 50 0
-11 -33 -31 0
-42 -33 41 0
4 28 -13 0
-20 10 7 0
18 22 42 0
-20 -27 33 0
-20 -19 31 0
7 11 33 0
44 -44 48 0
3 4 40 0
-19 22 5 0
34 44 -45 0
-39 -29 -15 0
-45 47 10 0
31 12 1 0
14 40 40 0
-12 46 32 0
-38 11 -49 0
-47 -10 -37 0
32 48 -16 0
34 -47 30 0
47 29 28 0
-25 -50 14 0
-1 -26 -50 0
-35 41 -3 0
-6 -41 38 0
-47 45 22 0
22 40 16 0
-36 -35 43 0
7 25 8 0
19 -30 -49 0
15 -16 30 0
19 41 28 0
21 -16 13 0
9 43 13 0
-21 47 46 0
-4 14 -24 0
15 26 36 0
6 -47 -50 0
-46 36 8 0
-11 5 -10 0
-19 -16 15 0
-32 14 -5 0
-49 -48 8 0
24 -17 1 0
-17 43 17 0
29 -14 -29 0
-12 -1 14 0
16 43 -9 0
20 28 -18 0
-44 -44 7 0
-37 33 15 0
46 47 50 0
46 45 -46 0
-27 30 38 0
19 -26 23 0
49 -19 9 0
18 -16 -27 0
-16 24 32 0
-7 -35 -19 0
-38 -12 49 0
-15 -34 2 0
