c CNF generator v0.9
p cnf 50 312
10 -22 32 0
47 -26 -8 0
15 19 -28 0
37 -25 6 0
-31 50 -50 0
-33 11 2 0
36 -6 40 0
-45 -36 -32 0
-9 -47 29 0
9 40 23 0
-16 -32 15 0
18 -49 42 0
-48 -15 12 0
-40 1 34 0
-10 -44 11 0
-24 -31 -37 0
15 -40 21 0
-50 18 -16 0
-20 31 -27 0
44 16 -4 0
-5 -43 31 0
-4 -48 48 0
38 12 -6 0
25 38 -50 0
24 -9 -7 0
9 19 24 0
15 -21 48 0
2 48 -48 0
47 -29 34 0
20 29 24 0
33 -15 25 0
-12 20 -7 0
-24 33 -37 0
-45 40 -50 0
46 -6 -2 0
7 -6 -16 0
34 -5 -18 0
33 -30 26 0
17 -38 -4 0
-8 -44 32 0
-1 25 12 0
-2 -24 43 0
7 40 -49 0
-37 12 21 0
-34 33 6 0
40 32 50 0
-37 43 18 0
45 3 -44 0
-29 4 -20 0
16 -39 -24 0
-44 35 13 0
-30 -9 36 0
42 2 36 0
-5 17 41 0
14 -6 -12 0
-46 -14 8 0
-9 -8 -16 0
-46 -5 18 0
-5 -10 -9 0
21 10 44 0
-43 -23 20 0
-15 33 -43 0
-49 -13 -16 0
-31 -13 -10 0
1 47 -49 0
11 -9 23 0
48 -45 -14 0
17 44 -49 0
-40 -13 -32 0
-23 30 11 0
27 -7 -12 0
-47 -12 -47 0
24 14 -34 0
5 -30 41 0
47 37 -10 0
-37 33 -48 0
-39 46 1 0
-30 42 29 0
24 -24 -25 0
24 -15 35 0
21 20 -1 0
-33 27 44 0
-9 11 -18 0
46 -22 -5 0
24 -42 -16 0
16 37 -43 0
-23 23 40 0
-45 15 -27 0
-13 -44 -31 0
22 42 -15 0
23 42 2 0
-40 5 39 0
-3 -3 -33 0
45 -49 -33 0
-6 49 -22 0
18 44 -24 0
-11 -37 -42 0
-23 16 -9 0
34 18 -37 0
5 25 21 0
-35 20 50 0
-37 -38 46 0
15 17 -45 0
-40 6 -32 0
9 11 8 0
-27 4 43 0
27 31 27 0
28 -2 15 0
-11 6 -19 0
-15 35 -33 0
23 -29 44 0
-29 48 -10 0
39 8 5 0
8 13 -21 0
-13 -19 34 0
-2 44 -50 0
-24 -10 -39 0
19 41 -20 0
33 27 26 0
34 -25 33 0
-31 9 43 0
10 16 -29 0
-42 -29 24 0
48 33 -21 0
-9 2 34 0
-46 -3 43 0
-46 19 49 0
33 -43 8 0
-50 -39 -45 0
-21 -15 3 0
-42 15 15 0
39 -14 -15 0
12 -2 38 0
-21 14 24 0
47 -15 -23 0
45 -3 -23 0
49 -18 40 0
20 -46 4 0
-11 9 25 0
15 31 31 0
-28 14 40 0
-29 -37 -42 0
24 -28 -45 0
44 -8 20 0
-10 -30 -10 0
1 37 -25 0
-48 36 -18 0
1 -3 25 0
-8 19 14 0
6 13 -33 0
-2 26 -32 0
17 39 25 0
-3 13 -25 0
-25 21 -39 0
-31 24 10 0
-33 20 -9 0
-42 22 22 0
18 -21 14 0
13 -4 13 0
2 -12 -43 0
2 41 -12 0
-23 27 12 0
-32 -8 -10 0
-18 39 -43 0
-37 -10 43 0
21 16 -5 0
-17 4 24 0
-6 -33 -14 0
13 45 -24 0
6 22 -14 0
26 38 -37 0
29 -21 18 0
-47 44 -28 0
8 -42 -38 0
-50 -12 -3 0
1 -18 27 0
-26 -44 -28 0
-27 -9 -46 0
-41 -18 12 0
37 3 50 0
-12 -1 9 0
35 17 -4 0
-46 -31 50 0
-11 -1 39 0
-43 50 33 0
-8 15 -20 0
-30 25 26 0
-21 -47 -36 0
19 26 -12 0
34 18 24 0
28 -14 49 0
22 24 49 0
30 45 -43 0
9 -36 -45 0
-7 44 36 0
-25 -14 -3 0
-4 -36 7 0
-29 30 28 0
-4 -34 40 0
-34 -46 -27 0
-44 -47 35 0
20 -50 33 0
1 -38 -33 0
-16 44 -44 0
26 44 3 0
19 -23 -46 0
-31 41 32 0
-49 34 -7 0
-23 -3 -15 0
-22 -7 -45 0
-46 9 14 0
-14 -10 41 0
-34 -30 42 0
-25 -11 35 0
-5 -2 38 0
26 47 -46 0
-30 -39 -18 0
17 -19 -19 0
17 14 -17 0
-50 44 -3 0
-46 30 -32 0
16 22 44 0
8 5 45 0
9 3 46 0
23 -10 -23 0
18 -8 40 0
-37 35 23 0
49 42 -25 0
-8 44 -12 0
42 -12 -43 0
12 -21 30 0
33 30 -22 0
50 4 -3 0
-42 -43 40 0
20 3 42 0
-34 50 46 0
-33 34 39 0
34 -38 -2 0
-49 -21 18 0
40 -28 25 0
41 19 -29 0
24 3 -39 0
9 -37 -13 0
19 -3 46 0
-45 2 -13 0
20 -30 4 0
-44 -35 9 0
6 -6 40 0
20 17 47 0
32 -45 20 0
-11 -21 -42 0
48 47 -40 0
13 -25 1 0
-44 35 -41 0
-12 2 35 0
-21 49 -37 0
50 -38 -11 0
-4 14 -38 0
-10 -37 -21 0
-26 17 -2 0
-26 -4 34 0
34 -41 14 0
7 13 -44 0
11 4 -31 0
-28 35 -32 0
32 49 41 0
6 -43 -9 0
-10 23 34 0
-14 -22 13 0
45 -25 21 0
17 27 -18 0
34 -12 -19 0
38 10 -15 0
-1 -42 -36 0
34 -44 49 0
18 -36 -40 0
44 34 -22 0
22 -5 -3 0
35 23 -21 0
27 10 16 0
-13 48 25 0
-23 -41 -3 0
50 -40 -20 0
32 -11 -39 0
18 -33 -5 0
-50 40 -19 0
46 28 2 0
-46 32 38 0
-41 -15 31 0
9 -20 34 0
-21 9 -9 0
-29 -7 -42 0
34 41 -46 0
47 -25 10 0
31 -5 44 0
25 50 -7 0
23 5 49 0
30 -45 30 0
40 43 48 0
30 16 -40 0
13 43 -22 0
-22 37 -27 0
-3 1 20 0
18 8 -1 0
21 -22 -47 0
-23 -34 26 0
-25 -13 12 0
3 -29 39 0
-1 -19 -28 0
36 18 12 0
-36 28 6 0
-27 -47 33 0
