c CNF generator v0.9
p cnf 50 312
5 31 30 0
3 31 -1 0
-41 -13 43 0
-16 4 -27 0
5 4 31 0
-2 -7 29 0
11 26 -1 0
-39 -35 -11 0
11 15 5 0
21 24 -40 0
7 22 -49 0
-49 49 48 0
-4 26 -45 0
25 -29 31 0
-29 -22 12 0
-41 -24 -24 0
-40 23 20 0
44 -35 -43 0
-9 22 32 0
-32 -26 4 0
6 44 -6 0
15 26 -27 0
-2 -23 -6 0
47 -35 -28 0
23 -5 -8 0
-30 -26 30 0
-31 43 -36 0
48 -17 -15 0
41 -8 1 0
-21 -37 38 0
-41 24 33 0
-5 7 12 0
38 -47 49 0
-48 -17 12 0
47 20 21 0
18 -46 23 0
23 -21 30 0
17 37 48 0
50 -17 -47 0
-37 23 -12 0
30 -23 25 0
45 -21 -27 0
4 -17 37 0
-21 34 33 0
37 -38 -43 0
-43 -47 11 0
11 15 37 0
-44 19 -39 0
-11 8 47 0
-35 31 28 0
11 39 -9 0
11 30 -18 0
50 34 -11 0
-27 14 -22 0
-14 -17 4 0
37 -17 37 0
-21 20 42 0
-6 7 -31 0
-2 19 9 0
4 41 19 0
-20 27 31 0
-2 -4 -48 0
46 -42 7 0
-34 -9 -4 0
50 46 -25 0
36 3 45 0
-25 -50 -4 0
3 4 -8 0
5 -45 35 0
-21 -19 16 0
-17 47 20 0
34 -7 -14 0
12 34 3 0
-28 34 22 0
-46 -38 -49 0
21 -45 44 0
11 16 -12 0
11 -24 37 0
-8 -13 -13 0
-32 -43 -25 0
-43 -48 50 0
-5 -5 -31 0
12 45 -45 0
31 15 46 0
7 -18 -12 0
42 49 -47 0
-33 3 -24 0
27 -50 22 0
-11 -16 -50 0
-36 37 -22 0
-36 31 35 0
-12 32 43 0
-15 23 16 0
3 1 -10 0
-9 9 46 0
-48 -11 -36 0
-30 26 7 0
23 -32 44 0
-15 7 42 0
46 3 17 0
-45 -11 -2 0
-2 -1 -29 0
-32 -4 30 0
22 -9 4 0
43 8 -35 0
-36 -28 -13 0
-9 20 13 0
-27 -29 37 0
-28 -13 36 0
-25 -41 -39 0
34 -32 16 0
42 -46 -40 0
10 -39 40 0
-18 -27 36 0
16 35 -29 0
24 25 -21 0
-25 -25 -39 0
38 -33 -43 0
33 -9 -40 0
38 -43 -44 0
24 48 12 0
-30 -46 41 0
14 4 -12 0
26 24 -17 0
36 -13 -39 0
-30 -27 -22 0
-29 -17 -25 0
24 7 16 0
-6 25 3 0
-37 34 -1 0
6 -32 45 0
43 -10 5 0
27 42 4 0
8 37 48 0
-31 31 29 0
-6 -16 -25 0
21 -39 -50 0
-37 -12 -26 0
-41 11 -42 0
31 22 38 0
-8 23 43 0
5 38 -8 0
-41 19 -20 0
49 -12 -28 0
32 -42 -15 0
-43 43 -47 0
30 -7 41 0
-12 44 48 0
-14 -17 17 0
11 -36 -14 0
14 -18 -27 0
-44 42 -40 0
-29 -39 15 0
-48 -21 -22 0
-23 4 31 0
-26 -32 -11 0
46 -38 -31 0
40 -4 27 0
-1 7 38 0
32 -18 -26 0
-40 8 41 0
-37 -39 22 0
46 3 49 0
-30 22 23 0
6 -20 23 0
36 -26 -36 0
33 39 -34 0
-42 -34 -36 0
-17 -1 -4 0
40 10 13 0
-4 -1 -46 0
-37 -44 -9 0
34 -34 41 0
32 33 46 0
-5 8 -11 0
-21 32 13 0
-5 -47 -24 0
32 25 3 0
18 11 33 0
19 -33 -28 0
-37 20 -47 0
-30 -24 -28 0
27 38 -41 0
-46 19 43 0
44 17 -14 0
11 -10 32 0
24 21 -50 0
24 -1 -36 0
-29 17 32 0
-35 -46 -33 0
-8 -31 1 0
16 -4 -11 0
35 -45 -36 0
-37 49 44 0
-49 -42 -6 0
49 13 44 0
27 -25 -41 0
-6 50 43 0
28 -23 -15 0
24 32 -3 0
-15 33 -19 0
-48 -23 1 0
45 -8 37 0
24 -45 49 0
-50 -31 -11 0
42 2 -43 0
-4 -1 33 0
39 -40 8 0
23 -2 43 0
-1 11 50 0
20 -11 -22 0
14 38 -1 0
-20 13 4 0
7 -30 -37 0
16 -29 16 0
24 33 17 0
32 25 -7 0
49 -19 37 0
-29 -48 7 0
-11 18 -28 0
41 23 32 0
-15 35 24 0
20 38 33 0
-4 -17 45 0
-40 46 -26 0
-5 -17 29 0
11 -35 35 0
-47 13 -24 0
36 -22 47 0
32 3 -45 0
-34 -50 2 0
-50 -22 17 0
-47 3 1 0
29 -24 4 0
-12 -24 25 0
48 -31 -28 0
-42 25 19 0
35 13 -38 0
-34 7 50 0
-28 -6 -18 0
-45 47 -17 0
28 -28 48 0
-25 9 -42 0
12 -21 -50 0
-31 -26 8 0
-38 44 1 0
-31 -48 26 0
49 -50 43 0
-46 25 38 0
36 34 15 0
17 -44 -15 0
-49 -43 17 0
41 2 -47 0
28 22 -47 0
43 -10 26 0
-2 -45 -6 0
-41 43 -5 0
7 43 -7 0
2 -15 -30 0
24 22 -9 0
-7 -23 3 0
22 37 23 0
47 -50 -40 0
-20 22 19 0
-7 32 -46 0
-43 3 -12 0
-3 16 35 0
43 47 -30 0
-19 38 -47 0
36 19 23 0
12 -28 9 0
2 37 -33 0
25 -10 47 0
11 14 -9 0
-22 -36 -21 0
-23 36 23 0
14 -9 -45 0
42 20 -47 0
-37 -37 1 0
5 40 31 0
-40 42 30 0
17 1 40 0
-39 5 41 0
-46 -33 31 0
-35 -20 -37 0
-12 -21 14 0
1 31 -24 0
-1 27 -4 0
45 -5 37 0
24 -33 -29 0
13 48 -49 0
-10 -6 -1 0
-36 -8 41 0
-29 -24 23 0
-21 -38 -22 0
33 10 36 0
-13 24 -45 0
41 -29 -14 0
-11 -16 37 0
-43 5 43 0
-5 46 12 0
-34 -36 42 0
13 34 12 0
-27 7 13 0
23 -31 -10 0
33 16 -29 0
45 -4 7 0
-27 25 -9 0
35 -2 -49 0
-29 41 -3 0
-50 2 11 0
-26 -7 -44 0
