c CNF generator v0.9
p cnf 50 312
12 -47 45 0
17 -35 -38 0
32 -23 5 0
27 -4 15 0
-12 37 27 0
-27 -40 -16 0
2 13 46 0
4 -11 -5 0
19 -47 8 0
9 4 45 0
45 -6 -7 0
36 48 -19 0
30 18 -42 0
36 -30 45 0
31 19 -8 0
34 32 9 0
-32 -29 -11 0
37 -24 25 0
-40 25 -29 0
-44 49 48 0
36 14 -37 0
-10 -18 27 0
30 -39 -37 0
46 -49 -27 0
-42 -23 -39 0
-15 -35 -30 0
-5 28 36 0
8 44 -21 0
-39 -17 23 0
-18 -4 17 0
-37 -44 -39 0
-11 -3 41 0
-18 -31 9 0
22 -22 -8 0
-12 -33 33 0
23 -15 -16 0
32 -8 -5 0
19 2 -43 0
34 -14 16 0
-14 -34 -36 0
-43 7 47 0
5 46 10 0
46 -50 36 0
28 -50 -45 0
-33 -45 44 0
32 -13 40 0
-14 27 -28 0
33 -45 2 0
46 -6 -44 0
-1 -16 23 0
1 -41 37 0
25 -3 -32 0
-44 16 -2 0
-46 7 11 0
30 -34 6 0
-21 -6 46 0
43 -50 17 0
6 12 -30 0
8 -48 -27 0
-14 -24 -46 0
22 -23 35 0
-40 39 44 0
-16 -22 47 0
-26 -16 44 0
38 -30 20 0
-44 -14 -22 0
-17 41 9 0
43 -49 -26 0
3 9 -2 0
-4 49 33 0
17 -4 -22 0
-40 5 13 0
-16 -9 3 0
4 -26 31 0
13 20 -46 0
-21 37 -48 0
-2 -36 4 0
15 -33 -38 0
-26 -22 3 0
1 14 -34 0
-22 -15 -4 0
41 25 -23 0
50 -28 -38 0
-36 -43 -26 0
14 45 -32 0
-35 -39 -29 0
3 40 26 0
41 1 26 0
-1 -46 49 0
-5 -35 -13 0
-31 15 33 0
10 23 -23 0
-32 43 -29 0
-2 -2 4 0
-10 -41 -7 0
-27 -41 -16 0
-35 5 -7 0
-3 45 11 0
27 -34 21 0
23 19 8 0
32 -5 20 0
-8 39 -44 0
40 -4 -3 0
-47 -49 -37 0
-1 -34 23 0
36 46 48 0
-29 -1 -11 0
-8 -4 -34 0
-42 -17 -43 0
-27 24 -34 0
5 13 -31 0
2 24 30 0
-5 -6 -6 0
-42 -23 -35 0
-48 9 -20 0
-50 41 47 0
40 -30 7 0
-43 -49 31 0
-43 -30 -40 0
-14 -25 -30 0
-36 -50 41 0
-19 -8 1 0
21 -42 26 0
44 -29 -23 0
-33 -22 -38 0
-16 36 35 0
39 -1 -26 0
38 -27 41 0
-25 20 -45 0
-6 5 -26 0
34 1 11 0
28 -16 -5 0
30 -10 38 0
-10 -43 -28 0
-27 34 24 0
11 -30 -6 0
25 -20 42 0
10 17 49 0
-42 9 -6 0
22 -10 42 0
-28 42 13 0
-19 24 -36 0
41 -13 26 0
-28 46 -49 0
36 -21 17 0
24 -49 -24 0
38 -2 -5 0
-9 6 -46 0
-29 10 -15 0
32 29 42 0
-4 -25 -50 0
35 41 9 0
31 9 24 0
40 14 13 0
-37 -22 12 0
-23 -41 1 0
29 42 -33 0
-42 3 41 0
-32 47 -19 0
-44 -49 -14 0
22 -9 -14 0
32 34 36 0
48 -3 46 0
44 -4 45 0
32 35 -46 0
-15 -28 14 0
-41 -12 -2 0
13 -29 34 0
-29 4 -35 0
19 -26 -21 0
29 13 -46 0
7 42 36 0
3 -18 43 0
24 -9 37 0
-2 -19 14 0
14 -14 -41 0
10 16 -43 0
-22 50 31 0
40 27 28 0
-10 -21 34 0
-36 46 11 0
-5 -10 13 0
-40 -21 -37 0
-7 13 1 0
48 49 -33 0
-13 24 46 0
21 -4 37 0
17 15 -14 0
20 -48 -19 0
33 6 33 0
-31 -36 48 0
8 44 -40 0
-27 -16 -37 0
8 -39 -31 0
13 10 28 0
-21 30 -35 0
20 -39 -28 0
-34 40 -14 0
32 -48 -28 0
39 -29 30 0
-27 -17 -2 0
23 -13 -31 0
49 3 -3 0
-16 34 -50 0
-12 -6 -2 0
12 -19 12 0
32 6 11 0
-36 -45 7 0
16 3 2 0
-31 8 49 0
43 6 -6 0
33 -26 26 0
-32 -10 50 0
26 19 17 0
-21 27 44 0
-21 -4 31 0
37 -43 31 0
23 -41 32 0
-42 18 -3 0
44 11 -50 0
38 9 -12 0
29 32 -13 0
-34 19 15 0
34 -26 -21 0
50 21 -35 0
22 -6 -40 0
-8 -3 33 0
2 39 46 0
-23 41 -25 0
-26 10 34 0
12 22 14 0
-30 32 34 0
34 -37 44 0
-23 -47 40 0
-30 33 16 0
-21 -9 42 0
-19 -10 23 0
-38 -9 20 0
5 42 -4 0
12 44 -46 0
-20 1 7 0
4 1 31 0
-26 5 35 0
-34 -16 -37 0
33 23 -13 0
-41 -28 32 0
4 -8 29 0
46 -43 46 0
27 -8 -9 0
36 -18 -38 0
49 27 2 0
-43 16 -14 0
33 -14 -1 0
-34 41 -49 0
-12 -21 35 0
4 8 -30 0
19 18 -32 0
-13 43 6 0
23 19 -3 0
-38 9 33 0
24 -44 48 0
-8 -31 42 0
-17 -5 -38 0
-15 -1 34 0
-9 -19 34 0
44 41 19 0
-36 -19 -2 0
26 -12 34 0
25 -9 28 0
-31 -45 -19 0
-49 50 39 0
-14 -49 -33 0
27 -42 46 0
-32 13 -3 0
-33 25 28 0
11 -15 -5 0
-28 -20 17 0
-19 -40 -3 0
21 -7 21 0
28 29 44 0
-16 -4 -41 0
9 1 11 0
3 -26 -3 0
-36 -24 45 0
28 -8 -1 0
-29 -1 29 0
27 -50 4 0
-20 -47 26 0
27 10 22 0
24 19 34 0
-27 41 -2 0
36 -46 -39 0
-23 30 -14 0
24 -28 -8 0
-19 -11 -19 0
-45 -11 -10 0
-5 22 -48 0
-10 -1 37 0
37 -49 20 0
-49 -39 -34 0
-1 -22 -26 0
-6 47 -34 0
24 1 -34 0
36 1 39 0
44 -2 45 0
11 17 20 0
-15 -50 -46 0
-19 -37 -6 0
-36 13 13 0
-45 10 7 0
19 5 -35 0
18 29 18 0
