c CNF generator v0.9
p cnf 50 312
-22 -10 28 0
24 41 -9 0
7 -24 -12 0
22 -17 35 0
-9 -48 3 0
7 -42 1 0
-10 48 -35 0
2 20 -6 0
-42 -13 14 0
-29 32 34 0
-16 30 45 0
23 21 12 0
27 42 -23 0
-32 50 6 0
16 46 -45 0
26 -1 16 0
-49 30 27 0
-16 -19 -46 0
47 -32 27 0
-33 18 2 0
48 -33 -30 0
-19 47 -40 0
-49 14 -29 0
-31 12 -5 0
20 -15 -48 0
-17 36 -5 0
1 47 -6 0
-15 -4 -2 0
-30 14 -30 0
-5 -27 48 0
8 39 49 0
-47 -24 -16 0
48 -24 47 0
-48 41 40 0
-6 -38 -14 0
-36 2 40 0
-50 9 36 0
1 30 34 0
41 48 -19 0
10 47 44 0
-24 -2 -36 0
34 -38 -29 0
12 -42 -10 0
46 -41 39 0
-38 49 19 0
34 -50 2 0
14 43 45 0
6 -16 -34 0
11 -16 -10 0
-27 28 -19 0
46 10 44 0
18 -44 -6 0
-33 21 24 0
32 12 -1 0
-31 35 48 0
9 21 -5 0
-3 9 7 0
47 -45 -17 0
-1 8 -45 0
13 15 15 0
14 -47 10 0
-34 27 20 0
-17 -3 24 0
25 -12 35 0
22 -39 45 0
-9 -29 26 0
-8 -19 -27 0
-20 -2 -30 0
-28 4 -19 0
44 -12 -9 0
37 -50 42 0
-38 45 48 0
20 8 35 0
39 -34 35 0
-6 33 -46 0
-34 -3 50 0
23 -42 39 0
27 -8 50 0
20 -8 -13 0
-12 16 40 0
33 10 -11 0
-28 -27 -37 0
-17 34 -24 0
-33 -43 21 0
-45 45 47 0
-11 -33 -29 0
36 31 -2 0
6 -49 19 0
18 3 -16 0
28 -26 23 0
7 -50 22 0
32 -1 -31 0
-3 -27 22 0
36 12 -5 0
-43 -46 1 0
7 49 -45 0
-37 -22 -25 0
-36 -44 8 0
41 43 -39 0
-28 -22 -19 0
31 -22 44 0
34 19 -22 0
43 -8 -2 0
24 -44 -28 0
-10 46 34 0
18 46 2 0
-34 -2 -50 0
-5 50 1 0
-12 -44 41 0
34 -48 -44 0
49 -16 -45 0
36 45 -8 0
20 48 -4 0
15 28 -42 0
44 -44 -27 0
18 -27 23 0
-5 31 6 0
-4 -1 10 0
-8 -10 -1 0
20 10 -46 0
5 -50 -48 0
-30 -4 16 0
-35 -21 35 0
-19 -2 32 0
27 1 -5 0
43 15 3 0
-11 1 -46 0
-12 48 4 0
-50 25 30 0
-11 36 -34 0
-9 -18 -16 0
-36 -37 -2 0
-12 50 -4 0
-25 -31 -47 0
29 24 -29 0
24 32 41 0
-32 -4 -34 0
-11 -45 44 0
42 -23 -12 0
-17 22 1 0
5 -17 12 0
25 -8 24 0
-1 48 17 0
26 16 30 0
-28 32 -5 0
31 -45 -24 0
-35 12 15 0
7 -14 -36 0
5 27 40 0
42 -40 -24 0
18 50 31 0
-31 -30 -22 0
4 40 37 0
-33 49 20 0
-49 49 -20 0
48 24 -13 0
33 -17 -47 0
-47 -22 -50 0
27 -2 12 0
-9 36 -27 0
-9 6 -29 0
16 15 -42 0
50 23 -25 0
-42 16 -46 0
-9 30 26 0
30 -30 -13 0
31 1 -15 0
47 -32 18 0
-39 -9 -1 0
-21 -26 -16 0
36 -50 29 0
-2 37 -1 0
-1 37 -32 0
4 -44 -12 0
17 -40 -33 0
-38 29 -25 0
-20 4 -46 0
-26 36 7 0
-36 -29 -35 0
-45 34 -34 0
9 -35 -1 0
-19 -8 18 0
14 -33 36 0
18 36 -31 0
8 7 -24 0
49 21 25 0
-10 42 -16 0
-31 13 46 0
32 -49 -2 0
46 -44 18 0
45 25 37 0
-27 -29 40 0
-36 50 -35 0
1 -11 9 0
31 -22 -27 0
-33 -10 -38 0
10 -50 17 0
47 40 44 0
-49 42 -29 0
33 14 19 0
6 8 33 0
42 -8 -17 0
39 23 21 0
48 -32 -7 0
46 18 -45 0
-2 -12 -12 0
-16 -2 -28 0
50 -50 33 0
20 -31 -18 0
33 33 -8 0
-34 -39 19 0
44 3 39 0
37 34 -15 0
3 4 20 0
22 34 3 0
-9 14 43 0
-34 35 -28 0
35 7 -39 0
-50 -4 35 0
43 -16 33 0
4 28 11 0
-46 -47 12 0
-41 -17 22 0
-40 -21 37 0
-17 17 -44 0
16 -3 -1 0
45 41 44 0
6 -13 8 0
45 -24 -19 0
20 -1 20 0
-49 -45 21 0
22 2 -46 0
-6 10 20 0
-36 27 -44 0
-23 -46 -20 0
-9 -11 37 0
-6 -14 40 0
39 -20 21 0
-24 -24 50 0
43 -9 -44 0
8 -46 -7 0
4 23 33 0
3 2 -49 0
-18 4 -48 0
13 33 -29 0
36 -36 -50 0
-13 19 10 0
34 -37 13 0
41 -34 13 0
-45 -35 6 0
3 24 -9 0
-45 -23 33 0
-17 -48 -48 0
24 14 -36 0
20 -17 -8 0
-35 -24 -12 0
18 31 -2 0
-2 -4 44 0
14 -37 -12 0
-6 -16 43 0
-26 -46 -23 0
-12 -40 -5 0
-1 -7 -27 0
33 -9 -34 0
-49 -39 -40 0
-33 6 21 0
-48 24 6 0
-8 28 -5 0
-36 14 -49 0
-39 25 -3 0
-32 49 35 0
-39 49 -16 0
-41 -11 15 0
6 36 -22 0
-21 -38 25 0
21 29 -11 0
-9 -34 1 0
-17 -12 -43 0
-29 -26 -48 0
-50 43 -31 0
-47 23 35 0
23 -47 -39 0
47 -4 43 0
-41 18 -37 0
6 -31 21 0
5 44 -34 0
14 25 8 0
-19 45 35 0
6 4 8 0
41 16 -6 0
-16 -5 17 0
14 35 -29 0
14 -13 7 0
25 -11 18 0
50 7 45 0
-30 -23 17 0
20 7 34 0
32 41 31 0
45 -7 -33 0
-25 -45 -14 0
-16 25 -8 0
26 -49 20 0
-9 38 14 0
7 2 -33 0
21 -32 27 0
32 -8 -24 0
-49 -32 7 0
-13 -47 -32 0
14 -44 25 0
30 22 -39 0
-38 30 -31 0
-11 33 -7 0
