c CNF generator v0.9
p cnf 50 312
-13 -5 -23 0
9 8 16 0
36 8 15 0
23 -33 20 0
-1 37 20 0
16 23 27 0
2 -38 41 0
-20 13 2 0
-24 -49 -11 0
-42 -34 -37 0
20 38 -41 0
14 43 -12 0
-30 49 -35 0
12 -45 -39 0
-4 2 -28 0
-8 19 2 0
-25 -1 -10 0
43 -5 3 0
4 -23 20 0
4 -9 -13 0
42 1 -18 0
34 -15 20 0
-48 42 31 0
-49 39 -50 0
-2 44 -39 0
2 -16 48 0
-48 41 -47 0
-29 2 -38 0
-2 -10 -27 0
19 -24 -45 0
-17 -28 -32 0
50 -33 -35 0
31 -20 -49 0
13 45 -42 0
-31 40 -8 0
-49 -9 -1 0
50 42 -34 0
50 -17 -32 0
32 -45 19 0
16 15 31 0
32 8 6 0
-10 14 46 0
-1 43 43 0
-30 -14 -35 0
6 37 -9 0
-49 39 20 0
20 -1 40 0
23 -35 -41 0
21 -9 -36 0
-45 44 19 0
-4 7 -30 0
-30 4 22 0
-34 27 -8 0
-22 1 -2 0
43 7 31 0
2 -49 13 0
19 24 44 0
16 -26 25 0
-17 18 -15 0
15 -20 43 0
7 23 -42 0
36 -25 -39 0
-27 -26 -48 0
37 -30 -36 0
-18 22 -30 0
29 -23 17 0
5 36 -7 0
-16 -36 48 0
-16 -15 -42 0
-46 40 19 0
-26 -33 46 0
-42 -13 -41 0
-49 -9 -6 0
2 12 49 0
-33 -4 -44 0
-15 15 -28 0
-26 23 49 0
-24 44 -49 0
-27 -3 22 0
-16 32 25 0
50 -9 -40 0
22 17 -14 0
-22 35 -12 0
-14 -41 -35 0
-26 -7 34 0
-42 7 14 0
17 49 19 0
43 -6 17 0
-27 -44 35 0
-42 27 9 0
32 47 23 0
-16 -35 -39 0
37 -22 36 0
48 26 -19 0
-6 -11 -49 0
-27 25 -10 0
10 -35 20 0
-47 41 19 0
-46 -6 -31 0
25 -29 -25 0
31 -43 -36 0
22 -40 -9 0
-9 20 18 0
32 -43 -4 0
43 6 29 0
20 -17 22 0
-10 -28 41 0
28 -28 -2 0
48 -49 -23 0
17 -6 -19 0
50 -36 4 0
16 -43 34 0
27 -28 -44 0
-46 38 -2 0
-31 15 -46 0
41 16 -42 0
-36 10 -49 0
-34 8 -26 0
20 -50 28 0
-43 -26 -28 0
-23 49 -10 0
2 -13 -37 0
47 -32 30 0
-10 -27 -14 0
-2 31 -13 0
-43 13 23 0
-14 14 27 0
-39 -35 -43 0
11 11 -32 0
-9 24 2 0
-39 -14 -46 0
-25 -47 34 0
31 3 -23 0
-48 47 -8 0
-28 29 26 0
49 -25 12 0
36 -19 5 0
36 32 49 0
-46 17 -6 0
49 -44 41 0
26 -39 -32 0
-37 -6 -10 0
-37 -39 7 0
30 38 -36 0
4 -25 -49 0
-19 -38 -42 0
35 -7 8 0
-7 39 32 0
-47 -29 2 0
7 13 31 0
34 49 -22 0
32 -27 29 0
41 -27 26 0
-24 -38 -47 0
-7 1 -8 0
17 32 42 0
24 12 22 0
42 -15 -18 0
-17 -16 50 0
11 6 -39 0
-37 -27 -32 0
17 -8 21 0
36 -42 -5 0
-14 -15 -28 0
21 -21 46 0
15 -35 -46 0
22 -22 -17 0
-38 -42 1 0
3 -13 -36 0
-26 8 39 0
-2 -45 10 0
-6 -9 -41 0
27 -35 32 0
-14 -24 -41 0
-30 15 6 0
-7 -37 -26 0
-23 -18 1 0
49 7 -42 0
44 -25 45 0
46 -6 25 0
25 -46 -4 0
13 42 -15 0
-49 -24 -43 0
-22 20 -50 0
40 1 -15 0
24 2 -50 0
-10 -42 31 0
7 -43 -21 0
-10 -42 15 0
-18 22 13 0
-13 9 29 0
50 -32 39 0
30 -17 -20 0
-41 48 -42 0
-41 48 30 0
-44 32 34 0
-24 26 39 0
18 -1 7 0
-3 -29 6 0
44 -6 -32 0
34 -4 11 0
-21 2 -49 0
14 -16 32 0
2 -19 23 0
-35 -24 -1 0
-14 -28 -46 0
43 43 17 0
4 44 14 0
45 49 3 0
-17 -19 -6 0
17 27 38 0
15 -17 -47 0
-26 -47 43 0
-50 -10 10 0
-6 -29 6 0
-34 13 -18 0
-34 -32 13 0
-6 -29 13 0
8 -14 35 0
15 7 -47 0
2 -9 -36 0
38 39 -19 0
28 -5 48 0
24 49 33 0
-28 -41 43 0
-4 33 8 0
1 20 36 0
-42 -28 -45 0
15 31 -11 0
-48 13 35 0
-9 44 -25 0
5 9 11 0
-15 22 29 0
-5 -4 -32 0
50 -21 -11 0
-23 44 -40 0
-40 -48 11 0
-11 -13 46 0
-28 -4 -22 0
-35 21 40 0
-12 -28 5 0
12 -38 -12 0
-4 48 16 0
44 -41 23 0
49 -50 29 0
45 -25 49 0
-35 -6 33 0
24 38 -18 0
27 42 -42 0
-33 30 8 0
3 11 24 0
16 1 -19 0
40 -21 42 0
-11 20 -1 0
20 -30 -15 0
-38 -18 -7 0
10 1 -37 0
21 12 -1 0
-18 5 48 0
30 42 -25 0
-6 -5 -31 0
-47 13 -49 0
50 45 -11 0
34 1 44 0
17 -23 -3 0
46 -9 -38 0
-5 -19 -35 0
29 -46 -16 0
-24 -9 33 0
17 -19 41 0
20 27 -27 0
49 -19 -22 0
-8 -39 45 0
28 -13 41 0
-17 6 26 0
-47 -44 41 0
6 41 36 0
-22 -4 -45 0
38 47 6 0
-50 -21 -5 0
14 43 2 0
44 49 22 0
23 -1 -21 0
12 23 -39 0
-34 25 13 0
17 -3 16 0
48 -13 -11 0
5 45 47 0
39 -27 -32 0
9 -47 44 0
-6 -30 -25 0
-34 1 -19 0
8 29 -36 0
-32 36 -17 0
-42 -10 24 0
25 -26 12 0
50 45 7 0
-17 26 -22 0
41 -18 -12 0
-40 20 32 0
25 -6 37 0
-33 -42 -27 0
15 -32 -23 0
-11 -10 21 0
-3 -48 9 0
33 22 15 0
-2 13 -35 0
48 -29 17 0
3 -36 4 0
33 -45 -9 0
46 27 -37 0
20 -42 -2 0
