c CNF generator v0.9
p cnf 50 312
2 -30 -32 0
-36 7 37 0
-14 -41 -34 0
-25 -28 17 0
-32 48 -49 0
-40 40 -20 0
5 42 -15 0
6 -25 -49 0
-24 35 26 0
46 -21 -16 0
39 2 24 0
33 -12 -47 0
5 -33 -34 0
-28 -12 -13 0
35 -2 16 0
-17 -26 -24 0
9 -12 21 0
50 22 -10 0
-12 18 -13 0
-47 29 44 0
-29 -11 -46 0
14 49 -28 0
40 1 16 0
-38 7 8 0
15 -34 -30 0
-3 -47 16 0
25 9 48 0
19 7 -38 0
-43 44 50 0
49 34 -7 0
49 -29 -20 0
36 -14 -40 0
-9 26 39 0
-9 16 -20 0
-27 -39 15 0
38 -48 6 0
-23 39 -13 0
-21 -47 47 0
26 -20 16 0
18 45 -19 0
4 -47 -22 0
43 40 -50 0
29 -27 -31 0
30 -29 37 0
-13 -27 10 0
33 -22 -37 0
37 -35 50 0
-31 -48 33 0
-48 -46 35 0
-5 -23 28 0
-30 -11 14 0
-6 -30 42 0
47 -14 38 0
-47 -34 -45 0
-6 6 -47 0
-46 45 8 0
39 12 -33 0
49 -8 38 0
9 -13 -39 0
-34 33 -11 0
37 -42 1 0
-21 -41 18 0
-50 -42 -14 0
-40 9 -2 0
-8 -12 -43 0
1 -39 37 0
-40 -5 -24 0
-3 13 -5 0
38 26 18 0
9 -43 -41 0
-2 -34 36 0
-23 -46 -22 0
27 41 -34 0
-46 47 16 0
44 -3 29 0
-1 34 -43 0
22 -16 -3 0
48 31 -50 0
41 37 -36 0
32 3 -48 0
-36 -36 -19 0
18 -28 -44 0
1 46 11 0
10 6 -28 0
-12 21 -10 0
42 -13 -7 0
-17 23 2 0
25 10 -47 0
2 46 9 0
40 12 10 0
-39 -46 -18 0
-6 -28 50 0
35 27 7 0
22 36 45 0
2 20 19 0
21 -21 42 0
8 17 6 0
1 17 -26 0
14 33 -23 0
11 41 25 0
-18 24 -40 0
5 -40 8 0
29 12 -1 0
-39 38 -36 0
-12 -31 38 0
-23 40 14 0
-6 -22 -29 0
-41 23 -12 0
-34 -8 -31 0
-24 44 17 0
-19 -24 -17 0
3 -18 -21 0
11 -22 -27 0
6 -37 -7 0
-40 48 -36 0
3 -44 23 0
-48 -49 -12 0
5 -6 -46 0
-19 -49 25 0
-3 37 2 0
8 -34 -12 0
24 43 6 0
-13 -21 -9 0
-37 40 -15 0
-9 -35 -30 0
-22 -37 44 0
43 30 25 0
-50 38 11 0
-13 -17 24 0
-30 -36 -9 0
17 -1 4 0
38 -22 4 0
-6 -21 -21 0
43 46 -9 0
24 -9 25 0
45 -5 18 0
22 -2 8 0
-12 23 -7 0
22 2 38 0
17 40 -12 0
39 43 -37 0
43 -13 24 0
-47 27 5 0
-38 37 -45 0
10 39 -6 0
-46 -28 18 0
-25 45 -44 0
-3 -24 11 0
-41 -18 46 0
36 29 -13 0
-22 -44 39 0
-37 31 17 0
37 45 -44 0
13 26 -23 0
-21 -16 -6 0
49 -39 32 0
2 -18 -40 0
33 25 -7 0
15 -4 19 0
21 8 39 0
45 25 45 0
-35 32 5 0
35 -39 27 0
-46 13 -10 0
-25 31 -24 0
1 25 38 0
9 -5 -19 0
47 -48 8 0
42 -40 36 0
-41 33 49 0
36 40 -18 0
-16 -15 48 0
46 -29 -47 0
-47 -29 27 0
-50 28 42 0
-43 8 2 0
-10 31 8 0
25 45 45 0
4 -40 32 0
15 -21 -38 0
-21 36 45 0
-17 50 -18 0
-42 43 25 0
-45 50 -44 0
36 9 43 0
1 25 3 0
-4 15 40 0
-11 -18 -25 0
20 -35 -1 0
46 -3 4 0
47 -31 47 0
-6 -27 -2 0
28 10 42 0
-31 43 48 0
-38 12 14 0
12 -50 37 0
8 33 23 0
48 35 -42 0
16 31 45 0
-23 -47 -6 0
-14 31 -12 0
46 -4 -43 0
20 6 2 0
44 -42 7 0
-17 8 -13 0
-35 -32 6 0
38 3 16 0
-2 20 6 0
-12 -24 -31 0
39 20 43 0
-26 46 -4 0
-9 -26 32 0
6 20 45 0
-47 -38 -16 0
-43 -27 39 0
5 -40 -41 0
7 10 -7 0
1 8 2 0
-33 -28 5 0
1 -13 2 0
25 -18 49 0
-25 6 -12 0
-7 8 7 0
-29 32 3 0
-48 22 -46 0
8 -16 16 0
11 -40 8 0
-12 23 -37 0
15 3 -30 0
-30 -7 -25 0
30 42 27 0
-26 -40 -49 0
43 -4 -5 0
-10 -32 -38 0
35 14 37 0
-36 2 41 0
-32 15 -40 0
-45 31 50 0
-23 20 13 0
-3 13 -28 0
-6 -4 7 0
7 26 49 0
-19 28 -25 0
11 -17 -23 0
-9 -6 42 0
-4 -1 1 0
17 -7 -9 0
2 -41 43 0
24 6 1 0
-34 23 -48 0
50 -13 14 0
-31 40 7 0
50 -5 50 0
-20 -21 35 0
33 -50 30 0
5 -9 18 0
48 -33 6 0
11 -43 -21 0
-44 -25 39 0
-16 3 41 0
19 21 -5 0
-45 -17 8 0
-21 -3 25 0
28 8 -9 0
12 8 37 0
-19 9 9 0
38 10 -26 0
-36 -43 -43 0
42 -10 -12 0
47 -34 -29 0
43 -21 4 0
-31 27 42 0
-29 -13 18 0
5 31 20 0
49 -19 14 0
-19 -17 28 0
-11 50 46 0
10 -11 29 0
-41 22 39 0
50 -15 -32 0
45 -45 7 0
37 -30 19 0
-22 -10 31 0
-27 35 -45 0
-15 -8 -3 0
29 40 3 0
48 -20 -46 0
26 18 41 0
14 34 48 0
21 48 29 0
41 -46 -17 0
-9 -2 7 0
-11 37 -18 0
10 33 40 0
-13 -4 11 0
18 19 -4 0
5 -37 -26 0
19 16 -34 0
-43 -3 49 0
-37 42 12 0
-7 -33 33 0
-37 -1 -9 0
42 1 -17 0
-18 -48 -48 0
45 8 -5 0
-4 -31 10 0
28 -33 -6 0
-5 25 -9 0
-33 48 -3 0
10 -9 40 0
-27 -2 -16 0
-27 -17 32 0
