c CNF generator v0.9
p cnf 50 312
3 -37 48 0
-45 13 -2 0
14 -24 -4 0
-19 28 -31 0
-25 -10 31 0
-21 49 -37 0
-45 3 2 0
-9 1 -49 0
43 32 -40 0
-32 -28 -19 0
42 -15 9 0
27 25 44 0
48 -4 -34 0
-11 22 46 0
35 -17 9 0
17 -9 -42 0
-37 -45 28 0
-44 -20 50 0
-17 -25 -41 0
17 -48 -37 0
27 -30 49 0
43 9 -19 0
4 -7 -38 0
-21 -16 14 0
-35 -21 30 0
-14 -20 -45 0
29 -37 42 0
41 -32 -16 0
-6 -43 -12 0
-30 38 50 0
44 -3 20 0
12 -47 -13 0
-7 33 -47 0
47 -22 5 0
50 -17 -29 0
-13 6 -35 0
-16 4 6 0
13 26 1 0
48 -50 -1 0
31 10 30 0
22 -41 -48 0
35 -49 -36 0
21 42 -37 0
-29 35 18 0
-36 -32 -47 0
-46 19 -40 0
-34 34 49 0
24 -28 -36 0
17 -12 2 0
33 27 -31 0
-24 26 11 0
43 -47 -33 0
-42 -41 -18 0
-40 48 -38 0
-12 -26 -41 0
38 19 27 0
3 -30 9 0
35 -35 40 0
37 -38 19 0
30 -44 -13 0
30 -25 -46 0
-14 -19 24 0
-1 -23 -34 0
-11 43 -13 0
28 -21 10 0
-36 8 -46 0
-32 -18 -41 0
11 -45 34 0
-2 -30 -40 0
6 -31 27 0
48 -32 -10 0
-49 -40 39 0
24 4 44 0
-12 -21 -33 0
14 -30 25 0
35 -26 5 0
-21 -34 6 0
-5 -10 1 0
-31 -38 -49 0
-32 3 -13 0
31 18 -30 0
-45 -37 -11 0
-16 27 -48 0
8 -38 44 0
23 -1 22 0
39 27 48 0
-24 19 40 0
42 -45 -49 0
-16 -5 -8 0
-1 -44 -4 0
-44 1 -13 0
-41 15 -30 0
19 -1 50 0
-6 -10 -18 0
19 35 -4 0
-4 -21 -20 0
-26 43 24 0
45 -32 50 0
12 10 33 0
-41 -44 39 0
-31 -10 1 0
20 -50 -4 0
33 -39 -37 0
-39 -31 20 0
-34 -6 25 0
43 -8 -46 0
20 -23 15 0
4 -50 -50 0
1 -25 27 0
-18 -25 -15 0
50 33 47 0
-7 -48 -38 0
-2 43 -14 0
-17 33 -12 0
1 23 -20 0
12 -7 -34 0
13 14 27 0
-36 -22 -46 0
-34 -20 -43 0
-15 -32 -20 0
20 17 21 0
-34 -42 17 0
-40 10 -9 0
38 -1 -42 0
-25 -36 -37 0
20 -23 -3 0
37 31 -30 0
-25 -30 -16 0
45 27 25 0
-8 -15 -24 0
-48 -34 5 0
-24 20 -22 0
-34 -24 1 0
-9 29 -4 0
30 -19 -24 0
31 -11 29 0
5 15 -49 0
50 36 18 0
-21 -13 -1 0
-50 -41 35 0
-1 -31 -21 0
8 -20 -12 0
4 -3 -3 0
-23 3 -21 0
43 27 17 0
-39 -14 4 0
36 4 48 0
-50 -18 25 0
-50 17 38 0
-39 37 4 0
-42 2 -13 0
-42 -13 12 0
-37 47 -29 0
-29 19 -2 0
-13 8 21 0
-29 1 43 0
-5 -41 27 0
26 -10 46 0
-18 13 48 0
14 -22 -19 0
11 -36 2 0
19 -29 33 0
-10 -16 -23 0
16 12 27 0
3 -11 11 0
15 -9 37 0
-15 -19 -29 0
22 45 33 0
-32 31 41 0
-8 5 47 0
-31 -21 -19 0
-20 -24 46 0
-19 16 42 0
-7 -38 35 0
36 4 -41 0
-16 -9 14 0
21 13 -11 0
-37 17 43 0
46 -4 -12 0
-30 -25 14 0
27 -2 27 0
41 -1 -6 0
14 39 -10 0
27 19 40 0
-40 -26 9 0
-26 -21 -43 0
-40 -45 -43 0
-49 45 11 0
-33 -48 -6 0
-14 -26 43 0
-37 -23 -35 0
-35 -14 9 0
-2 10 38 0
-28 38 -9 0
22 -30 -45 0
27 40 -21 0
12 13 1 0
16 48 -33 0
25 -25 -17 0
-28 27 28 0
-3 35 -35 0
31 -15 31 0
45 -1 -3 0
38 19 31 0
-31 10 -18 0
-43 7 8 0
-18 -24 30 0
-4 26 -38 0
-36 7 32 0
6 35 25 0
-7 -42 -44 0
20 -37 37 0
26 -4 -30 0
12 42 7 0
-11 1 43 0
14 -24 36 0
-9 -2 -14 0
-3 47 14 0
50 37 -19 0
10 -39 -30 0
13 -13 -4 0
-2 37 -37 0
36 19 -27 0
44 -39 -44 0
-31 -39 -26 0
26 -15 -4 0
-46 43 -13 0
-41 33 -32 0
25 4 -48 0
-19 -30 -18 0
-50 31 -10 0
-23 -45 -18 0
-4 17 4 0
-23 7 28 0
-15 13 5 0
4 36 44 0
-21 -9 -19 0
40 -29 -29 0
3 -43 6 0
-22 -32 -9 0
-43 -5 -1 0
10 14 49 0
-4 4 -23 0
17 41 -14 0
-36 -44 5 0
4 10 -44 0
-21 -26 17 0
-13 -22 -40 0
-44 -25 -37 0
-25 17 32 0
17 37 4 0
-10 -23 30 0
4 1 -37 0
25 -15 21 0
39 34 -24 0
-34 -13 -3 0
-24 43 46 0
2 -6 10 0
-41 47 50 0
17 -2 40 0
-36 -10 44 0
-5 -18 23 0
-20 -15 -8 0
-25 49 -7 0
-45 -3 14 0
31 1 -34 0
37 34 -24 0
18 33 -32 0
-10 -34 7 0
-29 -17 -23 0
-10 -14 -21 0
-2 -14 -43 0
12 -24 50 0
-45 -7 48 0
38 12 -19 0
49 -48 35 0
43 -3 -1 0
7 30 26 0
18 2 17 0
-10 47 -35 0
-41 25 -6 0
15 5 39 0
32 -11 4 0
-5 35 -36 0
6 -14 -38 0
15 -21 39 0
34 24 -23 0
25 26 34 0
-45 13 48 0
18 -21 45 0
-28 46 -28 0
15 -45 -27 0
-48 -15 32 0
-19 -29 -26 0
13 -25 10 0
-47 49 12 0
-34 1 4 0
23 27 -20 0
37 -10 38 0
8 -50 33 0
50 48 39 0
22 41 -50 0
-40 47 48 0
-46 39 -8 0
34 2 27 0
15 33 23 0
48 -23 -38 0
20 48 28 0
19 -29 -44 0
-33 -36 -4 0
18 11 -29 0
12 24 28 0
