c CNF generator v0.9
p cnf 50 312
12 1 46 0
-6 -18 6 0
25 -20 38 0
-13 6 -46 0
46 -19 3 0
-17 14 -47 0
-23 -38 41 0
12 6 29 0
-39 42 -19 0
4 -45 37 0
47 1 5 0
23 10 -34 0
-8 38 30 0
50 -44 -25 0
-40 -28 -11 0
-9 36 6 0
27 -8 15 0
-49 23 -5 0
48 42 29 0
7 -35 36 0
2 39 -19 0
8 -12 26 0
-5 24 -46 0
-17 -26 49 0
-16 1 50 0
-49 33 -22 0
-10 -40 3 0
22 45 -49 0
-46 -42 -24 0
2 17 -42 0
-5 46 25 0
-35 33 -13 0
11 31 15 0
-8 24 27 0
47 -23 -43 0
-23 41 -45 0
1 -45 -47 0
47 -34 28 0
-13 33 -28 0
-23 -41 18 0
-11 -27 -23 0
-50 28 37 0
-11 12 17 0
-30 -14 -44 0
-25 -41 -7 0
41 15 -6 0
-23 -22 -37 0
40 -1 -40 0
47 38 26 0
33 -25 -25 0
-7 2 -17 0
-25 43 -48 0
-37 21 -19 0
44 16 19 0
-47 -2 -8 0
-12 -45 -9 0
-35 -14 28 0
-44 29 39 0
-46 7 20 0
38 -26 -40 0
-10 -2 30 0
-48 -37 8 0
11 22 -1 0
-9 -34 34 0
-4 16 -12 0
40 49 -8 0
29 -29 -19 0
13 2 -12 0
-17 -36 -46 0
12 -47 4 0
23 38 19 0
-32 36 -8 0
6 4 7 0
3 -1 39 0
50 -1 -23 0
25 -47 -5 0
-32 1 -37 0
-43 -49 6 0
46 -27 -6 0
11 -28 -11 0
-25 -27 1 0
25 8 -48 0
47 -26 4 0
50 -48 -11 0
21 21 19 0
-28 -47 -21 0
45 -40 27 0
48 34 -35 0
37 -7 -34 0
35 -31 45 0
17 -25 34 0
5 30 -11 0
24 44 22 0
-11 -31 10 0
-2 -44 -6 0
34 -41 -50 0
-39 48 23 0
-6 5 21 0
-22 -30 7 0
-50 -28 22 0
34 -20 34 0
28 -16 46 0
-44 4 -41 0
-42 -3 31 0
44 4 23 0
27 -3 8 0
-18 -35 40 0
-32 1 19 0
39 -16 41 0
32 30 41 0
-17 -27 9 0
-6 19 -12 0
21 28 26 0
49 -1 -22 0
44 14 45 0
-10 40 -46 0
16 35 23 0
-15 -31 -41 0
2 -44 -47 0
42 -7 45 0
30 -2 23 0
-22 7 36 0
-41 28 13 0
37 11 36 0
-28 -13 -20 0
23 48 -7 0
11 -19 12 0
-44 37 31 0
40 29 3 0
-5 -11 -19 0
-27 38 -7 0
-28 46 45 0
4 -26 43 0
36 34 40 0
50 -5 -44 0
-43 39 -26 0
-1 -47 42 0
38 48 25 0
29 -35 12 0
23 -12 -12 0
-2 -43 11 0
-41 -5 -13 0
50 -50 -30 0
16 45 24 0
-43 -7 39 0
-38 -6 -10 0
25 -3 22 0
-46 -11 -37 0
-1 -28 27 0
27 -3 -45 0
-45 34 22 0
-46 21 -26 0
-11 -45 43 0
20 15 18 0
44 30 11 0
-10 1 36 0
44 -10 44 0
24 42 9 0
-20 -45 25 0
19 28 9 0
31 -18 -20 0
9 -49 48 0
48 -41 49 0
45 -29 -47 0
40 34 7 0
-36 -13 -10 0
-45 -33 32 0
-33 34 5 0
-13 -49 -34 0
-30 -5 3 0
28 -21 -35 0
-8 25 -43 0
-15 -40 -39 0
13 11 33 0
9 -9 -1 0
-25 36 8 0
21 -39 23 0
5 -49 2 0
36 -44 -39 0
4 -17 40 0
-42 -48 23 0
4 1 -21 0
25 40 18 0
-6 10 -50 0
21 3 -20 0
33 -6 5 0
-39 33 16 0
-15 10 1 0
11 7 50 0
8 -5 5 0
42 2 -25 0
-36 -2 -6 0
7 7 2 0
30 23 32 0
33 24 -35 0
-7 1 -42 0
44 42 27 0
-12 37 38 0
43 31 -28 0
-24 -10 44 0
23 39 -47 0
50 37 -22 0
31 45 -12 0
32 -46 -20 0
5 -4 22 0
-50 -42 -9 0
-12 -2 -7 0
13 46 36 0
46 40 18 0
27 2 12 0
45 33 -49 0
36 -33 -4 0
-23 -46 -20 0
-16 -27 17 0
-17 -50 21 0
5 12 -37 0
-24 42 -28 0
-35 3 -46 0
-12 9 -34 0
-4 -11 -47 0
45 -9 32 0
41 -45 48 0
35 -6 -47 0
22 -29 -33 0
40 30 7 0
21 31 11 0
12 -3 -46 0
32 -19 -31 0
36 37 11 0
-28 18 -30 0
49 11 30 0
-5 -46 39 0
21 27 42 0
-42 -49 24 0
-10 24 -48 0
-39 37 21 0
44 -34 -2 0
38 42 -41 0
38 19 -48 0
-22 -12 -1 0
-16 -43 -46 0
44 13 25 0
-22 30 34 0
-17 -1 -43 0
-26 -10 40 0
35 14 -46 0
35 -29 -12 0
-39 -16 -4 0
14 12 -9 0
26 -21 25 0
-37 -45 -26 0
23 -12 -14 0
-8 4 -35 0
-38 36 11 0
16 29 -2 0
18 41 4 0
28 -10 3 0
22 -5 -4 0
-21 -18 2 0
25 -3 -22 0
-6 41 6 0
22 -25 45 0
-12 -23 -6 0
-10 39 18 0
-15 -13 -10 0
2 -5 23 0
-26 40 -31 0
-49 38 -43 0
24 25 9 0
27 18 34 0
-47 23 -36 0
-24 32 -27 0
-11 -36 -40 0
10 -46 -3 0
-27 -27 14 0
29 -12 -39 0
-43 -6 -7 0
-19 4 43 0
6 44 -3 0
40 -20 -25 0
25 41 20 0
46 34 -36 0
31 39 -50 0
25 14 4 0
33 5 32 0
42 31 -3 0
46 -32 -12 0
34 15 3 0
-20 -11 -1 0
22 -8 13 0
-44 38 -49 0
-8 40 41 0
-12 -10 1 0
33 25 39 0
24 34 18 0
7 17 10 0
38 -23 33 0
-49 -7 17 0
27 -41 1 0
-43 -35 44 0
44 -33 26 0
25 46 -7 0
-35 28 35 0
26 -10 9 0
6 -30 42 0
-23 -44 14 0
-12 -5 41 0
-40 -12 -42 0
-36 42 -10 0
13 -1 45 0
25 -1 45 0
-24 -42 -34 0
