c CNF generator v0.9
p cnf 50 312
7 -37 -46 0
11 15 31 0
-18 -42 -46 0
-33 30 -37 0
-5 -50 -2 0
36 28 -13 0
10 -47 8 0
38 35 -26 0
44 34 -7 0
39 50 -38 0
6 14 -8 0
31 24 -38 0
-46 27 -28 0
-15 -36 49 0
33 -10 8 0
34 24 48 0
-6 22 12 0
20 -7 -31 0
-43 42 -5 0
1 44 33 0
-22 2 -9 0
-32 2 -2 0
-48 7 -6 0
30 -21 13 0
12 8 -4 0
-14 19 14 0
-26 19 -29 0
-11 -50 44 0
-17 -16 -45 0
14 -20 -23 0
47 16 40 0
41 39 -48 0
-6 -46 -2 0
30 -16 -33 0
43 5 30 0
-16 25 41 0
16 28 -43 0
-31 12 -46 0
1 -38 -38 0
17 -48 27 0
-22 33 -14 0
-13 -36 -21 0
-44 34 -8 0
-44 -23 40 0
-47 36 6 0
3 46 23 0
46 15 41 0
34 -33 32 0
-21 -13 -29 0
18 5 33 0
23 42 9 0
38 6 -48 0
-39 47 -8 0
40 -14 -34 0
-43 -50 -37 0
34 18 22 0
-31 49 -18 0
25 -35 9 0
-44 -25 50 0
11 47 32 0
-20 -13 3 0
19 -43 27 0
39 22 -24 0
-41 -43 -39 0
24 -31 -20 0
-46 -13 24 0
45 -29 28 0
2 -23 -11 0
7 -43 -5 0
48 -27 16 0
40 -43 41 0
38 -6 -16 0
36 32 -37 0
-12 24 -37 0
18 -15 -8 0
-32 12 33 0
46 -20 34 0
30 50 -43 0
5 -13 -50 0
34 -18 -33 0
-2 1 -45 0
-37 25 20 0
3 36 -24 0
48 -49 24 0
13 23 -19 0
24 40 -40 0
17 46 44 0
31 -37 -48 0
-13 -14 -19 0
-36 26 -38 0
-19 -18 -8 0
20 -10 42 0
42 13 -4 0
-3 42 25 0
13 19 40 0
-7 -14 15 0
15 19 -30 0
-22 -35 -18 0
10 -30 2 0
-35 -27 -26 0
-10 2 50 0
-21 -1 1 0
-45 44 -50 0
-37 12 41 0
-50 16 9 0
36 35 -48 0
29 14 1 0
-31 11 26 0
-31 16 18 0
-41 -25 -7 0
41 -3 -4 0
28 43 -33 0
49 -12 -4 0
-48 -29 12 0
29 6 -4 0
41 9 41 0
-22 -38 -37 0
15 -32 12 0
12 -16 32 0
-38 -49 14 0
17 34 25 0
-19 1 40 0
19 24 9 0
25 15 8 0
41 -4 42 0
9 -3 -8 0
-29 -36 2 0
13 16 48 0
41 -46 -26 0
37 -29 -24 0
-9 -11 10 0
2 25 14 0
-21 20 -41 0
-47 25 5 0
-28 -16 -25 0
44 6 18 0
21 1 -21 0
20 -29 3 0
16 41 14 0
-4 -29 2 0
-20 -9 -46 0
44 -20 23 0
-44 -47 16 0
44 44 22 0
-43 6 36 0
15 -31 39 0
34 49 -48 0
34 2 -31 0
29 -19 28 0
-1 -9 -48 0
13 17 -47 0
2 24 -13 0
31 -36 -38 0
-29 -10 5 0
-16 -24 31 0
30 -29 -45 0
-9 -18 -26 0
-47 30 -8 0
-11 -31 8 0
37 30 -22 0
34 -48 -2 0
45 26 -23 0
-32 -1 15 0
-35 -29 27 0
43 15 -44 0
-40 9 45 0
-3 -46 4 0
-25 32 -4 0
-49 -37 17 0
17 24 5 0
-46 34 41 0
-5 4 1 0
17 -15 -16 0
-47 -41 40 0
-20 25 34 0
-7 -22 -21 0
9 21 -41 0
-28 14 -33 0
-46 18 36 0
-37 -4 43 0
34 -46 -2 0
-24 25 -1 0
-10 -30 33 0
-9 26 7 0
9 49 -33 0
-50 -39 3 0
-30 23 22 0
35 -33 43 0
-25 8 -50 0
27 13 24 0
3 46 -48 0
46 -10 -20 0
45 36 -12 0
39 -25 -48 0
-25 47 49 0
38 -46 -12 0
8 6 11 0
-36 -29 14 0
45 31 -35 0
-11 36 47 0
-44 -29 46 0
-43 -32 -29 0
4 40 -46 0
-10 -34 50 0
-18 -37 47 0
-40 -29 32 0
13 -49 -1 0
-37 -19 -46 0
-31 13 7 0
23 -18 28 0
23 -38 -48 0
-12 34 37 0
-1 29 -3 0
-48 -14 41 0
28 -6 30 0
44 40 -26 0
-14 33 -22 0
48 27 45 0
-34 35 -4 0
14 -16 -49 0
23 43 42 0
5 27 19 0
-3 38 -49 0
-28 14 24 0
-16 10 -19 0
-40 -22 -8 0
-2 41 -10 0
-19 -38 11 0
-42 26 -22 0
27 3 -46 0
34 33 -50 0
6 -48 -45 0
-1 11 -29 0
-42 50 5 0
14 -49 -24 0
-3 31 -18 0
-48 38 -43 0
-47 -5 -45 0
-39 2 48 0
-8 -39 9 0
-31 -11 -27 0
18 -43 -21 0
21 23 -10 0
38 14 -29 0
35 -10 -49 0
47 -36 -44 0
14 -29 31 0
30 -46 36 0
-17 -11 33 0
-42 26 -41 0
-8 -45 38 0
10 -39 30 0
38 41 -50 0
45 -28 -14 0
10 13 -49 0
23 28 48 0
-35 10 -35 0
-48 27 47 0
9 39 -34 0
-49 21 22 0
-12 9 37 0
-37 5 -5 0
48 37 -18 0
-34 -9 -14 0
40 45 40 0
-19 16 15 0
43 -6 -19 0
-25 34 -8 0
45 16 30 0
-48 -25 10 0
-37 30 -40 0
50 -43 50 0
9 -41 -25 0
31 45 -46 0
23 -8 -28 0
37 42 -9 0
19 -18 -41 0
36 36 -9 0
-39 34 24 0
18 -18 7 0
-42 17 33 0
-39 14 -35 0
34 -4 50 0
41 50 23 0
-45 49 14 0
34 -20 12 0
-16 29 31 0
30 -24 50 0
-9 -4 -50 0
-44 -19 -23 0
5 -5 36 0
2 -47 10 0
16 18 -3 0
27 30 26 0
-16 -37 -1 0
34 -37 22 0
11 -15 -42 0
18 26 -1 0
48 30 17 0
-40 -29 -3 0
24 2 -41 0
46 9 -8 0
21 45 -44 0
-37 45 -15 0
4 -8 5 0
33 23 13 0
-15 50 -29 0
-25 7 -16 0
39 -49 33 0
37 16 -30 0
5 -50 -23 0
-40 22 14 0
