c CNF generator v0.9
p cnf 50 312
49 -15 44 0
-4 28 9 0
13 6 48 0
-46 5 28 0
-11 44 -29 0
-32 -19 -42 0
-48 48 11 0
44 24 -10 0
2 -17 -41 0
-31 -20 -39 0
40 -32 46 0
-4 -43 14 0
5 32 -2 0
28 -12 -20 0
-39 41 -18 0
15 -10 46 0
38 -20 -29 0
28 18 -20 0
28 -32 -50 0
-11 -2 36 0
-25 37 -46 0
16 37 -47 0
-25 -6 -22 0
44 -7 4 0
-50 33 3 0
-25 -49 45 0
34 -40 3 0
13 -15 47 0
-33 9 24 0
-37 -10 22 0
35 8 36 0
-39 17 6 0
-29 -35 -19 0
-38 19 44 0
8 -9 12 0
7 -39 -26 0
32 47 -41 0
-34 40 -13 0
50 35 44 0
-19 4 3 0
-4 -9 20 0
-25 -22 -8 0
-35 27 -3 0
-28 2 30 0
-48 -29 -15 0
-39 4 -26 0
-27 -45 42 0
-43 -43 22 0
29 1 8 0
11 -1 -39 0
48 -11 -4 0
40 41 41 0
1 -9 -4 0
6 -42 -3 0
-47 11 2 0
49 -24 -22 0
2 -38 -48 0
22 -45 12 0
43 36 -30 0
3 -50 29 0
-45 -31 48 0
11 40 -7 0
-10 -28 11 0
24 37 6 0
23 -21 26 0
19 -39 16 0
-42 8 15 0
-12 22 7 0
25 7 -50 0
36 -42 9 0
-26 -35 40 0
12 -29 -17 0
37 -33 -16 0
-46 12 23 0
-12 7 -26 0
31 -29 28 0
-31 28 7 0
1 21 22 0
2 13 33 0
30 -30 -5 0
-1 50 -12 0
-37 -26 -21 0
39 -4 -37 0
8 16 18 0
26 -39 -35 0
20 48 28 0
-46 -10 17 0
5 1 -23 0
-16 30 -33 0
14 -38 23 0
-29 -9 -23 0
-36 34 3 0
-36 -21 48 0
-21 -24 40 0
-9 14 16 0
-22 24 -46 0
-34 28 7 0
-44 23 37 0
-37 -33 -12 0
-34 24 32 0
16 16 7 0
13 16 -13 0
26 -48 -10 0
-46 -11 -15 0
15 50 11 0
-10 46 -42 0
-49 3 13 0
-46 -38 10 0
45 -47 -45 0
47 -19 -40 0
33 -47 -12 0
5 -39 21 0
-50 -29 41 0
-46 44 28 0
-50 17 -2 0
4 -43 42 0
-48 18 33 0
-14 17 9 0
-36 10 -37 0
-17 43 49 0
-20 23 8 0
18 -13 -9 0
-28 23 2 0
-8 -15 9 0
32 -17 31 0
40 -33 30 0
37 -48 -48 0
-34 20 23 0
29 -39 31 0
-46 -25 -21 0
-41 30 -19 0
31 -49 -5 0
-29 -26 -21 0
-47 40 -48 0
24 17 35 0
-33 26 2 0
22 -26 -43 0
33 3 -10 0
8 44 36 0
-9 7 16 0
22 22 -35 0
-16 -50 -26 0
34 36 42 0
24 45 43 0
7 24 13 0
17 -47 13 0
23 -36 1 0
-10 -18 -48 0
-11 34 -32 0
-45 44 44 0
31 7 6 0
-36 -43 -47 0
44 47 -42 0
-37 16 -13 0
10 -50 11 0
42 -16 35 0
-48 -37 -45 0
33 -8 -39 0
-4 27 20 0
4 24 -43 0
6 49 -33 0
23 -23 11 0
26 21 -13 0
38 -7 -30 0
-19 17 17 0
8 -47 38 0
-31 49 33 0
1 48 48 0
-20 39 -43 0
33 11 -49 0
34 5 31 0
41 -43 -14 0
32 -5 31 0
-48 49 37 0
-27 -38 6 0
23 -24 7 0
-20 1 -12 0
-22 42 -11 0
20 -3 -8 0
8 27 -39 0
-38 27 44 0
2 -9 46 0
17 13 -31 0
-36 5 19 0
-28 -21 29 0
-5 15 -12 0
44 -17 19 0
31 -3 7 0
31 -41 32 0
-13 -43 10 0
-40 26 27 0
34 25 1 0
-8 13 10 0
36 38 1 0
16 34 -32 0
25 -6 36 0
32 1 31 0
15 -28 16 0
-15 -48 -50 0
-50 36 32 0
35 -8 -39 0
-5 2 29 0
-35 -4 -29 0
31 30 -13 0
-31 -40 -25 0
-9 -30 -19 0
-16 -23 -5 0
-46 45 -29 0
-31 -46 -42 0
9 -9 11 0
34 39 17 0
-28 8 -34 0
45 8 30 0
42 24 -16 0
-29 -4 8 0
-27 -40 7 0
-26 33 41 0
-27 -34 -50 0
-26 -13 -42 0
12 -4 12 0
24 -48 38 0
12 -37 -26 0
-23 16 10 0
9 -4 46 0
-21 9 40 0
49 -9 23 0
20 34 -14 0
25 -47 29 0
-16 49 28 0
47 27 -6 0
34 -24 10 0
4 -32 -45 0
-44 -25 -33 0
-41 6 16 0
-21 -22 21 0
-35 32 17 0
-35 -28 39 0
50 -3 -26 0
-31 24 -5 0
-37 14 39 0
22 -42 8 0
-36 -47 -50 0
-45 -38 36 0
-39 -46 10 0
20 -31 22 0
47 48 -25 0
-37 -26 -3 0
-14 28 19 0
-41 37 14 0
-4 33 45 0
-22 8 26 0
-29 -2 -12 0
-3 14 -43 0
1 24 -16 0
-28 49 3 0
49 -43 16 0
26 -2 17 0
22 1 5 0
-18 20 22 0
-44 -42 -33 0
-47 -19 -34 0
-4 33 -15 0
-38 2 -25 0
30 30 5 0
-25 16 30 0
8 -45 22 0
45 -12 43 0
-30 14 -22 0
-48 -27 -34 0
3 -34 -37 0
-19 -45 3 0
31 -6 -22 0
21 -40 34 0
15 -31 35 0
-7 -20 18 0
-25 47 -9 0
43 -50 50 0
-28 9 16 0
7 10 45 0
25 36 -36 0
-37 -7 -28 0
-2 23 40 0
31 -38 43 0
-4 13 45 0
-39 -45 50 0
40 -33 32 0
-31 -6 -8 0
-7 -49 10 0
3 41 31 0
20 -39 -27 0
-30 -33 38 0
36 -41 -12 0
25 -26 29 0
-9 -41 37 0
23 -40 -19 0
26 -1 -45 0
36 -45 -19 0
16 42 32 0
-21 11 -37 0
43 -2 48 0
11 43 26 0
-22 45 -26 0
10 10 1 0
12 38 28 0
23 5 32 0
-36 -6 50 0
18 48 23 0
-46 -20 -9 0
40 -9 5 0
10 45 -11 0
-10 -6 19 0
-50 -46 -6 0
