c CNF generator v0.9
p cnf 50 100
6 21 35 0
-15 -15 2 0
-41 -49 20 0
-12 -19 16 0
24 -10 -14 0
11 -6 28 0
39 35 -39 0
-31 18 -34 0
-47 -42 -41 0
-26 -19 32 0
6 -13 44 0
50 7 -1 0
16 48 -34 0
7 -42 -6 0
-12 45 14 0
-12 -11 46 0
-43 42 1 0
-24 14 30 0
-9 -44 45 0
19 2 -11 0
-41 43 12 0
21 -27 -28 0
-28 -18 39 0
-44 6 -12 0
-9 -10 46 0
-6 29 -45 0
25 -33 20 0
35 40 47 0
11 -27 -9 0
47 -35 30 0
13 14 3 0
-19 -12 -20 0
35 15 31 0
43 -24 28 0
-18 -38 -2 0
50 31 -38 0
-23 21 -46 0
47 -9 23 0
24 44 -28 0
48 48 21 0
-40 25 24 0
-40 -16 -31 0
-5 -34 -32 0
-21 40 -1 0
-50 -24 -29 0
-19 15 42 0
7 -49 33 0
-50 33 -25 0
34 47 19 0
14 31 15 0
22 -16 16 0
6 6 33 0
-22 -45 -17 0
-4 -10 -44 0
-37 21 -48 0
38 26 -34 0
26 43 31 0
-26 -21 11 0
-40 31 -41 0
19 -39 24 0
-15 47 -18 0
-39 9 -36 0
15 8 5 0
43 -46 34 0
20 -5 -7 0
34 -14 -11 0
13 23 -13 0
-9 -7 -2 0
-15 24 19 0
-39 15 7 0
26 -27 -41 0
-8 18 -24 0
-27 7 5 0
12 27 13 0
-5 22 40 0
48 24 25 0
-3 -35 13 0
-46 46 42 0
-7 -47 -29 0
-5 15 -31 0
16 -49 27 0
-2 -19 -2 0
4 1 49 0
37 -26 -21 0
-16 49 -38 0
-12 -32 14 0
-42 6 18 0
-36 -33 19 0
32 -23 18 0
-42 33 -18 0
-38 -5 -44 0
-29 32 50 0
4 -34 30 0
42 -9 -7 0
-15 -31 20 0
13 -45 10 0
-41 -5 37 0
28 -13 -7 0
-45 48 15 0
-20 42 14 0
