c CNF generator v0.9
p cnf 50 100
21 33 -4 0
-10 41 18 0
-46 23 -38 0
8 -47 9 0
47 27 -7 0
17 23 -2 0
-49 25 19 0
-41 -19 -25 0
38 -30 35 0
19 -36 -6 0
6 -27 37 0
-16 -35 20 0
-13 -49 3 0
1 31 5 0
-34 -18 39 0
44 50 -3 0
26 -38 -30 0
41 -13 -44 0
-35 -37 9 0
15 25 -34 0
-11 -12 -3 0
-1 -46 34 0
-15 6 47 0
11 46 -36 0
-50 -19 10 0
-31 -38 -19 0
32 49 -30 0
-35 -33 -39 0
7 6 50 0
31 38 2 0
17 21 38 0
-8 -21 23 0
-7 3 -30 0
48 17 18 0
9 -50 4 0
44 -34 4 0
8 2 16 0
30 38 45 0
26 15 31 0
-15 8 50 0
-18 41 -23 0
36 21 -36 0
4 -10 -18 0
-15 -18 36 0
18 -6 41 0
32 16 48 0
-22 5 -7 0
41 -48 20 0
-47 32 -12 0
9 -23 -10 0
-1 2 31 0
-20 7 36 0
9 12 12 0
-34 -43 29 0
-42 25 -26 0
24 -12 7 0
-40 36 -28 0
24 -44 -20 0
-8 3 -22 0
-15 -15 10 0
-29 47 26 0
49 30 46 0
11 47 14 0
-19 20 -1 0
15 -25 -40 0
27 -23 12 0
34 -42 30 0
31 -38 8 0
5 -44 37 0
36 12 -26 0
-33 12 -47 0
16 -48 -49 0
-7 -21 17 0
-21 46 -3 0
48 -21 -32 0
-19 -18 -38 0
28 -22 31 0
-46 30 -23 0
-23 1 48 0
-12 -13 -38 0
8 -35 -40 0
45 -2 37 0
50 28 -44 0
-11 -48 18 0
7 4 -6 0
50 -40 43 0
26 -14 -37 0
24 -41 39 0
-19 28 -20 0
15 45 23 0
46 -45 -24 0
38 14 2 0
12 -50 -28 0
-47 -8 -47 0
50 -36 -47 0
-11 -36 -47 0
-5 -41 24 0
11 2 -1 0
-17 -38 -25 0
-47 41 35 0
