c CNF generator v0.9
p cnf 50 100
50 23 -44 0
4 -24 46 0
-11 40 -47 0
33 43 -50 0
-33 -1 -23 0
28 -29 18 0
-36 -35 -21 0
-12 -35 -44 0
-37 -15 -35 0
-45 1 12 0
38 -17 -24 0
-45 22 -8 0
-47 5 -26 0
47 11 -23 0
-1 -2 -33 0
31 25 42 0
17 23 -27 0
-30 -9 38 0
31 3 10 0
-50 -43 5 0
6 17 44 0
21 19 -15 0
42 -21 45 0
15 -35 -9 0
-35 9 39 0
7 -15 23 0
37 26 21 0
38 47 37 0
39 9 18 0
-28 34 -44 0
-32 26 6 0
34 -1 21 0
-33 28 -4 0
34 38 -11 0
-36 48 -23 0
-17 23 -37 0
-11 19 -29 0
44 42 26 0
-46 -45 17 0
-6 -49 -11 0
-37 1 -50 0
14 -41 36 0
31 34 -25 0
-32 6 -18 0
20 17 14 0
23 27 -38 0
2 10 -16 0
-22 5 45 0
7 -29 -10 0
-46 -30 23 0
20 39 -25 0
2 23 7 0
41 -13 42 0
-44 31 -17 0
12 -46 -2 0
-3 -47 -33 0
-17 48 45 0
-2 7 2 0
48 -7 -42 0
-27 -30 18 0
46 14 -21 0
24 23 -43 0
-25 37 -12 0
-35 -24 -49 0
-9 33 35 0
30 -30 11 0
21 -2 29 0
33 7 -48 0
37 -41 -34 0
40 -13 4 0
38 -8 -3 0
33 4 -18 0
-13 25 26 0
-5 -44 49 0
-22 -19 -44 0
6 33 -18 0
8 -31 -34 0
6 20 5 0
48 26 42 0
40 -9 45 0
42 -26 -22 0
42 -17 -31 0
-9 20 11 0
-4 -47 -47 0
14 44 10 0
-24 -43 21 0
17 2 -46 0
-14 1 24 0
20 3 26 0
-40 10 -7 0
19 -48 -16 0
24 -19 32 0
4 40 3 0
22 19 -19 0
18 -45 10 0
-50 48 -1 0
38 -20 15 0
40 4 16 0
-34 -50 32 0
-22 -31 18 0
