c CNF generator v0.9
p cnf 50 100
-5 34 16 0
-29 32 50 0
9 -15 -19 0
-10 38 -24 0
25 -21 21 0
22 -28 19 0
-25 16 47 0
11 16 -38 0
-11 -31 9 0
-20 2 49 0
17 32 19 0
5 -22 34 0
25 -48 -46 0
-33 -38 29 0
6 -24 -44 0
3 21 -10 0
3 -29 33 0
-9 38 40 0
-1 7 33 0
-24 -35 -36 0
-38 3 -3 0
15 19 -6 0
48 -35 38 0
23 10 -47 0
-27 11 28 0
-2 28 27 0
-26 -43 35 0
-15 -48 -25 0
-42 18 -17 0
7 33 27 0
39 -28 18 0
20 -23 -4 0
-15 -4 -31 0
2 33 33 0
21 -42 -15 0
-7 40 -25 0
39 19 50 0
-35 8 50 0
-22 36 28 0
-27 26 32 0
43 -2 -17 0
11 -22 -1 0
19 36 47 0
-31 -38 -2 0
-27 46 14 0
15 16 -21 0
40 -17 -36 0
-19 45 -50 0
24 24 37 0
46 34 21 0
6 39 -12 0
9 29 50 0
-23 15 1 0
15 21 39 0
25 -37 36 0
-46 -31 -4 0
34 -32 -16 0
-42 15 11 0
-41 -13 9 0
25 32 -43 0
-28 -3 -39 0
-44 3 -48 0
37 -10 35 0
-42 23 34 0
19 7 15 0
23 -31 21 0
22 5 17 0
42 10 33 0
30 -37 5 0
-44 -16 40 0
22 -25 11 0
-50 -19 -31 0
-5 -47 30 0
-45 -40 -35 0
16 -13 8 0
-25 -30 7 0
50 -46 -2 0
-26 -33 -28 0
-19 16 5 0
12 2 -49 0
1 -43 50 0
-23 49 23 0
-16 -32 18 0
37 25 -8 0
2 1 -32 0
-49 35 -29 0
-47 9 47 0
-35 33 25 0
42 -7 39 0
-9 24 -46 0
-25 -33 18 0
-40 -38 -5 0
-12 -9 23 0
47 32 7 0
-16 -33 -28 0
27 22 28 0
-2 47 2 0
-23 18 -9 0
-15 -39 9 0
20 -40 16 0
