c CNF generator v0.9
p cnf 50 100
-42 -33 -22 0
46 47 -34 0
35 15 -21 0
-49 -19 -33 0
-18 -43 3 0
23 -26 14 0
-19 -8 -48 0
-33 10 5 0
24 28 39 0
7 2 -36 0
4 36 -3 0
27 20 -7 0
-13 50 -48 0
44 -36 -19 0
34 10 -45 0
30 27 32 0
-12 15 -41 0
-43 -16 -21 0
16 11 -8 0
-49 6 8 0
-18 -3 -47 0
-19 -8 31 0
-10 -38 -13 0
-15 21 20 0
33 -15 -32 0
-11 39 -3 0
29 5 17 0
40 18 -8 0
-35 7 -29 0
21 16 -22 0
36 -11 -12 0
-35 8 -42 0
22 28 -12 0
-11 -25 18 0
-50 -20 -43 0
5 11 -38 0
-25 -33 -29 0
-34 21 -6 0
-8 -43 3 0
3 44 43 0
-4 45 41 0
47 -37 32 0
28 -27 -4 0
43 -22 46 0
-35 5 40 0
-42 -42 31 0
30 18 39 0
16 -1 15 0
21 10 7 0
-29 -38 33 0
-39 -35 20 0
-10 15 -30 0
50 21 40 0
-50 -14 37 0
-7 32 23 0
-25 -15 -48 0
-35 -34 -2 0
-7 27 26 0
-5 38 -27 0
-19 14 16 0
-36 -48 -4 0
27 -3 -39 0
-32 -25 -20 0
-11 42 -50 0
-1 -20 -7 0
1 -34 -46 0
1 1 30 0
32 8 1 0
-49 48 -9 0
27 -41 45 0
29 -14 46 0
2 27 -38 0
-46 -11 -18 0
-47 50 -46 0
-49 7 44 0
7 4 -37 0
-44 2 -24 0
29 10 24 0
14 -48 -20 0
-44 -42 11 0
-30 9 -34 0
34 -35 -37 0
48 22 42 0
-31 24 -5 0
-14 -12 -32 0
35 31 -10 0
-46 13 3 0
-25 9 -36 0
-22 43 45 0
-46 -45 26 0
-48 40 -9 0
-30 22 -9 0
44 37 -8 0
21 -18 26 0
-6 -27 -47 0
-27 -44 -44 0
5 19 47 0
25 -34 -1 0
-4 -2 25 0
26 -47 24 0
