c CNF generator v0.9
p cnf 50 100
18 10 2 0
27 31 35 0
-30 -11 16 0
-11 -37 -14 0
-20 18 -21 0
11 22 46 0
-18 18 7 0
-18 2 -48 0
-13 7 -23 0
-29 14 9 0
31 3 -27 0
-21 42 31 0
-20 -41 25 0
-24 -44 12 0
47 41 31 0
3 10 -23 0
-8 -47 14 0
32 22 4 0
-16 -14 -22 0
-16 28 -31 0
44 -37 15 0
-29 22 -25 0
-6 -48 15 0
-50 -43 -13 0
-17 -41 15 0
-21 -3 7 0
5 33 -6 0
-48 22 -40 0
-19 -29 -24 0
-23 -1 -30 0
-28 -32 34 0
33 -28 -11 0
44 -15 -45 0
10 23 32 0
12 -45 -17 0
-31 19 -34 0
-20 44 36 0
-17 24 7 0
-20 37 30 0
18 36 -48 0
4 -18 20 0
39 48 -45 0
29 -44 26 0
43 17 -45 0
-50 28 -24 0
-14 29 14 0
2 44 -13 0
41 -36 -40 0
-42 36 36 0
20 27 -36 0
34 10 -48 0
41 -18 23 0
5 9 -32 0
-32 4 -47 0
-8 32 -1 0
-35 7 12 0
-33 -30 16 0
-45 38 12 0
-11 -34 -3 0
-49 -21 -17 0
24 -6 41 0
-25 25 12 0
34 -14 33 0
21 31 -27 0
37 49 37 0
21 -14 -26 0
30 -19 7 0
-2 11 -38 0
-47 32 4 0
-29 -11 4 0
1 48 -30 0
11 33 29 0
50 26 30 0
49 26 30 0
-31 16 50 0
-8 40 14 0
-28 -3 -39 0
27 32 6 0
41 -11 -34 0
1 -29 -4 0
-10 14 38 0
19 13 25 0
36 47 -31 0
-1 38 -38 0
-15 44 24 0
-25 14 34 0
-9 -13 14 0
-44 -4 -31 0
30 -36 41 0
-43 23 -39 0
-29 1 44 0
-23 4 26 0
33 -1 -25 0
37 6 -29 0
27 46 48 0
45 10 38 0
-32 -31 -7 0
16 -47 43 0
-16 -13 35 0
-48 -3 6 0
