c CNF generator v0.9
p cnf 50 100
1 20 -23 0
44 20 -47 0
15 5 34 0
22 -28 35 0
25 36 47 0
29 43 19 0
-47 27 -30 0
21 11 48 0
-14 10 17 0
9 -9 38 0
25 43 -26 0
4 30 -25 0
42 -15 25 0
23 -1 -10 0
-17 -29 22 0
-17 -32 43 0
-36 44 35 0
-46 23 22 0
-27 -29 -23 0
-49 -19 20 0
-46 23 13 0
49 -39 28 0
4 -9 36 0
38 1 -49 0
-20 -8 24 0
24 26 29 0
6 -2 15 0
1 11 31 0
34 -47 -38 0
-35 29 39 0
-8 8 -5 0
-41 9 19 0
-36 -28 -35 0
-34 33 -33 0
26 14 23 0
-17 -9 38 0
41 26 -22 0
-14 -39 30 0
-39 -23 29 0
42 5 37 0
21 -27 40 0
25 -34 -2 0
-16 -3 14 0
-48 49 44 0
-46 1 49 0
-28 13 42 0
-11 -9 -41 0
44 34 16 0
-44 -22 41 0
-37 -15 32 0
-42 29 -9 0
30 -22 -37 0
39 16 50 0
-43 26 -42 0
-40 -24 41 0
35 -30 -44 0
34 9 -28 0
44 34 -16 0
16 32 44 0
45 -14 22 0
3 19 26 0
-9 6 -16 0
-25 36 31 0
-29 -38 -33 0
33 -3 40 0
41 40 -31 0
-46 2 -28 0
43 48 -9 0
23 18 11 0
-32 -10 14 0
-20 -48 -22 0
-6 20 -19 0
37 26 -46 0
17 -10 6 0
-46 -39 43 0
41 -36 -13 0
-3 10 19 0
23 -23 -3 0
11 -10 -38 0
-14 15 -14 0
44 48 -45 0
32 13 32 0
43 9 25 0
-22 3 -38 0
4 8 13 0
41 46 -40 0
7 30 -25 0
5 4 33 0
-19 32 -10 0
5 37 -30 0
-14 1 -35 0
46 -13 -23 0
-20 -50 -12 0
44 -50 1 0
5 15 9 0
43 -36 26 0
-12 5 6 0
-36 27 -7 0
-27 25 -48 0
27 13 -4 0
