c CNF generator v0.9
p cnf 50 100
3 -28 -38 0
-29 -10 40 0
-10 27 -4 0
46 7 -46 0
-2 45 -36 0
3 16 -20 0
36 42 -13 0
4 -3 -36 0
-37 38 4 0
10 41 2 0
-16 5 -24 0
-43 15 30 0
2 -40 -27 0
29 10 -50 0
27 -31 5 0
-29 46 -14 0
-25 -28 27 0
-27 49 -27 0
13 -1 -9 0
13 -13 1 0
5 -42 -26 0
33 -12 -35 0
-10 -45 -41 0
48 -10 -6 0
10 22 -25 0
-20 11 46 0
-6 -34 -44 0
-7 43 -42 0
31 -16 18 0
35 -14 29 0
30 40 15 0
44 31 37 0
-13 -14 7 0
26 49 48 0
29 47 -41 0
38 -43 -5 0
40 -21 -26 0
5 23 9 0
42 -17 35 0
-41 -33 32 0
46 -20 -22 0
-15 27 28 0
27 4 47 0
3 10 -33 0
-42 40 7 0
9 22 4 0
28 30 45 0
30 -44 -21 0
-36 43 -4 0
6 -23 -7 0
-42 49 39 0
15 11 50 0
40 21 46 0
46 39 -36 0
-6 -50 4 0
-41 2 14 0
-22 -19 -37 0
-37 -36 37 0
-6 39 46 0
-9 -5 -17 0
16 50 46 0
-36 -47 15 0
1 7 -22 0
-44 18 26 0
-47 -11 -49 0
15 -26 7 0
18 -15 48 0
-1 25 -20 0
19 28 36 0
-41 -39 -15 0
6 46 -30 0
28 -20 49 0
-31 21 6 0
-42 12 -4 0
21 -12 -7 0
50 35 15 0
-40 -16 19 0
32 -40 -38 0
31 -48 -39 0
-27 37 30 0
-34 45 33 0
-16 -31 44 0
35 -40 9 0
44 -5 -42 0
14 -20 16 0
-3 -34 35 0
14 28 36 0
-47 3 38 0
-33 45 -37 0
39 44 -11 0
-43 8 43 0
-44 2 41 0
1 44 41 0
-7 -35 -16 0
-48 45 -28 0
-37 -26 -37 0
50 35 4 0
46 35 -40 0
-49 -15 24 0
20 31 9 0
