c CNF generator v0.9
p cnf 50 100
4 -5 -1 0
-26 39 5 0
17 -43 -47 0
-15 -22 -29 0
13 -9 -7 0
-1 46 -7 0
-6 26 -9 0
-30 -19 -50 0
34 -34 15 0
44 41 1 0
-22 -2 -26 0
-43 -14 23 0
49 4 34 0
15 -16 -2 0
-7 -29 -37 0
-20 43 -34 0
-50 -36 3 0
-37 -12 18 0
6 21 46 0
43 -9 -50 0
24 -31 -44 0
31 -33 -25 0
8 4 -44 0
21 35 18 0
-14 -29 -40 0
-49 15 47 0
-49 -24 44 0
46 32 1 0
-50 -48 47 0
41 9 27 0
32 48 -38 0
-21 -13 -27 0
-11 -36 19 0
-49 -19 -48 0
8 -44 23 0
-42 5 48 0
-31 -16 -5 0
31 -10 -33 0
41 16 49 0
3 12 32 0
-30 3 43 0
43 -27 -15 0
15 -6 -2 0
-2 -5 -47 0
4 30 -29 0
13 28 -15 0
37 -28 -25 0
7 -5 -12 0
-38 17 -41 0
41 -41 -48 0
-4 -11 -37 0
41 -8 15 0
-36 43 -42 0
-19 44 41 0
41 26 -7 0
12 -49 -2 0
49 -38 32 0
-31 26 44 0
34 -33 7 0
44 -28 -49 0
8 6 -44 0
-36 23 -2 0
-11 50 -43 0
13 27 30 0
-23 6 -39 0
-26 8 23 0
-34 45 -48 0
-39 -21 -49 0
14 49 19 0
48 -45 48 0
-42 33 36 0
-33 -20 -17 0
44 -20 -37 0
33 42 -24 0
-46 -39 -34 0
14 -39 -14 0
31 -1 22 0
38 -39 38 0
50 46 27 0
-49 -48 27 0
48 28 -23 0
-49 38 -48 0
-8 18 9 0
16 -8 50 0
-39 24 -45 0
26 -42 -31 0
34 8 -7 0
-43 6 -15 0
22 -10 -32 0
-47 -47 2 0
29 -14 12 0
-32 -41 37 0
-28 -1 39 0
47 -42 -7 0
38 -7 -10 0
-3 8 -17 0
-40 9 -41 0
-36 24 11 0
42 -26 -18 0
44 -2 32 0
