c CNF generator v0.9
p cnf 50 100
17 35 15 0
35 1 32 0
44 5 -1 0
8 -35 6 0
-10 -42 4 0
-12 -10 -39 0
-15 31 22 0
14 -48 -27 0
20 4 -22 0
41 -40 37 0
5 48 -22 0
-29 -8 -39 0
25 -22 -3 0
-9 -49 1 0
-43 48 -36 0
6 38 -45 0
-28 14 35 0
7 -3 43 0
31 -41 47 0
45 26 -37 0
30 18 -7 0
45 28 23 0
-47 41 -22 0
3 -19 31 0
-12 49 -49 0
-35 -14 38 0
-32 -12 5 0
25 47 23 0
36 41 -26 0
-43 -16 -25 0
-35 35 23 0
-19 26 -42 0
34 -25 29 0
22 43 23 0
-28 45 -17 0
-4 29 37 0
12 42 -37 0
-1 27 32 0
-15 -41 7 0
-14 -1 43 0
-20 -40 -11 0
-10 -37 32 0
-3 15 -47 0
37 44 34 0
-22 35 -22 0
-31 24 32 0
-9 -49 -9 0
-20 -25 40 0
40 -3 -13 0
34 -45 -45 0
19 35 24 0
37 37 12 0
-39 21 26 0
-30 -42 42 0
16 -7 -3 0
32 34 15 0
-46 -14 24 0
-28 -49 36 0
6 26 14 0
33 33 -36 0
43 50 28 0
-6 20 -31 0
-33 -7 -43 0
39 -33 -13 0
29 -34 23 0
7 -45 4 0
18 -26 -22 0
-24 22 25 0
32 1 36 0
41 -16 42 0
10 31 23 0
-35 42 28 0
20 -23 29 0
-25 7 -12 0
-43 -47 33 0
-33 -26 26 0
-6 -4 10 0
-8 42 4 0
5 -47 -36 0
17 10 -15 0
50 -48 -48 0
-28 37 20 0
-25 -3 37 0
-40 -44 -26 0
20 -6 35 0
21 37 36 0
45 -13 6 0
29 46 -5 0
-5 6 -20 0
36 21 34 0
40 -22 -10 0
16 -17 -5 0
13 25 -35 0
27 41 -35 0
45 17 4 0
28 -15 38 0
43 -4 28 0
-30 11 5 0
-26 -6 24 0
-46 1 -29 0
