c CNF generator v0.9
p cnf 50 100
45 -47 50 0
-22 20 -43 0
42 -19 -33 0
-28 -47 29 0
50 -15 -22 0
-41 -39 -27 0
-9 -27 44 0
3 -13 -25 0
-29 21 33 0
4 38 2 0
-14 4 -49 0
-16 24 25 0
47 40 8 0
-26 -4 32 0
-2 36 -8 0
-35 16 35 0
22 -3 45 0
49 13 17 0
23 45 -24 0
-19 4 -30 0
38 22 18 0
36 39 48 0
24 -31 10 0
15 18 29 0
36 42 -8 0
-2 -7 17 0
24 1 22 0
-35 -50 -36 0
31 31 24 0
14 27 -30 0
44 -11 41 0
3 6 20 0
47 41 -26 0
2 50 -43 0
-6 -13 3 0
-49 -1 47 0
3 -37 10 0
-35 -18 1 0
-38 -3 36 0
14 49 9 0
-48 16 -26 0
-24 -22 -40 0
8 -9 37 0
-26 -38 50 0
34 -42 2 0
34 45 -47 0
15 -3 -47 0
43 -22 24 0
-8 -37 -1 0
23 28 37 0
-16 25 37 0
-9 16 24 0
49 9 36 0
-5 24 42 0
-31 31 -41 0
28 -23 -38 0
-28 -2 -21 0
-20 -17 41 0
-36 -31 -45 0
25 -38 4 0
28 29 -4 0
-33 -45 -41 0
17 39 14 0
47 -44 44 0
44 -41 33 0
-40 -13 18 0
-13 14 -34 0
29 -28 7 0
-35 36 4 0
-32 10 -5 0
-15 -1 20 0
8 32 42 0
21 -21 -22 0
30 22 -44 0
-35 -35 15 0
4 50 23 0
-32 14 26 0
-17 -44 34 0
47 -5 -25 0
-28 31 28 0
26 42 30 0
-29 50 -47 0
47 -48 5 0
39 -39 -12 0
31 20 -36 0
34 -7 10 0
-30 9 -44 0
-42 20 21 0
-12 13 -16 0
14 16 -39 0
39 -7 -44 0
-50 -43 4 0
-40 32 -37 0
-10 6 17 0
-25 43 -43 0
31 19 7 0
-3 -25 -5 0
-36 -3 -48 0
-28 -10 -10 0
22 -42 -33 0
