c CNF generator v0.9
p cnf 50 100
-23 -3 16 0
-7 42 25 0
-37 31 -28 0
25 -19 11 0
-36 1 -44 0
-40 -18 -19 0
19 2 6 0
-24 16 13 0
14 27 10 0
32 40 21 0
-43 30 -5 0
39 -29 -38 0
-33 24 -35 0
-21 44 -36 0
-29 5 -19 0
33 -13 41 0
42 -46 49 0
25 7 -50 0
11 36 -20 0
-31 50 45 0
31 -36 -44 0
23 -13 -7 0
-33 -1 -48 0
49 12 -12 0
-39 47 -38 0
-38 34 30 0
-32 7 20 0
-50 35 -12 0
43 8 30 0
-14 -35 -44 0
24 -28 42 0
-16 -15 -9 0
11 14 -20 0
32 43 16 0
-37 -27 -23 0
29 -6 15 0
10 42 40 0
19 32 15 0
-11 35 42 0
36 -24 -37 0
-18 -36 43 0
19 16 -33 0
-42 -29 -30 0
30 48 -5 0
26 12 12 0
50 -46 10 0
37 32 -43 0
-8 -41 -3 0
9 2 37 0
48 -27 -37 0
5 34 28 0
43 10 -8 0
-26 34 -1 0
-29 -36 -46 0
10 46 45 0
9 15 29 0
-20 12 49 0
30 27 -10 0
-32 -25 -18 0
1 -20 11 0
44 43 -33 0
-49 6 -39 0
14 -50 11 0
41 37 -9 0
-23 18 -10 0
-25 13 33 0
10 -50 18 0
-29 8 45 0
46 -6 -33 0
-41 47 48 0
50 -37 15 0
50 44 -24 0
32 -38 -14 0
17 26 -47 0
4 -21 19 0
7 14 -45 0
-20 -3 -21 0
29 24 25 0
32 -2 35 0
-9 2 5 0
-20 2 -11 0
38 40 -47 0
18 36 -25 0
-39 -48 49 0
-7 -48 -34 0
41 34 -41 0
8 11 -43 0
-25 11 4 0
50 -7 -48 0
-38 -32 3 0
-19 5 12 0
-31 29 -48 0
21 32 -28 0
-45 -20 -2 0
-1 32 38 0
-20 39 -14 0
-3 -30 16 0
38 26 7 0
30 48 -11 0
-35 15 8 0
