c CNF generator v0.9
p cnf 50 100
-16 17 -5 0
-3 12 -22 0
-14 26 5 0
-15 -1 -33 0
33 40 -38 0
-25 11 -50 0
17 20 -22 0
-39 -28 26 0
4 1 -23 0
-28 -4 28 0
35 26 -32 0
-14 12 -7 0
-47 29 6 0
21 47 -29 0
-44 -3 -21 0
1 5 -39 0
45 37 12 0
23 19 -2 0
6 -6 -28 0
-37 36 32 0
-4 32 25 0
50 -49 42 0
-12 -6 32 0
-29 49 -7 0
47 -33 20 0
8 -5 -4 0
14 48 -5 0
-5 -43 19 0
31 12 -36 0
39 -28 -27 0
39 1 -4 0
50 -50 -37 0
-37 -23 -42 0
-38 37 -19 0
-27 -50 4 0
34 -25 -38 0
-2 -19 7 0
-35 -2 44 0
40 -43 -48 0
29 -50 32 0
27 42 -36 0
-43 29 -24 0
-10 28 13 0
48 -26 19 0
-3 50 -38 0
47 -9 11 0
33 -29 -22 0
28 -1 -42 0
44 4 24 0
-34 -14 -10 0
-42 19 6 0
-2 -32 -38 0
-44 -49 4 0
-23 39 32 0
-50 15 3 0
-2 6 -24 0
-1 6 35 0
42 -33 -48 0
22 9 -47 0
22 -14 2 0
48 -9 -38 0
8 -44 -34 0
11 -35 42 0
49 36 -34 0
-9 17 -14 0
15 -27 34 0
40 -21 2 0
34 27 33 0
-47 -39 -20 0
16 -27 -10 0
2 -22 -14 0
-20 -21 26 0
-39 -33 -1 0
-28 -18 -2 0
-8 -26 31 0
49 38 43 0
-10 -50 28 0
19 -46 6 0
-33 30 -47 0
11 48 -46 0
-34 4 -43 0
-38 32 -5 0
-15 -43 8 0
46 30 31 0
26 38 43 0
-49 -25 -44 0
-17 47 -37 0
7 -24 38 0
-45 7 10 0
7 -3 5 0
20 21 -11 0
29 8 -17 0
17 5 -48 0
45 42 9 0
-12 25 -31 0
43 -7 13 0
-34 -3 -19 0
42 4 -5 0
-12 -48 39 0
-13 -41 46 0
