c CNF generator v0.9
p cnf 50 100
-11 -12 38 0
22 -39 -19 0
-27 -10 -6 0
11 2 19 0
1 -13 -12 0
18 -49 3 0
-36 17 45 0
24 -36 -43 0
-43 -7 -42 0
-18 20 9 0
23 29 31 0
-5 35 12 0
-36 28 37 0
42 48 33 0
-26 20 -21 0
22 49 47 0
17 41 42 0
4 1 33 0
-14 43 6 0
40 -17 44 0
40 -33 -7 0
-47 50 34 0
34 -4 40 0
14 27 -48 0
5 26 -13 0
-46 40 15 0
-40 -34 -21 0
-44 42 36 0
-5 -7 -15 0
-9 5 10 0
-22 -21 2 0
-9 36 -33 0
-2 15 37 0
-30 -31 -49 0
49 16 -27 0
-14 -19 -46 0
-20 -37 -50 0
-25 -15 -18 0
7 -34 -27 0
-9 50 37 0
40 -48 2 0
-49 -33 -3 0
-12 6 37 0
23 -50 -35 0
-7 26 11 0
-48 29 49 0
13 9 -39 0
32 -18 -44 0
-23 20 -42 0
7 5 -38 0
23 -45 48 0
25 -35 42 0
-13 40 -47 0
29 18 -36 0
-33 -38 48 0
13 -14 -12 0
-9 -10 -31 0
-31 6 -37 0
-30 6 -4 0
37 31 -5 0
29 32 -31 0
38 50 -13 0
-13 -18 -38 0
-32 3 -43 0
13 -30 -24 0
4 42 12 0
-50 49 35 0
-35 -11 -42 0
-40 7 -24 0
-7 -26 -47 0
-29 -8 12 0
-36 11 18 0
12 -26 -12 0
9 -16 -31 0
-50 -8 -24 0
-35 16 35 0
32 29 -3 0
-6 -22 8 0
15 -45 -20 0
-21 5 -37 0
-25 -26 47 0
7 48 -33 0
-6 -17 -13 0
2 -37 26 0
-7 24 -35 0
12 38 -9 0
-7 -6 -6 0
-18 -31 -6 0
-40 -4 -39 0
-4 -32 44 0
-15 31 -45 0
33 43 -16 0
-1 -25 41 0
-36 -40 -18 0
-22 45 -40 0
-11 4 -42 0
-42 17 3 0
-31 22 -14 0
-44 21 -41 0
-1 -18 -27 0
