c CNF generator v0.9
p cnf 50 100
35 15 30 0
34 24 -23 0
4 9 -26 0
16 -6 -2 0
20 42 -42 0
-22 -50 -11 0
2 -1 -50 0
35 -49 -42 0
28 -16 -15 0
-50 -29 -2 0
-50 42 -41 0
-16 4 -2 0
-45 30 30 0
27 47 46 0
1 4 15 0
-20 43 24 0
44 30 39 0
-14 3 -28 0
9 2 27 0
33 -10 -14 0
-7 -25 -30 0
38 6 32 0
32 -37 43 0
31 -33 17 0
26 48 -38 0
-40 15 49 0
1 4 -36 0
41 -47 29 0
-38 -36 41 0
-44 -18 13 0
-32 44 -2 0
-9 6 44 0
-31 -18 -34 0
-36 -32 -34 0
5 21 22 0
-13 -15 44 0
16 49 6 0
-23 -16 44 0
-24 20 -23 0
-22 -41 -48 0
-24 7 -49 0
-18 41 -28 0
-15 16 45 0
-2 -23 -43 0
-8 13 5 0
46 -5 14 0
14 4 -48 0
-28 -23 37 0
28 21 38 0
-43 -14 41 0
-38 21 -26 0
46 -37 -20 0
10 48 -30 0
-47 9 39 0
-19 46 45 0
13 -39 22 0
-7 -32 48 0
-6 -32 -29 0
34 -2 -29 0
6 10 6 0
47 47 42 0
-1 -25 42 0
-1 -48 20 0
-44 -33 39 0
-33 -31 -34 0
-6 11 2 0
-37 -7 -44 0
19 6 27 0
42 -42 -3 0
34 8 2 0
41 -29 -20 0
1 12 -30 0
18 -38 17 0
49 -20 4 0
-17 6 -36 0
8 16 37 0
45 6 10 0
4 35 46 0
-6 47 40 0
31 -48 31 0
7 29 -24 0
-5 6 12 0
-30 -25 19 0
-18 -37 5 0
36 -22 -19 0
25 47 26 0
-3 49 -43 0
-21 -32 2 0
-42 -34 -42 0
-24 7 18 0
25 20 20 0
17 47 -31 0
-22 -11 -42 0
-21 19 42 0
-3 -48 -21 0
36 -15 8 0
-40 23 -42 0
10 -7 39 0
-47 23 -33 0
31 10 -28 0
