c CNF generator v0.9
p cnf 50 100
35 17 -16 0
-49 36 40 0
-35 49 -24 0
46 -7 41 0
28 15 -34 0
-11 -10 -45 0
-42 5 34 0
37 12 23 0
-37 40 10 0
-24 -33 -35 0
33 21 -32 0
-44 -38 43 0
-1 28 -48 0
-41 34 -42 0
31 -38 -34 0
39 -44 -26 0
-10 -7 -50 0
-31 -37 30 0
-48 -8 10 0
-9 7 11 0
-20 -12 -46 0
41 -38 -7 0
31 -5 -49 0
-11 23 -18 0
23 -42 -47 0
1 34 1 0
50 -38 -36 0
49 -24 -49 0
-4 27 -21 0
12 49 44 0
9 -50 -28 0
35 20 10 0
-45 15 -31 0
4 47 -19 0
-8 -28 -8 0
-23 -31 11 0
-40 -43 28 0
-5 -37 -46 0
-20 34 50 0
27 45 -11 0
32 -47 -16 0
1 30 -32 0
5 -50 39 0
-10 -34 -20 0
-13 21 24 0
-44 -47 -31 0
-32 -38 -5 0
25 18 -13 0
-36 -46 -1 0
42 17 5 0
45 -47 2 0
-2 -5 43 0
-37 -31 -1 0
40 24 -18 0
-6 -7 9 0
26 -49 3 0
46 -34 30 0
-26 -11 11 0
12 33 34 0
19 8 9 0
-7 -20 -47 0
-1 -19 -1 0
-39 1 45 0
-50 -21 2 0
24 6 44 0
-35 31 -3 0
-7 -1 -43 0
-18 -10 -17 0
26 -25 -3 0
7 -47 24 0
28 10 41 0
-2 29 -11 0
13 -40 2 0
38 -37 -3 0
17 26 -50 0
4 -6 -20 0
27 -24 32 0
3 42 38 0
38 -13 20 0
6 49 19 0
-41 -27 -34 0
-45 29 -34 0
-31 -25 11 0
16 39 14 0
14 -23 -25 0
-10 -16 -32 0
-16 3 26 0
-1 33 -14 0
-24 -19 24 0
21 41 -32 0
36 11 4 0
-50 31 -18 0
-1 8 43 0
-37 13 -49 0
-4 50 -20 0
32 -21 24 0
-30 -46 7 0
40 -20 -46 0
30 -12 -45 0
-30 -8 43 0
