c CNF generator v0.9
p cnf 50 100
-13 18 -25 0
-16 10 3 0
-30 -30 27 0
26 -15 -32 0
-41 -8 21 0
6 -42 21 0
10 -15 -13 0
35 13 8 0
21 -44 -15 0
21 -28 35 0
-9 1 -10 0
-37 -20 33 0
-24 2 23 0
12 -35 33 0
-22 48 32 0
-15 35 -36 0
46 49 3 0
31 36 27 0
-13 -2 43 0
-24 -28 37 0
-47 -3 -26 0
-2 -42 34 0
35 27 3 0
-22 1 -38 0
-30 -33 -7 0
47 -5 27 0
16 6 -10 0
-11 -41 -6 0
-10 -41 23 0
-14 31 -25 0
34 -46 11 0
37 49 14 0
13 -48 15 0
-20 -33 39 0
-5 -23 24 0
5 8 -21 0
-48 4 2 0
-38 -16 -47 0
-39 50 -47 0
27 32 -2 0
-4 48 -43 0
-33 10 -4 0
-48 2 -35 0
21 -21 -4 0
45 -24 -1 0
6 -46 5 0
35 -40 2 0
-49 9 -26 0
-35 16 37 0
46 17 -46 0
-14 -28 14 0
-17 45 36 0
21 -10 -35 0
43 -42 26 0
17 -38 -44 0
48 1 -36 0
-10 -41 -44 0
15 -43 38 0
-49 6 -1 0
-22 -8 20 0
-30 34 -45 0
6 -13 28 0
2 25 -4 0
-12 29 13 0
33 -14 -22 0
-16 36 -13 0
29 32 -8 0
-27 5 -10 0
23 -47 -9 0
-42 5 -23 0
9 -12 18 0
49 -37 17 0
3 37 27 0
6 37 -29 0
2 21 -2 0
48 27 4 0
-32 1 25 0
-50 -3 29 0
7 44 -14 0
-7 -5 -15 0
44 -26 -11 0
-4 -48 -12 0
47 25 41 0
27 42 -35 0
29 13 -26 0
16 -11 50 0
-22 27 -11 0
-23 46 17 0
-45 41 4 0
-5 24 -44 0
33 40 33 0
29 22 37 0
-32 -19 19 0
-26 -1 36 0
-25 -47 31 0
3 38 50 0
-5 -50 -36 0
15 28 45 0
28 -22 -42 0
20 -50 -42 0
