c CNF generator v0.9
p cnf 50 100
-28 -16 42 0
-35 -22 48 0
-33 -44 -14 0
-30 23 -41 0
45 -13 -38 0
-26 -14 29 0
36 -49 30 0
11 28 8 0
25 -7 12 0
-31 -42 -24 0
38 27 9 0
-36 -11 -38 0
-38 -39 8 0
45 26 29 0
35 -42 -40 0
5 23 8 0
16 11 -8 0
-42 -28 35 0
-9 -12 29 0
-5 -10 -44 0
-25 27 -39 0
-36 -21 21 0
33 18 -32 0
29 49 -11 0
39 11 -41 0
-44 -42 46 0
28 -49 17 0
-11 6 -8 0
-23 43 -36 0
29 45 38 0
17 41 19 0
25 46 -6 0
14 30 -7 0
-32 -8 -4 0
36 -32 -38 0
-20 42 47 0
-44 -12 -13 0
49 -24 43 0
44 28 -30 0
-22 48 38 0
-27 38 -7 0
-15 41 -14 0
5 -15 -7 0
-13 -11 -43 0
-22 21 -7 0
20 27 -26 0
29 26 -30 0
43 -21 -50 0
29 17 -18 0
17 42 -19 0
-32 42 -35 0
-11 -48 14 0
-13 24 31 0
26 14 -18 0
-13 -47 -47 0
12 -50 33 0
20 17 4 0
22 -20 -43 0
21 19 49 0
27 -20 -4 0
37 -27 -20 0
33 -42 -49 0
-27 -2 31 0
25 -8 -39 0
-7 -29 -35 0
10 -3 -14 0
40 -42 36 0
15 44 10 0
28 -22 39 0
44 39 37 0
-16 14 36 0
47 -39 24 0
41 10 21 0
22 -8 -23 0
46 4 21 0
17 -46 -17 0
-2 -43 11 0
-23 29 -45 0
-42 22 -31 0
29 -45 -13 0
-3 40 35 0
43 -18 8 0
-34 40 14 0
-31 47 -34 0
18 49 2 0
39 43 50 0
3 -32 -41 0
-17 -25 -7 0
-11 -33 6 0
42 50 -4 0
-18 -30 -36 0
-20 -29 6 0
13 34 -42 0
31 -29 -37 0
23 10 17 0
-20 -6 -11 0
-41 -12 -10 0
19 30 -38 0
-4 -38 -3 0
-5 -21 8 0
