c CNF generator v0.9
p cnf 50 100
-18 -23 -9 0
-45 -16 42 0
-25 -47 3 0
-35 -38 13 0
-48 -20 19 0
11 41 -28 0
31 10 -42 0
-4 16 15 0
-4 -21 -20 0
4 20 39 0
-23 24 23 0
45 -12 31 0
31 -25 4 0
-26 -25 -21 0
30 -39 27 0
-47 -46 19 0
-37 -42 43 0
10 -26 39 0
-3 46 3 0
3 39 29 0
12 23 26 0
32 39 36 0
15 -12 -2 0
23 -4 -24 0
-47 18 -35 0
-28 26 -40 0
15 -40 -30 0
-21 -50 -37 0
-31 -40 -20 0
30 41 12 0
-20 25 -29 0
4 4 23 0
16 -43 45 0
-20 50 -43 0
-13 21 22 0
7 50 -3 0
-48 16 43 0
-13 -43 27 0
-46 -25 -29 0
48 39 33 0
42 -12 48 0
-42 34 -26 0
-36 -6 -7 0
-41 -23 -40 0
-28 17 19 0
39 -3 10 0
-7 -29 1 0
-5 -26 -32 0
8 41 33 0
39 13 27 0
37 -17 21 0
-8 17 15 0
2 -1 -34 0
-46 42 4 0
44 2 2 0
-37 -18 16 0
18 16 28 0
-26 32 -25 0
6 46 47 0
-3 21 19 0
25 -29 22 0
-8 -6 -9 0
-37 30 -21 0
25 -28 -35 0
13 2 47 0
-24 -30 21 0
-13 -45 16 0
42 -21 46 0
-13 22 5 0
-17 -18 -15 0
-49 35 -9 0
-42 18 -3 0
-49 -10 38 0
9 -28 42 0
49 6 -21 0
-13 -36 14 0
-20 29 40 0
-25 -13 -19 0
16 49 -1 0
18 30 -5 0
-22 6 43 0
43 4 37 0
21 -13 24 0
-35 12 -42 0
24 -29 -41 0
-18 42 30 0
45 3 43 0
-10 43 -8 0
7 -47 -34 0
-10 47 14 0
25 46 16 0
-2 -25 -22 0
-26 41 7 0
28 -49 34 0
-44 -6 -42 0
20 -20 -34 0
-46 -12 -42 0
-7 -2 24 0
-29 -32 -7 0
-1 -49 30 0
