c CNF generator v0.9
p cnf 50 100
-7 47 -28 0
-47 12 1 0
-17 1 -18 0
-42 -1 -27 0
5 3 -50 0
-21 -20 -8 0
40 -42 13 0
-6 -8 -28 0
12 -1 9 0
37 -47 48 0
-36 -31 10 0
4 -45 -21 0
28 -42 17 0
-4 -16 -7 0
32 -27 15 0
-48 21 -12 0
-49 35 11 0
-41 -31 10 0
-18 33 3 0
30 46 -42 0
-13 50 -16 0
-28 49 -50 0
-2 38 -31 0
16 -6 -24 0
-2 30 -40 0
44 -4 4 0
-47 -10 -48 0
2 -29 -31 0
40 16 34 0
29 -15 -16 0
10 -16 31 0
28 6 40 0
-28 8 23 0
-30 -9 31 0
27 45 43 0
31 28 -33 0
-44 -21 36 0
15 20 24 0
-20 19 29 0
-9 6 -43 0
-42 8 37 0
15 26 -2 0
18 10 -9 0
-23 14 41 0
18 -37 -22 0
-11 6 2 0
40 -49 -45 0
18 -32 47 0
16 -43 37 0
-8 18 -35 0
17 -23 43 0
-39 7 47 0
-2 -6 -10 0
-32 43 50 0
6 -17 24 0
-44 14 19 0
48 41 22 0
-20 46 16 0
25 -27 -30 0
-35 28 47 0
-21 -20 37 0
27 -44 43 0
12 48 47 0
8 -23 -14 0
34 22 -45 0
38 -13 44 0
26 21 16 0
-38 -1 -48 0
-27 -5 40 0
-39 17 29 0
19 17 3 0
-5 31 -41 0
-49 -13 48 0
48 -3 -3 0
49 -24 2 0
35 -23 -25 0
-10 2 -23 0
41 27 32 0
23 -10 34 0
13 -9 43 0
6 37 -7 0
-50 2 -48 0
-29 -47 -23 0
-12 2 -12 0
-36 -45 44 0
-38 15 -24 0
29 44 -5 0
12 3 -1 0
-3 -23 8 0
20 4 20 0
-4 -18 -50 0
5 -13 -29 0
-24 19 -4 0
7 26 -42 0
18 26 -34 0
-42 28 -44 0
29 16 9 0
49 4 11 0
30 16 -5 0
-9 -16 -20 0
