c CNF generator v0.9
p cnf 50 100
-35 -47 31 0
-35 7 -1 0
-7 31 -37 0
-8 48 -11 0
27 22 49 0
-48 35 -19 0
-32 -50 -35 0
-40 7 33 0
45 -12 11 0
-8 30 48 0
7 -17 46 0
-4 -36 39 0
35 35 36 0
-40 -39 -11 0
-11 7 38 0
39 -26 18 0
46 -23 -18 0
32 12 3 0
-48 -32 -31 0
-38 20 2 0
16 -13 32 0
23 1 -31 0
-9 29 -31 0
48 15 22 0
41 -38 4 0
-41 -11 -3 0
5 44 -50 0
-2 20 -37 0
-2 18 42 0
-9 -45 -12 0
7 -10 48 0
-45 -32 -1 0
-30 17 30 0
-25 -39 -20 0
-37 -3 -42 0
49 28 13 0
-35 -14 26 0
22 -19 18 0
40 25 19 0
-45 -40 12 0
-37 50 11 0
-17 -22 -14 0
13 11 -42 0
-50 21 -15 0
37 21 -45 0
-38 -48 10 0
20 3 -4 0
22 -5 50 0
29 -25 -46 0
27 31 -50 0
-20 1 -49 0
8 -34 -7 0
-44 6 -45 0
-17 -33 -20 0
23 40 30 0
-31 3 16 0
-10 -27 -10 0
22 -24 25 0
-5 2 13 0
10 -47 -22 0
5 -23 -23 0
30 35 42 0
46 14 -32 0
-50 -35 -23 0
31 -20 12 0
18 -4 -45 0
22 39 -48 0
-16 26 -24 0
21 -6 -23 0
40 34 13 0
-26 -22 -33 0
-7 28 -8 0
22 -17 -45 0
28 -46 -38 0
-15 -30 30 0
12 -10 35 0
13 24 3 0
50 13 -8 0
9 -23 28 0
-49 33 -11 0
-1 42 -43 0
35 9 -30 0
-6 -43 -38 0
-46 40 33 0
5 -26 7 0
6 24 -10 0
-21 -10 -7 0
18 -40 -28 0
42 4 -49 0
32 -7 -10 0
-3 -31 22 0
15 -34 4 0
-26 12 -39 0
-49 19 -8 0
-29 -44 49 0
26 -23 -11 0
-48 -28 9 0
-5 -30 39 0
-2 -44 -40 0
-45 -30 9 0
