c CNF generator v0.9
p cnf 50 100
-47 -36 -1 0
44 -50 31 0
20 32 6 0
-5 -50 25 0
38 -42 -11 0
16 -35 46 0
29 6 2 0
47 -5 44 0
4 48 5 0
34 -24 21 0
27 -5 -38 0
-16 -27 -40 0
30 -5 49 0
-18 -48 -25 0
29 -5 9 0
38 6 -43 0
-7 29 46 0
26 -47 -50 0
12 44 34 0
35 13 10 0
25 16 29 0
26 47 44 0
8 47 -50 0
19 -15 -21 0
5 15 -41 0
8 50 -8 0
-30 28 -36 0
14 -31 -12 0
-23 -37 -49 0
-47 -26 4 0
-50 -33 40 0
-49 31 34 0
-13 -27 -36 0
29 -36 -10 0
30 23 -37 0
-25 48 2 0
48 -30 -17 0
-21 14 -4 0
-17 -3 4 0
-6 -14 -1 0
13 14 41 0
39 24 19 0
5 25 16 0
-47 -5 12 0
-34 -40 -27 0
31 18 -11 0
28 -31 -31 0
1 27 -45 0
22 1 -29 0
44 48 19 0
30 24 44 0
-39 -11 -12 0
-16 30 -15 0
32 -44 -36 0
-36 13 39 0
4 -14 40 0
-32 -19 -5 0
10 11 35 0
-24 32 -29 0
13 3 34 0
38 20 47 0
-20 -23 -49 0
-29 -29 37 0
42 -20 4 0
-41 31 -11 0
33 -41 -9 0
49 -18 -8 0
29 43 9 0
-27 12 -27 0
36 32 33 0
-47 15 -28 0
-29 26 -31 0
-1 -10 -9 0
38 31 -26 0
6 -40 -17 0
47 -30 8 0
40 19 3 0
-43 -44 -11 0
1 22 -7 0
1 42 2 0
33 17 29 0
-31 14 -31 0
13 -12 -6 0
47 -4 5 0
4 -46 -15 0
2 -16 26 0
-22 -24 8 0
6 8 10 0
-14 -42 -43 0
15 -45 44 0
17 -46 -3 0
-29 -18 6 0
1 42 41 0
15 -13 -21 0
-48 2 36 0
44 -10 -12 0
-45 37 -20 0
-47 -24 18 0
8 -3 17 0
35 -23 -40 0
