c CNF generator v0.9
p cnf 50 100
-46 4 -5 0
-37 23 47 0
3 -16 29 0
-48 -28 -11 0
-45 32 31 0
6 -18 21 0
-50 22 -20 0
-2 -29 -44 0
-8 41 -32 0
5 -7 22 0
-34 28 15 0
45 -20 12 0
10 16 -31 0
-18 -11 44 0
7 34 49 0
42 9 50 0
-10 -42 23 0
15 -16 30 0
-29 -11 -50 0
-35 3 2 0
-24 -35 33 0
44 -24 -9 0
26 -39 26 0
-36 -3 47 0
36 -49 -24 0
9 -42 30 0
44 24 -39 0
-45 -15 -32 0
34 -1 -20 0
-20 -16 -50 0
-48 23 27 0
36 12 -26 0
42 45 -39 0
-3 -39 19 0
35 -28 -49 0
-39 -33 -10 0
-36 34 16 0
28 -22 20 0
32 -4 -45 0
27 -30 -3 0
-23 48 -11 0
18 -30 -43 0
16 -14 -15 0
-5 40 46 0
30 7 29 0
-47 -44 40 0
-34 -35 36 0
-48 12 20 0
-46 -25 10 0
-27 38 -2 0
-1 12 23 0
13 16 -30 0
-2 -23 -47 0
26 11 -50 0
13 25 6 0
-7 38 40 0
28 -18 -26 0
-35 -34 -39 0
8 -33 28 0
-17 -25 -27 0
-22 -39 -19 0
-49 2 28 0
4 39 39 0
8 -27 29 0
-43 42 12 0
11 -4 -31 0
3 -36 28 0
-2 -18 -49 0
38 15 4 0
49 36 28 0
-49 -16 10 0
-34 9 39 0
12 -17 -9 0
-43 37 33 0
-6 -17 -27 0
45 20 19 0
29 -15 4 0
-21 -25 50 0
-36 -2 38 0
-26 -23 -39 0
-17 -34 -27 0
30 -44 17 0
-25 -28 1 0
8 37 -25 0
-26 33 8 0
20 -39 21 0
41 33 36 0
39 -13 -17 0
-47 34 -36 0
-24 14 2 0
25 -24 45 0
-9 17 10 0
43 -50 37 0
-28 -10 37 0
3 17 20 0
-43 -10 -42 0
-1 14 41 0
17 31 -13 0
16 9 14 0
-3 -25 20 0
