c CNF generator v0.9
p cnf 50 325
-35 34 -29 0
38 49 44 0
-37 18 -36 0
14 -26 -27 0
46 -36 29 0
15 1 -12 0
-41 25 -42 0
-44 -42 39 0
-16 37 26 0
-42 1 36 0
35 -37 -45 0
-14 6 23 0
31 -50 -43 0
-4 -6 26 0
-3 -30 -42 0
-48 41 11 0
-22 30 8 0
38 -14 9 0
26 -48 3 0
-32 18 -30 0
-41 -8 26 0
-38 -24 -44 0
6 -4 -46 0
22 -48 21 0
50 40 -13 0
-32 -26 46 0
14 -4 -45 0
29 -49 17 0
10 -22 32 0
-1 -5 44 0
-19 -31 39 0
-19 -4 -34 0
19 47 35 0
-31 -11 -37 0
-14 -49 43 0
41 45 -22 0
46 23 -48 0
15 -16 24 0
7 -31 -3 0
-28 -29 -35 0
-45 -46 4 0
-6 31 10 0
-2 11 -6 0
-42 -32 13 0
3 14 -4 0
-47 -33 -17 0
7 3 -31 0
37 25 -17 0
-1 -10 47 0
-41 -31 -39 0
-46 49 32 0
-46 -41 12 0
42 36 47 0
-8 -4 23 0
13 -20 41 0
-9 -24 50 0
25 -17 32 0
36 30 49 0
35 -3 29 0
-38 -39 33 0
21 -26 7 0
9 6 -28 0
27 -17 29 0
-44 -41 38 0
34 31 -24 0
5 41 46 0
-40 1 1 0
-24 5 6 0
-43 43 -37 0
-14 47 -33 0
20 25 19 0
-26 -25 -22 0
2 -3 -36 0
-10 25 27 0
28 -36 -2 0
47 -4 -43 0
28 -2 -1 0
-1 21 -32 0
39 37 37 0
9 -14 36 0
-20 21 19 0
29 38 7 0
7 13 37 0
-23 44 -40 0
49 27 -16 0
-41 47 43 0
26 -12 -19 0
9 -21 -32 0
-36 40 17 0
32 -49 -19 0
14 -7 -23 0
-5 -42 23 0
12 -50 -20 0
35 38 -4 0
37 -39 -30 0
-1 -49 25 0
42 -3 -19 0
13 -2 -7 0
-42 23 7 0
-15 -9 22 0
-36 -37 -22 0
27 -12 -16 0
12 43 29 0
-40 -19 12 0
4 -11 11 0
-50 -42 14 0
17 3 -16 0
-47 -40 -33 0
-44 -25 28 0
-1 -37 -4 0
-27 24 41 0
-41 -31 -45 0
32 22 44 0
-36 -39 -20 0
50 21 -22 0
17 -25 20 0
-7 27 -7 0
-34 37 25 0
-29 30 2 0
13 -45 42 0
23 -14 20 0
15 24 31 0
-38 -5 -30 0
2 49 -20 0
-22 13 43 0
23 -40 -7 0
1 -2 47 0
10 -23 7 0
46 -13 -43 0
-25 3 49 0
-4 27 12 0
-15 8 19 0
8 29 -41 0
44 25 29 0
-40 -9 -37 0
-43 -35 -8 0
4 -6 15 0
26 -17 4 0
27 14 28 0
-38 -41 10 0
30 -33 -9 0
31 22 -38 0
-2 50 22 0
-40 -9 -16 0
3 14 -5 0
-8 -40 -41 0
-2 5 23 0
-22 22 19 0
-35 -20 -20 0
14 13 -6 0
50 -25 23 0
29 -8 5 0
-25 50 -10 0
25 -32 -46 0
-1 -20 -5 0
-25 -43 -3 0
-21 36 1 0
4 25 -36 0
14 8 30 0
16 -20 34 0
-25 -34 19 0
-30 -41 -43 0
26 38 -49 0
29 20 -40 0
-13 50 14 0
46 2 -45 0
-11 40 -47 0
-31 -26 41 0
40 25 -33 0
-17 5 17 0
-21 -50 11 0
-11 -2 49 0
47 -16 -1 0
8 35 -14 0
-9 1 -38 0
-3 -33 -26 0
12 -23 -34 0
-35 -19 28 0
-23 -36 -36 0
-30 45 -32 0
-10 -32 20 0
20 -7 13 0
-50 44 -38 0
1 -33 -20 0
5 10 30 0
-25 -42 -19 0
42 -6 39 0
5 -30 22 0
-40 -28 17 0
-11 23 -44 0
26 42 -28 0
-38 -34 -36 0
3 -27 -16 0
12 -1 -20 0
-42 -49 2 0
4 -44 1 0
-30 -23 -4 0
26 -29 7 0
38 4 -9 0
24 -19 -14 0
26 21 -20 0
13 22 24 0
-37 -34 -18 0
-48 18 34 0
24 8 44 0
-29 -33 1 0
50 5 14 0
-46 -2 14 0
18 28 -25 0
11 1 32 0
14 -41 47 0
28 40 7 0
-46 -4 -42 0
22 -6 -32 0
-19 10 -25 0
-12 42 29 0
28 -13 -28 0
-46 -45 -48 0
-42 39 22 0
42 -39 -33 0
36 8 41 0
-38 -23 -24 0
-7 41 17 0
23 34 -9 0
5 -50 -22 0
-27 -37 -3 0
18 30 12 0
19 45 -5 0
32 -30 7 0
-32 -18 -37 0
-31 49 38 0
-4 -16 16 0
20 -1 25 0
15 -7 -14 0
-12 17 1 0
-35 15 14 0
16 43 50 0
-11 44 34 0
-24 -7 45 0
42 -2 15 0
-40 28 -48 0
-39 -31 6 0
-32 15 47 0
30 -49 15 0
-36 23 -2 0
32 18 8 0
45 38 2 0
31 -27 -7 0
-5 40 31 0
-30 1 18 0
-28 -43 47 0
33 23 -43 0
28 18 8 0
36 36 26 0
26 -1 -30 0
21 -23 -31 0
-9 -42 46 0
-41 -38 -46 0
1 -14 -18 0
-28 13 -1 0
7 6 45 0
13 -50 -8 0
-35 -33 -31 0
-35 -7 44 0
-39 -20 41 0
35 -49 -35 0
-26 22 10 0
17 30 50 0
25 3 26 0
-27 7 -8 0
-4 -35 -14 0
-22 -28 -34 0
37 -31 -38 0
5 17 31 0
-22 -27 20 0
6 39 9 0
-27 -22 33 0
-41 9 8 0
-35 44 5 0
-37 14 27 0
-44 24 6 0
-4 31 -26 0
-2 50 41 0
-28 -37 -32 0
5 -22 15 0
8 24 -25 0
42 26 -6 0
11 1 17 0
-27 20 47 0
-42 39 -40 0
23 -32 34 0
40 7 5 0
-6 25 -27 0
40 37 38 0
-47 26 -15 0
-27 -18 -36 0
12 -48 -45 0
-25 -14 24 0
45 43 -12 0
-46 28 41 0
28 -41 -36 0
13 35 -29 0
-34 -49 22 0
-42 -47 -17 0
-21 47 36 0
-13 -12 -2 0
12 39 41 0
29 5 -22 0
-26 -32 12 0
13 -50 -25 0
9 31 49 0
45 7 21 0
-24 32 -2 0
-3 44 37 0
19 -6 6 0
-35 16 -20 0
37 -32 -43 0
16 -26 -12 0
18 -14 4 0
4 -37 22 0
-21 -35 37 0
6 14 30 0
30 25 -27 0
32 46 -4 0
-46 -49 -19 0
