c CNF generator v0.9
p cnf 50 325
-49 -2 -16 0
23 -37 -27 0
-18 17 22 0
16 -28 -10 0
-21 -22 3 0
34 29 -23 0
-47 5 30 0
19 32 -5 0
-7 -17 -34 0
33 -10 25 0
13 4 -2 0
1 43 -19 0
15 15 -40 0
48 20 -3 0
44 -23 -38 0
33 32 22 0
8 38 -40 0
-24 -8 -33 0
27 5 -15 0
-28 35 17 0
20 37 50 0
-47 -25 11 0
-20 -43 -13 0
-33 17 8 0
-3 22 -1 0
27 -11 -28 0
-15 26 -6 0
50 -49 23 0
5 4 -23 0
46 36 10 0
-47 41 14 0
-4 42 27 0
13 20 -19 0
24 -45 -32 0
46 4 17 0
-15 1 29 0
3 15 -7 0
49 -38 -27 0
-45 49 35 0
-43 3 -24 0
-31 45 -15 0
-2 -5 -49 0
-11 37 -41 0
-9 -49 21 0
-6 23 17 0
-45 32 4 0
-8 50 -50 0
-4 -2 -5 0
48 -21 12 0
24 -24 15 0
24 -42 32 0
48 -14 3 0
-30 3 -41 0
48 -33 21 0
33 7 23 0
-39 49 -49 0
10 -25 -32 0
-30 29 -50 0
11 31 8 0
-3 -6 -11 0
12 -13 41 0
-47 -12 -37 0
-8 40 2 0
27 20 -20 0
-40 25 48 0
-20 -15 -6 0
39 -7 16 0
4 37 28 0
-39 21 -5 0
-24 -37 29 0
39 37 30 0
-22 34 25 0
12 43 -40 0
-32 -12 -9 0
-37 -44 41 0
16 27 3 0
21 21 -19 0
-50 18 -44 0
9 13 31 0
-15 47 -22 0
-15 9 45 0
36 -20 -34 0
-43 5 31 0
-20 -35 -30 0
4 -22 -32 0
-43 31 -14 0
24 33 -33 0
-7 32 50 0
-7 3 -41 0
-17 -24 -9 0
-36 -18 27 0
35 38 37 0
-42 18 33 0
-34 23 -13 0
10 -33 9 0
43 -20 -29 0
-3 -24 41 0
6 2 22 0
17 -8 -26 0
-10 -15 -13 0
13 -48 50 0
-17 7 33 0
-17 -43 9 0
-21 -2 4 0
11 48 42 0
14 44 30 0
-20 17 -23 0
-19 11 -11 0
41 -25 -1 0
-29 29 -33 0
18 -50 -46 0
17 -11 -32 0
-49 -24 -36 0
-34 -32 -18 0
-13 46 -24 0
-37 19 3 0
-13 -23 -4 0
30 18 28 0
-14 13 9 0
19 13 -40 0
-19 -45 -3 0
-44 23 -13 0
11 -46 26 0
-32 33 21 0
-26 -22 -32 0
-42 -18 -24 0
20 4 41 0
-46 47 -31 0
35 -34 33 0
-44 -45 -43 0
-13 34 39 0
34 -26 40 0
35 -28 5 0
-7 37 25 0
-41 39 -28 0
23 39 48 0
41 23 42 0
47 -47 25 0
2 37 4 0
43 -30 -3 0
17 -30 14 0
-19 32 2 0
-28 -33 -42 0
-3 5 -48 0
43 14 -26 0
-9 -29 19 0
31 -14 -45 0
50 -19 -25 0
-1 22 31 0
48 26 -6 0
-39 42 36 0
36 37 -26 0
-11 -23 2 0
-48 -48 -49 0
-40 -14 -39 0
5 26 14 0
15 -27 -21 0
36 8 -14 0
6 22 22 0
32 45 -23 0
-4 -14 -15 0
-23 -28 -14 0
-22 -44 44 0
36 8 44 0
-33 5 -47 0
-7 17 20 0
24 -34 23 0
43 -4 -20 0
-22 42 30 0
35 8 31 0
-17 -37 -5 0
-43 4 -30 0
-22 23 -46 0
-9 -40 30 0
43 19 -21 0
-40 40 -34 0
8 35 -45 0
48 16 27 0
-37 -38 -8 0
-38 2 -17 0
19 -3 -46 0
29 -22 24 0
-20 -11 -6 0
31 -12 -44 0
-24 4 49 0
28 31 48 0
24 -34 27 0
16 -19 41 0
-4 30 34 0
18 8 33 0
43 -22 21 0
17 -47 44 0
13 18 23 0
14 30 33 0
-45 30 -32 0
-27 -8 20 0
-17 8 4 0
-41 41 -40 0
-47 -39 50 0
-21 4 -41 0
-30 -22 -15 0
33 48 19 0
-36 50 29 0
9 37 -40 0
38 50 4 0
-34 27 -27 0
-16 36 -46 0
17 -11 48 0
-31 7 -38 0
-27 -13 28 0
-44 -47 25 0
-34 25 25 0
20 -3 38 0
45 -27 42 0
6 24 -49 0
-9 -47 -43 0
-4 -25 5 0
-17 -16 -19 0
-38 -35 -39 0
-21 3 24 0
24 32 -41 0
45 -49 -49 0
-36 17 30 0
-3 -14 12 0
43 -8 23 0
-50 -16 -15 0
-27 -21 -36 0
-46 -49 -21 0
4 -11 -43 0
16 2 45 0
14 -23 -16 0
2 -36 -12 0
-17 40 -40 0
-20 45 -5 0
37 5 6 0
4 21 -1 0
-28 -16 -31 0
-11 18 32 0
4 -12 -8 0
-6 11 31 0
33 47 -24 0
-23 -21 -1 0
-3 -22 -37 0
16 -42 -50 0
3 16 -39 0
-14 43 27 0
-18 -20 -42 0
-39 44 24 0
16 28 -36 0
-3 -36 2 0
29 -26 24 0
35 -4 24 0
18 49 41 0
16 43 -36 0
13 -6 -1 0
-36 -9 30 0
27 -35 47 0
16 18 43 0
24 -20 44 0
15 4 20 0
50 26 -31 0
28 -46 -23 0
36 -11 8 0
-1 -33 -13 0
50 -39 -4 0
19 -12 22 0
-28 -2 49 0
45 -13 -11 0
17 22 -24 0
-12 -44 26 0
-38 -14 -39 0
-32 34 29 0
42 43 -15 0
-27 -43 -46 0
-3 -44 15 0
13 -10 -39 0
47 -17 -38 0
-46 -41 24 0
3 14 18 0
27 9 25 0
-39 -6 -11 0
7 -46 18 0
17 5 32 0
42 -36 -49 0
-20 48 -48 0
-5 -17 -15 0
-19 -13 -4 0
47 -45 -3 0
-24 17 25 0
46 -40 3 0
3 32 -25 0
39 -50 29 0
-6 -40 37 0
-15 -49 6 0
-14 15 38 0
-20 -39 -47 0
-45 -14 -50 0
6 -42 -25 0
-17 20 -9 0
11 -22 -42 0
25 -40 -11 0
-28 3 4 0
-9 27 -2 0
12 -19 -47 0
-16 47 34 0
-28 14 -50 0
4 17 1 0
28 -26 -43 0
-24 -28 12 0
-16 20 40 0
-9 -43 -48 0
23 12 -47 0
-13 -14 25 0
-42 28 -50 0
9 -49 44 0
40 8 27 0
-16 44 18 0
19 4 50 0
31 15 -45 0
16 4 -9 0
10 -11 7 0
-33 -20 12 0
-3 12 20 0
-46 15 37 0
-19 35 -34 0
