c CNF generator v0.9
p cnf 50 325
-49 45 4 0
16 13 14 0
-19 33 36 0
-16 16 -32 0
-12 43 4 0
4 15 -17 0
-17 -6 -32 0
-28 -17 14 0
48 -16 38 0
-40 9 27 0
30 37 -8 0
49 19 -15 0
24 22 12 0
-4 -8 18 0
-38 1 -2 0
2 -33 36 0
26 27 -29 0
-12 -15 46 0
12 1 37 0
13 19 14 0
-1 23 36 0
8 11 19 0
-44 -10 34 0
6 49 -1 0
-19 30 34 0
37 46 3 0
31 -19 3 0
-6 25 -44 0
36 30 12 0
-26 -36 -36 0
-48 10 -45 0
-12 6 -7 0
-8 -15 -34 0
41 9 -16 0
-17 48 39 0
23 16 -44 0
-16 24 -36 0
-8 -44 14 0
-14 7 -17 0
20 34 -11 0
2 47 -5 0
37 13 12 0
-2 40 45 0
-4 11 2 0
46 26 -36 0
25 12 45 0
-6 46 36 0
-39 -11 -7 0
49 18 14 0
39 -8 -3 0
-33 4 -39 0
-8 22 -50 0
39 -37 -10 0
-36 50 -16 0
-25 37 -41 0
-33 -12 8 0
33 -21 -48 0
-6 -28 -2 0
23 -45 10 0
40 -33 20 0
17 -3 -4 0
-27 -18 28 0
35 -37 -33 0
25 12 22 0
-24 33 45 0
-28 -38 48 0
-22 -20 -11 0
-3 -50 46 0
38 -15 4 0
40 -10 -22 0
4 42 -6 0
2 35 -19 0
-14 33 5 0
-34 -41 -24 0
24 -41 11 0
-13 11 10 0
-16 -21 30 0
40 12 -38 0
31 38 4 0
-33 9 5 0
38 33 43 0
-16 37 -50 0
-26 14 36 0
-31 46 17 0
-38 -3 37 0
25 5 -13 0
-31 35 -5 0
14 12 -24 0
12 -7 -43 0
3 43 -8 0
11 -28 19 0
11 16 10 0
1 7 -15 0
14 -45 -50 0
-32 -27 16 0
40 -28 14 0
-1 -29 -19 0
-19 -9 46 0
46 -44 -50 0
1 38 -18 0
-14 28 5 0
-9 13 8 0
-11 18 -41 0
-38 30 32 0
-25 42 35 0
-17 -45 -35 0
-26 -14 -27 0
-49 21 -18 0
43 47 6 0
-31 14 44 0
15 49 16 0
-25 5 12 0
-49 50 47 0
41 37 -27 0
-31 48 -49 0
38 19 41 0
44 7 -9 0
-3 15 -9 0
-16 -13 26 0
-19 -29 41 0
-20 -46 -4 0
-30 31 42 0
-19 -25 -9 0
-3 -50 29 0
28 44 45 0
22 -40 26 0
-45 -5 -13 0
-30 -32 41 0
-13 -39 -20 0
8 -50 20 0
27 26 -20 0
-41 7 -19 0
2 15 -7 0
-47 -50 8 0
-50 -26 -18 0
-30 30 32 0
-16 36 -34 0
-12 -26 -16 0
-1 -17 29 0
32 -23 31 0
-1 -1 46 0
-18 -7 -31 0
42 7 39 0
-22 1 12 0
38 -27 -35 0
-38 3 -47 0
28 4 -12 0
39 -22 32 0
43 19 39 0
-27 22 8 0
6 12 -39 0
14 -41 -30 0
-41 -35 -11 0
-45 -31 32 0
-17 -50 15 0
-4 -9 21 0
-21 -39 22 0
-25 15 -7 0
22 39 -28 0
44 10 1 0
12 26 50 0
23 -1 23 0
-4 14 44 0
9 -27 -23 0
24 33 12 0
-50 47 -32 0
-39 -2 -5 0
-2 42 -7 0
6 -40 11 0
-49 -34 -27 0
34 4 -3 0
8 1 -9 0
-22 37 -35 0
36 41 -31 0
42 -35 -13 0
-3 28 30 0
-22 -39 -19 0
-1 -48 14 0
-12 16 -6 0
-50 -29 -30 0
-45 20 -29 0
-36 18 -35 0
27 -8 34 0
47 22 -11 0
25 34 -16 0
-26 37 -14 0
-7 38 23 0
27 -4 32 0
29 44 -28 0
-15 15 -11 0
-26 15 33 0
37 -43 -7 0
-43 -40 -16 0
23 27 -33 0
47 49 -42 0
19 14 26 0
-47 34 20 0
-36 44 40 0
2 -40 -15 0
50 -23 16 0
-24 -18 37 0
-34 37 -28 0
29 19 42 0
-28 17 -48 0
-32 -31 -1 0
20 8 -22 0
38 -33 33 0
48 -5 -30 0
-45 -32 -20 0
-37 12 -12 0
31 49 22 0
11 -20 19 0
35 -48 49 0
11 21 -9 0
-7 26 43 0
-5 -46 22 0
-29 41 -14 0
-14 -13 -36 0
-20 -37 38 0
46 -43 5 0
23 -7 -20 0
-44 -45 -22 0
35 -39 -47 0
-41 -29 9 0
-23 -21 -7 0
-46 -26 44 0
14 -23 -4 0
-28 50 -17 0
35 -24 11 0
-23 -30 10 0
2 12 -44 0
9 -35 15 0
-46 4 -18 0
-36 -35 48 0
25 13 10 0
50 -16 -25 0
-19 17 48 0
3 50 50 0
38 43 -37 0
31 -38 -16 0
-13 2 21 0
38 44 -6 0
45 21 30 0
11 -44 48 0
-33 13 18 0
11 -38 30 0
-20 -31 -26 0
28 20 15 0
41 50 35 0
-41 -30 46 0
-10 50 43 0
15 15 -24 0
-19 12 -28 0
32 42 -11 0
-49 3 28 0
-15 -2 -37 0
-21 -33 -38 0
44 24 -13 0
-48 -14 -9 0
28 -5 -50 0
-28 14 43 0
-10 13 40 0
-17 -8 21 0
-9 -36 9 0
-27 24 47 0
-27 -44 5 0
43 18 17 0
48 6 50 0
-40 -15 -42 0
35 -9 40 0
-14 -10 -15 0
-12 -23 -10 0
-43 -14 50 0
8 28 42 0
-43 -36 -1 0
-24 11 -13 0
15 50 -6 0
-10 21 33 0
5 -21 37 0
42 -48 -48 0
-33 -45 -45 0
45 41 23 0
-37 -48 -35 0
-28 13 35 0
-38 27 4 0
40 -27 4 0
-12 -48 48 0
-2 -27 -4 0
-29 44 11 0
-1 11 -36 0
-7 12 -15 0
-31 24 -43 0
12 -3 -3 0
-19 37 -49 0
-1 47 -24 0
-26 -18 -50 0
14 36 48 0
9 -3 -22 0
-24 -2 -14 0
40 -8 -45 0
-7 -1 35 0
-3 -11 -32 0
13 8 21 0
3 -33 39 0
21 -47 -2 0
40 -2 30 0
13 21 -12 0
-20 -31 16 0
-46 19 -45 0
47 -48 41 0
-4 32 -35 0
-42 4 -50 0
32 -38 -4 0
-25 7 -24 0
-41 40 -28 0
49 -44 20 0
-12 9 -35 0
38 2 31 0
-43 -10 -3 0
44 44 20 0
-10 21 -25 0
-37 -7 17 0
-49 -25 -50 0
-36 33 -28 0
10 15 -29 0
