c CNF generator v0.9
p cnf 50 325
-34 50 -20 0
-39 -49 4 0
43 -16 33 0
8 -13 -29 0
-29 39 14 0
49 -46 35 0
44 -16 -17 0
-40 -42 39 0
-39 22 -1 0
13 -28 -34 0
-12 -25 -13 0
33 17 -42 0
43 -10 43 0
-17 -38 -5 0
-39 48 33 0
-42 -5 6 0
-21 -11 -44 0
-49 -44 37 0
6 42 -42 0
-8 1 -10 0
-16 42 16 0
1 2 -23 0
-41 -35 12 0
5 44 45 0
43 35 -13 0
-13 -50 -38 0
20 -25 -14 0
-7 15 14 0
34 46 -16 0
-31 -11 -12 0
-41 47 -49 0
28 -8 -26 0
-38 -2 -3 0
-26 -14 49 0
-47 21 -11 0
16 -32 40 0
3 13 20 0
5 -4 30 0
-40 31 -20 0
-10 -12 -28 0
-33 -32 -14 0
-3 8 -1 0
-39 13 34 0
43 26 3 0
-10 27 1 0
-12 -25 12 0
2 -15 34 0
-18 28 -42 0
-28 -50 38 0
8 45 -4 0
-49 41 2 0
11 47 22 0
48 -7 9 0
-47 -6 -9 0
-17 -34 -35 0
10 39 48 0
23 28 45 0
-31 30 -12 0
-15 17 47 0
30 -24 6 0
-9 -11 -44 0
-46 2 -12 0
11 -26 -22 0
-43 -42 -16 0
29 8 6 0
-6 -32 -45 0
13 -32 -24 0
3 -36 -22 0
-38 -41 18 0
-21 -26 -27 0
-30 22 -37 0
-13 11 45 0
-45 47 15 0
40 -6 36 0
26 -49 46 0
-15 -39 -49 0
3 29 2 0
-29 9 -28 0
23 -22 12 0
8 -49 -16 0
-27 38 -21 0
-32 -4 31 0
37 -31 41 0
16 -43 21 0
-37 34 -13 0
31 -41 15 0
-43 1 -3 0
40 -29 17 0
49 20 -2 0
26 43 42 0
-44 31 23 0
18 -50 1 0
-18 42 -39 0
14 24 -23 0
10 14 32 0
-4 -36 7 0
35 39 42 0
-9 23 23 0
46 35 23 0
-9 2 30 0
-40 28 42 0
-9 -3 -3 0
-2 2 -31 0
6 24 -12 0
-13 -36 37 0
8 33 49 0
-41 -32 -26 0
32 2 17 0
14 5 18 0
15 -21 -38 0
41 8 34 0
5 9 15 0
17 -11 -18 0
50 -49 42 0
-11 -2 39 0
27 -25 -5 0
-9 -30 -14 0
-46 -10 -18 0
-19 45 -43 0
-3 40 -15 0
-26 26 -31 0
-30 -36 21 0
-49 20 -8 0
35 16 -43 0
-4 33 -18 0
-38 30 5 0
8 16 33 0
12 46 39 0
-45 -38 33 0
49 34 -9 0
-44 1 -9 0
-40 14 -16 0
7 -5 -38 0
-30 -27 17 0
38 18 50 0
-40 12 -28 0
45 34 3 0
48 38 -17 0
42 -18 50 0
-5 1 -19 0
-4 -28 31 0
29 -28 -45 0
40 27 -3 0
6 -28 32 0
-47 19 1 0
-34 14 -22 0
22 -18 -5 0
46 37 -23 0
47 -24 43 0
-39 48 47 0
-27 -26 -40 0
45 -26 45 0
-42 -37 -28 0
-49 -12 -26 0
44 21 41 0
-24 -13 -32 0
-48 -21 10 0
6 -41 -24 0
-18 -42 34 0
16 32 -45 0
-30 -41 21 0
44 40 -22 0
-16 33 -39 0
-17 16 -50 0
20 -42 16 0
-8 -39 27 0
5 49 -23 0
-11 -7 48 0
1 42 40 0
-29 30 -50 0
-17 28 29 0
-48 44 -10 0
25 -45 26 0
3 35 14 0
2 -45 -38 0
-15 1 17 0
-12 10 21 0
-21 8 8 0
-20 35 24 0
-28 -31 26 0
18 27 -5 0
-44 -10 5 0
-40 -30 -8 0
-16 -2 -4 0
16 20 17 0
29 32 -30 0
-40 -31 17 0
-18 -13 -42 0
-19 7 28 0
-44 25 30 0
30 49 8 0
41 35 40 0
-17 -35 27 0
15 -32 41 0
-49 -48 5 0
46 38 -9 0
23 -38 -11 0
-1 2 48 0
26 9 -41 0
-44 -26 -25 0
-33 46 18 0
-19 15 15 0
-2 9 35 0
-22 -25 8 0
2 -20 40 0
34 49 -27 0
-42 24 -50 0
-17 -47 31 0
-20 -3 -9 0
12 -47 -18 0
46 31 15 0
21 3 37 0
42 -36 25 0
32 21 -44 0
-32 -48 8 0
-10 -28 5 0
-49 -3 -42 0
45 -43 -40 0
27 -50 26 0
-11 13 40 0
45 -35 9 0
-33 -39 -49 0
-40 -46 50 0
-12 -6 -2 0
-29 -19 -47 0
18 -33 -27 0
-36 -1 -16 0
-9 11 16 0
-1 -12 -15 0
25 -43 47 0
-47 -7 -18 0
42 44 -18 0
-2 -47 42 0
23 8 24 0
48 -8 -24 0
22 42 -38 0
46 44 -38 0
33 -44 -11 0
45 -40 1 0
7 -26 -13 0
-50 34 43 0
-21 49 7 0
5 41 -43 0
-37 12 23 0
-42 21 12 0
24 37 -41 0
-24 -35 -37 0
16 -27 12 0
-24 -43 -21 0
38 9 -36 0
-33 -43 -23 0
-34 -30 45 0
41 -28 7 0
-36 -36 30 0
-46 46 5 0
45 -4 -18 0
-38 33 -37 0
20 31 5 0
-20 -2 -47 0
5 -22 4 0
38 -12 21 0
-50 35 -22 0
-35 -42 -11 0
29 31 46 0
-24 -48 -25 0
46 2 37 0
3 -12 -26 0
50 -34 14 0
-9 -18 -47 0
-28 -3 23 0
-28 49 2 0
-36 -13 20 0
41 -12 -23 0
-1 -35 46 0
-30 -18 46 0
-31 48 36 0
41 -4 22 0
23 32 15 0
-15 19 -34 0
-24 43 -37 0
40 39 14 0
-36 -7 -37 0
41 -11 -37 0
4 29 19 0
14 5 -7 0
-42 34 21 0
11 12 -21 0
39 -12 5 0
25 34 -26 0
12 -6 -13 0
1 -50 -4 0
18 15 -30 0
-9 -37 12 0
16 -20 20 0
25 -40 5 0
25 -50 33 0
27 9 -43 0
-44 29 -23 0
10 47 -44 0
39 -13 -32 0
6 26 37 0
42 19 -41 0
46 25 -40 0
19 43 -15 0
-41 41 -12 0
19 3 -35 0
28 46 37 0
-40 21 13 0
-26 -12 -50 0
-44 25 22 0
-3 19 37 0
50 -30 -7 0
45 24 3 0
10 46 -8 0
8 8 13 0
-24 -33 41 0
-4 33 -10 0
-20 40 -31 0
-40 32 39 0
11 44 -38 0
15 13 31 0
10 31 20 0
-3 -32 43 0
-30 49 -22 0
-31 18 -42 0
