c CNF generator v0.9
p cnf 50 325
33 29 -18 0
48 24 -15 0
47 4 6 0
23 33 -14 0
17 -47 9 0
-20 12 20 0
-21 -2 7 0
-39 24 27 0
-28 48 -28 0
4 50 14 0
2 11 -5 0
5 -43 20 0
12 16 4 0
47 -15 -23 0
44 -9 32 0
8 28 -18 0
31 -2 12 0
-2 -50 -36 0
47 48 -37 0
-34 -50 37 0
-3 -14 -39 0
-40 48 8 0
-5 23 -34 0
26 -11 -6 0
50 9 -14 0
-23 47 -49 0
-25 -5 -23 0
43 39 23 0
2 -14 41 0
1 -44 48 0
42 43 15 0
-26 18 49 0
-14 48 25 0
19 36 -31 0
-35 -29 7 0
32 -29 38 0
-6 -14 2 0
-46 -17 -39 0
-36 19 33 0
3 -41 40 0
-22 45 -38 0
-32 -7 14 0
10 46 25 0
31 1 -29 0
46 33 16 0
-6 -42 -39 0
-41 8 42 0
-19 6 -29 0
-13 -21 -16 0
-30 -15 38 0
-17 -45 40 0
3 12 -31 0
-41 9 44 0
-11 26 -24 0
-27 -18 -11 0
-13 -24 31 0
-38 -20 46 0
17 47 -13 0
45 2 -46 0
-37 -20 -14 0
-42 49 25 0
2 -22 -35 0
3 28 -7 0
19 16 44 0
-13 -41 47 0
-22 -49 -39 0
36 -20 26 0
16 -41 -30 0
-48 -46 -11 0
25 -20 39 0
8 32 -5 0
-18 -38 -21 0
-47 4 -25 0
47 40 14 0
-24 -27 -18 0
32 3 -44 0
-14 19 6 0
-5 34 -40 0
22 23 43 0
20 18 27 0
44 -33 -21 0
6 -43 -39 0
-36 -34 -26 0
-1 -30 22 0
-34 -19 5 0
37 -6 -1 0
12 -15 14 0
27 -24 17 0
30 21 -21 0
-11 -19 20 0
-45 -36 -42 0
41 -16 -27 0
-43 -46 1 0
42 -20 36 0
39 45 41 0
15 -45 24 0
41 -11 -36 0
3 14 -34 0
-11 4 34 0
-39 19 -10 0
-3 42 -48 0
16 -24 32 0
-41 -35 -15 0
-6 42 32 0
-12 39 -30 0
17 47 14 0
-44 -16 7 0
26 -33 -15 0
12 -50 -50 0
2 -9 -47 0
12 37 50 0
-6 -37 -18 0
-8 50 -40 0
-4 22 15 0
-7 9 -38 0
-36 -39 -10 0
-8 36 -38 0
-12 44 -4 0
14 -24 -36 0
-43 -9 -18 0
40 -35 -8 0
33 -26 2 0
-5 -37 18 0
-29 -16 -2 0
26 27 -34 0
31 29 21 0
-26 12 -49 0
-45 -7 12 0
46 -2 -3 0
-41 -26 -46 0
-44 -30 -31 0
20 5 9 0
23 30 35 0
-45 -37 44 0
1 -43 -36 0
9 45 -21 0
-27 44 9 0
2 12 -20 0
-10 40 -30 0
-45 -28 -19 0
-22 7 47 0
38 -38 40 0
22 31 -13 0
-19 -1 22 0
-25 -43 -3 0
28 36 3 0
14 -21 -45 0
24 47 16 0
45 10 17 0
-46 46 -13 0
-8 -8 -15 0
22 27 50 0
-24 -21 -43 0
47 34 49 0
49 6 -2 0
-32 -41 -17 0
-20 17 -38 0
-28 15 -7 0
40 -10 -25 0
17 -32 -2 0
-28 32 -10 0
29 1 47 0
-35 -50 17 0
41 -32 -43 0
30 34 -23 0
12 -34 31 0
-21 -50 24 0
37 -35 -32 0
-19 -3 -8 0
-42 12 -49 0
-34 -31 29 0
-26 18 47 0
-25 24 -9 0
-13 47 24 0
4 41 -4 0
27 26 -5 0
-46 -32 2 0
43 40 13 0
-29 -23 5 0
-21 2 12 0
-4 5 33 0
-33 -47 48 0
15 -28 -47 0
-11 -37 43 0
24 -29 -48 0
-45 -29 -30 0
-23 -27 34 0
-28 -41 -29 0
37 -50 36 0
-1 11 -25 0
-8 -15 -11 0
19 -41 -26 0
-36 -7 28 0
-39 -12 25 0
20 -18 5 0
16 44 50 0
34 15 -8 0
16 -48 -49 0
31 34 -39 0
47 -19 -8 0
-36 -1 -44 0
-13 -43 13 0
-40 -13 50 0
3 -25 25 0
-45 7 12 0
5 -38 15 0
2 18 -47 0
16 -7 -1 0
-31 17 -26 0
-42 20 21 0
38 -13 -2 0
35 -18 -14 0
-3 17 -36 0
36 39 -4 0
43 -31 -47 0
-36 7 20 0
-11 19 44 0
9 -35 25 0
5 38 -30 0
-1 2 -2 0
8 -42 3 0
28 -45 -7 0
-26 -9 -45 0
-4 6 -19 0
12 -45 -19 0
-13 8 -22 0
-3 27 20 0
18 33 -38 0
-36 -5 -24 0
43 11 -3 0
-11 48 -14 0
-7 -29 -9 0
2 -42 15 0
-31 3 16 0
-22 -8 -7 0
-24 24 24 0
34 46 16 0
22 45 -25 0
30 -25 29 0
10 -40 -40 0
-34 -39 -15 0
4 50 2 0
-18 -40 -31 0
-25 13 -29 0
-26 47 -16 0
27 -36 -41 0
28 -19 35 0
14 -21 -6 0
41 35 35 0
28 20 -30 0
11 32 3 0
-45 -9 -22 0
34 17 50 0
30 -16 35 0
-24 26 14 0
29 43 45 0
-20 4 -14 0
-43 23 41 0
37 -37 -34 0
19 28 -25 0
-14 34 40 0
-13 -19 37 0
-33 4 41 0
-19 27 3 0
-21 -36 15 0
-39 39 44 0
13 12 -15 0
-6 -15 17 0
-30 21 41 0
-41 43 -19 0
-40 17 10 0
34 -21 23 0
-45 34 -29 0
22 -23 46 0
41 29 12 0
-25 -6 12 0
-17 -41 24 0
-46 25 45 0
-44 -16 -27 0
34 -37 32 0
50 -7 -1 0
-26 43 6 0
26 28 37 0
4 -20 15 0
-46 -4 3 0
-35 -38 -4 0
21 -50 36 0
12 -38 -46 0
50 31 -16 0
-14 16 46 0
-38 -44 44 0
-7 9 -34 0
-15 34 -22 0
-50 -41 9 0
35 31 -26 0
-41 -25 -13 0
-29 -5 -50 0
32 7 -40 0
-15 -10 17 0
-33 -8 43 0
33 -39 6 0
32 24 37 0
-34 10 -14 0
50 -43 30 0
44 -22 -28 0
-4 37 15 0
-29 -9 -3 0
-39 39 11 0
26 -1 28 0
10 -10 -5 0
36 12 49 0
-36 -21 32 0
13 -48 -19 0
11 10 -6 0
29 -24 42 0
47 -23 -13 0
-40 -41 50 0
47 -43 -38 0
-11 31 41 0
36 -19 -44 0
35 13 8 0
41 -14 -1 0
40 27 -27 0
34 -18 47 0
3 -39 -10 0
