c CNF generator v0.9
p cnf 50 325
33 3 -29 0
-19 18 46 0
50 -39 34 0
30 -17 50 0
10 4 -10 0
10 -27 49 0
49 -24 29 0
19 36 29 0
41 -19 11 0
9 -26 -45 0
22 -20 9 0
-42 44 -21 0
-6 -44 13 0
-46 -29 -34 0
13 -37 -9 0
-49 -30 -43 0
-28 14 40 0
-42 31 -20 0
-18 26 14 0
27 5 -7 0
-7 44 31 0
-45 -48 19 0
16 -4 34 0
-20 38 -8 0
18 36 -12 0
-1 -29 18 0
-15 37 -13 0
24 -25 -11 0
22 -25 -24 0
18 -9 -26 0
-22 11 39 0
-27 -43 -21 0
41 41 -30 0
-33 44 43 0
45 19 47 0
-16 -7 -25 0
20 11 -46 0
-29 18 -32 0
45 42 14 0
17 -25 -48 0
41 6 23 0
-47 -34 15 0
-49 -1 29 0
10 -27 28 0
18 -24 19 0
-28 2 -10 0
17 47 -17 0
1 -16 35 0
29 -32 -41 0
-30 36 41 0
35 -46 -45 0
-40 24 41 0
-39 10 -27 0
-50 -4 24 0
-49 42 -30 0
23 -16 -20 0
4 33 3 0
-10 28 -21 0
-20 -21 -14 0
32 37 32 0
13 40 5 0
29 40 -22 0
18 -50 -45 0
5 -18 8 0
1 -39 -26 0
-30 37 15 0
36 -43 6 0
-43 -16 -45 0
-23 33 -21 0
20 3 -43 0
-4 -50 -42 0
-49 26 -34 0
-10 -34 -42 0
32 14 -32 0
-23 27 37 0
-27 47 8 0
47 13 -48 0
-20 -46 -28 0
50 -44 41 0
-24 -15 -46 0
50 36 13 0
-34 -36 -4 0
33 -33 -47 0
43 -7 39 0
-17 44 46 0
27 -25 14 0
-26 -33 45 0
9 35 -2 0
-25 4 44 0
-10 -5 13 0
19 19 -28 0
44 30 -33 0
-39 16 -37 0
35 -42 4 0
43 13 21 0
-1 14 -37 0
31 29 38 0
44 -36 -22 0
-4 -48 -40 0
-23 21 7 0
1 12 18 0
5 -28 50 0
-43 33 -38 0
-50 6 47 0
-19 -28 -7 0
4 17 -21 0
-6 37 14 0
-2 -23 24 0
42 -26 -48 0
12 30 -2 0
-15 47 -24 0
16 -20 20 0
24 11 -29 0
-25 6 25 0
17 -30 4 0
-50 -2 41 0
-33 -34 -41 0
24 -19 -36 0
-41 -10 16 0
13 29 -37 0
40 49 -31 0
-2 29 42 0
-28 47 -35 0
27 8 -23 0
39 -17 -15 0
41 8 -40 0
13 36 18 0
-16 32 19 0
36 -46 -37 0
20 25 -37 0
-26 24 -36 0
-13 -6 14 0
-5 -29 29 0
14 36 33 0
36 7 16 0
-35 -47 -22 0
50 33 -45 0
10 3 -16 0
-47 28 2 0
40 50 5 0
-31 20 32 0
-9 41 -4 0
-31 -44 44 0
-14 35 30 0
-36 44 28 0
-4 -22 -6 0
39 2 4 0
-24 -38 -36 0
-48 14 40 0
6 -16 -39 0
-31 -46 1 0
-16 -30 41 0
-44 47 43 0
2 45 5 0
-37 43 -9 0
-26 -40 27 0
34 12 -42 0
-28 -35 10 0
28 -36 -23 0
24 -43 -48 0
43 40 -29 0
23 15 28 0
15 36 37 0
33 30 16 0
13 33 -44 0
-4 -48 10 0
50 19 -5 0
-7 15 34 0
-46 22 40 0
49 -47 -25 0
15 27 -6 0
-49 2 -41 0
47 13 49 0
46 -13 9 0
35 41 26 0
47 47 43 0
-28 -3 24 0
-13 37 39 0
-20 -37 -18 0
42 -20 4 0
-30 -45 -10 0
-18 28 -21 0
45 -31 49 0
-27 -5 -21 0
-29 -44 41 0
4 13 36 0
29 14 32 0
4 -26 7 0
-39 -20 35 0
50 -37 -47 0
5 13 -36 0
8 49 1 0
35 -27 11 0
-44 -9 -35 0
-46 -11 -16 0
-40 2 -34 0
-9 17 14 0
-41 37 3 0
-45 -4 16 0
-38 -38 38 0
16 18 -37 0
19 10 48 0
-17 16 31 0
12 -44 -29 0
13 48 -46 0
-4 -34 28 0
1 -44 -41 0
-12 45 43 0
15 27 47 0
1 14 -12 0
-21 18 -42 0
-49 40 9 0
-11 35 16 0
38 -21 39 0
19 -50 21 0
-3 36 -42 0
40 -15 -7 0
-17 8 -16 0
19 1 46 0
-1 -16 -7 0
28 4 22 0
-30 -23 31 0
-25 42 -10 0
6 15 -3 0
11 18 28 0
-40 3 24 0
15 -47 37 0
-34 9 -25 0
-12 12 -23 0
-6 39 -32 0
-31 -13 25 0
9 -6 11 0
-8 39 -39 0
45 8 -21 0
5 -24 -19 0
-30 21 -48 0
2 -28 12 0
12 50 -29 0
48 -41 42 0
48 8 -13 0
-28 37 -37 0
29 -18 3 0
-13 -8 -9 0
41 39 -48 0
-48 -16 -9 0
-21 31 -34 0
-12 8 34 0
12 23 43 0
-8 -33 16 0
26 -31 -35 0
46 -50 18 0
50 45 -37 0
-22 47 23 0
1 4 -8 0
-24 14 -14 0
34 10 -28 0
-45 -49 18 0
-19 -22 35 0
45 23 47 0
-13 28 24 0
32 44 27 0
-50 -45 30 0
-30 38 9 0
11 -31 9 0
-29 -48 -32 0
-8 -15 -11 0
-50 -38 6 0
-10 -28 -38 0
41 20 39 0
-43 -6 -41 0
43 -18 -39 0
35 -40 42 0
-7 -46 49 0
40 -26 -5 0
-29 43 49 0
45 36 33 0
-16 -25 -10 0
-38 -20 15 0
13 -28 7 0
25 47 35 0
-20 -2 50 0
-47 29 29 0
-47 4 41 0
2 -26 40 0
-28 -25 17 0
16 33 13 0
31 -43 -39 0
-48 -9 37 0
15 40 28 0
40 3 15 0
19 -22 33 0
-41 25 -48 0
25 1 -45 0
23 42 -49 0
-26 16 -27 0
-16 -50 -37 0
2 -12 -2 0
-39 -17 -36 0
45 12 -32 0
-36 38 -26 0
-46 -5 -16 0
27 12 -3 0
-39 45 5 0
42 -4 30 0
-3 44 36 0
-42 -48 -35 0
23 -44 -25 0
28 -28 -16 0
33 6 -19 0
-22 -9 9 0
-7 -39 -36 0
-5 -50 8 0
44 49 41 0
-1 36 21 0
10 40 13 0
20 8 -17 0
-50 43 -4 0
16 -35 -10 0
-33 32 38 0
34 -8 -25 0
-48 37 -39 0
-38 48 48 0
-17 -30 -22 0
-23 -37 3 0
17 -14 -28 0
