c CNF generator v0.9
p cnf 50 325
-4 -21 27 0
33 -18 35 0
19 27 -25 0
17 24 -37 0
1 -31 8 0
1 -28 -50 0
-49 -41 -37 0
-21 43 -9 0
-30 2 -16 0
48 -34 -47 0
16 15 37 0
-2 33 -2 0
11 -8 -48 0
-30 38 -1 0
14 29 23 0
-42 -49 -37 0
-49 -36 -10 0
38 28 -18 0
-6 31 -6 0
-38 -14 39 0
21 43 8 0
-6 8 7 0
-2 21 -15 0
8 9 -44 0
26 23 22 0
24 39 -20 0
-47 -7 29 0
-29 48 -14 0
45 -10 45 0
-36 -6 -25 0
-46 43 -27 0
-50 47 -41 0
-37 -11 36 0
-46 -50 21 0
-22 -23 -21 0
-22 24 -4 0
13 -6 -46 0
-13 -20 12 0
-18 6 48 0
-10 -26 42 0
31 41 -17 0
-26 33 -12 0
31 -2 -30 0
-44 -40 -31 0
-30 -15 -27 0
33 -19 42 0
-12 -3 -36 0
22 23 9 0
-6 24 32 0
9 -24 -32 0
24 -23 -5 0
-34 -21 2 0
1 22 20 0
-9 -37 -26 0
-18 22 47 0
9 -27 48 0
13 39 -29 0
-16 -40 5 0
43 49 39 0
-46 -7 -23 0
-47 18 -37 0
-6 18 -34 0
35 44 25 0
-46 -36 5 0
38 -50 36 0
18 -32 5 0
-4 38 13 0
46 -42 33 0
-41 30 19 0
20 10 -50 0
25 -15 -33 0
26 -47 -15 0
44 27 -45 0
36 -4 20 0
43 12 24 0
-44 -42 -25 0
15 -25 -41 0
-36 -3 -17 0
15 42 -16 0
-24 -47 -10 0
1 8 23 0
50 14 26 0
-10 -42 -5 0
-50 29 22 0
-50 -44 -21 0
6 9 -34 0
-6 -5 16 0
-30 7 -38 0
-28 -6 -49 0
-35 35 -50 0
32 33 44 0
-22 -25 -14 0
26 16 34 0
15 21 36 0
45 -16 47 0
13 25 31 0
-35 26 9 0
-1 -24 -22 0
6 9 -30 0
-39 27 22 0
2 -11 8 0
-9 -41 2 0
-50 25 -1 0
-47 49 44 0
45 29 47 0
41 -39 19 0
24 5 -14 0
-50 -11 2 0
-3 45 46 0
7 -17 28 0
-31 -26 -18 0
-49 33 12 0
6 -18 25 0
42 -34 5 0
16 -12 -42 0
-18 -40 3 0
48 -26 -40 0
17 -5 9 0
-16 -16 21 0
9 49 6 0
13 10 -20 0
23 -44 26 0
-34 33 46 0
-17 17 -33 0
-2 -22 -8 0
1 -47 20 0
-26 8 49 0
43 22 41 0
-18 -49 -13 0
41 -14 16 0
47 -2 -16 0
-27 13 -47 0
-40 7 31 0
3 -35 -27 0
-24 20 2 0
29 -2 -5 0
20 27 43 0
-18 -10 -8 0
42 -17 -45 0
-46 18 7 0
-38 -9 34 0
-9 5 5 0
-39 20 -12 0
48 -2 24 0
26 -22 -22 0
28 50 -32 0
-44 -31 22 0
31 -20 31 0
-45 -3 -10 0
-2 11 -31 0
-41 -41 20 0
-18 -15 36 0
-32 7 -4 0
28 -6 -19 0
-38 -23 39 0
-45 41 37 0
-37 7 49 0
-33 5 -41 0
43 26 21 0
-14 32 2 0
-42 15 -48 0
-28 -22 -47 0
-40 -17 13 0
-25 -16 -26 0
43 16 27 0
3 -10 32 0
-35 19 -5 0
-38 -45 -47 0
14 31 -47 0
3 -39 -7 0
5 17 -46 0
43 -5 46 0
26 33 39 0
-6 31 23 0
17 33 44 0
49 35 26 0
41 -29 -32 0
-14 35 -46 0
-13 45 -35 0
33 -5 -10 0
30 -23 12 0
42 -41 -26 0
-23 1 -21 0
-14 15 29 0
4 45 43 0
15 -25 -41 0
-18 44 34 0
38 27 -40 0
-41 -41 -35 0
43 38 -5 0
-24 -16 -39 0
28 -22 -26 0
-31 -33 -12 0
-44 -11 10 0
-16 -15 20 0
-34 30 15 0
12 -30 -30 0
42 16 -4 0
-3 46 30 0
-37 -23 36 0
7 -10 -36 0
-47 -3 30 0
-14 25 41 0
4 14 -31 0
32 13 44 0
-14 -29 -18 0
41 -50 -46 0
-50 -3 -4 0
37 31 15 0
-36 -31 27 0
39 -20 -32 0
2 11 -47 0
22 10 18 0
13 -23 4 0
30 -50 22 0
5 9 4 0
-50 -1 -2 0
12 29 -12 0
-32 -38 31 0
7 21 -14 0
-27 -13 -43 0
-15 -34 -25 0
7 32 -49 0
-1 1 6 0
-23 14 -14 0
-29 29 11 0
-13 -40 31 0
-23 11 -5 0
-13 44 33 0
-3 -36 -36 0
42 25 -50 0
21 48 6 0
-31 -34 34 0
-32 37 13 0
-30 -17 8 0
11 46 25 0
-2 45 -19 0
-27 42 34 0
-39 -12 12 0
-16 6 -11 0
30 42 28 0
-21 -48 -47 0
36 35 -27 0
19 -11 14 0
-9 -26 -41 0
-3 2 -39 0
-38 50 15 0
41 21 -1 0
-11 -21 -12 0
1 -16 -44 0
-4 -40 28 0
24 36 -34 0
49 45 -37 0
-34 12 38 0
4 44 33 0
30 19 26 0
-43 -15 -38 0
-6 42 -22 0
35 -26 -34 0
8 -50 32 0
26 41 -37 0
-50 -33 34 0
-16 14 9 0
1 -25 -23 0
-29 -27 23 0
7 8 12 0
7 -48 3 0
8 5 15 0
2 -4 46 0
-46 -38 -7 0
-13 23 -49 0
47 -13 29 0
20 -11 -21 0
27 -1 -8 0
21 -26 -38 0
10 -23 -19 0
-13 17 -45 0
-48 2 -34 0
37 -37 -9 0
45 14 8 0
-17 -47 17 0
43 6 -6 0
2 -24 11 0
29 -22 16 0
25 38 11 0
-50 13 29 0
26 29 28 0
49 9 2 0
11 18 -34 0
-31 49 19 0
9 -47 23 0
-4 -13 -2 0
-5 22 27 0
21 25 -8 0
-34 -25 37 0
-15 -27 -15 0
37 29 50 0
-24 -4 14 0
-30 32 2 0
47 37 -37 0
44 -42 -35 0
25 -25 -42 0
-16 -6 -15 0
7 -30 -2 0
-38 38 -7 0
42 -33 10 0
38 13 -16 0
9 9 -31 0
-6 -49 -50 0
-38 7 -9 0
-24 -26 6 0
-25 38 -38 0
21 -23 9 0
40 -18 18 0
-49 -37 49 0
-21 -37 38 0
43 -21 -6 0
17 50 -38 0
-17 -1 10 0
-34 -19 -46 0
3 -38 15 0
-36 -42 -16 0
13 -43 -25 0
35 12 36 0
-14 -21 -10 0
