c CNF generator v0.9
p cnf 50 150
-18 35 19 0
22 33 -21 0
13 -4 9 0
23 50 -14 0
21 -26 -7 0
8 7 43 0
-18 33 -22 0
-46 39 -32 0
22 -41 -5 0
-18 33 -40 0
-38 -31 -45 0
-48 7 -6 0
36 -22 -18 0
-9 -14 27 0
1 23 -8 0
-9 24 -13 0
10 16 27 0
37 43 10 0
27 28 -38 0
-19 20 44 0
47 41 49 0
35 -47 -36 0
47 -23 -3 0
40 -21 36 0
-40 4 -44 0
-48 -7 4 0
30 35 -34 0
-50 11 48 0
1 33 47 0
16 12 -32 0
30 -38 50 0
6 43 -10 0
-5 -23 30 0
5 25 -43 0
-40 41 -41 0
30 47 30 0
-10 -18 -22 0
-20 46 -13 0
12 32 -45 0
-34 31 -4 0
30 -39 -10 0
8 -32 34 0
-24 -17 -27 0
9 21 47 0
-30 48 11 0
31 -49 15 0
-31 25 -14 0
-47 12 -14 0
8 -27 28 0
27 50 27 0
49 36 24 0
19 36 -38 0
-2 18 -39 0
40 33 37 0
26 -35 -29 0
27 -1 6 0
48 40 30 0
-38 29 -41 0
-13 -32 10 0
31 29 -18 0
-43 -30 43 0
43 -43 22 0
20 -43 34 0
-15 30 -11 0
-41 -29 20 0
41 40 -38 0
-34 35 -23 0
39 -15 32 0
-11 -24 7 0
-46 10 -27 0
-48 49 24 0
42 4 -12 0
-21 37 -21 0
5 -16 24 0
-41 8 -29 0
-29 25 -41 0
28 50 -32 0
9 22 -4 0
-46 22 -40 0
-45 -41 46 0
-21 31 14 0
-29 2 41 0
25 -14 40 0
-19 -17 -18 0
-35 41 -3 0
15 2 17 0
17 29 36 0
-43 -17 -37 0
23 -29 13 0
-15 -17 -9 0
29 -37 -10 0
35 -14 -18 0
-49 -28 -47 0
47 -49 -40 0
-48 41 -25 0
3 -46 -34 0
-20 19 41 0
3 -7 -27 0
21 41 27 0
7 -14 -39 0
-30 -14 33 0
27 -3 -38 0
16 13 -14 0
-6 41 -36 0
-14 31 -46 0
-16 40 15 0
-34 28 -43 0
2 -29 -6 0
-39 43 22 0
-21 -40 44 0
-27 49 -25 0
46 23 16 0
24 30 -45 0
-49 49 40 0
35 7 19 0
11 17 -47 0
40 23 39 0
3 -38 4 0
45 47 32 0
22 25 -21 0
-44 -26 -45 0
-24 -39 46 0
-35 35 10 0
-47 28 -17 0
46 -10 -12 0
6 -22 11 0
-42 2 -15 0
22 -47 25 0
47 -9 -34 0
3 24 10 0
16 15 17 0
-13 -48 -12 0
48 -36 -22 0
-23 41 32 0
1 36 -39 0
-16 -19 50 0
1 -16 -29 0
2 6 -42 0
17 -33 -16 0
-4 29 -28 0
1 46 -33 0
10 -12 31 0
50 -44 34 0
-4 16 44 0
19 -14 29 0
6 22 36 0
-34 23 -23 0
20 46 -7 0
-17 -43 3 0
27 46 23 0
