c CNF generator v0.9
p cnf 50 150
16 -45 -15 0
4 29 -24 0
3 -13 42 0
5 33 31 0
-28 16 -10 0
16 43 -33 0
42 -42 -4 0
21 25 36 0
43 -5 12 0
25 46 44 0
16 10 -31 0
39 -50 -42 0
-38 31 -37 0
38 -16 37 0
-22 -46 -19 0
-17 33 8 0
-23 -30 -40 0
6 -44 21 0
-6 40 -38 0
28 -46 23 0
-32 -3 30 0
-9 24 -44 0
-33 23 -46 0
-23 -5 -41 0
15 20 -15 0
39 2 26 0
-48 13 14 0
44 23 -49 0
-12 14 4 0
-24 -1 48 0
-28 1 2 0
-48 44 12 0
30 -46 -30 0
27 -47 18 0
32 -7 21 0
29 47 34 0
44 3 -10 0
-15 -14 10 0
-43 -10 -36 0
21 7 46 0
17 -43 48 0
14 -17 -41 0
-6 -28 -24 0
-40 -7 -11 0
39 -9 -19 0
44 37 -28 0
-18 22 5 0
34 13 -45 0
-25 -2 23 0
-13 -22 -33 0
18 41 24 0
-16 -30 -38 0
-40 34 -32 0
1 -47 -10 0
33 -5 -9 0
-31 32 17 0
-41 35 15 0
-47 -5 37 0
-27 35 -1 0
12 45 -24 0
15 -32 -37 0
38 -10 -29 0
49 -3 12 0
19 -15 11 0
29 -18 -30 0
-29 1 -38 0
22 -49 49 0
-40 -4 -37 0
-20 14 30 0
-9 -11 8 0
-39 -21 -1 0
-41 12 28 0
33 16 -43 0
-36 -47 7 0
-46 -20 -46 0
-28 -29 5 0
-25 -15 43 0
19 34 49 0
43 -5 -15 0
-34 -25 4 0
5 44 -40 0
-4 -46 -19 0
43 -25 -49 0
38 12 -13 0
32 46 17 0
-5 -2 10 0
-14 -48 -2 0
-27 -11 -3 0
-5 28 -32 0
9 -16 -20 0
46 42 -21 0
44 -9 -8 0
21 -28 8 0
48 48 31 0
44 30 2 0
-32 41 33 0
-29 -33 -16 0
-50 -39 41 0
33 -39 -10 0
-12 7 -31 0
33 45 -49 0
-17 8 -33 0
16 -35 -20 0
14 34 9 0
-13 -25 -5 0
37 -8 48 0
-47 2 -37 0
5 44 7 0
-16 17 41 0
-47 44 33 0
-23 -5 37 0
1 43 -50 0
14 -42 -33 0
33 -5 44 0
13 20 29 0
-22 -28 22 0
19 -44 19 0
6 33 34 0
31 24 -27 0
47 49 13 0
16 -5 8 0
-27 17 13 0
-8 -48 43 0
20 36 13 0
-46 -18 35 0
4 -12 -44 0
25 -23 20 0
-14 -18 -48 0
-7 43 -2 0
-5 32 -23 0
14 44 36 0
-17 -30 10 0
-39 43 50 0
-33 1 -17 0
30 45 -5 0
-20 34 37 0
5 30 18 0
-47 -35 -38 0
-47 26 15 0
14 -5 -50 0
36 -45 22 0
-18 16 49 0
25 -6 -9 0
-22 41 30 0
38 16 34 0
13 -39 -11 0
1 19 29 0
8 8 -44 0
-46 -48 -41 0
30 -46 21 0
