c CNF generator v0.9
p cnf 50 150
36 15 18 0
27 -15 9 0
20 -49 -42 0
3 27 24 0
7 14 -22 0
35 -15 23 0
4 -7 -44 0
3 37 28 0
-35 -6 48 0
31 19 -40 0
38 46 -45 0
28 -20 -20 0
49 -34 44 0
-11 39 14 0
16 42 34 0
29 -4 -49 0
46 32 6 0
41 35 -30 0
6 -42 33 0
-22 41 25 0
39 3 49 0
-45 5 -23 0
-22 40 8 0
-31 45 30 0
-6 -41 -49 0
19 -37 8 0
3 -4 -39 0
-42 1 28 0
-43 -46 24 0
23 4 42 0
5 4 -27 0
15 13 33 0
27 -43 39 0
33 36 -34 0
37 -6 39 0
4 8 -50 0
32 18 -16 0
-18 9 -49 0
40 37 -2 0
-6 40 21 0
-2 14 28 0
39 -9 -12 0
-42 28 9 0
43 19 -2 0
16 45 -6 0
25 38 -23 0
31 45 45 0
8 25 27 0
32 -7 41 0
-38 -20 -11 0
-27 2 30 0
16 -44 -14 0
14 31 -43 0
10 -27 6 0
-32 19 30 0
-8 -22 -39 0
48 18 3 0
8 1 -15 0
17 47 -39 0
8 -6 -1 0
35 -41 -14 0
-35 -48 27 0
-44 -7 35 0
24 44 42 0
2 46 -32 0
-22 -22 -21 0
-36 22 39 0
26 -20 17 0
-48 3 30 0
7 -44 -25 0
-18 -16 29 0
-21 27 46 0
50 -31 32 0
-36 -46 -43 0
1 2 -26 0
-28 -21 -47 0
23 -35 -10 0
23 -24 -15 0
10 30 40 0
-43 -43 33 0
29 -2 -33 0
17 -15 -26 0
39 37 -45 0
-8 -18 -15 0
1 -42 39 0
26 -47 -46 0
36 -48 41 0
-33 -42 -42 0
5 31 19 0
-45 -28 -16 0
48 1 22 0
-33 -3 -23 0
-35 15 -37 0
16 5 -14 0
-49 -21 -23 0
21 32 -20 0
-25 -37 43 0
12 16 -10 0
-28 20 -28 0
-39 12 29 0
-8 -22 -17 0
-49 -27 33 0
-46 -46 -17 0
24 -45 -41 0
24 7 21 0
26 18 -4 0
-22 28 40 0
-13 42 1 0
-30 -30 48 0
-25 45 43 0
27 47 49 0
16 -44 -12 0
23 26 -40 0
-2 44 17 0
24 17 46 0
40 38 44 0
46 16 27 0
17 17 -16 0
-40 41 -40 0
28 -15 -34 0
-46 3 10 0
20 -18 -35 0
-41 -46 50 0
-4 16 -38 0
38 -4 -17 0
24 -41 -11 0
-48 30 15 0
35 -36 15 0
16 -12 33 0
41 -6 31 0
-29 40 44 0
27 34 34 0
26 -6 5 0
47 16 33 0
32 27 -7 0
-19 -17 -42 0
10 3 33 0
8 25 43 0
-29 -30 35 0
-27 -47 49 0
10 1 -7 0
40 -39 13 0
-11 -16 -23 0
8 -34 -50 0
37 -37 -38 0
20 3 -10 0
-37 38 -37 0
24 -12 -44 0
-29 43 -12 0
17 19 20 0
