c CNF generator v0.9
p cnf 50 150
41 -2 -6 0
-27 39 23 0
-9 -39 -47 0
24 -48 10 0
-6 32 42 0
-49 20 46 0
4 20 -12 0
-50 3 20 0
43 2 35 0
-34 20 -6 0
6 47 48 0
26 25 -31 0
18 19 -28 0
-11 -32 10 0
27 -5 49 0
32 -13 -25 0
-23 -17 -23 0
-17 15 -29 0
-34 32 -45 0
-38 -40 13 0
-5 -3 -37 0
48 -13 41 0
14 46 -14 0
39 -14 1 0
20 -23 -3 0
22 15 18 0
-6 -3 26 0
28 -33 -5 0
16 -42 27 0
10 -29 48 0
-42 44 -36 0
-26 -35 20 0
-35 -37 23 0
50 -45 24 0
-11 -7 29 0
42 9 -33 0
41 -4 16 0
-13 20 -4 0
42 27 -8 0
6 28 -42 0
11 42 3 0
-23 35 9 0
-33 46 40 0
30 -12 -24 0
-50 11 -43 0
-16 43 28 0
33 2 28 0
12 -19 2 0
-28 -2 40 0
-46 -29 -12 0
20 35 -48 0
49 24 42 0
44 -31 17 0
-7 -30 45 0
-44 11 45 0
1 2 32 0
25 -31 33 0
-43 47 -42 0
33 30 49 0
-42 24 -34 0
27 16 41 0
39 -8 -35 0
24 -32 38 0
-8 47 47 0
-49 -18 -45 0
41 -40 -8 0
-9 17 23 0
-24 33 -48 0
24 -11 19 0
39 42 -21 0
38 -34 34 0
22 -43 46 0
33 47 -30 0
23 -4 34 0
6 -38 14 0
1 -33 18 0
-20 -35 43 0
-30 15 -34 0
17 -32 46 0
-9 13 28 0
3 -30 -28 0
-21 -42 -48 0
-28 -43 -37 0
46 -33 11 0
16 47 4 0
-21 -43 36 0
-34 -22 24 0
21 -21 -5 0
-34 -46 40 0
-28 31 14 0
17 1 5 0
22 -6 -29 0
-12 30 -30 0
-38 -49 -19 0
-14 44 50 0
-43 13 -48 0
26 -43 -4 0
-7 -22 -24 0
-3 14 38 0
-17 12 -1 0
-16 11 45 0
14 -23 -20 0
-30 4 22 0
-22 -32 27 0
-17 -50 -13 0
12 37 15 0
19 41 -20 0
17 -7 -42 0
-2 43 40 0
7 -23 -1 0
-21 31 31 0
46 45 -37 0
31 3 -37 0
47 -4 -15 0
16 4 -1 0
-47 -34 18 0
45 45 5 0
-20 -34 -30 0
-24 31 24 0
-47 12 -18 0
-49 -40 -45 0
-45 40 15 0
-12 42 10 0
35 -7 -38 0
13 -15 12 0
-5 39 -44 0
-44 30 12 0
-13 -21 -31 0
-24 20 47 0
26 43 -46 0
-6 21 38 0
-4 7 -23 0
21 -38 -40 0
42 27 44 0
-18 15 31 0
48 25 37 0
11 -49 -41 0
30 50 21 0
41 -47 -38 0
10 -10 21 0
-24 -8 8 0
-7 -26 -22 0
3 -12 34 0
-33 -17 -33 0
48 -3 -31 0
15 -36 43 0
-45 48 -40 0
-20 39 -43 0
5 24 -5 0
-24 26 16 0
