c CNF generator v0.9
p cnf 50 150
4 22 -33 0
-50 -1 6 0
46 -35 -11 0
-24 24 -11 0
5 -11 32 0
-3 -49 -7 0
27 -44 -19 0
-24 -45 21 0
-29 -25 -7 0
39 46 -21 0
47 38 11 0
-8 -23 16 0
-14 36 23 0
39 28 16 0
-15 -12 18 0
-17 -33 16 0
-36 8 -37 0
36 12 -4 0
-43 -5 -50 0
-31 42 -13 0
19 39 -29 0
49 26 -10 0
-9 -33 -15 0
43 -28 -27 0
-5 39 17 0
-32 -9 -50 0
-36 -20 -14 0
37 -38 -40 0
-46 -25 -28 0
-45 14 2 0
-16 45 -38 0
-17 2 -31 0
31 -10 -5 0
-43 -42 17 0
25 -42 -39 0
-17 31 -48 0
47 -3 -49 0
13 5 -16 0
-32 -6 -42 0
15 1 -18 0
20 20 47 0
-26 -44 39 0
24 -38 -3 0
-44 -27 -43 0
10 -36 -33 0
-34 5 8 0
1 -20 30 0
-33 4 -23 0
34 13 18 0
-47 -6 44 0
-40 5 -23 0
31 3 44 0
28 14 -43 0
-2 22 15 0
-28 31 35 0
11 18 29 0
14 46 13 0
38 2 2 0
47 -41 25 0
3 36 26 0
49 -50 27 0
-6 47 -38 0
46 -30 5 0
12 -38 44 0
-32 43 -18 0
33 -37 -22 0
18 -48 34 0
22 12 -34 0
-9 -39 27 0
-35 42 20 0
-42 46 2 0
-20 -48 26 0
-9 39 11 0
41 45 -37 0
11 20 -31 0
-44 -29 -9 0
32 7 -3 0
7 20 -42 0
-25 14 -46 0
-43 44 -13 0
-8 -8 -32 0
-10 -10 26 0
-45 -24 12 0
-38 30 29 0
2 -43 2 0
8 -50 16 0
11 8 16 0
6 -30 -6 0
9 -44 -8 0
-1 -45 -17 0
18 7 -17 0
49 40 36 0
-21 45 35 0
15 -37 19 0
-35 7 26 0
-24 7 40 0
-13 45 -17 0
50 19 31 0
-17 3 -18 0
-15 35 29 0
40 13 -16 0
7 -27 29 0
37 41 -8 0
-15 -38 40 0
17 -29 12 0
-46 -19 5 0
-10 -48 50 0
-4 27 9 0
-38 -41 -38 0
-39 35 -41 0
20 22 -24 0
37 -42 28 0
-46 43 -47 0
36 36 -34 0
25 10 -5 0
14 -23 -47 0
21 6 38 0
-23 32 -35 0
9 -18 -42 0
22 16 20 0
-27 6 38 0
-11 -1 5 0
-40 -10 -12 0
39 36 22 0
2 36 -22 0
-31 -9 -48 0
-35 -32 47 0
13 7 46 0
-48 38 -16 0
-26 -38 2 0
-35 28 46 0
-7 22 -28 0
15 -31 10 0
-17 -42 4 0
-41 29 31 0
15 32 35 0
-1 -36 -14 0
-37 -25 18 0
-4 -18 26 0
11 23 -27 0
14 2 17 0
28 35 25 0
5 -15 24 0
-23 -32 14 0
-34 -18 28 0
28 40 -28 0
6 31 -26 0
50 39 -18 0
-35 14 -15 0
-11 -38 27 0
