c CNF generator v0.9
p cnf 50 150
48 -45 -7 0
-20 6 -50 0
44 32 36 0
30 -2 20 0
15 -31 -50 0
-28 -17 -32 0
-9 43 47 0
1 24 -38 0
18 31 20 0
-49 -32 30 0
-30 -38 -17 0
-36 -39 10 0
-28 24 -19 0
25 15 29 0
40 -26 39 0
26 -47 -27 0
2 -5 20 0
-20 -10 -39 0
-25 -20 16 0
12 -24 -11 0
-43 29 15 0
32 -50 49 0
3 44 -40 0
-34 -32 -49 0
-19 12 -32 0
29 -26 -15 0
21 -42 49 0
-26 -8 -31 0
23 -7 -41 0
8 -14 -18 0
-1 -49 -22 0
-10 28 18 0
-18 5 21 0
-20 8 -30 0
-5 -24 6 0
20 -36 -48 0
-20 -16 20 0
-41 -41 24 0
13 19 -20 0
13 38 -4 0
-45 -1 -33 0
35 -4 -10 0
35 42 -46 0
-24 -12 35 0
-48 -8 -15 0
37 39 48 0
-43 27 22 0
3 18 -8 0
-10 -20 -15 0
34 25 -40 0
-7 -29 37 0
15 -45 -13 0
-33 15 22 0
18 32 42 0
-27 29 -29 0
-47 -34 -39 0
48 31 13 0
-18 -46 -23 0
-43 17 -2 0
31 14 26 0
-17 36 -48 0
-42 -26 11 0
1 -29 -23 0
37 30 -4 0
44 -6 27 0
30 -20 -6 0
-20 -13 29 0
-35 18 45 0
32 21 -34 0
-22 -24 -49 0
30 7 -1 0
-29 27 -10 0
14 -23 11 0
9 24 -1 0
3 -4 11 0
10 -6 23 0
35 48 25 0
3 42 49 0
-2 3 -31 0
45 41 23 0
-4 -5 18 0
-17 -25 48 0
35 -37 21 0
-43 33 16 0
13 -32 -19 0
41 31 -30 0
-46 22 4 0
13 12 1 0
-23 13 -3 0
6 -31 34 0
-6 23 46 0
-30 32 5 0
-39 47 16 0
18 9 -29 0
-15 2 -36 0
32 2 -9 0
2 24 -49 0
-9 -29 48 0
37 -1 9 0
-38 -32 12 0
-22 4 -42 0
-18 22 48 0
24 -24 40 0
10 6 37 0
3 -43 -22 0
33 21 -43 0
-29 -36 -4 0
43 -37 38 0
-45 23 50 0
-13 36 4 0
21 -47 -12 0
7 29 34 0
8 6 35 0
-40 -46 5 0
-23 47 -5 0
4 42 -30 0
-44 33 16 0
11 42 -5 0
-3 -43 49 0
-37 -42 43 0
28 -3 -36 0
45 -45 -39 0
33 -30 31 0
-45 9 2 0
25 -4 50 0
-2 -31 40 0
-8 4 15 0
-49 -3 10 0
-14 -40 -19 0
-17 29 -38 0
15 -26 -18 0
17 38 -5 0
-48 -39 -16 0
-24 -49 -4 0
-14 -19 39 0
18 35 -2 0
-48 -11 8 0
33 -29 -28 0
-15 11 34 0
33 35 48 0
21 -33 23 0
-38 -20 36 0
25 5 -33 0
-10 -32 22 0
-26 -14 -34 0
-11 50 -35 0
-4 47 -44 0
-48 45 19 0
-22 14 -13 0
40 -7 -31 0
