c CNF generator v0.9
p cnf 50 150
31 20 -18 0
45 36 -13 0
-4 -15 49 0
-36 16 12 0
-17 -16 -48 0
29 -42 -33 0
-6 -41 -35 0
-10 -16 -20 0
23 43 49 0
-33 23 -12 0
-23 17 -49 0
35 -28 -3 0
1 41 11 0
19 9 -14 0
19 -13 -29 0
47 33 37 0
38 -4 -32 0
-15 -21 22 0
14 -42 -9 0
-28 -15 -14 0
-36 -4 -14 0
-17 10 -26 0
-48 47 -2 0
22 16 15 0
3 -20 -2 0
-21 -32 -20 0
-44 -31 -4 0
-30 18 49 0
10 -1 -21 0
-20 -4 15 0
-6 49 27 0
-44 50 -2 0
-23 -6 49 0
15 -20 44 0
-3 2 -39 0
48 15 5 0
10 -19 -11 0
27 13 5 0
-10 -21 -11 0
-29 17 34 0
48 -24 -1 0
-36 -14 -18 0
9 48 48 0
50 48 -49 0
39 17 35 0
-2 -42 -6 0
-7 12 -21 0
4 22 48 0
-3 26 -40 0
-34 -6 -18 0
-38 -33 -30 0
5 -14 -7 0
32 12 -39 0
-8 5 48 0
29 32 -47 0
1 14 -41 0
16 36 -8 0
-5 -50 37 0
8 22 19 0
-43 -45 -24 0
-23 17 -39 0
26 2 27 0
37 9 9 0
49 -28 -21 0
-39 -11 39 0
-40 18 -13 0
44 35 -23 0
49 18 33 0
-41 25 22 0
-25 1 14 0
-27 -16 11 0
-26 -17 -30 0
18 2 29 0
32 49 41 0
21 -36 12 0
-30 -37 -19 0
-38 3 9 0
10 -11 -14 0
-10 -30 -30 0
37 28 -50 0
-25 35 -8 0
-3 31 -47 0
47 -43 13 0
48 38 -22 0
-24 2 -14 0
-11 36 -10 0
-10 -3 -4 0
8 21 -7 0
24 22 -12 0
28 -47 -18 0
32 7 1 0
-18 -44 28 0
7 -29 25 0
48 22 42 0
22 -34 30 0
-29 7 -14 0
45 -8 -45 0
14 36 50 0
19 22 -3 0
47 -22 18 0
38 26 -2 0
36 37 -42 0
-21 33 1 0
22 40 -23 0
-39 6 -33 0
18 -10 44 0
-13 -35 -5 0
-41 32 -19 0
2 9 39 0
45 12 38 0
-11 -40 -22 0
30 31 -23 0
20 11 -46 0
-14 29 -14 0
-30 -27 48 0
-38 -27 6 0
26 35 37 0
18 7 47 0
10 -36 45 0
45 39 23 0
29 7 -26 0
-30 47 12 0
20 42 -48 0
37 48 -13 0
10 3 -36 0
14 19 14 0
-10 -6 -18 0
36 13 -4 0
-1 -20 28 0
23 37 -2 0
-50 14 45 0
-37 13 16 0
-28 47 23 0
-46 -45 -3 0
16 -30 25 0
15 36 19 0
-9 3 -29 0
30 47 44 0
11 -23 -15 0
49 -26 21 0
-38 7 -16 0
40 14 -4 0
35 4 17 0
25 14 -27 0
-9 -39 -22 0
41 -14 45 0
13 29 37 0
-45 -49 8 0
-23 11 39 0
-23 22 -18 0
