c CNF generator v0.9
p cnf 50 150
34 5 5 0
-48 35 31 0
-18 -8 4 0
1 27 -41 0
33 38 -5 0
11 -8 -49 0
-49 -11 9 0
18 -19 14 0
28 1 50 0
-39 -24 -32 0
-42 6 27 0
49 48 -38 0
-7 36 -32 0
41 -49 -10 0
-11 1 -42 0
-13 48 -36 0
-29 31 38 0
7 43 29 0
23 12 -25 0
10 4 17 0
48 -25 35 0
-49 22 49 0
5 -50 22 0
-13 -6 2 0
48 35 49 0
-42 -26 42 0
-41 48 31 0
-4 2 -40 0
1 -18 22 0
-10 -31 -35 0
20 -29 -9 0
14 -36 -29 0
-43 -48 -42 0
-9 24 22 0
36 -16 25 0
15 -3 -3 0
-39 -41 21 0
50 34 20 0
18 21 7 0
-45 30 -49 0
-16 -46 30 0
12 4 37 0
-13 -10 -12 0
38 30 10 0
-10 -21 -13 0
-39 6 -10 0
21 7 -25 0
20 35 24 0
-29 14 -14 0
44 14 -30 0
-12 41 24 0
-17 -27 -44 0
26 38 26 0
-14 4 10 0
47 -10 12 0
8 -31 -29 0
21 7 -36 0
43 44 -34 0
-2 40 -40 0
-2 -22 48 0
-26 -33 18 0
12 43 14 0
-5 33 -20 0
-32 20 39 0
17 -5 14 0
14 48 -18 0
22 -31 36 0
-25 13 -28 0
34 19 -4 0
13 -7 -7 0
27 -29 -7 0
-23 8 27 0
-31 39 26 0
26 28 45 0
43 -34 5 0
37 -15 48 0
20 19 -34 0
-27 -22 -46 0
-14 4 10 0
-23 -4 23 0
-22 23 31 0
4 49 -27 0
15 -10 5 0
-29 36 -25 0
5 47 -13 0
-18 -16 31 0
27 -13 -50 0
9 -3 45 0
-17 42 31 0
-28 39 7 0
38 -18 -21 0
10 4 46 0
39 -16 19 0
49 45 -28 0
7 -14 -8 0
17 -12 -33 0
5 8 3 0
33 41 23 0
-38 -29 -25 0
37 23 -42 0
34 4 -46 0
50 49 -44 0
4 8 -3 0
-50 -12 -32 0
11 -10 -28 0
13 -23 5 0
27 -1 -46 0
3 -16 -42 0
41 -1 -30 0
-31 -42 -45 0
-22 -37 41 0
8 27 1 0
44 -35 -3 0
-39 -9 22 0
40 32 18 0
32 -15 -23 0
-37 -21 -18 0
-41 13 -29 0
34 -1 41 0
33 12 -50 0
-36 25 50 0
5 -5 -41 0
17 48 12 0
46 -47 -43 0
-24 28 -29 0
-17 26 30 0
38 44 -37 0
23 37 49 0
-32 12 -41 0
-8 -43 -43 0
42 -2 50 0
-31 45 -16 0
46 -19 -8 0
-5 27 39 0
-39 11 -48 0
-49 -23 -15 0
47 -36 2 0
-16 4 21 0
16 49 -27 0
-40 21 43 0
50 -11 31 0
31 3 -49 0
4 8 -39 0
-7 -1 -33 0
-6 -26 32 0
48 47 -33 0
21 -39 -5 0
16 -45 -50 0
-45 6 -19 0
-43 -43 -11 0
