c CNF generator v0.9
p cnf 50 150
10 -7 -7 0
34 9 6 0
18 -17 -33 0
35 -12 -50 0
44 34 19 0
-25 -39 48 0
-5 6 44 0
30 -16 4 0
47 39 -4 0
-18 47 40 0
24 -10 -16 0
32 -7 22 0
30 9 7 0
-41 18 -22 0
-15 2 -24 0
45 36 -1 0
-2 34 -46 0
34 49 20 0
31 11 8 0
27 22 -5 0
20 -24 14 0
49 36 -5 0
14 27 49 0
4 7 -44 0
4 49 -28 0
-35 -28 -19 0
20 -40 -20 0
-7 -43 -3 0
-14 -34 -34 0
35 22 -38 0
24 16 2 0
13 -50 -47 0
-42 -49 42 0
-28 16 -1 0
-4 -36 -26 0
32 13 44 0
-39 -27 43 0
-14 45 -14 0
24 8 -36 0
-29 -13 6 0
36 20 -6 0
23 14 -10 0
-44 47 -42 0
17 3 -25 0
-29 48 41 0
-17 26 26 0
5 27 -49 0
14 9 -32 0
-42 27 -15 0
3 -42 27 0
-27 -13 -2 0
-44 -37 -6 0
34 15 -6 0
-37 -39 9 0
15 46 41 0
25 10 10 0
14 29 16 0
-20 20 40 0
46 26 49 0
-28 -5 28 0
-46 -29 -12 0
-16 -4 -37 0
-38 -49 -26 0
-24 -34 31 0
-47 29 20 0
29 -46 -7 0
46 -27 40 0
21 -22 -49 0
-14 6 44 0
42 24 -19 0
18 -23 -1 0
-30 -20 -9 0
35 43 -42 0
-36 -24 -9 0
-36 11 -40 0
37 15 47 0
11 -33 -42 0
44 -45 30 0
-33 -43 -37 0
7 31 28 0
-23 -24 12 0
31 30 -35 0
43 8 -7 0
34 3 -28 0
-36 28 27 0
43 2 25 0
48 6 33 0
42 -5 31 0
-8 -4 8 0
4 -50 -49 0
40 16 -16 0
35 21 -36 0
42 18 -33 0
-31 -48 7 0
42 -45 47 0
-3 25 -35 0
-33 48 -31 0
8 1 26 0
5 15 17 0
-6 47 -50 0
-21 19 48 0
-32 -6 33 0
19 50 50 0
13 3 16 0
32 -46 18 0
5 1 -41 0
-41 34 30 0
18 -3 21 0
-22 34 20 0
20 -40 -40 0
-34 13 24 0
-34 -20 -3 0
-3 -50 7 0
20 8 -38 0
17 30 -15 0
-15 -50 -31 0
-32 -34 27 0
-12 24 17 0
-12 13 -15 0
45 -38 -8 0
28 2 -1 0
-3 19 29 0
34 -35 -31 0
-38 35 -32 0
47 -23 -17 0
46 -24 -44 0
17 -23 -17 0
-18 -12 -29 0
-24 18 -18 0
-49 8 9 0
-29 -6 -5 0
9 48 -31 0
12 27 43 0
-2 25 -34 0
17 -12 -46 0
-44 44 45 0
23 40 -11 0
-39 -30 -38 0
-13 46 44 0
14 -41 5 0
7 39 -39 0
9 43 27 0
38 45 -20 0
16 17 -7 0
-49 12 -38 0
34 43 -42 0
28 -13 40 0
39 49 31 0
25 -30 41 0
-15 -15 19 0
