c CNF generator v0.9
p cnf 50 150
-36 30 19 0
20 -27 37 0
38 -36 28 0
-38 4 -35 0
47 24 -36 0
28 31 -10 0
25 -19 -45 0
11 38 11 0
8 17 -21 0
-22 -4 22 0
29 -25 -27 0
38 -44 38 0
-23 -13 5 0
-20 -44 -48 0
-8 -25 -49 0
3 -29 38 0
-20 21 17 0
39 29 -6 0
23 -32 -10 0
-36 41 -34 0
-19 47 -38 0
20 48 -6 0
-22 -13 7 0
-42 18 17 0
-45 45 -21 0
-40 -43 33 0
29 24 -17 0
25 -45 -1 0
50 8 -7 0
-2 -35 -28 0
-37 3 -7 0
-30 19 -29 0
-1 27 -9 0
44 -42 -20 0
45 30 24 0
-11 36 27 0
-41 -12 -28 0
-39 30 -22 0
7 3 7 0
32 -14 -10 0
31 43 4 0
-7 23 8 0
-44 1 28 0
40 42 -17 0
12 33 17 0
49 -31 -46 0
33 -15 -47 0
47 -32 -43 0
-6 31 -6 0
-7 -26 -9 0
34 8 -46 0
34 23 22 0
-18 -3 -29 0
24 -46 -6 0
35 -36 41 0
41 11 40 0
8 -23 30 0
9 -14 -1 0
7 46 -2 0
29 -40 -17 0
-33 22 -10 0
13 -22 25 0
4 -15 -7 0
43 -19 -46 0
31 -9 -26 0
-6 -5 6 0
21 48 -46 0
-18 20 -12 0
22 -3 -39 0
-5 47 12 0
21 -18 19 0
-38 -46 9 0
44 -4 -48 0
28 -48 -21 0
-13 -8 -42 0
17 -49 21 0
-31 47 -13 0
-1 -33 -49 0
-9 46 21 0
29 47 -38 0
-48 -2 -32 0
36 46 -25 0
-36 -13 10 0
7 32 49 0
37 -31 39 0
-34 -23 -50 0
4 39 -25 0
44 -1 36 0
33 -22 -33 0
-36 19 -43 0
-17 11 -31 0
29 -25 1 0
38 16 -43 0
-10 -12 -26 0
-25 6 15 0
15 30 50 0
1 21 50 0
-42 -43 19 0
48 46 22 0
-48 4 -25 0
5 43 3 0
10 -9 -18 0
-6 -19 1 0
27 3 -41 0
-25 -28 4 0
37 -32 19 0
39 -47 23 0
-25 -7 28 0
12 -18 -15 0
12 -43 -9 0
17 -19 -11 0
27 -22 15 0
46 -50 -45 0
-30 -47 17 0
-28 12 13 0
41 11 46 0
-36 15 -46 0
21 -14 -2 0
18 -8 6 0
-7 -18 28 0
44 -9 10 0
27 19 -24 0
-32 49 -23 0
-19 6 45 0
47 -28 28 0
11 42 -43 0
26 -40 5 0
-34 -32 -11 0
-46 10 -27 0
16 -4 41 0
25 24 -33 0
12 11 -44 0
-40 24 7 0
-11 -2 -17 0
16 22 9 0
-16 5 -40 0
-18 13 45 0
26 13 -6 0
18 -16 25 0
-8 -23 30 0
-43 -25 -31 0
-46 -35 14 0
11 49 36 0
45 -41 12 0
-29 -21 -19 0
46 -23 15 0
42 -1 -19 0
-15 47 -13 0
-47 -29 -15 0
-13 33 4 0
