c CNF generator v0.9
p cnf 50 150
22 -29 -27 0
49 12 -10 0
-20 12 -38 0
11 -38 -6 0
-15 25 -9 0
-47 18 -24 0
5 -9 4 0
15 -22 34 0
-29 18 11 0
15 -4 -15 0
-9 -10 4 0
-8 -34 -41 0
-35 -26 49 0
25 6 -41 0
-5 -11 -5 0
-1 15 -35 0
-29 32 -3 0
-46 -35 12 0
44 -35 -25 0
16 -4 -13 0
-10 16 26 0
-39 -6 24 0
-43 -15 -21 0
31 -12 48 0
35 -46 -35 0
-46 -29 -26 0
20 6 35 0
33 -50 -48 0
1 26 -19 0
-11 -48 -21 0
34 -3 -46 0
6 5 39 0
18 50 28 0
-12 17 15 0
10 26 34 0
14 -45 -37 0
42 -1 30 0
19 -14 -5 0
2 -45 -26 0
-16 8 15 0
-1 -39 31 0
43 19 25 0
-12 19 -30 0
27 -41 40 0
-44 -18 31 0
5 49 36 0
27 38 -31 0
-11 7 14 0
-40 37 41 0
-9 -6 -27 0
32 20 32 0
25 -16 31 0
-25 9 -16 0
20 -16 -29 0
-49 41 4 0
-22 -5 49 0
-22 34 30 0
17 32 50 0
20 49 -18 0
-41 -14 -50 0
34 -34 22 0
35 -19 37 0
43 -33 27 0
-2 -47 -18 0
-41 -35 -43 0
-44 -13 -21 0
45 17 23 0
24 23 -1 0
-19 -24 -45 0
-11 -44 43 0
-45 -48 24 0
-28 -38 2 0
34 -39 -26 0
-32 35 -28 0
-5 38 15 0
13 5 -47 0
27 -44 -33 0
3 -28 -30 0
16 -18 27 0
44 2 26 0
-20 21 -18 0
26 18 -39 0
37 35 -12 0
31 -8 -36 0
2 34 -44 0
23 12 -28 0
39 -48 -48 0
47 37 39 0
42 8 -44 0
30 12 6 0
30 48 36 0
-11 4 -50 0
19 -34 11 0
-22 34 -30 0
1 -13 -35 0
26 -11 18 0
-18 42 -11 0
3 -35 -10 0
17 9 -29 0
46 -12 49 0
24 4 31 0
-48 -4 -30 0
14 33 35 0
-26 -48 13 0
14 12 -39 0
-8 -13 -47 0
-50 -32 -18 0
-8 4 -38 0
-32 9 -25 0
-28 25 3 0
50 -33 22 0
-39 -45 18 0
-23 -4 14 0
1 -40 -43 0
33 35 -22 0
-29 44 -2 0
-26 -23 17 0
-39 12 41 0
-39 -22 47 0
33 -22 26 0
-46 40 40 0
41 -22 -15 0
4 -44 -39 0
15 -35 -40 0
-28 10 28 0
-50 -43 -27 0
3 23 16 0
-39 9 2 0
36 22 4 0
-5 11 28 0
18 -13 15 0
-34 45 -45 0
-48 -8 30 0
32 -22 -50 0
-30 18 18 0
48 -11 12 0
-5 32 4 0
13 43 46 0
8 -17 -47 0
15 -45 23 0
-29 4 -9 0
29 48 -31 0
-5 18 -48 0
40 28 2 0
-19 27 -3 0
-15 -16 -28 0
-23 -36 -42 0
45 43 18 0
49 -7 32 0
-7 26 38 0
