c CNF generator v0.9
p cnf 50 150
7 14 41 0
6 -38 -18 0
18 43 -48 0
22 -40 -42 0
22 18 -1 0
-19 -5 49 0
47 12 -47 0
-15 5 22 0
27 -40 16 0
-30 -36 -46 0
7 -50 -39 0
-35 3 12 0
-37 -13 -31 0
16 -28 46 0
-32 25 -46 0
43 35 -37 0
23 -25 37 0
-17 -42 -44 0
-4 28 31 0
13 -23 3 0
37 -9 -25 0
16 25 -19 0
35 -24 -7 0
-38 33 -14 0
7 -13 -19 0
-1 15 -32 0
-4 11 40 0
45 37 38 0
-46 -37 39 0
-7 28 18 0
-34 -31 28 0
-42 21 -1 0
9 -23 -15 0
40 10 -29 0
-9 39 4 0
-20 -17 -22 0
43 -36 48 0
27 -34 33 0
23 47 -9 0
-44 -28 -13 0
16 49 -9 0
-40 7 -40 0
-12 27 21 0
5 15 16 0
19 24 -31 0
29 -17 5 0
-18 -44 36 0
-15 -16 -47 0
-45 -13 -29 0
-38 9 24 0
37 44 15 0
8 -1 -19 0
50 27 -2 0
-26 30 -41 0
-7 -30 -7 0
-6 -16 49 0
-50 44 49 0
-32 -42 -18 0
-18 12 -46 0
-13 32 -11 0
-10 43 -30 0
29 36 -29 0
32 -33 -46 0
-47 -45 -15 0
36 38 24 0
-29 -13 -5 0
47 -35 42 0
-46 26 18 0
-20 20 3 0
16 -36 6 0
36 -15 -18 0
49 -43 -38 0
-17 -8 -10 0
-38 -35 2 0
-15 23 -6 0
24 -37 -7 0
-11 -39 30 0
3 19 -11 0
3 28 48 0
18 -34 7 0
-30 34 49 0
-38 18 39 0
13 41 -44 0
-46 -8 -16 0
-13 -14 44 0
-32 36 37 0
-38 -36 38 0
-27 -11 -27 0
-43 -5 45 0
16 -24 44 0
-26 -19 32 0
23 29 -42 0
2 11 30 0
46 47 46 0
-20 5 49 0
36 -26 -42 0
17 35 -49 0
13 -46 49 0
-50 -17 44 0
-49 36 16 0
-5 -46 -9 0
8 5 36 0
-36 -18 26 0
5 42 32 0
36 -45 18 0
-22 17 -42 0
-16 -36 18 0
24 -25 -14 0
49 3 -11 0
-22 5 -14 0
-50 -49 -19 0
20 -39 5 0
-5 -5 -3 0
-42 25 -29 0
28 -5 -44 0
25 -22 16 0
31 -12 16 0
8 -22 25 0
-38 29 -4 0
-25 21 40 0
-42 -34 27 0
-3 40 10 0
-34 -20 -35 0
22 -24 22 0
-33 31 22 0
-23 23 27 0
38 9 11 0
47 6 -20 0
40 32 -10 0
-24 -37 24 0
14 39 37 0
-27 14 22 0
25 24 -12 0
-37 -9 -33 0
39 10 -28 0
-45 24 -8 0
15 32 3 0
35 -31 29 0
45 46 -32 0
-17 -15 7 0
-38 32 38 0
38 37 35 0
15 39 6 0
-9 -46 31 0
17 -14 -47 0
-36 -30 -40 0
-48 6 31 0
4 -43 41 0
26 -12 27 0
-1 -22 49 0
