c CNF generator v0.9
p cnf 50 150
6 -36 -18 0
10 38 -39 0
25 44 -37 0
33 -20 -9 0
-5 22 21 0
-41 -3 -33 0
-49 -21 -20 0
2 -25 41 0
-18 36 32 0
47 29 30 0
-50 -15 30 0
3 -26 -40 0
17 19 41 0
-1 -6 44 0
31 -6 35 0
-8 6 28 0
-7 -12 -22 0
13 -10 27 0
41 -9 -30 0
-12 48 9 0
25 35 -31 0
17 -21 5 0
-26 27 -6 0
-14 -5 -42 0
36 2 28 0
15 -9 -1 0
-32 9 -14 0
40 -44 2 0
-43 45 7 0
40 44 45 0
18 23 44 0
-19 42 -25 0
8 41 -16 0
-7 31 16 0
24 -6 -44 0
48 -26 -50 0
35 -27 44 0
34 20 20 0
27 -24 -38 0
-40 9 17 0
3 47 12 0
-37 24 -26 0
-36 15 26 0
-6 -20 30 0
25 33 42 0
-40 -8 -16 0
-1 25 -5 0
-28 -34 -17 0
31 -44 -41 0
-41 25 -40 0
-49 -47 21 0
-45 38 -5 0
35 40 -15 0
35 -25 14 0
29 -19 -4 0
-40 46 16 0
-22 46 49 0
-45 -6 -20 0
18 -28 -16 0
22 -41 25 0
-36 -47 49 0
10 21 33 0
9 32 -19 0
-18 -11 12 0
-19 -27 -25 0
-6 2 7 0
-24 -29 47 0
48 2 4 0
22 34 32 0
-22 -17 -38 0
-29 21 48 0
14 32 -33 0
9 50 13 0
-36 37 -12 0
4 28 20 0
-15 6 5 0
24 -44 -16 0
-4 -45 26 0
23 16 -27 0
46 44 9 0
46 36 -1 0
-7 -28 43 0
-2 -18 -18 0
14 -12 29 0
25 36 -15 0
13 12 -9 0
38 28 48 0
47 36 -46 0
-24 -19 30 0
-31 11 44 0
33 5 4 0
7 -40 -42 0
18 -42 10 0
-50 -39 -14 0
-34 36 15 0
6 -8 -34 0
-16 -38 48 0
-39 -16 14 0
48 -26 -24 0
-7 27 -31 0
50 -32 7 0
-35 -5 -5 0
-24 -36 -3 0
-44 44 37 0
-31 -25 -47 0
8 26 -35 0
13 -13 26 0
50 48 35 0
-6 25 -23 0
-27 -45 -26 0
-13 -31 1 0
-29 -20 -1 0
35 10 -9 0
-43 6 -43 0
27 5 -50 0
-28 25 -21 0
50 1 49 0
-2 6 33 0
20 24 -42 0
23 -27 35 0
16 49 -16 0
-5 44 -31 0
-15 -11 -24 0
11 7 35 0
-1 35 46 0
6 -18 -39 0
1 -9 -19 0
-10 -14 -17 0
14 -6 -49 0
40 3 -21 0
14 -10 -31 0
-13 40 1 0
17 -4 10 0
-27 -7 -44 0
-43 30 -25 0
-30 44 -40 0
-35 -17 3 0
38 23 38 0
42 -36 -50 0
-9 -31 -2 0
-39 20 -26 0
13 -12 -48 0
-27 46 -23 0
15 -21 12 0
4 11 3 0
1 13 -24 0
-46 40 15 0
-17 -37 13 0
47 -35 -15 0
16 -19 -38 0
