c CNF generator v0.9
p cnf 50 150
48 33 5 0
23 -12 -8 0
-16 36 -48 0
-49 -47 46 0
18 -11 -50 0
-8 8 -31 0
-7 -7 -29 0
27 -36 20 0
-43 41 -44 0
7 -43 -26 0
-3 15 20 0
22 -33 49 0
-1 20 18 0
-37 35 -5 0
-50 9 -12 0
-47 -36 -39 0
23 -13 35 0
-5 -30 10 0
23 1 28 0
-43 25 10 0
-19 44 -24 0
29 41 44 0
35 -18 31 0
17 -27 7 0
-18 -9 -9 0
-20 -13 -18 0
-22 -1 21 0
27 30 36 0
-23 -37 39 0
-8 28 24 0
39 37 -43 0
36 14 37 0
35 -37 21 0
9 49 -29 0
50 -12 5 0
-33 10 -33 0
-4 -47 32 0
33 -16 9 0
-22 9 3 0
-34 12 -11 0
29 -35 24 0
24 18 -42 0
29 -23 -3 0
46 -27 -1 0
21 47 49 0
-29 -30 46 0
-5 14 -19 0
28 -9 47 0
29 7 30 0
-9 17 -50 0
-1 -12 11 0
47 38 -23 0
-12 -26 -23 0
-19 5 43 0
-36 38 -20 0
-24 -45 -16 0
-41 48 -16 0
-3 -40 -9 0
36 -15 -47 0
-27 -36 20 0
21 -28 3 0
-15 38 -49 0
-41 44 18 0
28 -20 -15 0
-7 -27 -18 0
-33 -15 -15 0
-27 35 45 0
-15 -49 -35 0
38 -12 49 0
31 -49 -11 0
-40 -33 13 0
45 -19 16 0
13 40 -41 0
-46 42 24 0
-35 -15 -28 0
12 35 15 0
-28 -12 33 0
1 14 -48 0
-33 -10 -45 0
-40 -13 -27 0
40 -17 2 0
-45 -7 1 0
1 49 -41 0
48 9 -16 0
-37 9 13 0
15 -20 -15 0
49 46 15 0
-7 46 -34 0
-20 1 46 0
-2 11 17 0
-25 12 -19 0
18 -32 -37 0
16 -39 -34 0
49 -9 44 0
-48 -23 -26 0
21 23 46 0
45 3 5 0
50 -37 44 0
39 -22 -8 0
6 -41 -6 0
12 -31 11 0
12 6 7 0
3 -9 -31 0
-8 6 18 0
-29 39 -29 0
-27 38 -10 0
29 -21 -21 0
13 9 46 0
12 -13 -41 0
9 -40 -9 0
-34 -4 30 0
37 50 -31 0
13 -21 -13 0
-19 -24 4 0
-22 26 40 0
-27 50 11 0
25 -33 12 0
47 -24 26 0
-43 -14 24 0
-32 17 33 0
24 -41 -18 0
-6 24 35 0
-5 20 -41 0
26 -29 -7 0
19 18 46 0
-42 -26 -45 0
-24 7 -23 0
-46 -46 14 0
13 -16 -20 0
4 -44 4 0
13 29 -12 0
24 -24 -36 0
-50 -41 -9 0
7 -12 -5 0
-13 -49 -13 0
-47 -39 -8 0
40 10 23 0
-10 -30 -33 0
18 -21 4 0
-37 12 9 0
-6 -33 -48 0
-49 -6 4 0
45 -44 -2 0
-45 32 50 0
-4 -30 4 0
9 20 11 0
22 8 46 0
38 8 26 0
8 -6 22 0
-30 29 49 0
