c CNF generator v0.9
p cnf 50 150
-26 33 6 0
-11 12 26 0
-29 -9 -9 0
35 -36 12 0
-5 11 50 0
-21 11 32 0
16 26 32 0
-43 33 -9 0
25 -6 43 0
19 -36 -7 0
-32 31 33 0
6 -36 -28 0
49 34 18 0
-45 2 6 0
-48 -5 38 0
-6 14 -11 0
-28 -15 -28 0
33 32 7 0
33 42 25 0
7 42 37 0
-35 7 3 0
-33 25 -28 0
20 14 6 0
42 -47 49 0
-13 43 31 0
-18 28 16 0
-24 -50 -9 0
-13 20 -39 0
-18 -5 -18 0
-13 -23 -18 0
11 35 -11 0
9 22 2 0
12 -16 42 0
34 33 12 0
-34 27 -40 0
22 -43 49 0
-20 28 -23 0
-43 -20 -49 0
48 -20 22 0
10 -9 20 0
-33 -43 14 0
37 4 24 0
-49 26 -40 0
33 37 -47 0
-31 47 1 0
-33 -16 -47 0
-12 -18 -18 0
3 -35 -39 0
-34 -28 5 0
-35 1 -36 0
50 32 2 0
20 -36 -26 0
46 -6 -42 0
40 -22 33 0
5 17 6 0
27 23 45 0
-45 31 2 0
16 44 -45 0
35 24 -36 0
-28 -28 42 0
-50 37 33 0
-11 -37 -43 0
-8 -28 17 0
-23 6 28 0
-10 -15 -28 0
23 30 46 0
-14 38 42 0
-22 36 33 0
9 12 -11 0
-27 -12 21 0
26 -13 15 0
-42 22 13 0
-17 -7 45 0
-23 -30 24 0
-43 44 20 0
-40 5 -47 0
-27 -29 -1 0
35 43 -6 0
34 39 45 0
-11 -24 48 0
-7 -39 29 0
32 42 -33 0
-3 16 40 0
-49 30 -3 0
-7 -41 39 0
-44 32 9 0
6 -7 -7 0
-38 -36 -15 0
-23 7 -22 0
33 -48 36 0
-39 38 -46 0
-12 -33 -33 0
14 -4 27 0
-14 10 22 0
-22 50 -48 0
-36 -24 19 0
26 -3 -23 0
20 31 15 0
46 30 23 0
11 -31 40 0
-38 33 5 0
-5 19 19 0
22 23 -17 0
13 44 14 0
-21 16 -35 0
33 24 19 0
-44 49 21 0
50 50 22 0
-19 18 16 0
33 46 47 0
31 7 -29 0
-20 26 17 0
-34 -46 42 0
44 15 -24 0
-18 -38 49 0
4 -8 50 0
23 -26 46 0
32 19 27 0
-13 -41 -35 0
-31 -17 -28 0
14 -41 -18 0
3 -10 19 0
-46 -22 -13 0
-7 -49 22 0
28 -19 29 0
28 -27 32 0
-4 -50 -21 0
-6 -14 -46 0
-36 48 -17 0
46 -20 -33 0
-10 32 -34 0
7 14 -45 0
42 13 -15 0
-44 26 -38 0
-6 -8 -39 0
-29 -26 -1 0
-7 45 18 0
-5 2 -29 0
-46 7 14 0
-6 8 -1 0
8 24 -9 0
29 -35 -34 0
26 41 12 0
-40 -35 24 0
-18 -39 -46 0
44 -48 -14 0
37 -21 13 0
-5 44 -6 0
2 1 3 0
-8 -24 -21 0
