c CNF generator v0.9
p cnf 50 150
-30 -11 -22 0
-4 -42 11 0
-23 -47 13 0
32 11 43 0
38 12 23 0
-28 23 8 0
48 -37 49 0
27 -10 -41 0
47 3 -3 0
-17 31 -17 0
41 39 -45 0
39 -10 -4 0
-5 -21 11 0
38 -17 -5 0
-13 38 -35 0
10 25 31 0
14 -14 -31 0
27 41 -30 0
6 34 40 0
20 36 -40 0
-45 -47 -16 0
46 -49 18 0
25 44 35 0
32 17 34 0
50 15 -12 0
33 -36 3 0
45 21 46 0
-11 -4 -3 0
43 3 43 0
40 27 38 0
-18 41 32 0
-2 32 -4 0
22 -19 -7 0
-46 15 36 0
-22 13 -39 0
9 28 -35 0
-10 -9 1 0
-34 8 -11 0
42 37 -27 0
15 -22 -4 0
28 -21 46 0
21 -38 -21 0
-11 -14 -36 0
-3 -49 29 0
47 -28 45 0
47 16 35 0
-45 -28 -46 0
27 -41 -50 0
10 6 -28 0
-12 4 -31 0
25 37 -36 0
-11 -18 -42 0
30 -8 49 0
1 31 6 0
47 11 -3 0
25 26 -23 0
-2 15 -19 0
50 40 -44 0
-33 38 40 0
-46 6 -21 0
-30 26 -48 0
7 3 -50 0
26 -38 -22 0
-32 9 -43 0
-27 6 -24 0
-16 19 -22 0
18 49 16 0
42 50 -26 0
-5 10 -6 0
-44 11 21 0
-5 -33 -4 0
16 1 39 0
-13 31 15 0
22 10 27 0
-17 -35 -27 0
-34 -5 47 0
-17 31 -46 0
7 35 10 0
14 13 -23 0
-24 -18 -20 0
35 30 33 0
-26 -44 -36 0
-32 31 43 0
49 -23 -29 0
-18 20 41 0
2 42 -10 0
-15 10 -16 0
32 28 31 0
-15 -39 8 0
-25 -41 47 0
23 -34 -42 0
-11 23 -19 0
10 10 36 0
36 -45 14 0
-50 49 -6 0
-48 9 38 0
-25 38 31 0
21 -32 -27 0
4 -41 44 0
39 16 40 0
-3 30 15 0
17 -40 6 0
39 22 8 0
50 11 -44 0
2 34 4 0
36 -5 10 0
-9 38 -32 0
-8 3 -6 0
22 -14 38 0
-32 36 50 0
-24 38 50 0
30 13 7 0
2 18 -13 0
6 -40 -47 0
-49 -49 23 0
-4 43 -16 0
23 20 42 0
21 16 27 0
41 -21 -2 0
-14 -16 -41 0
-45 -39 3 0
-16 47 -13 0
37 18 -46 0
31 19 -25 0
29 41 -50 0
-1 -27 10 0
10 -36 32 0
-26 34 30 0
13 -37 39 0
-45 -15 27 0
-25 15 43 0
4 -15 31 0
-49 28 -19 0
-7 -8 11 0
-39 -11 39 0
-2 -7 44 0
14 2 -29 0
33 -39 38 0
19 -32 21 0
18 -6 10 0
32 35 -29 0
4 11 7 0
10 -25 2 0
-46 42 19 0
-43 42 -6 0
16 38 18 0
30 1 -18 0
10 -36 -12 0
36 22 -34 0
41 11 47 0
