c CNF generator v0.9
p cnf 50 150
-27 -3 14 0
-35 1 -18 0
8 -22 8 0
25 -17 -18 0
22 -5 -41 0
-27 -32 -45 0
-7 15 -6 0
-41 12 -39 0
-15 -9 -48 0
-18 27 -35 0
-26 37 42 0
-27 -26 -41 0
26 -10 -49 0
23 -31 6 0
19 19 40 0
-32 -43 21 0
13 -37 -46 0
-36 -37 -37 0
-43 41 -19 0
2 -9 -29 0
-15 -46 -47 0
-13 2 -49 0
-21 31 -11 0
-29 43 15 0
-34 -29 47 0
-3 -50 -43 0
-41 -5 -44 0
-7 9 -31 0
27 -24 44 0
14 4 1 0
-47 6 -40 0
44 7 6 0
-21 9 13 0
-41 -50 4 0
-22 -1 3 0
36 -45 37 0
-32 19 -5 0
28 -21 11 0
-28 50 -32 0
-32 -46 -15 0
-38 31 2 0
-4 2 9 0
-22 -23 -43 0
1 -30 48 0
1 -44 26 0
-23 -5 -31 0
3 25 -24 0
31 1 8 0
-2 19 42 0
2 2 -35 0
40 50 -18 0
-30 -44 -41 0
35 -7 26 0
3 -24 12 0
-35 50 49 0
2 29 -27 0
38 27 35 0
-39 -28 50 0
-41 -39 -23 0
42 -1 17 0
5 43 26 0
-13 20 32 0
-14 25 -39 0
45 9 -16 0
47 -12 6 0
-39 42 14 0
-22 41 -42 0
-28 17 49 0
16 6 3 0
31 -43 -46 0
47 15 -18 0
-19 45 44 0
24 33 14 0
50 -26 -31 0
-13 14 -34 0
11 -49 -16 0
38 47 27 0
-47 17 -12 0
-46 -27 13 0
-12 14 24 0
28 11 -20 0
-21 -30 -7 0
-48 -34 35 0
-41 24 5 0
-17 -15 -49 0
-8 33 36 0
-49 17 7 0
-8 2 40 0
6 30 48 0
-10 -13 4 0
-30 -19 -44 0
-2 39 -15 0
48 33 -7 0
-21 -21 31 0
-16 -41 -11 0
31 -11 -46 0
-4 -9 8 0
26 -6 14 0
20 -36 -45 0
-18 -16 16 0
4 36 13 0
10 -39 -17 0
20 27 -36 0
37 5 15 0
-24 -3 48 0
-46 -13 49 0
27 -8 -35 0
40 -22 -19 0
9 -24 9 0
41 20 -16 0
44 39 50 0
1 -25 -37 0
24 36 -25 0
13 -41 16 0
31 14 20 0
-23 3 -42 0
35 48 -44 0
10 1 -39 0
-37 -38 -2 0
-43 9 -36 0
39 -12 -32 0
48 42 -45 0
27 3 35 0
-32 25 -15 0
2 18 -40 0
-12 -45 9 0
-5 44 38 0
42 44 -35 0
-44 40 -8 0
-35 -41 29 0
-26 35 -18 0
-33 -8 -41 0
4 16 7 0
-44 28 49 0
-10 24 9 0
25 -11 38 0
-40 -44 -34 0
-22 -4 -33 0
-23 -47 30 0
22 33 5 0
24 8 21 0
28 -22 11 0
46 28 24 0
5 49 24 0
22 -42 -22 0
-5 -35 10 0
-2 -28 1 0
-24 -25 -30 0
-19 10 -21 0
4 40 -17 0
