c CNF generator v0.9
p cnf 50 150
40 23 -24 0
-23 -25 8 0
-44 -3 -34 0
-13 12 10 0
-38 30 50 0
33 -11 4 0
15 8 27 0
-7 22 34 0
-31 24 8 0
30 8 -19 0
-4 -20 -38 0
-29 -14 12 0
-14 -1 -34 0
3 -8 44 0
-33 27 38 0
-50 -29 -40 0
25 6 -28 0
14 39 -20 0
-8 32 -20 0
-6 -10 38 0
-38 -44 -42 0
24 -22 45 0
-8 -3 4 0
34 16 18 0
29 13 25 0
33 -1 41 0
9 -27 -34 0
-8 -20 -41 0
43 -29 7 0
-34 33 7 0
-28 -2 -28 0
-36 38 -4 0
24 -35 -19 0
-7 17 10 0
14 -49 -36 0
-30 -2 10 0
-19 43 -28 0
-3 20 25 0
6 39 49 0
-15 -43 -28 0
43 -6 -48 0
-41 -27 -45 0
37 -7 50 0
-44 -38 20 0
7 27 -45 0
-50 -3 -8 0
8 19 -14 0
28 -18 -2 0
-43 33 -38 0
-4 -45 -13 0
-49 2 10 0
30 30 5 0
42 35 16 0
-41 -43 46 0
-1 -30 -35 0
-25 -1 -45 0
6 25 6 0
32 2 -16 0
-37 -36 1 0
-32 -40 38 0
12 -43 1 0
-10 -48 -21 0
50 14 -26 0
-21 -28 -32 0
-35 -1 -40 0
21 5 9 0
46 4 25 0
-11 -18 -30 0
47 40 23 0
-38 -45 -38 0
3 -21 -28 0
-13 25 -12 0
-41 -29 -47 0
4 -31 19 0
9 21 26 0
6 37 11 0
17 -15 -20 0
-42 34 37 0
44 49 14 0
24 5 45 0
-9 17 -4 0
-40 -20 25 0
-7 23 32 0
-7 45 46 0
13 17 49 0
-4 20 -33 0
-47 -37 32 0
15 -17 -9 0
-30 13 26 0
6 29 32 0
-21 25 7 0
-6 31 45 0
-38 -45 33 0
15 -15 17 0
31 -11 2 0
27 -12 19 0
-31 -10 25 0
7 -48 -8 0
-14 21 -47 0
-15 42 -28 0
-18 23 -15 0
-18 36 -15 0
20 42 39 0
43 -6 50 0
-48 19 -41 0
-12 -48 -7 0
-38 38 -29 0
-33 -20 13 0
39 -42 -13 0
28 9 -13 0
43 40 -40 0
13 26 48 0
-44 -34 -1 0
-31 26 34 0
18 7 24 0
-41 -21 6 0
14 -24 -48 0
41 37 18 0
-37 18 3 0
-38 -10 -14 0
-19 7 -17 0
26 -45 -18 0
2 38 -13 0
4 -17 -33 0
8 -42 -8 0
-34 48 31 0
35 47 30 0
-49 -48 -33 0
48 -33 4 0
-30 -30 -45 0
-2 -48 -41 0
40 -16 50 0
41 42 29 0
-1 -1 45 0
1 26 -23 0
-21 34 11 0
48 -26 3 0
20 26 5 0
-34 -36 -33 0
-43 50 23 0
25 -14 -35 0
44 -11 4 0
-37 -24 -28 0
-33 11 23 0
-48 -7 1 0
22 -17 -36 0
19 12 22 0
17 -34 -22 0
14 32 -8 0
-46 8 -46 0
