c CNF generator v0.9
p cnf 50 150
34 31 21 0
-5 -41 1 0
12 -32 -7 0
32 23 40 0
-20 -43 -9 0
26 1 19 0
23 -20 9 0
-29 -16 -10 0
47 -34 -17 0
2 -7 34 0
22 45 6 0
-17 8 23 0
36 20 -5 0
-17 -22 3 0
27 -32 -1 0
41 -22 -7 0
21 12 -50 0
7 30 -19 0
13 39 46 0
-41 46 -28 0
-20 18 -23 0
-6 48 48 0
10 45 1 0
-17 -42 -49 0
-15 -30 -35 0
5 -41 -15 0
-5 21 18 0
35 3 7 0
-11 40 3 0
9 -19 20 0
-44 -36 -28 0
-45 17 33 0
-41 21 48 0
-14 -5 -47 0
-27 15 22 0
35 -43 -30 0
-29 -24 34 0
47 1 36 0
-37 -46 14 0
-23 -22 -46 0
-36 21 37 0
-32 -43 -17 0
47 -44 -4 0
8 -44 4 0
12 -22 48 0
-20 45 28 0
27 29 18 0
-48 -8 -31 0
-34 2 -47 0
-10 -23 -28 0
-4 8 -47 0
-19 -1 -30 0
29 -33 21 0
39 29 -22 0
-47 5 40 0
-35 -11 50 0
-42 14 37 0
26 -37 -18 0
-33 47 -12 0
-47 3 -11 0
-48 -19 22 0
29 18 -26 0
-12 8 -1 0
-43 -9 14 0
7 -13 -42 0
-29 -11 -27 0
27 37 7 0
13 47 43 0
-14 -43 26 0
-5 -10 6 0
6 35 3 0
42 -34 15 0
-38 29 44 0
14 13 10 0
38 -37 32 0
23 37 -26 0
47 -38 38 0
-40 31 -43 0
14 -23 49 0
13 19 48 0
-41 2 -7 0
25 -31 37 0
18 9 -20 0
9 -42 -45 0
33 -38 -17 0
-31 -23 -44 0
-8 -13 45 0
15 -30 37 0
18 2 50 0
-12 6 41 0
45 36 19 0
-14 16 -45 0
12 -33 -28 0
9 -24 5 0
-47 35 -5 0
13 26 40 0
38 6 14 0
10 39 -25 0
-20 34 -10 0
46 -11 10 0
30 10 -25 0
23 -50 -4 0
15 9 -14 0
-37 -50 -11 0
-2 -21 -40 0
8 -1 49 0
49 -34 31 0
14 -1 9 0
15 -28 46 0
29 40 36 0
48 16 6 0
23 10 2 0
22 25 -42 0
11 -17 -6 0
1 8 -35 0
1 -3 37 0
-2 10 32 0
-36 -26 -44 0
5 -17 28 0
-30 44 -1 0
-18 -34 -11 0
6 -42 29 0
49 -14 13 0
-28 17 -26 0
43 6 45 0
44 -3 -17 0
-29 -20 29 0
-29 -10 -22 0
9 -20 33 0
12 6 36 0
-50 30 18 0
-36 -32 -18 0
-14 -10 -20 0
-29 13 26 0
11 -12 -15 0
-18 19 1 0
-50 23 -6 0
27 -50 2 0
36 10 35 0
36 -33 -8 0
-1 8 4 0
38 42 37 0
3 32 21 0
-13 9 9 0
7 40 -40 0
47 50 14 0
-29 23 24 0
-11 11 -38 0
36 -37 19 0
-36 -24 -47 0
