c CNF generator v0.9
p cnf 50 175
-29 -48 37 0
17 10 -15 0
-28 -29 49 0
-31 12 -6 0
-4 -35 -39 0
16 -19 -32 0
-25 32 44 0
-18 16 -49 0
18 28 37 0
-41 22 -42 0
28 -14 -10 0
25 16 -1 0
-21 8 -7 0
-31 30 11 0
-18 -49 -46 0
-40 -23 24 0
-14 -1 1 0
-36 43 -11 0
-45 -30 39 0
-12 -23 25 0
45 16 45 0
38 -20 48 0
-8 34 31 0
-50 37 41 0
-24 -11 38 0
6 7 32 0
-25 -13 -22 0
22 11 -37 0
-35 11 -24 0
-37 -26 8 0
50 29 -14 0
-37 -39 -23 0
-12 15 36 0
32 -4 31 0
49 39 -1 0
19 8 -14 0
47 7 7 0
30 -13 9 0
-35 -30 -36 0
22 -16 -15 0
5 -34 -11 0
1 49 44 0
-34 -45 -39 0
-17 -34 18 0
19 -30 -45 0
20 -20 43 0
-49 -17 34 0
-15 -49 -36 0
45 -28 -2 0
-49 7 16 0
49 22 -35 0
-16 -48 -1 0
-4 26 24 0
39 -43 2 0
26 44 36 0
-38 29 16 0
-8 -6 45 0
8 6 -22 0
12 -11 -15 0
18 9 -14 0
-25 7 29 0
-14 39 13 0
26 -12 -48 0
-42 8 -45 0
-44 -23 47 0
6 -19 -18 0
-21 -35 -14 0
-14 14 -40 0
-2 50 -18 0
-18 -47 43 0
10 33 -9 0
-27 36 -25 0
-17 11 -26 0
27 -31 -50 0
12 -45 -10 0
25 -35 -36 0
-13 6 -21 0
11 -18 27 0
-16 24 40 0
50 -5 -34 0
25 43 -18 0
26 10 31 0
-16 45 16 0
40 35 -35 0
-45 -14 10 0
34 15 15 0
38 -50 3 0
-50 -40 -22 0
15 12 49 0
22 30 -20 0
-31 -39 8 0
5 8 -43 0
25 37 -46 0
-17 7 39 0
-15 8 -20 0
6 27 -32 0
35 29 -24 0
9 -23 36 0
40 9 -37 0
20 23 -31 0
33 -12 44 0
27 -24 -27 0
-39 27 -2 0
-15 -10 -39 0
-27 36 32 0
31 1 -26 0
-12 29 41 0
-23 19 45 0
-23 42 45 0
18 -19 -33 0
43 -34 -32 0
14 17 -14 0
-21 39 -42 0
46 25 -48 0
-30 45 42 0
45 36 26 0
28 -48 -47 0
-25 3 -15 0
-35 -48 -5 0
-6 -47 -47 0
45 3 -46 0
-18 33 41 0
40 -18 37 0
-25 -21 34 0
7 40 -15 0
19 3 -28 0
19 -12 -27 0
5 -28 -48 0
-19 -5 37 0
-11 30 43 0
9 -23 37 0
30 -11 -46 0
6 33 -35 0
-8 22 21 0
-3 48 42 0
-11 31 -10 0
47 -16 -25 0
-45 24 1 0
39 -17 -44 0
39 -49 -48 0
-17 -34 21 0
2 -31 -25 0
40 5 47 0
32 -19 -50 0
-37 -16 -19 0
-38 -22 -33 0
12 20 15 0
-27 -19 19 0
-15 -40 27 0
-36 -34 8 0
41 -13 24 0
-30 -1 38 0
39 -13 -20 0
3 15 -43 0
-44 26 -40 0
-20 -29 -24 0
-17 -40 6 0
41 30 -33 0
-39 10 41 0
49 47 -33 0
-17 -22 -12 0
40 35 11 0
-18 -7 44 0
20 28 -32 0
-13 44 -36 0
12 27 -47 0
-36 -40 17 0
39 -23 -22 0
-5 -2 -31 0
-8 -40 34 0
-1 -36 49 0
-7 46 -41 0
49 14 6 0
39 -40 -2 0
-40 -3 38 0
