c CNF generator v0.9
p cnf 50 175
12 -34 -40 0
-15 42 41 0
-29 -35 38 0
9 27 41 0
-5 9 14 0
19 -11 -14 0
-32 26 -44 0
-2 34 3 0
8 -25 42 0
-30 44 41 0
-18 -33 -33 0
19 18 -41 0
-36 39 5 0
50 26 37 0
9 5 6 0
-25 -20 -46 0
-7 18 45 0
8 -42 -34 0
-31 -1 -15 0
40 -5 14 0
-41 1 -47 0
-42 19 1 0
1 -28 -7 0
-35 -48 -40 0
18 25 39 0
-44 -30 -18 0
-10 19 -18 0
-29 35 -7 0
11 5 -43 0
22 27 14 0
-36 6 7 0
36 -20 42 0
-35 -12 -47 0
-22 -43 -35 0
48 3 -46 0
-21 23 38 0
3 -22 -26 0
-3 48 38 0
-38 -9 46 0
1 -25 45 0
19 -25 3 0
34 -28 -40 0
-43 43 25 0
-43 -23 20 0
-4 11 35 0
47 40 -5 0
4 31 -9 0
41 43 30 0
-8 3 -49 0
4 -32 15 0
-22 8 -13 0
-7 42 -49 0
30 22 -45 0
20 -7 2 0
-32 -40 -39 0
31 -10 50 0
-6 -47 16 0
21 29 -21 0
21 -50 -12 0
3 50 -24 0
-29 -13 14 0
31 47 -28 0
18 21 -30 0
1 42 -31 0
-3 -41 44 0
24 -18 -20 0
37 -24 32 0
41 35 -43 0
5 -18 40 0
-9 -23 -30 0
-45 5 50 0
-19 8 -33 0
1 -11 43 0
44 -4 -23 0
-18 -44 -7 0
-38 37 -33 0
-37 6 -10 0
-8 -34 34 0
13 39 21 0
46 -24 -35 0
-17 29 12 0
34 17 5 0
-9 24 -34 0
40 3 -4 0
22 -21 20 0
-30 -44 -5 0
7 29 -14 0
23 18 50 0
49 -38 -8 0
29 25 -32 0
7 32 3 0
-48 21 -33 0
29 1 -49 0
-14 46 21 0
-49 45 -30 0
-16 -13 21 0
6 -35 37 0
-42 -17 -12 0
-29 28 37 0
34 25 -38 0
-42 -24 28 0
45 -20 11 0
3 -46 -28 0
10 21 -8 0
37 -35 -49 0
26 15 -45 0
-47 19 3 0
40 -30 22 0
-45 11 36 0
3 18 -12 0
38 -48 24 0
32 17 -33 0
-31 -50 -42 0
34 -1 46 0
36 -4 -34 0
-46 -7 -5 0
13 -43 -38 0
-32 2 -26 0
-50 -46 -16 0
34 22 23 0
-45 47 -5 0
-5 27 -3 0
-24 -1 -32 0
39 -26 36 0
23 25 37 0
-16 -37 24 0
47 20 50 0
-44 10 12 0
13 4 -37 0
-30 -40 24 0
24 -50 -50 0
-16 -5 45 0
49 41 24 0
49 -35 5 0
8 4 -25 0
17 24 30 0
-20 21 41 0
12 21 31 0
-2 -14 -8 0
38 16 -16 0
26 10 -14 0
22 11 -44 0
38 -19 30 0
10 25 -36 0
50 -50 -32 0
-30 19 -29 0
-45 22 -47 0
-27 28 -7 0
-8 -23 39 0
6 23 30 0
37 4 22 0
-48 8 -32 0
-24 -49 31 0
47 -3 -24 0
49 -2 -39 0
-20 -28 48 0
33 -13 -4 0
-29 46 -16 0
-21 35 -35 0
46 -3 6 0
-12 47 18 0
32 8 44 0
8 46 27 0
21 -13 -29 0
-32 -26 2 0
50 24 -7 0
-4 -47 23 0
39 17 -37 0
-10 35 -37 0
-26 -4 37 0
-38 13 -10 0
30 -45 -13 0
50 4 -40 0
-10 -9 26 0
-5 8 36 0
