c CNF generator v0.9
p cnf 50 175
22 1 -41 0
-10 37 40 0
-16 36 28 0
-7 -30 -25 0
-46 -32 7 0
-2 42 24 0
-37 -44 -43 0
48 35 31 0
8 -17 10 0
44 25 33 0
11 14 32 0
-39 41 24 0
-44 -32 -25 0
10 8 37 0
-10 13 41 0
-4 48 6 0
-27 -39 29 0
47 40 -40 0
-10 49 28 0
37 -23 6 0
18 38 50 0
18 -15 -43 0
-47 -40 -30 0
43 49 22 0
-46 -27 48 0
16 35 -47 0
-26 -30 -16 0
-33 6 -49 0
40 39 -4 0
-10 -32 -18 0
41 20 49 0
12 17 33 0
25 45 -19 0
8 38 5 0
38 2 29 0
23 19 -27 0
44 -48 37 0
41 1 -31 0
8 14 -30 0
-9 -42 -9 0
-34 -31 -43 0
-30 34 -19 0
-15 8 50 0
49 2 -7 0
-42 -23 2 0
-39 21 -21 0
19 16 12 0
39 28 3 0
12 -22 45 0
-27 10 -29 0
-9 1 36 0
9 45 42 0
35 -18 36 0
27 14 1 0
6 -3 -45 0
45 33 -49 0
42 -19 -4 0
-17 -13 38 0
-17 -23 -40 0
-38 36 -5 0
29 -23 -5 0
-10 4 5 0
41 -4 -28 0
23 42 -18 0
32 -23 44 0
24 -38 33 0
5 18 2 0
34 -28 -24 0
-12 -47 46 0
-24 -25 -50 0
-5 -31 10 0
21 -27 2 0
30 13 -40 0
24 12 -45 0
-15 -16 36 0
-8 -43 -41 0
-22 43 25 0
-43 48 14 0
-44 -14 41 0
24 -38 -14 0
5 17 42 0
-37 23 22 0
-40 -16 -7 0
44 48 42 0
45 22 31 0
-49 40 -31 0
-42 -20 35 0
36 -37 2 0
22 -41 -28 0
-17 34 -48 0
6 -30 -41 0
1 10 -25 0
-31 32 39 0
44 -21 19 0
-19 -1 37 0
3 23 -42 0
9 -21 -34 0
29 -11 24 0
25 21 42 0
22 -8 -3 0
-30 -17 -48 0
-47 27 -42 0
-49 11 -39 0
42 -41 -8 0
-16 -34 9 0
50 9 -37 0
-19 18 -49 0
-48 48 10 0
30 -3 28 0
16 -29 2 0
-1 38 -27 0
47 34 26 0
-42 11 -7 0
-23 -6 5 0
32 6 41 0
-16 -19 44 0
-1 -35 5 0
16 36 15 0
2 -19 40 0
-42 12 -41 0
11 43 27 0
-40 23 -34 0
8 -13 -47 0
50 -50 35 0
29 -20 -21 0
15 2 22 0
49 -25 -15 0
-34 22 -36 0
-36 -20 -20 0
25 -47 -18 0
-29 1 30 0
9 18 -14 0
32 -38 19 0
-5 -43 43 0
-38 16 32 0
-1 -21 -5 0
-33 -9 35 0
44 -49 46 0
-4 26 -26 0
-31 -5 4 0
-2 41 43 0
20 -14 16 0
-6 -34 4 0
8 44 -27 0
-6 45 -6 0
-4 -12 -36 0
24 -30 20 0
-12 -27 -9 0
15 32 9 0
-44 -12 11 0
33 38 -22 0
22 29 -36 0
-19 41 7 0
-42 19 1 0
36 28 20 0
-18 6 35 0
18 -15 -7 0
-12 1 5 0
-39 41 38 0
25 21 26 0
44 -26 50 0
26 50 -8 0
-15 -46 -23 0
-9 -37 19 0
-30 33 -28 0
-17 -31 -45 0
22 -28 12 0
-26 37 1 0
7 29 -10 0
48 8 -45 0
17 -27 6 0
46 -42 -44 0
-44 -29 -13 0
-18 -37 16 0
21 -3 34 0
