c CNF generator v0.9
p cnf 50 175
-33 36 -24 0
38 28 -41 0
-42 40 -27 0
-4 20 -38 0
43 38 5 0
-2 -13 -19 0
30 14 -3 0
-17 26 -48 0
16 38 26 0
-10 15 -49 0
-12 -36 21 0
20 -20 -50 0
-34 -23 -49 0
-10 49 -43 0
-40 47 -22 0
-25 -38 -6 0
-34 -30 10 0
-40 3 -22 0
-5 38 39 0
-11 38 -35 0
-47 -32 -33 0
-13 -4 18 0
-4 -23 -21 0
36 -13 32 0
-14 6 -48 0
35 8 10 0
6 18 -20 0
31 26 -14 0
43 13 26 0
-8 -40 -26 0
26 30 -18 0
-21 -35 39 0
8 24 18 0
-35 6 48 0
10 40 -34 0
47 2 25 0
11 22 20 0
13 -15 -34 0
37 28 -19 0
-40 -3 23 0
33 42 -4 0
40 -42 40 0
-33 -8 -5 0
42 -10 -14 0
-17 -37 21 0
16 28 35 0
50 -37 -19 0
33 -48 1 0
9 -25 17 0
46 21 -45 0
-28 -43 -36 0
-8 11 7 0
-37 -43 -29 0
-12 41 28 0
45 38 26 0
-6 42 34 0
-49 6 -35 0
-1 20 19 0
-10 11 -40 0
11 37 -3 0
-29 39 -19 0
-21 47 50 0
11 -29 4 0
24 1 50 0
-2 -31 -27 0
-26 34 9 0
48 16 43 0
-46 -35 -49 0
4 37 -9 0
8 -38 -24 0
-40 15 48 0
14 -4 15 0
21 38 6 0
20 22 -5 0
-4 33 -9 0
8 44 -16 0
25 -34 21 0
5 9 21 0
-38 45 4 0
-17 41 11 0
-48 38 27 0
2 24 -5 0
-36 -18 -18 0
49 49 -38 0
-24 25 26 0
-22 2 45 0
-6 50 23 0
8 -31 -41 0
-40 -44 13 0
16 -16 18 0
-6 -31 -14 0
-49 25 26 0
-1 -32 5 0
-45 18 7 0
39 -26 49 0
-12 21 -17 0
-25 -42 -23 0
49 -30 5 0
48 -6 37 0
21 -9 44 0
41 -39 -48 0
20 -17 -15 0
-4 -41 24 0
-32 -39 -27 0
-30 20 8 0
-11 42 45 0
-28 -5 25 0
16 -18 -32 0
48 -25 -50 0
-40 43 40 0
-50 31 -3 0
45 39 -23 0
33 -9 1 0
48 -4 -26 0
23 -31 36 0
-42 -40 -20 0
45 -36 36 0
38 6 -3 0
21 -33 -48 0
26 50 -46 0
-28 -2 4 0
14 -25 -12 0
-36 11 -46 0
37 -25 29 0
7 -23 31 0
37 32 -41 0
35 -11 9 0
-39 -41 49 0
-22 -39 -13 0
28 14 -26 0
36 30 44 0
29 -13 1 0
32 -32 -47 0
4 38 -25 0
-46 28 -47 0
-14 -31 17 0
-42 38 -46 0
-5 -19 -46 0
13 46 41 0
-42 42 -23 0
-38 -18 -24 0
-48 35 15 0
-28 -16 37 0
17 -14 -27 0
-27 -48 -37 0
44 -38 11 0
27 -39 -32 0
39 28 -44 0
20 -15 34 0
-24 -13 -13 0
-4 17 -41 0
-40 18 1 0
-24 28 -24 0
-9 24 -41 0
-5 -23 18 0
-42 35 1 0
-19 4 -44 0
38 -49 -4 0
45 50 -32 0
-3 -5 24 0
-23 42 19 0
-21 35 14 0
45 19 44 0
10 -47 -24 0
15 19 13 0
-9 -29 -19 0
45 -25 -37 0
17 -50 29 0
-9 14 43 0
10 42 10 0
47 -9 15 0
-31 -41 23 0
-34 -45 -33 0
-32 -41 24 0
15 32 26 0
