c CNF generator v0.9
p cnf 50 175
15 -28 30 0
14 47 44 0
14 34 17 0
15 -6 -22 0
49 35 8 0
-34 44 -28 0
9 -31 -35 0
11 -3 -30 0
-36 20 16 0
-45 -20 -35 0
-31 45 9 0
-22 -44 -15 0
-42 50 -8 0
-12 -27 49 0
-33 -42 -39 0
47 30 -33 0
37 -50 -26 0
5 -10 45 0
18 -25 11 0
-15 -3 43 0
6 -23 49 0
-34 18 -28 0
38 8 23 0
-2 32 -50 0
-1 -42 13 0
23 -18 25 0
29 35 -27 0
48 -50 -40 0
-14 5 34 0
-46 50 28 0
-48 17 49 0
19 20 -22 0
42 -4 -45 0
-28 24 8 0
28 36 -31 0
33 10 -46 0
-47 13 49 0
-30 17 46 0
29 -10 -39 0
15 -45 37 0
39 7 13 0
5 -7 2 0
15 27 19 0
2 31 -46 0
-31 -45 48 0
-10 46 14 0
-44 36 36 0
31 -18 22 0
-18 38 25 0
-17 -49 -14 0
27 -12 -37 0
-38 8 1 0
-16 -44 -30 0
-37 -31 38 0
49 11 15 0
31 -39 -22 0
24 -31 -29 0
-33 -11 28 0
-4 15 29 0
-16 3 26 0
-20 34 31 0
14 -47 -11 0
46 47 -40 0
-7 11 -43 0
42 46 36 0
-11 -46 10 0
13 3 -35 0
15 47 28 0
45 -34 -15 0
-4 -24 28 0
-8 37 -1 0
39 9 43 0
1 -44 18 0
-20 -41 13 0
9 1 -29 0
-25 47 35 0
4 -36 18 0
-47 -27 -50 0
19 -4 -47 0
41 -41 47 0
38 27 33 0
48 -46 17 0
43 47 -11 0
-32 -25 -24 0
-45 -18 -22 0
-47 44 -3 0
-29 7 7 0
43 -30 -2 0
-34 28 -43 0
-47 -41 28 0
41 -26 -39 0
8 24 5 0
39 -6 -36 0
18 -38 -31 0
-10 -17 37 0
49 38 19 0
21 32 35 0
-29 -9 50 0
-46 -31 -43 0
-7 -45 15 0
48 17 -31 0
-40 40 -30 0
20 42 1 0
9 -16 -6 0
6 -41 34 0
36 14 -20 0
-41 11 -11 0
13 -9 -32 0
47 -1 -38 0
-32 26 -29 0
-42 -29 -17 0
22 -21 -49 0
-35 -27 27 0
46 -44 -32 0
-7 -48 45 0
-17 29 -27 0
43 35 39 0
18 16 10 0
-37 2 -11 0
6 -50 17 0
35 -3 -16 0
9 18 -33 0
-24 32 47 0
12 44 29 0
-44 -42 3 0
-8 42 17 0
-36 12 -44 0
20 -41 -3 0
44 15 4 0
-1 29 50 0
10 -6 -3 0
-49 -3 39 0
-49 41 2 0
-22 39 1 0
1 21 -36 0
-19 -22 -17 0
43 -3 2 0
-45 -22 -22 0
49 -27 -29 0
-26 -14 -20 0
-50 -3 42 0
39 20 11 0
45 -37 -12 0
-38 19 22 0
-32 -50 19 0
9 48 34 0
-48 47 -49 0
-4 -26 -42 0
-22 45 -29 0
42 -49 -47 0
35 27 -50 0
15 -25 40 0
4 -18 -3 0
40 -35 -28 0
5 20 -40 0
4 -27 9 0
21 -48 -8 0
-39 27 -38 0
-46 18 40 0
-33 -20 45 0
29 -31 -29 0
-38 5 50 0
13 -6 -5 0
-28 27 44 0
-33 -47 -31 0
38 -15 -7 0
28 31 -36 0
-44 -49 -26 0
-30 -8 1 0
-45 3 37 0
24 44 -29 0
-4 -36 47 0
15 42 -26 0
41 3 17 0
49 -21 -42 0
