c CNF generator v0.9
p cnf 50 175
-42 -25 33 0
48 35 -31 0
7 -28 -28 0
43 -16 4 0
-49 -9 14 0
-10 13 -8 0
-43 -46 -31 0
-1 5 -9 0
-13 31 -46 0
-9 -3 5 0
-18 -27 26 0
-11 5 47 0
37 16 -2 0
38 49 -29 0
-46 18 47 0
-17 39 39 0
-3 -12 2 0
-22 -16 4 0
-12 -34 43 0
25 4 -46 0
-15 -3 39 0
44 15 -15 0
-34 -10 -22 0
-17 -11 20 0
-23 -33 -12 0
36 24 41 0
23 -1 -19 0
-31 -13 -4 0
-39 25 -28 0
-31 -37 -31 0
29 -33 -21 0
19 25 28 0
-21 -1 -14 0
15 41 -4 0
-12 50 32 0
30 -47 -43 0
25 33 16 0
-35 -29 7 0
10 -35 -15 0
-50 5 -46 0
-49 -50 -25 0
-5 -23 -29 0
-9 -21 49 0
-34 -50 22 0
-14 -4 -16 0
49 12 -36 0
48 45 48 0
-9 34 24 0
-18 -14 -20 0
-39 -20 41 0
33 -25 -21 0
20 22 -44 0
22 -17 -24 0
36 -11 -4 0
16 6 25 0
-25 -39 -27 0
-30 29 50 0
3 46 -9 0
39 4 10 0
42 -29 10 0
40 -27 -21 0
11 2 43 0
-10 -41 14 0
-34 -35 3 0
41 -41 -50 0
37 -15 1 0
29 28 38 0
28 11 15 0
14 8 -13 0
1 1 11 0
33 46 24 0
-42 31 -9 0
-30 8 20 0
-19 49 -10 0
-36 40 40 0
18 -37 -33 0
-44 -36 -14 0
-50 36 -27 0
-11 41 -11 0
-49 15 19 0
48 30 23 0
-19 6 -42 0
-35 40 -31 0
3 -24 -18 0
3 -11 42 0
16 18 -31 0
-19 -31 -22 0
-26 -10 21 0
50 2 -4 0
40 36 33 0
37 -47 -17 0
37 -1 -28 0
28 -18 20 0
-46 -23 -16 0
-14 -45 -14 0
16 -11 49 0
-9 32 -4 0
47 -39 -28 0
-37 -38 -18 0
-31 40 28 0
-29 -30 27 0
-32 -12 -40 0
-11 -47 -41 0
30 22 -24 0
37 -5 11 0
-33 -25 -43 0
26 39 39 0
-33 8 31 0
21 6 50 0
23 49 16 0
4 47 -3 0
-33 20 -48 0
42 20 11 0
-12 8 8 0
-3 -30 -45 0
36 19 6 0
-47 -12 -31 0
-50 16 -17 0
41 9 38 0
-30 38 -32 0
19 24 50 0
34 -31 -3 0
44 -5 -22 0
1 -37 31 0
25 2 -15 0
-17 17 -34 0
16 -32 21 0
45 33 -22 0
24 10 -14 0
45 27 -36 0
22 -38 24 0
45 26 -26 0
3 48 -21 0
38 28 41 0
-4 -45 -47 0
-7 49 -1 0
-13 -29 26 0
4 23 47 0
-25 10 42 0
-26 -1 -26 0
-35 -11 38 0
13 36 -3 0
27 -1 -38 0
43 41 39 0
-1 -8 34 0
26 -35 -43 0
-19 14 -15 0
45 -46 -2 0
32 -30 8 0
-26 -3 14 0
-32 36 13 0
23 3 45 0
-40 -36 -43 0
-6 -19 31 0
4 24 -44 0
-4 -39 -4 0
-7 4 -3 0
18 -6 -21 0
-26 -30 -16 0
28 38 24 0
42 14 -17 0
19 33 -32 0
21 34 12 0
-38 44 28 0
17 11 9 0
-39 -49 -18 0
-28 -37 -18 0
-16 -29 -21 0
8 -17 -36 0
-33 32 43 0
-21 43 41 0
-39 22 40 0
-8 43 -37 0
-38 -30 -8 0
44 -35 17 0
