c CNF generator v0.9
p cnf 50 175
-46 13 46 0
-38 -26 -8 0
50 40 -16 0
-5 -7 -28 0
8 19 47 0
-11 -24 -2 0
34 -46 -41 0
-45 -46 -2 0
26 -39 -45 0
-35 12 29 0
-32 41 37 0
33 -21 4 0
9 50 41 0
22 9 -14 0
-9 -23 27 0
-47 10 -2 0
-25 32 -12 0
17 -41 -39 0
30 16 -31 0
-27 -11 -16 0
-5 -18 -11 0
28 16 -8 0
-35 -17 -13 0
25 29 -10 0
12 28 7 0
-14 21 38 0
-38 10 32 0
-23 -31 8 0
-31 -11 29 0
-11 -18 1 0
-8 -4 -48 0
6 27 12 0
-41 49 1 0
1 39 42 0
34 27 -33 0
27 -26 30 0
-50 -1 18 0
34 33 -6 0
46 1 48 0
-40 41 26 0
-41 27 23 0
44 18 21 0
16 39 46 0
50 -1 20 0
36 -11 -25 0
-4 48 39 0
24 43 15 0
-7 25 -10 0
-6 49 1 0
-2 -38 8 0
45 11 -2 0
-8 45 40 0
-7 -15 -20 0
-47 9 1 0
25 26 36 0
40 -20 -3 0
-50 -27 -13 0
-7 24 -15 0
41 -40 -39 0
-44 -36 -24 0
-33 31 18 0
21 -44 -26 0
-40 16 39 0
13 25 6 0
6 46 11 0
-14 -5 19 0
5 -3 11 0
-31 -34 -34 0
27 -29 8 0
-31 39 8 0
39 13 19 0
11 -44 5 0
37 49 32 0
37 -8 47 0
-15 -25 -38 0
30 -25 6 0
3 -26 9 0
-8 17 -31 0
48 14 2 0
2 25 49 0
20 -45 -17 0
37 -3 -46 0
14 4 47 0
35 -8 -42 0
31 -47 25 0
46 11 -20 0
24 30 -19 0
-2 -36 -49 0
6 -20 43 0
10 20 13 0
22 -38 -40 0
17 22 14 0
-47 -13 11 0
-40 49 -22 0
-20 -43 -7 0
46 21 35 0
-1 -32 -44 0
-27 -2 27 0
36 24 -16 0
22 -45 6 0
-49 42 -39 0
-50 -16 32 0
-6 -32 18 0
49 -19 -30 0
20 -9 -18 0
30 -32 39 0
-39 49 -5 0
-28 -13 9 0
16 -19 1 0
27 12 -7 0
-4 26 39 0
30 -16 31 0
32 -45 -17 0
-10 -35 49 0
-48 -47 34 0
-9 25 -43 0
-2 -26 30 0
3 -21 -19 0
48 -34 9 0
-39 3 2 0
46 -41 -29 0
17 -23 -32 0
-2 -36 -30 0
12 33 26 0
46 43 -17 0
-10 16 13 0
39 9 -42 0
33 18 15 0
-31 -29 -49 0
42 -28 -5 0
-33 9 26 0
-50 -1 -23 0
-5 37 -21 0
31 48 21 0
25 -22 -15 0
-4 -48 -24 0
17 25 46 0
-39 32 36 0
35 43 7 0
32 16 -9 0
21 32 -45 0
-45 30 -14 0
26 -4 -43 0
10 7 -40 0
32 30 20 0
49 -8 -48 0
-27 44 49 0
-38 -32 31 0
28 -10 49 0
-1 -20 -41 0
-21 -3 30 0
-27 -36 40 0
19 12 -26 0
-46 21 -31 0
-40 22 -47 0
-7 44 -39 0
7 27 24 0
32 -36 -48 0
-39 3 -36 0
22 18 -32 0
14 -10 8 0
-17 -7 -31 0
8 4 -15 0
19 22 39 0
-39 -15 -4 0
29 13 1 0
2 34 32 0
-50 -24 10 0
-14 9 38 0
-10 -28 -10 0
-47 -1 -47 0
8 20 -46 0
-43 -8 -16 0
-36 -40 38 0
48 -10 24 0
