c CNF generator v0.9
p cnf 50 175
-30 16 9 0
-9 22 -9 0
29 29 -3 0
-7 -8 -4 0
17 -16 7 0
-26 -33 41 0
-19 -33 -14 0
20 7 32 0
42 -45 -46 0
-31 21 -21 0
-37 -7 38 0
-17 4 -37 0
-4 18 -49 0
-3 -20 -38 0
39 42 1 0
12 2 19 0
29 24 16 0
38 -18 -31 0
-10 -32 -33 0
-41 -46 -35 0
-49 50 44 0
-34 4 -31 0
-24 -36 29 0
3 49 -16 0
5 -14 14 0
27 36 15 0
48 -22 7 0
-46 -6 35 0
-6 -8 23 0
22 38 -49 0
-25 44 13 0
45 6 -17 0
-46 32 -43 0
1 5 -24 0
46 20 28 0
-8 -35 -20 0
18 -7 -45 0
8 26 20 0
-27 16 -29 0
-45 -24 -38 0
7 -35 7 0
-36 24 -28 0
-42 24 -21 0
-30 -9 16 0
-22 -18 10 0
-27 24 -44 0
-43 30 -31 0
-33 -48 37 0
18 23 28 0
2 -17 48 0
-6 14 -8 0
-26 -43 25 0
-6 -34 -2 0
-10 -33 29 0
-13 24 -34 0
15 -37 -1 0
5 25 18 0
49 19 -21 0
-41 15 12 0
18 15 8 0
-40 -9 -29 0
-46 48 42 0
-2 -50 -21 0
7 -28 32 0
50 13 -25 0
-10 25 30 0
-47 -12 27 0
10 34 27 0
24 29 50 0
-44 -49 -7 0
-20 -29 -15 0
2 11 37 0
-41 -35 -3 0
-47 -14 41 0
-40 46 -34 0
3 34 -34 0
20 13 42 0
-13 38 -24 0
-26 -20 29 0
-37 -31 -48 0
-20 13 -10 0
-45 22 42 0
3 39 11 0
7 -23 -18 0
-11 40 22 0
50 -29 5 0
-46 41 25 0
-1 -21 -6 0
50 17 34 0
-46 18 27 0
25 -5 -13 0
20 45 -22 0
-13 41 -49 0
-26 -23 -15 0
-8 -26 -34 0
-34 -27 15 0
22 -41 -18 0
30 16 -9 0
12 49 -14 0
43 36 -3 0
-3 40 50 0
48 28 -33 0
2 -44 38 0
-49 39 48 0
23 11 -7 0
39 36 18 0
45 -45 3 0
28 -23 -28 0
-42 46 27 0
-9 32 -42 0
22 10 47 0
32 -48 13 0
45 -30 -16 0
43 26 44 0
-1 -2 -39 0
41 -49 -7 0
37 44 30 0
-34 -4 -28 0
2 32 -47 0
31 6 -22 0
-50 46 -4 0
37 -24 -19 0
48 -24 -14 0
12 24 2 0
-1 -37 21 0
-42 -42 40 0
10 -18 26 0
34 -43 -3 0
32 9 -19 0
24 -9 -46 0
-42 -36 -35 0
37 -50 -30 0
22 -41 -30 0
-18 5 -18 0
26 9 -21 0
34 10 -26 0
-28 -6 -13 0
10 -30 43 0
-2 30 29 0
13 22 -21 0
16 -10 -15 0
43 -5 30 0
-35 12 14 0
44 -22 -45 0
13 -5 20 0
-34 -27 27 0
50 -13 -48 0
35 -27 -47 0
-40 49 9 0
-13 39 -50 0
33 -16 -42 0
16 -35 47 0
-28 -49 -50 0
-37 -41 13 0
-34 27 -34 0
39 -24 -13 0
-8 25 43 0
-25 27 -13 0
-27 -10 2 0
-46 12 -30 0
34 -31 32 0
17 50 32 0
-47 21 24 0
42 -14 -13 0
-17 -24 -38 0
28 8 48 0
-36 -4 -28 0
-20 22 -22 0
-6 22 31 0
-48 20 2 0
-18 -15 16 0
38 23 -49 0
34 -11 -4 0
43 -49 -30 0
-21 -28 29 0
