c CNF generator v0.9
p cnf 50 175
40 -2 -46 0
-27 -44 -35 0
36 3 37 0
8 50 9 0
2 7 -19 0
-25 -28 47 0
41 45 5 0
8 -36 39 0
-16 46 40 0
-5 -13 14 0
27 -22 -39 0
38 27 -37 0
14 -49 46 0
-34 -18 31 0
-13 -34 -21 0
16 -30 9 0
22 50 -18 0
46 16 12 0
22 37 -23 0
1 14 -7 0
-34 15 -35 0
-32 45 17 0
-7 20 31 0
1 18 -28 0
-32 12 6 0
49 -50 -9 0
12 35 -37 0
36 26 45 0
-43 -3 24 0
23 33 -49 0
34 1 -45 0
-10 -26 25 0
-44 32 -37 0
-14 12 49 0
7 -9 9 0
-47 -21 -30 0
33 30 43 0
-20 -31 19 0
-13 48 -8 0
5 -45 8 0
-2 -35 42 0
-3 -8 -43 0
-5 42 30 0
50 -36 19 0
-19 -35 -6 0
27 33 -17 0
-30 -36 38 0
-8 33 24 0
23 -18 48 0
-27 -21 4 0
3 -41 -21 0
43 -13 24 0
-11 -5 -35 0
-29 -10 13 0
-34 -7 -28 0
47 43 -46 0
48 -10 17 0
27 49 39 0
45 47 31 0
13 -17 27 0
-50 26 -47 0
-8 34 35 0
-23 29 22 0
-13 -26 -48 0
-50 25 -12 0
-32 41 4 0
-43 33 -7 0
47 31 33 0
20 -7 45 0
-22 -11 35 0
18 50 -43 0
-14 -22 -26 0
-39 20 -22 0
17 41 -40 0
-6 18 6 0
34 6 25 0
24 -36 43 0
-23 -8 28 0
33 40 27 0
-30 41 25 0
-3 13 39 0
-36 -23 -24 0
35 -16 36 0
-8 32 -24 0
-19 25 5 0
-41 46 36 0
43 -30 10 0
41 -38 41 0
20 30 -1 0
-39 3 -13 0
2 -1 -3 0
-24 19 -25 0
38 -38 10 0
28 -7 25 0
-9 -9 40 0
-24 -4 33 0
10 -31 -3 0
-13 -47 -1 0
-20 -35 35 0
26 -24 30 0
-22 -20 36 0
9 35 -14 0
50 -7 36 0
-31 39 -27 0
21 23 -44 0
37 18 -37 0
-30 -12 -1 0
-10 -36 39 0
25 -2 44 0
18 36 -15 0
-1 7 46 0
-47 25 -10 0
-36 37 24 0
9 23 3 0
46 -4 8 0
-28 13 -1 0
-42 -44 -45 0
-12 19 29 0
-6 -40 17 0
-35 46 -30 0
-8 -7 5 0
39 -44 -25 0
25 36 15 0
-33 -1 25 0
31 26 17 0
33 36 31 0
5 -14 13 0
8 3 46 0
-36 -24 25 0
26 15 -35 0
37 17 -30 0
32 41 7 0
-8 -12 -30 0
-11 -15 -4 0
-33 -27 -45 0
8 38 6 0
50 40 -36 0
-17 8 -32 0
23 34 -47 0
-14 -22 33 0
47 -3 35 0
50 -28 -6 0
-13 37 -50 0
-20 49 -45 0
38 19 5 0
-24 38 1 0
-8 20 26 0
-19 11 36 0
30 34 13 0
-8 -20 25 0
-49 -48 -45 0
35 -40 35 0
-28 5 42 0
-49 -48 -45 0
48 -22 -33 0
-50 39 33 0
-36 2 45 0
25 48 13 0
15 27 22 0
-32 27 -5 0
-25 37 -42 0
-33 -32 -6 0
50 16 -34 0
-17 5 9 0
9 5 41 0
-27 50 21 0
9 26 -20 0
-29 -23 -49 0
-26 -42 41 0
-3 -24 -45 0
13 43 8 0
-30 -29 -30 0
-16 -24 -1 0
44 -12 27 0
27 22 37 0
