c CNF generator v0.9
p cnf 50 175
14 47 -33 0
-35 -44 -11 0
3 -14 -48 0
-16 43 41 0
-15 43 12 0
38 -31 -48 0
-16 -45 37 0
-4 -27 46 0
11 12 38 0
3 -26 -12 0
28 -27 -15 0
-28 33 16 0
44 -23 43 0
-49 -18 1 0
-28 33 35 0
34 -46 32 0
-43 -26 41 0
22 -49 -13 0
-16 -20 -36 0
31 -50 10 0
-34 -5 -24 0
-17 -39 -22 0
-13 17 -41 0
25 -5 -40 0
-17 34 3 0
-9 33 -48 0
-32 -45 -4 0
-32 -18 41 0
-8 -29 47 0
46 7 17 0
16 -42 -20 0
-20 41 -41 0
14 -31 13 0
41 -26 47 0
20 -19 26 0
-32 -40 -43 0
14 5 21 0
21 -2 -44 0
22 48 7 0
-44 -29 -3 0
-2 -4 -37 0
3 49 23 0
14 -11 30 0
29 8 2 0
-42 -15 22 0
-16 -10 -16 0
1 -42 -48 0
-9 -15 -21 0
-13 -33 21 0
-38 4 11 0
-48 -16 20 0
-40 14 -17 0
-35 -14 39 0
20 3 31 0
10 32 -47 0
36 -27 -19 0
-15 -45 38 0
3 49 34 0
-32 -5 32 0
-23 11 44 0
-3 -38 -12 0
47 -43 43 0
-48 28 26 0
9 9 32 0
38 45 -11 0
-33 45 -44 0
-26 -24 50 0
9 -43 -36 0
41 -34 20 0
-29 14 26 0
-37 13 34 0
47 -34 -43 0
5 -40 -50 0
27 -26 10 0
-16 29 14 0
-37 -16 -21 0
32 17 37 0
38 -2 -3 0
-16 -42 29 0
-45 -48 -46 0
-41 -18 -5 0
-47 -4 -22 0
-6 -39 -38 0
-43 26 47 0
22 10 -15 0
36 -5 -38 0
-1 -7 41 0
-41 -31 49 0
42 -48 -12 0
-4 -29 -20 0
1 -35 43 0
-11 27 42 0
9 -7 -20 0
37 14 34 0
5 47 -21 0
37 -11 -29 0
-13 32 -28 0
1 -21 46 0
7 45 -23 0
-13 14 -44 0
16 -7 33 0
28 -23 42 0
5 -2 -5 0
-37 4 -43 0
-16 -46 -46 0
43 1 -41 0
27 42 -1 0
-13 -21 -29 0
-11 13 -32 0
-21 -13 35 0
9 -43 25 0
10 -46 5 0
-17 30 17 0
5 42 44 0
20 12 4 0
27 1 18 0
30 -6 -32 0
-3 -1 -25 0
16 8 26 0
16 -5 -17 0
-3 17 -45 0
-22 32 -42 0
-17 -2 47 0
-28 -1 45 0
-24 22 -33 0
-6 -8 -1 0
-39 -12 33 0
-11 -40 -12 0
-29 48 6 0
38 -26 -13 0
19 3 24 0
-3 19 -34 0
27 11 -48 0
32 -43 -22 0
-34 -19 6 0
7 -19 -25 0
30 6 35 0
32 -42 -18 0
42 -6 12 0
21 12 9 0
-20 -17 40 0
41 -36 -21 0
23 -21 20 0
-47 19 -18 0
-27 -47 41 0
-43 22 20 0
-24 33 -3 0
34 20 46 0
39 -17 -43 0
-1 -32 44 0
7 9 5 0
-50 -10 -37 0
-10 -22 48 0
-33 33 10 0
21 -34 -12 0
3 -33 -23 0
25 -9 43 0
19 11 27 0
-45 28 28 0
-29 -23 47 0
-21 33 -19 0
2 49 -4 0
40 -44 1 0
-50 -46 -4 0
-42 1 28 0
-20 -8 -17 0
8 36 31 0
34 -46 39 0
-40 10 -11 0
-26 6 -28 0
35 38 -37 0
41 -21 27 0
-7 5 -32 0
-26 42 15 0
33 -2 36 0
