c CNF generator v0.9
p cnf 50 175
-18 41 3 0
43 18 46 0
46 -13 15 0
19 46 35 0
9 -35 41 0
21 6 49 0
-35 -42 1 0
31 -13 -25 0
11 50 -31 0
-42 28 3 0
-31 -44 15 0
13 -43 37 0
15 -50 -24 0
-19 16 36 0
31 32 -32 0
-44 -23 -18 0
-8 -7 -35 0
-2 -36 -49 0
-6 -34 -39 0
25 25 -28 0
35 1 26 0
-35 48 -34 0
14 -46 24 0
-49 22 32 0
34 -9 -47 0
38 -35 -8 0
-34 25 23 0
-49 30 -48 0
33 -47 25 0
-5 5 17 0
-5 -11 37 0
16 37 -32 0
-27 43 -46 0
40 -41 -17 0
-28 -11 38 0
-4 49 -37 0
-15 -16 17 0
-23 -18 30 0
48 -10 37 0
-8 32 -17 0
33 -36 -19 0
-36 -48 -6 0
7 20 -12 0
6 -27 11 0
-49 10 30 0
-20 30 29 0
20 15 50 0
28 39 11 0
3 -8 45 0
-49 6 -38 0
39 -34 6 0
34 -43 -15 0
5 49 41 0
18 -45 31 0
21 8 36 0
31 -36 -47 0
-29 6 19 0
-6 -48 40 0
38 -15 -35 0
-13 -14 15 0
38 17 -19 0
-40 40 -37 0
-32 40 -23 0
-19 -49 36 0
-46 -24 15 0
47 42 -44 0
-49 40 35 0
-30 -7 -4 0
17 -41 27 0
38 -16 -13 0
43 14 -9 0
29 -44 29 0
18 -10 -4 0
-8 -11 -47 0
7 3 26 0
21 49 46 0
-2 11 -45 0
-23 22 -1 0
48 -48 45 0
5 50 13 0
-8 -48 -10 0
-42 39 42 0
26 19 -31 0
-41 -5 -45 0
-16 -23 33 0
-29 -12 -31 0
-1 -46 6 0
23 -38 31 0
-36 -31 36 0
50 -35 38 0
-29 -15 -19 0
33 -9 -13 0
-5 -12 -32 0
9 -40 -4 0
24 -49 14 0
41 15 35 0
-27 36 46 0
16 34 -10 0
35 -8 21 0
-28 10 -6 0
-13 28 41 0
39 -47 -8 0
24 34 19 0
42 44 -14 0
-40 -10 38 0
12 -21 -19 0
-24 27 49 0
12 -46 22 0
40 16 -14 0
-34 -28 -39 0
48 -49 -39 0
25 -26 41 0
23 -27 30 0
-47 -31 -4 0
-42 -15 -7 0
41 45 -27 0
-9 -21 -50 0
48 -11 49 0
-3 -30 42 0
19 -13 -25 0
19 16 -24 0
-36 -37 -18 0
-6 -44 -37 0
23 -36 36 0
-32 30 -8 0
-6 -24 -31 0
-31 18 5 0
-48 49 -43 0
-31 4 -15 0
-8 -2 29 0
-28 -48 -8 0
-13 16 -34 0
-42 -35 10 0
-49 -17 -18 0
19 42 -14 0
11 -20 18 0
6 -22 36 0
-47 -26 -40 0
14 11 47 0
41 -4 23 0
-35 -41 29 0
-39 33 49 0
-38 -10 -44 0
46 -17 -8 0
26 28 -39 0
37 -17 -1 0
-34 -47 5 0
-25 -45 18 0
38 46 27 0
-10 -14 10 0
-5 40 -7 0
1 37 2 0
-31 18 -29 0
-11 -5 40 0
17 -30 -2 0
41 45 33 0
5 50 -9 0
-47 -12 -42 0
-27 37 -35 0
38 16 46 0
14 17 8 0
9 -30 43 0
6 -48 -22 0
-32 3 35 0
-44 -5 -11 0
-18 -39 -43 0
-19 10 42 0
32 -49 39 0
-32 13 -44 0
-7 16 -15 0
-33 27 35 0
-18 -31 42 0
27 25 -36 0
-9 16 5 0
14 -9 -21 0
