c CNF generator v0.9
p cnf 50 175
19 -8 42 0
11 -25 6 0
-10 41 -49 0
-16 -27 -4 0
50 30 16 0
-41 -46 -36 0
39 48 24 0
-24 14 4 0
-35 -20 -19 0
22 9 41 0
10 -42 22 0
-2 -18 20 0
29 -30 -46 0
10 48 1 0
33 19 -23 0
10 -47 -32 0
-38 -39 -32 0
-16 13 40 0
23 -41 -12 0
36 46 35 0
-9 16 7 0
27 20 38 0
39 -37 -41 0
-4 -6 -39 0
-29 46 27 0
-5 -15 14 0
48 -47 -9 0
-17 -15 49 0
-14 -37 -11 0
-40 -22 -20 0
-36 11 -19 0
35 -6 -32 0
29 19 37 0
-38 -6 -21 0
50 11 -46 0
1 -7 16 0
-20 -22 10 0
18 33 33 0
-10 -25 -37 0
43 -8 -42 0
4 -32 43 0
-32 -23 20 0
26 50 -20 0
-40 50 17 0
32 -32 -33 0
-12 48 -20 0
-42 -42 -40 0
-43 -22 -46 0
42 -24 35 0
-32 48 -33 0
-19 39 -24 0
8 30 4 0
11 -45 10 0
1 24 25 0
-43 40 7 0
13 -25 -20 0
47 44 20 0
-36 2 -37 0
-17 -3 30 0
44 -21 9 0
-7 49 -38 0
-33 -40 -39 0
-30 -4 -13 0
-29 -26 11 0
50 40 -42 0
42 11 -32 0
18 -49 33 0
13 -34 40 0
-28 -31 -49 0
-19 -49 -32 0
-28 -21 24 0
27 29 -13 0
36 13 -22 0
5 16 38 0
9 -30 -26 0
-49 -11 49 0
8 -27 -10 0
-1 18 35 0
38 -31 26 0
12 -22 5 0
-28 27 -36 0
-10 28 27 0
-47 33 -14 0
-14 14 -25 0
-25 48 34 0
-28 45 -50 0
38 -7 -37 0
-44 -49 37 0
-32 -21 -17 0
-32 -41 -49 0
42 -3 -39 0
-5 -35 -8 0
-35 39 4 0
31 -45 27 0
-7 -8 -4 0
20 -31 48 0
10 11 -33 0
-19 28 3 0
28 9 -34 0
19 -24 27 0
-16 -32 -11 0
45 -8 27 0
-40 -12 9 0
42 8 23 0
-47 30 -33 0
-31 4 46 0
-40 19 -19 0
-29 -13 -7 0
23 -13 13 0
1 -34 -37 0
8 2 -21 0
17 -11 25 0
38 8 49 0
8 34 24 0
11 -41 48 0
-17 5 4 0
46 -50 40 0
33 -45 46 0
-48 29 5 0
42 -14 38 0
38 49 34 0
31 35 36 0
31 38 3 0
20 2 42 0
-21 -31 21 0
5 -46 -8 0
31 -21 -8 0
-48 35 -41 0
-27 20 -36 0
-1 -4 26 0
32 6 35 0
39 -48 -42 0
49 -11 7 0
-14 47 47 0
50 -50 44 0
48 -16 48 0
4 -11 -35 0
-24 36 -33 0
-11 6 32 0
32 -26 -47 0
-48 -14 -9 0
-31 -13 -25 0
6 -33 -35 0
-49 -37 -49 0
-2 -24 37 0
18 -21 25 0
-49 -48 -20 0
-43 1 26 0
17 -1 47 0
-12 -23 22 0
-6 50 43 0
-38 1 -17 0
-40 -2 -12 0
-5 9 -22 0
48 -49 13 0
45 47 -35 0
-30 2 -21 0
35 12 24 0
15 1 1 0
28 -37 45 0
-48 -18 -16 0
-20 -7 -48 0
-2 -18 -38 0
-13 -37 -6 0
33 46 -26 0
-44 -26 42 0
20 -14 -7 0
-35 13 44 0
-47 -24 -32 0
-39 -6 -4 0
-35 42 -30 0
14 44 25 0
9 46 34 0
-41 -44 -33 0
28 48 -5 0
