c CNF generator v0.9
p cnf 50 175
1 25 42 0
23 -41 -40 0
-41 48 -15 0
13 28 -31 0
-7 -33 33 0
10 -27 32 0
-23 -37 -42 0
-6 -19 12 0
-21 43 4 0
-37 42 -5 0
40 -32 -14 0
21 -4 18 0
40 48 15 0
38 33 -22 0
-31 -18 6 0
27 -11 -9 0
28 -26 -50 0
-26 45 21 0
41 -36 6 0
-28 39 32 0
-28 13 36 0
-25 -15 -4 0
-15 -14 21 0
24 -1 50 0
-5 13 29 0
33 -43 -18 0
-48 -40 -44 0
49 3 20 0
41 -13 44 0
-48 -22 -22 0
-9 16 25 0
-11 11 45 0
4 -46 37 0
-7 25 5 0
-13 7 -38 0
17 -12 -33 0
27 13 -20 0
29 17 46 0
43 -3 -28 0
-34 -46 13 0
-28 -24 39 0
43 27 -15 0
-7 -46 -13 0
-34 -49 5 0
13 25 3 0
43 -13 -8 0
-28 -20 -29 0
10 4 27 0
7 -5 -36 0
-47 14 -6 0
-5 35 12 0
-43 49 -29 0
-6 -19 -12 0
3 -42 2 0
19 -10 -45 0
22 -8 -48 0
-44 -18 16 0
34 15 -11 0
28 28 -38 0
40 26 -13 0
-1 -7 19 0
14 24 -3 0
-38 21 45 0
29 -22 39 0
48 14 -49 0
38 -35 28 0
12 -16 -41 0
37 -34 -32 0
36 6 -34 0
46 -35 31 0
-42 -31 45 0
-33 39 -41 0
25 20 -30 0
49 42 39 0
9 -47 -45 0
-17 -10 46 0
-40 -45 25 0
11 2 -45 0
-26 2 45 0
-8 -9 -12 0
-44 -27 32 0
-19 -3 9 0
13 -27 -4 0
29 35 45 0
-29 -36 7 0
-5 23 45 0
-14 18 36 0
-50 -13 -36 0
38 -9 19 0
-16 8 -11 0
-23 -26 -49 0
-16 -46 35 0
-13 -33 -21 0
36 -11 -32 0
-10 -47 -47 0
-50 -13 -27 0
32 -4 27 0
9 49 5 0
-4 33 -10 0
25 9 17 0
48 5 -30 0
-20 -5 16 0
-5 -25 37 0
-17 28 23 0
26 13 49 0
-47 -30 -37 0
-33 -41 -13 0
46 -16 15 0
-47 -42 -1 0
26 12 -40 0
48 -7 -28 0
-6 -44 -50 0
42 -47 -2 0
6 48 -33 0
10 -1 -21 0
-2 -26 38 0
-18 8 23 0
19 2 31 0
-35 48 -41 0
40 -48 -45 0
-40 22 46 0
4 -25 -48 0
-49 24 18 0
5 49 -30 0
50 2 -31 0
2 27 -8 0
50 12 9 0
30 -4 35 0
-13 30 -45 0
18 -3 37 0
-27 -39 1 0
10 -31 48 0
34 -34 6 0
14 43 -19 0
-45 -43 49 0
-6 -39 -21 0
-5 -21 -36 0
43 -50 37 0
20 -16 40 0
3 31 41 0
-7 27 -49 0
28 49 -11 0
32 41 -15 0
6 47 -27 0
-17 39 -11 0
28 35 49 0
-19 -1 23 0
-15 -48 -18 0
-7 49 43 0
-24 23 -36 0
-42 42 6 0
8 23 46 0
28 -10 9 0
32 -31 17 0
38 24 25 0
24 -25 -35 0
-43 -8 -7 0
47 -29 -27 0
-22 33 -40 0
4 49 -35 0
33 -38 -38 0
-35 44 -48 0
-33 8 35 0
-8 10 13 0
9 -37 -18 0
-18 -45 48 0
24 4 -49 0
44 35 -42 0
-46 -27 44 0
50 -50 -19 0
-43 42 46 0
3 47 16 0
-31 -8 13 0
37 -26 -5 0
-32 -50 5 0
