c CNF generator v0.9
p cnf 50 175
-14 6 26 0
-45 -40 -47 0
2 26 -3 0
29 12 -36 0
-25 -10 -43 0
-49 -6 1 0
24 -3 11 0
7 -11 -41 0
18 6 -12 0
17 16 4 0
16 38 2 0
-27 27 33 0
15 -13 31 0
7 44 21 0
-32 15 -18 0
31 42 -41 0
18 9 -27 0
3 -42 12 0
-39 -13 -40 0
37 -16 -14 0
25 49 40 0
-7 -27 38 0
3 2 6 0
25 -34 17 0
-18 23 44 0
-29 27 27 0
47 16 -2 0
-25 -37 -32 0
-15 43 37 0
-22 -27 26 0
-47 -45 -15 0
40 3 -45 0
-11 36 19 0
-22 -10 30 0
-48 -1 13 0
43 19 -18 0
48 -29 -42 0
38 -48 -32 0
45 46 -28 0
43 -48 -46 0
-26 -11 2 0
21 -18 13 0
5 -29 4 0
24 -15 11 0
24 -39 15 0
46 -18 3 0
13 26 6 0
6 -12 -36 0
26 -21 15 0
-9 41 -19 0
19 -30 9 0
25 27 27 0
1 31 44 0
-49 28 25 0
12 -33 27 0
-9 -37 26 0
7 13 -34 0
-18 21 -6 0
47 -34 29 0
41 14 -6 0
36 19 -50 0
4 -20 22 0
32 -16 -18 0
-22 -33 43 0
44 1 7 0
-24 4 -24 0
16 13 -24 0
-28 -37 -49 0
11 -26 -5 0
-34 49 -36 0
-48 -17 -38 0
-31 -9 -34 0
45 -47 46 0
18 1 -15 0
48 -41 -18 0
-33 49 -23 0
-29 -35 44 0
-45 38 4 0
8 9 32 0
-31 26 -16 0
-6 -27 -6 0
18 -46 -25 0
-13 14 7 0
41 -7 -48 0
27 9 -31 0
15 -16 21 0
-12 -20 38 0
26 -18 -15 0
3 -25 35 0
-9 11 -38 0
26 -3 32 0
13 32 13 0
21 -27 -8 0
-49 -49 -21 0
37 39 -22 0
-19 -11 6 0
47 32 -1 0
-9 33 30 0
-50 14 -45 0
-34 -15 -10 0
50 -26 39 0
35 -40 36 0
42 14 4 0
-41 28 -9 0
50 -29 17 0
41 22 -35 0
-16 -50 29 0
-26 -43 -15 0
7 -15 -10 0
46 -36 27 0
4 18 1 0
-39 34 -6 0
30 -11 -16 0
15 -29 -36 0
-4 -46 41 0
-24 -19 13 0
-47 35 -48 0
25 4 42 0
19 -18 5 0
33 -9 -43 0
-17 28 2 0
5 33 8 0
-34 13 28 0
-5 -44 -25 0
-47 -6 40 0
21 40 -17 0
-23 -4 27 0
-19 45 2 0
-36 29 30 0
-6 -17 -24 0
-23 4 -32 0
-41 17 -25 0
29 -50 48 0
-22 -23 47 0
-41 23 38 0
-31 12 -44 0
-4 25 -21 0
22 -13 -1 0
-43 19 -4 0
18 11 -29 0
29 -36 -42 0
41 -45 -4 0
-35 -6 -37 0
-1 -30 41 0
17 -30 -17 0
24 3 2 0
48 -29 26 0
35 5 -33 0
-19 11 -13 0
-14 10 -33 0
-10 -23 38 0
16 -22 -38 0
-37 26 4 0
39 -43 42 0
29 -6 -10 0
-4 22 -2 0
-36 17 -16 0
12 8 -46 0
42 12 13 0
-20 35 -13 0
8 -22 -39 0
41 -24 50 0
-14 -23 -45 0
49 -37 -46 0
37 14 -15 0
-35 -10 -47 0
40 -36 11 0
-26 -33 23 0
-7 -36 -44 0
-13 -40 14 0
-33 36 44 0
-9 17 -41 0
37 -20 40 0
2 -1 23 0
-4 -7 18 0
