c CNF generator v0.9
p cnf 50 175
-45 50 -6 0
25 15 -13 0
7 5 -32 0
18 29 -3 0
13 -48 17 0
17 43 21 0
27 19 33 0
-37 -18 -48 0
25 32 -8 0
-45 12 -13 0
29 16 -20 0
-10 22 -11 0
23 40 9 0
-25 -13 -37 0
-22 25 15 0
-24 36 -10 0
-47 -38 -4 0
-7 18 27 0
-21 31 -7 0
-26 -39 -8 0
-23 -40 46 0
50 -30 10 0
-16 -30 -10 0
-11 37 -45 0
-39 -10 -34 0
-22 48 21 0
-30 -49 2 0
28 -47 7 0
-10 12 -18 0
-39 8 -13 0
-25 14 -35 0
21 27 23 0
36 -38 -50 0
30 -14 3 0
29 31 -43 0
-2 39 -23 0
21 13 -36 0
-50 32 -39 0
50 45 -26 0
21 -43 -27 0
50 -11 -18 0
-18 24 -36 0
-43 7 -34 0
-30 16 41 0
26 2 21 0
48 -3 -3 0
-10 -46 43 0
-14 2 37 0
-40 -39 20 0
-48 36 -42 0
24 -9 2 0
23 -46 28 0
15 40 -50 0
-38 22 20 0
-45 24 47 0
-18 -10 46 0
-31 -45 3 0
-31 -48 -47 0
-22 20 -24 0
40 -41 38 0
1 5 44 0
-39 31 -9 0
-2 2 10 0
37 47 -48 0
-18 30 49 0
7 -3 17 0
-20 -15 -19 0
38 -44 34 0
35 36 46 0
6 5 -31 0
37 39 9 0
-9 25 -33 0
43 17 -31 0
-39 -41 25 0
22 -34 46 0
-1 -18 44 0
-4 -12 9 0
-25 2 -48 0
23 48 -18 0
39 -38 -45 0
19 -20 -48 0
-35 -34 -24 0
21 -5 19 0
42 -35 -17 0
24 -40 34 0
-12 33 49 0
33 47 42 0
9 44 31 0
36 -18 16 0
24 44 11 0
-2 -33 -24 0
47 24 -6 0
-48 -2 -23 0
-34 40 -26 0
9 12 25 0
21 37 22 0
-15 -29 25 0
-10 -38 -34 0
-27 -23 -33 0
22 10 10 0
11 20 33 0
-23 -6 -47 0
32 -11 -8 0
-47 27 -22 0
-23 -37 -2 0
-38 -3 -36 0
-33 -47 -18 0
-7 -36 -8 0
-49 -50 18 0
5 10 -12 0
33 -48 20 0
-28 5 49 0
19 -44 -14 0
40 -39 47 0
-13 19 39 0
9 -24 -17 0
-46 21 -28 0
49 -27 8 0
-34 3 43 0
-8 19 34 0
6 41 15 0
-37 16 -43 0
50 17 14 0
-40 27 -41 0
-6 27 43 0
-34 26 38 0
1 34 34 0
22 8 4 0
-50 -15 -3 0
28 -40 -48 0
24 -8 -3 0
30 -47 -7 0
-4 13 -23 0
-11 -1 -23 0
23 -31 -48 0
5 -8 -15 0
19 39 -46 0
-25 10 -25 0
-10 -26 15 0
-27 46 3 0
1 12 -32 0
-37 19 -35 0
-5 -8 -30 0
-7 -50 -47 0
10 -43 -11 0
-2 5 -17 0
6 34 3 0
-24 -33 -16 0
6 15 -34 0
-20 -50 -48 0
-34 -45 -46 0
22 -19 -11 0
44 -26 -41 0
-9 18 -39 0
27 -8 21 0
35 -26 -10 0
-10 -48 -17 0
-5 -48 43 0
2 32 44 0
20 40 -28 0
-10 -16 40 0
27 -27 -27 0
-25 -32 23 0
25 33 -10 0
18 -17 -32 0
-26 -7 27 0
-45 -1 37 0
-34 42 -36 0
-7 -23 13 0
-17 50 17 0
22 14 29 0
7 -11 -34 0
-8 50 -9 0
22 15 -21 0
-47 -16 24 0
