c CNF generator v0.9
p cnf 50 175
-44 -15 39 0
-26 -43 38 0
35 37 -17 0
18 26 25 0
-34 9 11 0
6 -28 -49 0
28 29 -5 0
31 18 -23 0
11 49 26 0
-38 25 16 0
26 -3 45 0
-19 -1 4 0
18 26 -27 0
36 23 -29 0
33 41 -18 0
4 44 -5 0
22 49 -20 0
-42 -26 21 0
33 -31 48 0
-29 35 18 0
-9 -26 29 0
-27 -41 48 0
9 2 39 0
38 41 -18 0
38 41 -6 0
-40 15 34 0
46 -27 28 0
-24 -33 -42 0
3 11 41 0
39 -14 -21 0
-24 -48 1 0
17 -21 30 0
47 24 39 0
-6 43 43 0
23 -37 19 0
-38 19 -34 0
23 -50 -8 0
12 -47 25 0
-33 -44 46 0
34 44 38 0
-23 -27 -3 0
-16 -32 -48 0
26 18 -32 0
18 -7 -36 0
-13 -44 12 0
-23 38 37 0
43 -26 -49 0
-45 21 21 0
-15 -30 29 0
-10 47 -14 0
10 -8 -29 0
2 21 -44 0
4 -17 -36 0
3 30 36 0
20 -8 10 0
-30 42 -29 0
17 -49 -39 0
-17 39 37 0
-12 -18 -25 0
-35 -37 31 0
-21 -33 24 0
-20 44 -24 0
-44 38 31 0
10 3 -36 0
-28 28 10 0
12 -6 41 0
-37 1 -3 0
-12 8 -3 0
17 12 7 0
-27 20 -30 0
-16 -47 26 0
-49 39 14 0
27 27 -37 0
-45 -15 43 0
16 -6 7 0
-44 21 -5 0
20 1 27 0
9 -26 -34 0
21 3 24 0
-34 -43 -26 0
37 1 9 0
3 -36 36 0
10 -36 -48 0
6 16 33 0
-19 -26 11 0
11 -4 20 0
11 9 37 0
-7 34 -36 0
-46 50 -26 0
-36 -40 4 0
6 -25 23 0
-26 1 -10 0
37 27 19 0
33 49 23 0
-6 -32 19 0
-44 16 30 0
-23 9 -12 0
40 -20 -31 0
1 34 41 0
32 -20 9 0
-49 9 18 0
47 13 18 0
-42 -9 20 0
-26 25 -17 0
-17 40 16 0
-20 -43 -37 0
50 20 -23 0
-45 15 15 0
3 -41 2 0
-41 -25 -34 0
-20 35 -35 0
3 -42 -22 0
-13 26 30 0
11 -7 31 0
18 -36 35 0
45 -23 -5 0
14 -15 -26 0
-1 -8 46 0
42 -11 27 0
25 5 -15 0
-7 22 6 0
-42 19 18 0
-6 -50 5 0
-21 49 46 0
14 22 -2 0
-15 29 -10 0
15 -36 50 0
3 -47 -39 0
-41 -1 -19 0
-12 7 39 0
-1 -18 49 0
-35 -37 -7 0
-33 35 -36 0
-14 -4 19 0
35 18 -4 0
4 18 45 0
-35 46 -16 0
43 -33 -33 0
-16 -7 50 0
50 23 22 0
-43 2 -42 0
-29 -31 3 0
4 7 -35 0
-16 -36 18 0
44 29 42 0
23 -26 -17 0
-38 -6 29 0
33 44 -43 0
-41 17 10 0
-41 -27 -45 0
-14 -43 -12 0
-21 46 4 0
-48 28 12 0
-8 45 -45 0
-10 32 -3 0
9 21 -46 0
-46 -13 42 0
32 -18 5 0
-7 -42 44 0
17 23 19 0
4 -16 26 0
22 9 11 0
11 -13 -44 0
-22 26 -5 0
-5 44 21 0
46 -13 50 0
-22 48 4 0
-39 19 47 0
43 -47 -40 0
24 -2 41 0
6 -1 -23 0
-36 11 -2 0
9 50 43 0
26 -33 21 0
26 -41 24 0
