c CNF generator v0.9
p cnf 50 175
-44 -36 3 0
-10 19 11 0
45 -45 -9 0
23 -19 16 0
23 -40 11 0
-49 -18 46 0
-24 -18 21 0
19 -3 -28 0
9 3 2 0
-42 -36 -14 0
-4 50 21 0
44 28 -26 0
8 13 18 0
19 -42 -43 0
-39 -27 43 0
-19 -22 42 0
-12 2 48 0
44 -31 34 0
-11 -41 8 0
-21 -40 39 0
-7 30 14 0
-45 -5 26 0
46 -5 28 0
-30 18 -17 0
-47 23 -8 0
14 -3 33 0
43 -5 37 0
-6 6 34 0
23 -10 42 0
-37 39 -17 0
14 -45 14 0
-46 -29 -23 0
9 -32 -9 0
6 7 9 0
1 45 40 0
5 34 3 0
8 21 4 0
-15 -32 -20 0
11 -48 35 0
23 -28 20 0
36 -31 -23 0
23 38 -28 0
-17 41 31 0
-42 -3 -13 0
31 48 9 0
-16 27 27 0
14 29 42 0
1 3 -28 0
29 6 -22 0
-50 35 2 0
-31 -35 32 0
-19 43 14 0
8 36 16 0
8 -25 -20 0
34 -10 38 0
35 -3 23 0
-23 -5 14 0
-10 23 -33 0
21 -2 38 0
-27 -36 -42 0
22 33 13 0
-46 34 -4 0
20 16 -16 0
-2 -33 17 0
-31 28 -18 0
1 30 -4 0
-44 -27 44 0
-21 -21 -20 0
-13 -5 36 0
38 -22 -9 0
43 32 -50 0
13 6 -44 0
-30 -2 20 0
19 42 12 0
-42 -43 30 0
-3 -41 -4 0
12 47 13 0
5 10 -28 0
46 36 -2 0
15 -24 46 0
-15 -40 -24 0
-50 -11 22 0
-12 33 38 0
5 41 44 0
31 -12 3 0
14 1 34 0
16 38 5 0
-35 34 28 0
-5 -15 48 0
32 -42 -37 0
39 45 35 0
-42 -38 27 0
-15 -49 -34 0
-31 -29 -36 0
47 17 -47 0
7 -45 27 0
-42 -22 26 0
-9 -16 -20 0
36 -22 -8 0
33 -11 10 0
6 32 39 0
-18 -12 49 0
-48 43 16 0
3 -10 24 0
-9 -32 47 0
30 24 -41 0
-41 32 -15 0
-43 6 13 0
-41 -22 17 0
-29 -23 42 0
1 -16 1 0
-31 -39 -28 0
-30 6 29 0
34 -11 1 0
-22 40 10 0
-11 9 -34 0
44 38 37 0
44 -33 -14 0
-8 41 45 0
-3 40 -32 0
42 -7 -10 0
-39 41 17 0
-17 -46 -38 0
-17 -24 -9 0
34 2 -45 0
-26 -8 -8 0
13 31 -20 0
-45 47 -37 0
-24 -43 9 0
-17 40 43 0
5 -45 -2 0
-19 -44 9 0
45 48 -45 0
7 2 24 0
13 -36 -45 0
40 -37 6 0
-29 8 38 0
-37 -38 -36 0
-33 41 -8 0
-15 -45 23 0
43 23 -34 0
-20 7 -16 0
38 24 36 0
-9 8 41 0
50 26 14 0
31 33 -10 0
16 -26 48 0
31 -44 2 0
-22 1 -8 0
-2 29 16 0
7 -15 36 0
-32 5 -13 0
25 -35 14 0
-10 3 -47 0
-18 -24 7 0
39 16 23 0
38 -33 16 0
40 14 28 0
-27 -4 -50 0
20 -35 6 0
4 3 43 0
23 -41 -28 0
-24 2 38 0
7 38 39 0
-37 12 -13 0
25 45 35 0
-3 -14 -36 0
25 -49 31 0
-26 36 37 0
-34 46 16 0
-36 -26 31 0
-47 -23 -32 0
4 -16 28 0
36 -2 -20 0
33 -6 16 0
