c CNF generator v0.9
p cnf 50 175
-47 -12 34 0
-6 -6 -20 0
35 -22 -48 0
25 -6 18 0
5 12 -47 0
-38 -33 30 0
-1 13 34 0
14 -44 -50 0
30 -38 34 0
16 32 -17 0
16 20 -6 0
-18 42 41 0
30 -26 25 0
-44 -32 39 0
24 -7 35 0
35 46 46 0
14 1 -31 0
20 -29 -45 0
33 -38 -22 0
-6 -45 -33 0
-33 22 48 0
-12 -8 18 0
-24 23 17 0
46 16 -12 0
15 32 3 0
29 12 25 0
-46 -38 -4 0
-8 7 22 0
40 14 -28 0
-16 12 -40 0
26 20 -33 0
45 -49 48 0
-6 -10 12 0
1 -43 43 0
2 20 -19 0
-15 -20 -22 0
34 13 46 0
24 -33 -42 0
19 48 31 0
-14 -29 8 0
-23 -44 -30 0
-25 48 36 0
-19 -14 -46 0
49 -37 25 0
28 3 21 0
-44 42 -30 0
-43 17 28 0
17 -46 42 0
23 42 26 0
24 23 -22 0
48 -37 32 0
42 35 48 0
-22 31 -19 0
5 3 24 0
-30 -21 23 0
-30 -41 -10 0
17 -9 1 0
-36 -45 21 0
37 -4 19 0
-33 21 -2 0
40 -39 -48 0
45 -21 -38 0
-9 -3 29 0
-24 27 -15 0
-41 -30 42 0
-17 8 35 0
-7 15 46 0
33 3 12 0
-10 -40 47 0
-39 14 21 0
10 -2 26 0
41 -45 -34 0
25 -34 -48 0
-36 21 48 0
-45 14 -16 0
-43 33 -48 0
-15 -2 -3 0
17 -34 -6 0
23 -17 -9 0
-14 15 14 0
-3 39 10 0
-19 11 -3 0
29 46 26 0
-9 8 -12 0
25 27 10 0
50 15 -48 0
-23 18 -3 0
-15 21 -36 0
18 -48 7 0
-42 -47 -11 0
-5 12 32 0
15 -42 -29 0
-45 -25 -44 0
27 -22 -20 0
23 5 -9 0
-31 -42 -1 0
38 35 -36 0
23 3 40 0
-3 -15 49 0
39 -30 8 0
-12 -41 -5 0
23 32 7 0
-44 40 -49 0
29 -28 -50 0
32 4 16 0
11 -1 -41 0
-23 -10 -3 0
-25 38 27 0
17 -33 31 0
44 -7 -43 0
16 -28 -23 0
-36 25 50 0
36 36 -12 0
-13 21 -14 0
-14 33 14 0
1 -29 -13 0
42 -45 -11 0
-49 7 18 0
-9 32 35 0
35 -48 49 0
-16 -19 39 0
-30 -46 37 0
-5 -13 -40 0
-44 -29 26 0
17 -16 4 0
48 -26 -32 0
22 19 -10 0
-25 -17 41 0
5 6 -2 0
-15 -15 -16 0
18 44 18 0
21 -9 48 0
-35 -42 -50 0
45 45 -15 0
19 45 20 0
1 42 14 0
24 45 26 0
3 -15 17 0
-21 42 7 0
-39 31 16 0
-26 -46 -28 0
-40 -29 1 0
41 -24 -18 0
-36 12 -14 0
48 -46 -22 0
-44 6 2 0
-11 27 6 0
29 7 17 0
43 41 -37 0
-41 17 23 0
20 -24 47 0
6 18 19 0
34 8 -31 0
22 5 -47 0
47 -44 -6 0
40 -5 5 0
-39 19 -29 0
-33 19 20 0
7 7 26 0
17 -4 19 0
-3 -5 -16 0
-17 32 40 0
6 -29 1 0
26 -35 -7 0
-15 -6 -26 0
15 -44 -19 0
-18 25 -49 0
-48 -28 24 0
-41 -48 30 0
50 9 -28 0
-11 -17 -26 0
37 39 -28 0
49 -36 2 0
-27 24 11 0
28 29 46 0
