c CNF generator v0.9
p cnf 50 175
43 -41 15 0
20 -21 -17 0
-15 35 -18 0
-29 -40 -48 0
29 12 -23 0
-25 -9 -3 0
-28 24 -5 0
-30 -25 18 0
-26 -38 11 0
23 4 24 0
-37 -50 -22 0
-3 6 -3 0
-29 -7 -47 0
-47 45 32 0
15 -36 22 0
-26 -20 36 0
-16 -30 -1 0
-18 49 44 0
-41 36 -39 0
19 -30 -2 0
34 14 -24 0
-8 47 -44 0
14 40 -48 0
-3 -26 -28 0
16 48 43 0
-3 -34 -8 0
-28 39 6 0
39 43 34 0
8 -13 1 0
47 -7 -21 0
-43 32 46 0
-26 25 -14 0
7 27 -21 0
-27 -35 11 0
12 48 -3 0
-18 24 -13 0
-39 -46 41 0
-38 34 46 0
3 -30 -20 0
-47 19 19 0
-34 29 5 0
5 -4 45 0
45 14 -9 0
16 1 30 0
-12 2 15 0
31 -24 8 0
49 -28 33 0
26 47 43 0
46 21 14 0
-4 -43 -33 0
-9 -30 -42 0
16 -44 -21 0
-18 -29 -2 0
8 -41 -45 0
-10 43 -47 0
-48 43 46 0
8 -39 -4 0
43 23 15 0
-28 -47 -11 0
-36 3 -8 0
-23 28 -37 0
-14 -12 18 0
-14 -29 41 0
-44 -46 19 0
44 27 14 0
-30 -20 45 0
12 46 -30 0
-39 -47 4 0
47 -33 -27 0
38 -6 9 0
10 -3 46 0
-28 43 -6 0
14 50 25 0
-1 35 46 0
-21 25 -29 0
-46 -4 20 0
-45 23 -34 0
49 12 -7 0
17 31 41 0
20 31 -50 0
-14 27 -26 0
-1 -18 49 0
28 -18 -18 0
13 -15 -13 0
-6 -7 15 0
8 4 -2 0
-32 13 47 0
-42 -46 -31 0
22 -38 -45 0
4 28 35 0
-7 -49 -33 0
-10 -21 -32 0
-8 12 44 0
-15 2 31 0
-15 41 43 0
12 -44 11 0
-16 -7 -24 0
1 6 27 0
-16 -38 -6 0
47 47 -17 0
-12 44 17 0
17 -9 -18 0
-22 23 41 0
-1 -5 1 0
-38 -46 -45 0
7 -20 7 0
-29 47 -22 0
-27 31 -5 0
-25 32 -10 0
-17 17 -32 0
41 -34 43 0
41 28 -3 0
18 28 -13 0
-38 -14 26 0
-7 -35 -23 0
9 39 8 0
19 -32 4 0
44 -29 41 0
-7 23 32 0
19 -13 33 0
-12 23 -25 0
12 39 -16 0
-44 35 -18 0
30 28 31 0
31 -2 15 0
-34 -37 -12 0
34 -39 2 0
36 15 -38 0
5 5 48 0
-27 -32 -31 0
-29 41 13 0
-16 24 44 0
20 -4 2 0
-1 6 18 0
-43 -6 31 0
-41 -1 7 0
-10 -13 14 0
-39 -7 -35 0
15 19 48 0
-47 -50 48 0
-38 -46 16 0
-18 26 -49 0
-33 5 8 0
17 20 30 0
-50 -15 -28 0
-50 41 1 0
-9 6 -47 0
25 21 -48 0
-7 7 20 0
12 -16 48 0
-7 -2 33 0
-36 -20 -20 0
-26 -12 -46 0
-17 34 -29 0
22 50 18 0
37 28 19 0
41 -6 24 0
-10 14 -22 0
-27 21 -12 0
-26 42 -6 0
19 14 -48 0
41 -45 -34 0
-38 30 -1 0
48 23 13 0
-16 -27 -14 0
45 -37 -45 0
-25 -47 -48 0
-28 -4 14 0
-3 6 -18 0
-10 14 -18 0
-19 -43 23 0
-35 18 3 0
18 -25 -10 0
36 17 29 0
-37 40 44 0
