c CNF generator v0.9
p cnf 50 175
-8 29 45 0
23 -15 6 0
41 -24 -4 0
10 -49 -35 0
15 23 15 0
48 -28 -24 0
39 -14 20 0
-35 -42 27 0
-16 -38 -41 0
-39 -29 28 0
27 45 43 0
43 -47 -34 0
-32 32 -24 0
28 -22 22 0
-44 16 -4 0
-41 -5 20 0
-27 -24 15 0
-27 7 8 0
-18 -3 15 0
-37 -17 -8 0
-32 19 -18 0
17 25 50 0
1 14 15 0
40 16 13 0
-31 11 -11 0
-39 -25 6 0
1 -18 27 0
35 -8 -21 0
-34 -38 -11 0
-42 24 -39 0
16 -47 32 0
-26 -35 31 0
-47 -28 -7 0
25 42 -45 0
5 -8 24 0
11 -27 -46 0
-1 28 29 0
28 15 -26 0
-37 -50 11 0
-14 -3 -14 0
-11 -1 -37 0
42 13 23 0
30 29 49 0
-23 -17 -50 0
30 17 9 0
33 -33 -7 0
19 -31 8 0
-49 23 19 0
13 27 -41 0
-14 -43 -26 0
16 15 34 0
5 35 -19 0
36 -41 -10 0
20 25 -43 0
3 -43 -23 0
-38 7 -30 0
17 -21 -14 0
-7 2 -33 0
37 4 44 0
40 50 -11 0
-40 -40 -41 0
48 -33 -2 0
-30 37 22 0
-16 49 -48 0
46 -22 31 0
-42 25 -12 0
-44 -40 50 0
-47 42 1 0
47 -3 -28 0
-37 -6 -2 0
35 7 30 0
-49 50 21 0
-39 -3 25 0
-10 -36 -26 0
26 1 42 0
-1 24 -28 0
-42 3 34 0
-9 -47 18 0
22 33 -31 0
-1 30 10 0
-21 -23 -5 0
3 -30 -23 0
-9 -40 42 0
50 -36 -40 0
-7 -27 -16 0
4 43 -5 0
3 -15 40 0
-6 -43 -35 0
-31 45 -39 0
9 13 49 0
25 -14 21 0
-23 -17 21 0
-48 40 10 0
27 14 -18 0
-29 4 -35 0
42 -50 -43 0
42 1 -21 0
-47 -32 -14 0
9 48 -11 0
-36 49 -4 0
-7 -42 36 0
-15 -26 47 0
13 25 -28 0
10 5 6 0
-8 -28 -41 0
-6 -31 -27 0
-34 48 14 0
-13 44 46 0
38 -26 -3 0
-43 -45 -41 0
37 34 15 0
-20 19 41 0
-13 27 -5 0
-8 -24 33 0
-21 -28 10 0
13 26 -6 0
6 2 -28 0
34 49 42 0
-41 45 -8 0
32 30 -24 0
-39 48 -46 0
-27 -33 49 0
42 33 6 0
18 -25 38 0
14 37 16 0
39 6 -8 0
-10 -32 -26 0
27 -46 4 0
46 -6 50 0
-4 5 37 0
13 -15 -27 0
-12 11 3 0
-8 10 -39 0
-49 -29 -37 0
43 -41 -7 0
25 16 35 0
-12 -45 -12 0
36 34 -6 0
8 -22 22 0
41 -46 23 0
1 27 -15 0
-29 -9 22 0
3 31 -12 0
9 20 -1 0
-24 -29 47 0
49 33 -32 0
-50 43 -16 0
-15 -12 41 0
35 50 -12 0
-43 -29 14 0
-21 35 46 0
-30 -44 -5 0
-37 -48 4 0
-33 37 -39 0
4 -37 -18 0
-26 -28 14 0
-22 -46 -6 0
-13 -36 -35 0
18 -11 -32 0
45 15 -4 0
-44 -43 -39 0
33 23 37 0
-13 -5 -46 0
-40 19 -9 0
-35 17 -49 0
-35 19 -36 0
32 -42 -14 0
36 -4 -19 0
31 39 42 0
30 30 45 0
32 31 12 0
-48 -38 -3 0
-47 -2 -12 0
19 4 3 0
15 -24 42 0
