c CNF generator v0.9
p cnf 50 175
-41 12 13 0
-24 32 48 0
-13 -13 -23 0
-12 -50 23 0
3 -10 -18 0
-32 39 -20 0
-17 34 16 0
18 2 -12 0
-50 -46 -50 0
-34 -16 46 0
6 -2 -50 0
-25 32 -31 0
-36 -32 -3 0
44 30 46 0
-17 -34 31 0
-36 -31 -30 0
-28 16 -18 0
-41 32 -2 0
46 -32 -43 0
14 -1 3 0
-1 7 30 0
-2 -39 -48 0
6 -20 15 0
-36 -34 -34 0
-27 -8 -46 0
-16 -48 36 0
9 3 41 0
11 38 46 0
-23 -45 -5 0
-45 -19 43 0
-41 49 6 0
-20 36 12 0
-10 49 34 0
47 42 34 0
-33 -20 10 0
-12 23 -10 0
50 32 6 0
7 43 49 0
-35 22 -15 0
48 2 25 0
28 -20 38 0
39 49 12 0
-20 -9 22 0
29 40 -7 0
-45 -41 44 0
-39 -50 14 0
49 40 -27 0
-40 10 -8 0
-46 6 -45 0
-13 5 8 0
15 -50 1 0
9 -20 4 0
-29 19 50 0
-32 18 -2 0
-22 -30 -37 0
-45 42 48 0
-10 -18 -35 0
25 47 -16 0
11 -27 -32 0
-38 -34 -33 0
49 17 45 0
15 -34 -24 0
-39 -30 20 0
-9 42 -49 0
19 -8 -13 0
26 -17 -42 0
-32 -13 -7 0
-10 -24 6 0
-9 -36 2 0
-10 20 -45 0
9 -19 -11 0
-49 22 50 0
-9 -25 35 0
31 28 48 0
14 34 -23 0
20 7 -1 0
13 -49 44 0
18 -2 -4 0
-13 -46 39 0
-14 -31 -19 0
12 30 -10 0
-6 24 27 0
6 -11 35 0
-1 -22 2 0
1 45 -49 0
5 -32 16 0
48 -41 -22 0
50 50 -33 0
-38 -39 -48 0
-29 29 -9 0
-16 -12 26 0
-33 -47 4 0
20 33 -14 0
-16 40 -42 0
-39 -33 13 0
-47 9 18 0
-28 -28 27 0
-37 -21 47 0
41 -30 13 0
-45 -24 28 0
-8 -12 25 0
-13 30 36 0
5 6 -15 0
9 -44 -25 0
6 6 -3 0
-30 4 -49 0
-31 41 13 0
34 40 -47 0
26 26 11 0
38 -32 26 0
46 40 48 0
36 22 21 0
38 3 16 0
27 9 -28 0
-24 31 21 0
-6 -33 -45 0
29 20 15 0
-11 -18 -20 0
-24 -8 -41 0
33 10 35 0
8 -3 18 0
15 19 -25 0
-16 42 27 0
-19 -40 39 0
2 30 21 0
28 43 4 0
-35 -39 -28 0
48 -45 43 0
-15 17 36 0
8 -27 17 0
17 23 -38 0
-14 25 30 0
15 -20 29 0
40 3 -4 0
-5 3 17 0
-18 8 -30 0
30 -28 50 0
-26 -7 -20 0
-3 10 10 0
-27 -3 -37 0
-38 -24 -46 0
-45 -36 -27 0
36 -40 36 0
-37 -27 -36 0
-46 16 -13 0
4 37 21 0
-1 50 27 0
-38 -4 10 0
23 5 -13 0
24 20 32 0
35 -23 -14 0
24 9 -37 0
-29 28 21 0
-11 -35 14 0
-13 30 5 0
-13 17 -19 0
5 -2 48 0
-4 -14 16 0
46 -11 -42 0
-9 28 44 0
36 -3 50 0
6 36 -28 0
-46 -25 -8 0
-10 -32 23 0
-32 14 23 0
-30 6 -11 0
-37 35 -45 0
5 -41 22 0
29 -13 10 0
-23 -2 33 0
4 24 40 0
-24 -14 13 0
-42 -36 1 0
-41 11 -19 0
38 -11 31 0
