c CNF generator v0.9
p cnf 50 175
-2 -8 -48 0
34 -36 49 0
37 -13 -31 0
-11 21 26 0
-47 46 25 0
-23 29 49 0
-27 -24 -7 0
-2 -11 27 0
48 18 -25 0
-50 -29 25 0
-45 23 -31 0
-40 31 -24 0
-28 -18 -49 0
24 -29 -42 0
-40 35 -34 0
35 -37 -19 0
-25 -5 -46 0
-19 -15 13 0
-12 49 24 0
5 -2 29 0
30 34 37 0
14 5 34 0
-2 45 40 0
32 16 -1 0
5 -40 9 0
-15 -16 27 0
-29 15 1 0
-13 -38 -21 0
-42 -23 22 0
-11 -3 34 0
12 -19 42 0
-44 -14 -21 0
7 1 -49 0
38 -24 -37 0
-33 -25 -33 0
-45 -18 -43 0
33 -38 11 0
-19 9 -16 0
21 49 46 0
18 -17 -40 0
-16 18 22 0
16 8 -9 0
-32 -24 21 0
-19 -7 21 0
40 36 -43 0
24 47 30 0
-6 -6 1 0
-3 -4 17 0
-15 -50 -9 0
-29 -33 33 0
23 -20 7 0
41 20 2 0
40 10 32 0
37 -39 -18 0
48 -28 37 0
-19 33 -30 0
-10 -8 -12 0
-19 7 -22 0
-40 9 -45 0
-35 -3 -46 0
44 -40 -48 0
-1 7 15 0
16 6 19 0
7 40 36 0
31 14 -42 0
-16 -1 32 0
-35 28 -30 0
32 -22 44 0
48 -13 -21 0
35 25 6 0
49 36 19 0
-17 -15 -14 0
19 -49 5 0
-36 44 42 0
-34 -14 34 0
-1 -15 9 0
26 -15 -46 0
-42 9 -34 0
-45 -38 -1 0
-30 -33 -50 0
12 -23 23 0
15 8 50 0
-14 -7 -50 0
35 45 38 0
1 -21 23 0
31 -49 -22 0
-31 -49 -26 0
-46 -2 -18 0
-29 -12 -46 0
8 6 35 0
-41 22 -8 0
-38 -6 -7 0
43 -35 5 0
40 28 -35 0
42 38 10 0
36 31 -47 0
36 -35 -32 0
50 -21 -19 0
30 -30 -25 0
-28 33 13 0
42 43 -21 0
-19 -13 23 0
-28 -34 2 0
49 -5 -41 0
9 -49 46 0
26 -3 -26 0
4 3 9 0
49 -49 -30 0
43 1 48 0
38 -3 22 0
-22 2 36 0
-22 -29 -50 0
-12 -14 -37 0
25 34 -24 0
10 -25 23 0
31 -28 -35 0
42 -19 26 0
15 -47 -28 0
-50 -46 -41 0
-28 -32 -21 0
-35 -43 -48 0
4 -22 14 0
16 -23 11 0
20 19 -28 0
1 -4 12 0
24 -2 -24 0
-38 -37 34 0
27 38 41 0
-6 47 41 0
-36 -2 -14 0
46 -5 -44 0
35 -5 -21 0
25 -7 -14 0
50 40 25 0
24 -1 44 0
-42 33 -38 0
-48 -44 -8 0
50 -13 3 0
-34 1 22 0
19 -41 -48 0
41 -46 -40 0
22 32 38 0
33 7 -46 0
-33 -31 37 0
21 -37 -31 0
44 -25 18 0
35 -36 44 0
9 42 12 0
-43 13 14 0
-9 -31 -27 0
-38 -39 2 0
-16 -49 -23 0
49 4 -31 0
33 6 -13 0
-7 25 42 0
19 34 -11 0
-39 26 21 0
-27 34 40 0
32 -15 -10 0
29 41 24 0
10 -27 14 0
-37 -6 16 0
9 -48 27 0
-25 19 -33 0
18 -30 -40 0
-30 48 43 0
41 -31 25 0
-16 11 -46 0
28 5 -41 0
-50 12 9 0
-26 12 15 0
-3 -13 23 0
41 -32 -46 0
19 -30 -16 0
-29 -5 14 0
