c CNF generator v0.9
p cnf 50 175
44 18 47 0
-11 8 -40 0
-38 29 -4 0
-43 18 -32 0
2 37 10 0
38 -42 34 0
2 -10 -38 0
-10 23 -30 0
50 -47 -40 0
-11 -46 36 0
-42 19 -47 0
-45 -11 35 0
-17 -41 6 0
-20 -36 -22 0
-5 -15 -49 0
17 -33 -23 0
35 35 -10 0
-9 -47 -14 0
-44 21 -34 0
-2 42 -31 0
1 1 -7 0
-31 -37 -28 0
-14 -10 31 0
46 20 36 0
9 -23 -5 0
42 31 -8 0
47 -46 21 0
-47 -36 11 0
24 33 -46 0
-47 28 7 0
-21 -35 -18 0
-41 -49 39 0
-42 44 48 0
-19 13 -38 0
-34 17 1 0
-37 -33 17 0
22 32 20 0
18 11 4 0
-44 -24 -37 0
21 -46 -16 0
-26 27 -1 0
-29 -3 -20 0
35 27 12 0
-3 -23 -17 0
35 -20 2 0
-11 38 40 0
17 -7 10 0
-3 -50 25 0
43 37 -30 0
-16 31 -37 0
38 -35 -10 0
-50 2 34 0
29 -23 -49 0
41 -14 30 0
-32 -44 21 0
4 43 49 0
-46 46 -23 0
-50 24 18 0
15 28 20 0
-32 29 42 0
-13 10 19 0
-8 30 46 0
-7 16 40 0
9 37 -10 0
-6 -4 -19 0
-11 31 31 0
13 -47 -22 0
-31 -14 -10 0
-26 -19 -13 0
2 10 20 0
-45 -40 7 0
43 -18 37 0
9 1 2 0
-27 -42 -41 0
24 18 -14 0
21 -28 36 0
-19 26 48 0
11 8 -12 0
-6 -43 36 0
-22 50 4 0
10 -39 1 0
-20 -16 -5 0
33 40 1 0
8 -16 -7 0
23 -46 18 0
-3 -21 10 0
32 20 2 0
44 4 -9 0
50 6 -13 0
-47 33 -1 0
-37 -41 -2 0
15 35 41 0
43 -49 6 0
-21 -32 18 0
-40 4 -35 0
23 -17 -14 0
29 12 19 0
41 -38 -50 0
-38 -8 -48 0
25 -9 -49 0
-6 -29 -18 0
-23 -21 -42 0
-29 -21 26 0
-35 -18 -17 0
-16 2 -29 0
5 25 42 0
-39 -25 16 0
-28 41 -13 0
29 -5 -12 0
-12 24 -13 0
-9 -15 43 0
-46 -37 31 0
14 -40 23 0
42 49 28 0
39 46 -30 0
-37 3 14 0
-45 12 -44 0
-16 -24 -19 0
18 4 12 0
-43 48 35 0
9 13 -11 0
-31 40 -40 0
39 17 38 0
-10 -29 36 0
-41 -34 -15 0
24 6 -41 0
-34 28 19 0
6 45 17 0
47 -37 -32 0
16 41 4 0
-20 2 -37 0
31 -39 -30 0
21 9 16 0
46 -47 16 0
-12 -9 8 0
33 29 -42 0
-32 -31 -8 0
25 -8 13 0
4 -17 -32 0
41 -36 40 0
8 35 18 0
-3 -47 -31 0
-16 40 27 0
41 -24 4 0
-15 16 -28 0
-12 20 -40 0
-11 6 9 0
31 39 -28 0
16 -35 -21 0
-24 1 4 0
28 -48 -45 0
-28 -29 -24 0
-13 23 -37 0
2 -13 -47 0
-17 31 -46 0
-18 -43 31 0
-6 49 -31 0
-40 -33 -10 0
16 14 35 0
5 1 4 0
32 4 40 0
24 24 23 0
13 15 -18 0
-27 -12 35 0
49 -1 34 0
-3 20 39 0
-29 -34 20 0
-42 35 46 0
40 -10 29 0
-38 9 -20 0
14 -18 -44 0
14 37 38 0
26 -4 16 0
8 3 40 0
-15 -22 49 0
