c CNF generator v0.9
p cnf 50 175
40 20 -35 0
-1 -6 -26 0
9 6 47 0
-2 -48 10 0
23 -9 -27 0
25 34 5 0
-14 -49 -37 0
-50 38 41 0
35 -11 31 0
-48 29 -12 0
-11 3 4 0
7 4 48 0
-17 -14 -46 0
10 10 -32 0
-16 -31 29 0
-9 5 27 0
8 -9 -15 0
6 -29 -48 0
12 31 43 0
38 -20 -43 0
-26 -46 -39 0
-50 -17 -45 0
23 -29 2 0
43 -17 5 0
-23 25 43 0
12 -20 30 0
-50 16 9 0
-8 20 34 0
-45 -46 -41 0
3 47 35 0
-41 -38 -39 0
8 -32 40 0
-31 -26 -38 0
28 13 17 0
-45 -47 46 0
-37 -16 -32 0
32 -10 40 0
14 -32 13 0
37 -23 -47 0
-32 -12 20 0
36 22 46 0
16 23 -30 0
-32 -48 -49 0
2 29 42 0
-47 12 -24 0
4 -44 12 0
17 11 32 0
39 -2 12 0
35 47 8 0
-22 -42 37 0
21 17 32 0
23 -45 8 0
-40 14 42 0
-16 25 49 0
48 -30 -22 0
-29 21 -26 0
39 -4 -35 0
37 48 -47 0
-8 4 -42 0
-22 43 29 0
-50 43 -36 0
38 -43 -34 0
15 29 4 0
-44 -14 30 0
13 8 39 0
42 -46 50 0
-50 43 -21 0
15 14 -9 0
-32 32 26 0
34 -1 42 0
11 34 -37 0
48 -27 -28 0
36 -19 16 0
37 39 -47 0
-24 22 49 0
-26 43 -21 0
46 -9 -5 0
-22 -33 -39 0
-39 -41 15 0
-25 36 -41 0
-14 -37 -40 0
-23 46 45 0
6 45 -2 0
17 24 -36 0
4 29 -29 0
39 34 -8 0
4 20 26 0
-27 -21 -17 0
-35 -25 -19 0
32 -33 29 0
7 45 -36 0
-33 -36 10 0
-11 -10 -35 0
31 -29 8 0
29 -48 14 0
-15 49 -16 0
14 48 -46 0
27 20 10 0
16 -20 29 0
-47 33 -43 0
-24 -17 27 0
-16 9 -35 0
-6 -8 -24 0
3 41 -3 0
-25 -34 37 0
-9 -45 -7 0
22 7 -13 0
3 50 10 0
-14 6 34 0
30 -1 49 0
-5 -41 16 0
49 20 24 0
-45 1 -8 0
31 -3 -36 0
-47 41 8 0
-8 -35 9 0
39 -2 6 0
-48 36 -41 0
6 5 -36 0
23 14 -25 0
9 30 -11 0
-6 -1 46 0
45 39 39 0
-9 42 5 0
-45 -7 14 0
-3 21 50 0
31 -7 -17 0
-27 49 -6 0
7 -48 -20 0
2 -3 24 0
-49 -13 10 0
-12 -33 -46 0
6 20 -34 0
-14 25 -12 0
24 -31 -24 0
25 -48 -49 0
-45 14 43 0
3 -17 21 0
-22 15 24 0
1 -40 50 0
25 -13 -47 0
-22 -14 -17 0
-3 25 -31 0
-32 -23 49 0
-9 16 -16 0
21 10 26 0
10 -23 28 0
16 -4 29 0
41 -1 -15 0
-11 -1 -42 0
35 13 -36 0
46 48 -39 0
45 40 13 0
13 -50 -50 0
-10 -50 -49 0
13 -8 49 0
-45 -34 -3 0
-46 34 -26 0
-32 44 -5 0
-33 -48 -30 0
-8 33 -43 0
13 25 8 0
-14 -2 -18 0
-9 -40 37 0
-26 24 13 0
28 29 45 0
-27 -3 -39 0
38 -11 -40 0
40 21 15 0
-42 12 49 0
38 -26 35 0
-7 34 48 0
-34 -39 -30 0
37 -13 -43 0
41 45 37 0
