c CNF generator v0.9
p cnf 50 175
34 -7 -17 0
48 -2 -17 0
-38 -10 27 0
3 10 -48 0
-33 -46 -7 0
-18 47 43 0
5 16 6 0
50 41 26 0
37 -5 -1 0
-49 24 -8 0
-21 20 47 0
13 42 -21 0
17 8 -49 0
-36 -24 -18 0
-49 23 -24 0
-42 -2 38 0
-27 27 -33 0
-2 36 -30 0
42 -22 50 0
12 -9 32 0
11 -27 -3 0
-33 37 -35 0
-47 -15 43 0
20 -15 -33 0
27 -35 -39 0
-18 -29 -24 0
37 -43 39 0
-41 25 45 0
5 25 -44 0
-2 -21 -22 0
26 30 10 0
25 -33 -23 0
-5 -39 -26 0
8 -26 12 0
-44 21 12 0
-16 -2 9 0
-26 6 -46 0
5 -49 -15 0
-25 -8 -44 0
-45 30 22 0
50 5 24 0
32 -20 50 0
-25 -13 7 0
-29 -35 32 0
23 -24 -17 0
-6 -11 -18 0
-7 12 28 0
-34 5 -14 0
46 15 -39 0
23 -38 -28 0
-37 -1 -22 0
-10 10 -36 0
-29 -46 47 0
25 -16 -6 0
10 -19 11 0
-44 -29 -50 0
6 1 27 0
-30 23 43 0
-1 50 -50 0
-18 14 12 0
-31 22 5 0
-20 15 20 0
40 -18 -5 0
44 -10 -25 0
-42 34 -18 0
9 -41 -19 0
40 -20 -30 0
7 8 21 0
-11 29 -10 0
-35 -12 25 0
-30 -36 -43 0
50 33 -7 0
-48 38 42 0
-44 -48 19 0
48 12 29 0
-23 -45 39 0
28 45 46 0
32 35 -39 0
-46 -35 15 0
44 -50 31 0
45 -2 17 0
-45 -17 2 0
-7 2 16 0
28 -50 -14 0
-46 -4 -19 0
44 -1 -27 0
-29 -19 36 0
-6 -5 -26 0
29 7 27 0
47 -47 -33 0
26 17 -38 0
39 18 17 0
-3 -38 34 0
-19 -22 -15 0
12 -1 6 0
-31 24 -1 0
30 -44 21 0
-43 32 -42 0
-30 37 7 0
-45 44 9 0
43 -8 -11 0
-7 -28 -49 0
-29 12 23 0
2 -30 45 0
-20 -7 -43 0
-25 -38 -3 0
27 23 13 0
41 -29 -50 0
48 11 40 0
-32 -15 -25 0
-4 29 49 0
11 -25 -11 0
27 6 -40 0
3 -43 2 0
47 -29 34 0
17 -47 -12 0
7 -26 48 0
-20 -6 26 0
31 43 -21 0
-28 -31 28 0
11 -49 -13 0
-43 -39 6 0
-24 -26 -26 0
26 -49 -38 0
-9 45 31 0
-33 30 -3 0
22 40 45 0
-49 9 -22 0
-27 9 -23 0
-40 -17 -3 0
3 -36 -47 0
40 -23 -5 0
-24 -31 -12 0
10 -42 -15 0
26 11 44 0
37 -18 21 0
-48 -32 -31 0
-28 -24 20 0
-50 12 -28 0
-43 9 -15 0
46 10 45 0
7 15 -6 0
-27 -42 32 0
47 -10 11 0
-45 -43 5 0
46 46 -11 0
25 -26 2 0
-39 -42 -6 0
-44 3 -10 0
5 12 -49 0
40 -18 26 0
50 -3 -15 0
-46 13 37 0
28 -17 30 0
39 19 46 0
9 -25 35 0
-31 -31 10 0
-8 -45 49 0
-33 32 -43 0
-8 -49 -8 0
-23 -1 6 0
-46 -9 35 0
-35 5 -28 0
16 7 3 0
-44 36 -11 0
8 -30 -29 0
-39 7 48 0
-4 -1 9 0
-33 -32 34 0
-29 -42 -39 0
-23 23 -5 0
17 -15 36 0
18 -39 41 0
18 39 7 0
35 -24 23 0
