c CNF generator v0.9
p cnf 50 175
-24 -42 17 0
-24 45 -32 0
-32 37 -23 0
-22 21 28 0
48 33 34 0
31 -37 -23 0
29 9 9 0
8 -19 -9 0
46 -11 9 0
-36 -28 10 0
-7 -36 44 0
-15 18 7 0
32 -18 -23 0
34 -27 50 0
29 23 11 0
27 -9 6 0
-12 -19 -10 0
-20 18 -9 0
20 30 36 0
22 50 -14 0
-39 -32 14 0
-33 -30 -14 0
23 9 20 0
-18 -8 -43 0
-36 -19 47 0
26 -27 -50 0
10 19 -14 0
-39 -15 4 0
-31 -20 3 0
-5 4 8 0
-18 -17 12 0
47 9 30 0
19 -25 -33 0
-42 41 -30 0
-16 27 -32 0
-47 -33 -17 0
24 20 27 0
-37 23 -19 0
-12 49 31 0
-41 47 -15 0
-8 39 -20 0
25 -12 35 0
16 36 -16 0
32 6 10 0
-21 -1 -14 0
42 -21 13 0
-13 44 -17 0
22 31 18 0
-20 -27 21 0
-33 -5 -41 0
48 8 40 0
12 16 38 0
23 -18 22 0
35 49 48 0
38 36 -49 0
-47 23 10 0
39 17 -7 0
16 11 27 0
35 2 29 0
24 -38 -1 0
13 6 -43 0
-20 29 49 0
13 37 11 0
-25 -33 -25 0
35 -33 -9 0
40 49 20 0
-29 -27 -32 0
-31 -34 13 0
-37 -22 15 0
-9 26 14 0
-1 12 -16 0
-38 -16 -42 0
-34 28 -22 0
-3 11 -28 0
-17 -23 -31 0
-5 -36 35 0
-19 -50 -26 0
-15 1 23 0
-18 -17 -1 0
36 49 1 0
10 -39 39 0
-24 22 -13 0
-13 -12 -44 0
47 6 -35 0
29 32 -35 0
-39 19 -37 0
-43 34 -31 0
-25 -2 -3 0
42 -47 4 0
-42 22 46 0
10 -7 -13 0
-42 -4 21 0
-46 -25 22 0
-30 20 25 0
-24 -6 -41 0
-27 49 7 0
-28 -26 -44 0
21 -43 -16 0
-49 43 -21 0
38 -48 -30 0
4 -38 -34 0
-9 -27 49 0
4 -38 22 0
5 45 -8 0
37 -46 24 0
-14 -25 10 0
47 25 -5 0
-32 -29 40 0
-28 37 -37 0
31 -45 -14 0
-15 -20 20 0
33 33 50 0
-22 48 7 0
-43 46 -41 0
25 -10 -49 0
-40 25 -42 0
-47 -18 -7 0
-11 -45 15 0
-32 -27 10 0
-40 -43 48 0
-8 -15 36 0
-14 46 -16 0
41 -32 46 0
-47 46 46 0
-4 31 -32 0
40 45 49 0
8 44 46 0
18 1 -32 0
-46 43 36 0
-30 10 41 0
43 -42 -36 0
-24 26 21 0
19 -42 5 0
-9 -29 -38 0
3 -13 46 0
-22 -14 37 0
-8 -23 21 0
-41 8 6 0
44 16 -23 0
-21 -11 -23 0
16 -7 27 0
-1 -1 25 0
23 -41 50 0
1 -1 7 0
-48 16 40 0
-37 -43 36 0
20 -4 -23 0
-29 -35 -17 0
29 40 -12 0
-17 -25 14 0
11 -43 -7 0
46 -10 -18 0
-8 6 27 0
-47 -6 -34 0
-3 -36 -8 0
-23 48 32 0
-25 -33 -6 0
22 28 9 0
45 -38 -4 0
6 21 -4 0
-25 36 23 0
-30 36 -24 0
24 32 -23 0
-29 -24 40 0
49 24 -16 0
49 -38 -47 0
-13 -32 22 0
23 -48 5 0
50 10 24 0
38 23 -18 0
24 45 -18 0
27 35 -42 0
-36 -26 -3 0
-15 32 -30 0
40 41 -35 0
