c CNF generator v0.9
p cnf 50 200
43 25 -46 0
22 -40 -43 0
-26 15 43 0
-41 49 -10 0
14 35 -34 0
2 -42 4 0
30 29 -43 0
-31 34 -10 0
-26 -22 15 0
-29 16 12 0
47 -4 5 0
28 -38 49 0
41 -47 33 0
37 29 -16 0
-41 23 -29 0
-38 -5 32 0
41 17 42 0
19 37 -48 0
-5 -17 11 0
49 -26 -19 0
24 12 -14 0
20 -7 -18 0
28 26 -40 0
-47 4 4 0
3 -30 -50 0
32 29 43 0
-6 -6 -32 0
32 14 20 0
39 -16 -42 0
-20 -15 -20 0
-9 12 47 0
25 9 -7 0
39 -13 31 0
11 15 -31 0
-29 9 -6 0
-29 37 45 0
-13 8 -13 0
34 -49 33 0
-23 26 1 0
46 -3 -23 0
44 -48 39 0
18 16 -11 0
-2 41 11 0
22 44 -42 0
-18 -24 48 0
2 4 9 0
-24 46 -16 0
-9 47 31 0
38 19 40 0
-43 -33 -8 0
-26 41 48 0
22 -27 44 0
-22 24 48 0
-26 -7 3 0
32 7 25 0
-18 -32 -45 0
-7 14 7 0
-38 35 -36 0
-42 -16 -12 0
-30 -22 45 0
28 14 18 0
48 8 -21 0
34 -44 -18 0
-48 -19 3 0
-43 47 2 0
-28 29 -39 0
-43 -16 12 0
32 14 7 0
2 -38 -34 0
-25 -15 -24 0
42 34 -46 0
38 -29 42 0
27 7 45 0
-40 -26 -22 0
-45 4 -4 0
5 -26 10 0
18 -49 -3 0
37 -9 -24 0
-48 -39 41 0
49 43 -31 0
12 23 -23 0
-13 6 -24 0
-5 32 1 0
-14 13 43 0
20 45 -5 0
1 -20 -44 0
39 -25 32 0
23 -15 41 0
-48 -26 49 0
9 -8 14 0
41 -35 26 0
-15 -27 30 0
-1 25 -43 0
-12 30 14 0
32 50 4 0
-26 1 -37 0
25 6 23 0
21 31 -39 0
6 36 -15 0
-24 47 27 0
23 -33 7 0
-7 4 -33 0
22 -25 -14 0
1 15 24 0
8 -35 40 0
49 22 -31 0
21 30 14 0
39 -42 -8 0
-19 -35 32 0
-4 -30 19 0
-29 -45 -32 0
9 25 8 0
-28 19 39 0
41 -3 16 0
3 19 -24 0
43 48 30 0
-5 -35 -31 0
-46 27 23 0
-47 -45 33 0
14 -49 21 0
38 -33 9 0
35 -30 25 0
-15 7 46 0
29 -16 -6 0
-44 19 47 0
-33 17 -45 0
8 -11 7 0
-2 35 29 0
28 -30 36 0
-10 -47 26 0
-21 -48 -39 0
44 37 -17 0
-27 -10 44 0
-19 32 40 0
-43 -10 -3 0
-18 -46 32 0
4 37 -40 0
-43 -38 21 0
-17 -41 15 0
-31 -37 49 0
-35 -1 -37 0
-11 13 14 0
-35 16 -3 0
-41 -42 -1 0
-20 -12 12 0
-17 -34 -33 0
-48 -6 8 0
39 16 49 0
-15 48 -40 0
16 -24 -18 0
-41 31 -4 0
-9 46 -30 0
5 11 35 0
-10 -15 -50 0
-39 -23 -46 0
-23 -45 22 0
40 45 -7 0
-37 15 20 0
-9 45 -20 0
-22 -10 33 0
18 -3 10 0
20 24 -14 0
-28 22 37 0
8 -40 11 0
-1 -30 3 0
-27 -15 7 0
-23 -27 43 0
-24 -13 -29 0
-24 -46 -45 0
-19 -23 40 0
-47 38 -5 0
1 -25 -4 0
45 -11 -27 0
49 21 15 0
28 46 27 0
22 2 29 0
48 -21 -32 0
32 9 5 0
-22 41 29 0
-41 -46 -28 0
30 35 -32 0
-47 -11 -7 0
45 39 43 0
-48 -32 45 0
37 -24 -47 0
-3 -21 -2 0
-15 2 -44 0
49 20 25 0
-19 -39 47 0
47 -47 -5 0
42 -34 19 0
27 37 43 0
27 9 5 0
-9 14 -1 0
37 48 32 0
-10 -46 50 0
30 41 -20 0
-7 -1 -49 0
-24 12 -42 0
43 28 -43 0
