c CNF generator v0.9
p cnf 50 200
18 -9 43 0
43 9 42 0
-22 42 47 0
37 5 43 0
9 15 -8 0
-48 -6 -37 0
-39 -41 -34 0
-20 -35 42 0
38 27 40 0
26 40 -24 0
-47 -30 22 0
-19 -32 -15 0
30 20 -15 0
36 -43 49 0
-43 -41 -26 0
42 -6 38 0
-1 1 -14 0
20 -39 2 0
27 -5 -47 0
-13 32 -29 0
27 15 19 0
46 39 33 0
45 -19 16 0
-15 -47 -18 0
-27 -4 19 0
-33 -45 -28 0
-25 -44 13 0
10 13 50 0
6 38 -26 0
-21 1 18 0
-28 -50 31 0
-14 28 -31 0
-45 30 11 0
19 48 -34 0
8 2 -14 0
37 -1 16 0
-35 -15 9 0
2 -46 -42 0
-36 -35 12 0
8 10 16 0
20 -14 50 0
-3 -41 -45 0
-46 23 -1 0
16 -42 15 0
18 -47 48 0
-29 36 32 0
47 41 -8 0
-3 -4 11 0
-3 2 -32 0
41 -21 -45 0
-45 -34 -1 0
29 -45 17 0
42 -29 2 0
-5 23 15 0
-3 -44 4 0
-20 -20 12 0
-49 -43 -50 0
38 16 22 0
40 -23 10 0
-12 17 -23 0
-13 16 -1 0
33 25 -14 0
-23 19 28 0
8 -13 -29 0
-47 35 -31 0
43 8 39 0
-42 10 11 0
35 -29 3 0
14 35 26 0
44 -48 42 0
-19 33 20 0
1 5 19 0
-47 -39 -20 0
34 25 4 0
41 25 -17 0
-28 17 -44 0
-50 16 30 0
-47 -18 26 0
-7 18 41 0
21 -46 -32 0
37 17 49 0
21 43 -17 0
-39 -25 -25 0
46 25 48 0
22 15 -39 0
-13 -32 36 0
-13 35 39 0
-44 -26 -23 0
17 12 30 0
-8 -9 49 0
32 -27 -44 0
-27 19 -13 0
-13 -23 -21 0
15 -3 28 0
-48 36 -15 0
-37 -32 -35 0
-4 -30 -35 0
48 -35 -25 0
-50 48 -46 0
-28 3 32 0
-3 3 -34 0
32 2 16 0
-11 43 20 0
-44 16 -41 0
1 -42 -31 0
3 -20 -3 0
-48 40 -41 0
-24 43 -42 0
46 -4 20 0
-32 -35 42 0
48 21 -2 0
24 -21 1 0
-30 6 -47 0
50 -14 -25 0
-10 -24 27 0
26 44 20 0
46 -20 16 0
32 -18 -40 0
23 -18 25 0
13 -19 44 0
-21 -4 -18 0
38 48 3 0
-25 10 -34 0
21 35 -40 0
2 -32 33 0
28 42 29 0
9 -6 17 0
29 27 -44 0
-31 -47 35 0
-18 26 40 0
-35 -20 -24 0
12 -17 -45 0
-42 50 10 0
18 8 26 0
-33 7 18 0
17 -1 -29 0
-44 -2 41 0
42 -36 30 0
-4 10 10 0
-9 30 18 0
-35 -39 -10 0
-8 32 24 0
45 -39 -47 0
18 1 -3 0
-48 -31 -50 0
-20 8 -38 0
-40 -49 -15 0
-7 -26 10 0
28 6 -33 0
3 39 42 0
-14 -15 4 0
-34 7 45 0
5 -13 -48 0
38 -44 -48 0
-24 9 -30 0
10 35 15 0
-20 24 -29 0
-10 -23 -39 0
-46 -44 18 0
25 -16 -40 0
-38 28 41 0
-25 -3 50 0
28 -24 41 0
-49 34 49 0
-23 -10 -9 0
6 12 22 0
-23 -8 -11 0
-7 -4 -41 0
-44 -3 40 0
-47 -14 -41 0
-29 46 22 0
14 12 -10 0
-29 -33 7 0
-5 -43 -28 0
46 22 -8 0
-26 6 4 0
-23 -5 32 0
-18 -5 48 0
-35 -2 47 0
-50 -42 11 0
-2 -23 -40 0
27 43 46 0
29 -46 26 0
-19 12 -50 0
15 30 -2 0
3 -27 41 0
15 -44 39 0
33 31 -4 0
44 20 -49 0
27 -36 46 0
18 8 8 0
-25 1 -17 0
31 -38 28 0
18 -30 -24 0
48 9 -9 0
-22 -48 -2 0
8 -11 20 0
36 8 20 0
27 -6 8 0
43 28 13 0
