c CNF generator v0.9
p cnf 50 200
-9 30 8 0
-1 -18 32 0
20 -50 46 0
-34 -46 -24 0
-25 -31 -7 0
32 34 45 0
-34 -8 -45 0
-27 37 -8 0
19 -22 -33 0
39 -1 -23 0
-17 -38 2 0
-16 3 44 0
-4 -48 5 0
23 32 -49 0
-20 7 -47 0
26 -15 40 0
50 14 -5 0
42 -40 -7 0
27 19 -22 0
33 -19 -23 0
37 13 -43 0
32 -35 34 0
20 -37 45 0
-23 31 -34 0
-13 11 -2 0
-36 -2 26 0
-4 -27 6 0
-20 29 -25 0
38 19 -44 0
41 41 15 0
-41 -19 -28 0
48 10 -37 0
19 50 -25 0
43 27 -45 0
50 7 -45 0
35 -8 -16 0
-40 33 -30 0
24 27 49 0
-12 12 -39 0
-15 -50 28 0
40 18 5 0
35 23 21 0
-6 -12 28 0
-20 -27 2 0
7 35 4 0
-45 7 1 0
-27 -16 -2 0
35 -1 -18 0
15 29 27 0
41 34 50 0
-43 -30 9 0
-16 38 -31 0
22 -17 37 0
-6 4 -40 0
50 -4 20 0
-13 -43 -16 0
-25 -29 37 0
-42 2 -50 0
16 38 48 0
-28 -7 -26 0
4 30 38 0
-36 -26 -17 0
-46 8 5 0
27 22 14 0
45 -7 -40 0
-35 35 41 0
26 -2 -48 0
23 26 -3 0
19 4 -49 0
-9 -29 -29 0
43 3 42 0
-3 -21 16 0
-7 39 15 0
-8 -31 -23 0
-27 34 29 0
-45 38 -35 0
40 -27 11 0
1 -34 -19 0
47 48 -11 0
-4 -18 14 0
7 4 -23 0
50 -40 11 0
46 -6 -34 0
-34 -50 -39 0
2 -44 2 0
-23 29 -42 0
-39 -21 -32 0
-31 -34 -5 0
14 -6 -11 0
6 -18 34 0
39 5 16 0
-19 46 2 0
-34 -21 21 0
-11 38 -1 0
39 47 38 0
-30 -27 -35 0
5 46 1 0
7 -14 -2 0
31 27 3 0
44 -17 -12 0
-6 50 -28 0
12 -12 -25 0
-33 -43 -14 0
39 -33 -13 0
-48 -26 -26 0
-5 7 -12 0
-33 -13 13 0
-38 -34 15 0
-13 4 -25 0
-1 -26 -23 0
-14 10 7 0
13 16 18 0
-35 -40 -19 0
14 38 29 0
44 14 47 0
19 49 -23 0
37 50 -16 0
41 6 40 0
-10 -16 -8 0
-29 36 -37 0
15 -40 -9 0
3 -16 -3 0
-39 37 22 0
-22 43 -13 0
-29 1 -10 0
-48 -7 39 0
37 -11 17 0
50 30 15 0
-18 18 4 0
7 22 -4 0
46 44 -10 0
41 20 -38 0
19 20 23 0
-29 50 15 0
12 -33 7 0
41 -43 -22 0
1 -42 16 0
-8 25 -32 0
37 23 49 0
-23 25 -45 0
-15 -13 22 0
14 27 22 0
32 29 -20 0
-28 47 -46 0
19 -5 6 0
39 6 40 0
-3 36 -31 0
46 44 -17 0
11 -28 -27 0
-35 15 -1 0
13 -33 -11 0
-1 -8 15 0
36 45 -40 0
-15 -33 45 0
-7 -16 -15 0
35 -39 -26 0
41 -36 -33 0
-50 -12 41 0
-37 -26 6 0
-15 23 10 0
16 -26 -16 0
-32 17 11 0
34 1 -3 0
-22 -31 -13 0
42 36 47 0
-18 31 41 0
-16 28 -49 0
-30 -39 -44 0
8 38 19 0
1 22 -29 0
43 14 7 0
36 5 32 0
-17 -4 -26 0
-30 41 44 0
47 40 10 0
44 13 2 0
-45 45 -29 0
47 -24 -50 0
-37 -42 11 0
1 39 -30 0
37 48 -30 0
-49 38 21 0
14 -30 -21 0
-28 36 -5 0
30 39 -45 0
1 -20 -10 0
-41 -18 17 0
6 2 -35 0
-38 -31 10 0
5 -49 16 0
-35 12 -19 0
-14 -24 -43 0
-8 2 49 0
-27 -37 21 0
-31 8 -50 0
-41 -36 -38 0
7 20 -46 0
29 47 42 0
37 4 47 0
-18 40 -31 0
