c CNF generator v0.9
p cnf 50 200
45 29 -7 0
-24 -18 26 0
-20 5 -50 0
-22 -41 38 0
36 -46 31 0
-4 -25 -41 0
-22 21 7 0
-48 -37 28 0
18 13 6 0
-32 -33 4 0
5 -36 10 0
-4 -5 31 0
33 14 22 0
-30 37 -43 0
-16 -8 -46 0
13 13 -28 0
-34 -8 18 0
-3 5 -9 0
9 -7 20 0
27 -41 50 0
-12 -33 -3 0
4 -10 -10 0
11 28 1 0
-32 -14 -4 0
46 49 27 0
-22 24 36 0
7 -7 -38 0
22 -50 -18 0
16 42 3 0
-18 -42 -35 0
2 -49 33 0
3 10 -36 0
-47 -38 25 0
31 -32 26 0
-2 -45 -23 0
20 14 7 0
-30 -26 9 0
-45 -7 -25 0
42 15 8 0
-9 -45 -15 0
1 48 -1 0
7 -36 41 0
-44 47 25 0
18 23 -49 0
22 8 41 0
-20 -30 30 0
-15 -30 -13 0
-35 -32 -47 0
33 -29 -2 0
-14 -33 15 0
38 -24 13 0
-50 -20 -42 0
41 -29 39 0
-11 46 48 0
-37 -43 9 0
-15 -9 33 0
-1 -32 34 0
46 -27 39 0
-12 -16 -3 0
-8 2 16 0
-9 10 -36 0
36 25 -45 0
-23 -25 43 0
7 41 10 0
-3 19 -9 0
31 26 -2 0
-2 3 -23 0
-25 -8 -33 0
-33 9 27 0
-27 11 -25 0
-43 -22 -23 0
2 45 3 0
-38 -41 -41 0
48 -42 -44 0
-40 13 38 0
-13 -48 31 0
-33 29 -23 0
-41 20 -20 0
49 -5 -46 0
-39 -24 -22 0
31 -36 13 0
16 15 47 0
-22 7 -2 0
-2 -22 -29 0
20 28 45 0
-20 -17 -20 0
-7 -38 2 0
40 -50 -42 0
-12 -47 -49 0
-20 -49 -26 0
49 38 -31 0
-13 -24 23 0
22 -27 -48 0
19 27 31 0
-30 -40 42 0
49 40 15 0
-12 50 -15 0
-36 -12 14 0
-11 40 -18 0
31 -43 32 0
-19 33 -20 0
28 -27 17 0
-49 -4 36 0
19 -10 -3 0
-4 31 -26 0
45 -10 -15 0
33 27 -10 0
-22 30 11 0
-17 19 -26 0
29 -38 -26 0
31 10 -24 0
45 -27 -26 0
34 33 28 0
-40 14 -47 0
-43 -3 -29 0
17 -38 -3 0
44 -18 -38 0
-1 5 -10 0
-45 -35 15 0
49 45 -39 0
-42 -15 27 0
18 17 -44 0
12 -31 -26 0
-40 41 12 0
17 21 -32 0
7 2 11 0
-22 -20 -44 0
-21 -7 1 0
-35 -50 -16 0
47 36 42 0
-24 28 -16 0
-24 -49 -12 0
-5 -6 17 0
8 23 3 0
-30 -46 48 0
30 45 -23 0
-41 12 -4 0
41 20 -47 0
-21 7 -15 0
12 45 13 0
48 45 44 0
45 32 1 0
-41 -47 26 0
-45 33 36 0
-32 15 43 0
31 -11 36 0
45 -16 -39 0
34 14 -22 0
-14 39 -6 0
-19 27 40 0
-27 47 8 0
10 41 36 0
19 -44 -47 0
45 41 -25 0
15 36 43 0
40 -41 -30 0
24 3 1 0
-48 -4 37 0
7 -44 -3 0
33 -2 -48 0
39 -37 20 0
24 42 29 0
-23 33 -47 0
-5 50 -24 0
-33 -47 8 0
8 4 -7 0
16 -25 7 0
-21 -31 7 0
4 -44 19 0
14 -4 -36 0
50 -1 -25 0
35 -6 -41 0
-30 -11 -21 0
-42 42 -3 0
-23 -48 -19 0
-23 44 -15 0
47 27 -14 0
7 16 -42 0
28 -6 16 0
-1 -16 -3 0
46 -20 -32 0
-30 45 -13 0
-34 -4 12 0
-32 9 -5 0
37 50 -47 0
27 39 41 0
38 -2 29 0
-24 -40 -41 0
-7 49 47 0
-1 9 16 0
23 -17 9 0
-39 -40 -49 0
4 23 20 0
1 39 -2 0
9 3 48 0
-34 32 -43 0
33 -20 13 0
-7 -34 -25 0
-45 -36 -47 0
-4 -31 6 0
