c CNF generator v0.9
p cnf 50 200
-49 11 -46 0
48 -5 27 0
-3 24 18 0
-40 -39 31 0
24 -12 -39 0
-39 35 7 0
-30 -3 -43 0
-10 -36 23 0
-22 27 20 0
27 -9 -35 0
18 8 -12 0
-20 33 -28 0
49 -14 -31 0
49 -31 -50 0
-2 -16 14 0
30 -17 -50 0
-39 -29 47 0
16 -6 -40 0
8 15 41 0
-25 -45 -3 0
-48 44 -41 0
-27 32 -15 0
34 50 -41 0
-6 40 -10 0
-45 27 -16 0
-20 46 -23 0
50 -12 -42 0
46 11 -41 0
23 6 17 0
11 45 -28 0
-3 -41 -21 0
-1 -15 9 0
-35 -50 17 0
35 -10 -34 0
20 -50 23 0
16 -10 -6 0
-50 47 8 0
-7 -40 44 0
-32 48 -25 0
11 -19 25 0
-1 -34 36 0
45 30 30 0
-22 25 -49 0
39 -27 5 0
-42 -48 37 0
-28 -11 19 0
11 -28 -20 0
50 27 5 0
-39 -18 -46 0
-33 11 -27 0
50 -12 -2 0
3 -36 8 0
3 -9 -15 0
-36 44 -22 0
-47 30 3 0
-14 -24 17 0
-12 -8 19 0
-31 50 -26 0
-16 -23 6 0
6 11 -11 0
38 42 23 0
-9 11 -21 0
-27 16 -34 0
-45 -6 -48 0
-6 -36 8 0
26 12 -18 0
29 4 32 0
-46 10 12 0
-47 -10 -47 0
25 -46 12 0
35 35 48 0
-14 -38 -11 0
-50 41 16 0
-13 40 2 0
3 -33 -4 0
-8 -16 36 0
25 -24 32 0
14 -24 35 0
27 -36 -39 0
46 -48 7 0
-27 -44 -9 0
21 -6 44 0
3 34 16 0
-25 -7 -35 0
43 -16 4 0
-3 26 2 0
38 -2 -48 0
-49 -26 -49 0
-21 13 -8 0
-24 -12 -20 0
8 -23 -29 0
36 -43 26 0
18 -8 19 0
-18 50 5 0
18 45 9 0
32 16 -10 0
-46 31 -14 0
-20 -43 11 0
-5 -22 48 0
22 -13 -6 0
4 49 43 0
-49 -2 -1 0
-37 13 3 0
-48 -22 -23 0
23 8 -19 0
-35 -35 -2 0
-27 49 -19 0
-30 -7 31 0
-15 22 21 0
-28 -21 40 0
-15 23 -7 0
33 33 26 0
-27 -15 -44 0
-4 -17 -34 0
-6 43 -39 0
27 38 1 0
22 43 41 0
-16 -15 41 0
39 7 -38 0
2 -42 4 0
6 -14 4 0
-4 36 32 0
10 44 -11 0
-18 -50 -8 0
10 -34 28 0
-32 37 -38 0
-10 -12 -47 0
-22 -35 9 0
10 -28 -26 0
-18 -22 8 0
-40 20 -23 0
-14 -6 -43 0
-9 -32 22 0
32 -22 -13 0
-27 -16 26 0
43 3 -1 0
-21 -39 -7 0
6 43 24 0
15 45 30 0
-16 34 -40 0
-19 24 22 0
-23 38 -50 0
13 11 47 0
45 -40 48 0
-2 38 40 0
-33 -33 -31 0
-47 4 36 0
36 25 45 0
11 -11 -45 0
33 23 -31 0
-39 1 5 0
10 40 -42 0
-43 5 -23 0
1 -12 -12 0
-2 -41 30 0
-41 4 11 0
-48 1 39 0
25 24 -18 0
-31 25 -19 0
-29 -29 43 0
-20 -35 2 0
-3 -11 11 0
-6 -11 25 0
-12 47 8 0
47 -17 -48 0
38 8 32 0
41 18 -35 0
-1 -42 33 0
39 -6 -19 0
-8 34 36 0
19 23 45 0
-20 17 7 0
-39 -45 18 0
-49 -10 26 0
25 13 -43 0
20 29 -12 0
8 31 50 0
16 -20 -20 0
34 -38 47 0
-18 -45 -20 0
5 30 25 0
-47 44 33 0
-2 -26 19 0
-28 47 -15 0
16 14 -7 0
30 -33 50 0
29 42 -24 0
43 36 27 0
-5 23 -11 0
34 -44 32 0
3 44 -15 0
-5 36 26 0
14 -28 -19 0
-23 34 38 0
1 -6 -26 0
-9 42 -14 0
-49 1 -42 0
22 -47 34 0
-11 35 -5 0
-13 43 -13 0
