c CNF generator v0.9
p cnf 50 200
-25 2 26 0
15 41 -2 0
29 2 30 0
-9 -16 5 0
7 44 16 0
-33 31 -4 0
4 37 -19 0
46 17 -38 0
-9 -31 -25 0
40 8 23 0
19 -36 -38 0
4 49 11 0
30 -20 38 0
16 7 31 0
-33 4 33 0
-26 -45 35 0
-6 -27 25 0
40 13 -4 0
-40 -33 24 0
-30 31 -35 0
31 -12 12 0
8 12 -41 0
-31 -34 29 0
14 -14 43 0
35 18 20 0
-33 -37 -2 0
-44 -22 26 0
-5 -19 30 0
11 -33 -20 0
40 -9 12 0
36 -31 4 0
-34 13 32 0
-16 1 -37 0
-7 49 -10 0
20 -26 -41 0
-19 8 -2 0
-47 33 23 0
25 39 7 0
25 19 39 0
41 4 -4 0
37 4 31 0
-14 33 1 0
28 11 -20 0
-36 -1 -40 0
34 20 -19 0
-46 -20 -2 0
-11 -3 48 0
-46 -22 42 0
-20 36 15 0
49 -41 27 0
-23 45 20 0
22 -8 36 0
-25 -7 29 0
-37 30 16 0
23 -15 -5 0
-19 -14 -45 0
40 4 -26 0
12 27 12 0
-9 -31 -15 0
43 -31 26 0
-35 21 -26 0
-41 28 36 0
-19 40 49 0
-14 -19 31 0
-34 -42 -23 0
-26 31 27 0
37 -24 -39 0
42 25 -18 0
49 -38 -17 0
3 -3 44 0
49 -26 35 0
-29 -24 -36 0
20 -38 -24 0
-20 -10 -41 0
-6 47 28 0
-18 41 43 0
-2 -22 -47 0
-10 -6 48 0
41 45 30 0
-24 -6 -34 0
-8 -5 -5 0
-3 33 -37 0
-1 46 -49 0
-22 -33 36 0
46 30 46 0
-45 -29 38 0
-30 27 27 0
47 -45 -8 0
31 -7 20 0
-25 37 27 0
-16 -46 37 0
-24 -12 -18 0
-50 -37 37 0
47 -17 -37 0
17 -42 4 0
27 29 13 0
-17 39 34 0
-6 27 30 0
10 -10 30 0
12 2 27 0
34 46 26 0
-31 27 -50 0
-20 23 -41 0
-50 41 -12 0
-50 45 -29 0
-36 37 2 0
-9 -13 -44 0
-8 45 -34 0
7 38 30 0
-15 23 18 0
33 -1 18 0
3 -16 15 0
39 -46 -15 0
-18 -13 -30 0
49 -3 -30 0
35 -48 -45 0
-33 9 15 0
-44 -35 -13 0
11 33 -27 0
-16 -14 -8 0
22 -34 21 0
-1 21 -7 0
-2 -7 45 0
-16 -46 2 0
-16 18 -33 0
-48 -48 17 0
-24 7 -1 0
-43 -49 -46 0
-20 36 26 0
18 49 1 0
-4 15 -36 0
-10 -31 -43 0
36 -19 -28 0
25 -47 -4 0
-3 15 37 0
6 19 -12 0
-9 14 -32 0
-45 28 10 0
-28 39 -23 0
-19 -5 -31 0
-33 7 -1 0
-45 -33 -31 0
-9 1 -42 0
-30 -28 -37 0
27 -49 -14 0
13 -2 37 0
-31 33 -12 0
-23 6 3 0
-21 19 -48 0
-13 -10 -37 0
-37 -30 5 0
-6 -5 -37 0
31 46 11 0
-48 -2 -47 0
-37 -8 1 0
-1 3 -22 0
8 28 -30 0
35 -22 29 0
22 9 5 0
-24 19 35 0
7 -13 10 0
-2 -39 30 0
26 -11 -31 0
29 -40 16 0
-8 -14 -21 0
-10 45 2 0
8 -3 45 0
40 22 32 0
-33 4 -39 0
-33 -40 37 0
-35 -13 21 0
9 -27 25 0
34 39 40 0
-45 15 37 0
4 21 -14 0
-7 -38 47 0
22 -34 22 0
-24 -5 49 0
39 9 18 0
-34 17 -21 0
39 -2 -38 0
31 -28 25 0
49 -5 -28 0
42 -27 4 0
-27 -1 -41 0
-46 6 -32 0
-19 -41 -25 0
19 -27 3 0
24 -23 -12 0
12 7 47 0
48 -30 -7 0
-33 29 36 0
30 -12 44 0
-20 -13 39 0
-50 38 -41 0
-44 29 37 0
44 6 6 0
28 35 -40 0
-7 4 -24 0
-18 -29 49 0
