c CNF generator v0.9
p cnf 50 200
48 -28 -30 0
40 -23 36 0
45 29 30 0
43 1 -1 0
45 -46 -20 0
-25 -29 -24 0
-49 -14 34 0
-6 -47 -16 0
-14 -29 34 0
14 30 46 0
-21 9 -43 0
40 36 -11 0
-21 42 -5 0
44 5 17 0
16 10 -48 0
40 -44 -39 0
-33 -44 11 0
-40 -49 37 0
-3 4 30 0
31 -41 -31 0
-23 -10 45 0
-28 -34 -20 0
22 -41 -34 0
8 -22 48 0
47 39 15 0
13 20 -20 0
-13 -12 -18 0
-31 -9 2 0
-28 9 -6 0
28 -9 26 0
-7 -11 -50 0
-31 -36 -5 0
39 7 25 0
13 -42 -16 0
3 17 -50 0
34 -8 -7 0
-28 4 -34 0
31 14 -2 0
-4 -23 50 0
-34 30 4 0
-46 50 -44 0
-6 -28 -35 0
50 42 -22 0
-19 41 -40 0
40 -40 -11 0
23 46 18 0
26 5 10 0
44 -44 2 0
26 49 -22 0
23 27 43 0
-27 -7 -41 0
-26 -9 -16 0
-19 18 -3 0
-38 32 44 0
-25 -35 -19 0
-12 47 12 0
-24 -41 17 0
6 38 40 0
-8 39 -29 0
36 -49 -30 0
19 -10 13 0
50 -20 -6 0
45 -27 -44 0
-12 41 -48 0
-39 -1 -22 0
44 -31 -5 0
23 47 -43 0
-43 33 40 0
10 42 36 0
43 -14 -10 0
27 36 42 0
-4 1 40 0
-11 2 -28 0
-6 34 -45 0
47 14 -5 0
48 33 -11 0
12 27 -23 0
-2 -19 36 0
-10 -23 -44 0
-23 8 18 0
46 31 32 0
5 -44 -32 0
-17 28 -38 0
5 6 3 0
-37 30 -29 0
-41 -37 27 0
23 21 11 0
35 -49 33 0
33 -22 18 0
-19 45 17 0
-10 -36 -1 0
-5 -27 36 0
2 47 -3 0
33 -20 23 0
46 -44 -33 0
-39 15 -12 0
-35 45 26 0
-40 -38 -43 0
-3 3 -26 0
-6 -16 -24 0
-25 20 38 0
13 -44 -33 0
-26 45 -10 0
-37 -49 21 0
39 -38 10 0
-40 14 32 0
4 -30 -19 0
37 17 -2 0
-23 14 17 0
26 -28 -44 0
-38 48 46 0
-38 -2 9 0
-38 -23 25 0
14 -15 -4 0
40 -13 29 0
24 32 -7 0
34 -46 40 0
-9 -8 -35 0
-37 49 -38 0
7 48 8 0
-3 -18 17 0
32 11 32 0
7 28 -1 0
21 32 -44 0
-23 -22 48 0
-22 -47 -21 0
9 -9 -2 0
-5 39 -44 0
-18 44 50 0
7 32 -25 0
-42 23 30 0
21 39 -1 0
-32 24 -44 0
-33 -36 -39 0
34 26 7 0
41 9 47 0
49 -22 -5 0
40 12 29 0
-35 -32 -6 0
-33 -35 -5 0
-19 -38 -5 0
36 21 49 0
3 -50 1 0
30 30 35 0
-18 15 37 0
-21 -44 -28 0
-42 42 37 0
-33 24 6 0
-14 -20 -38 0
-2 15 -4 0
33 -9 47 0
-22 -32 35 0
-48 20 44 0
33 32 -34 0
29 -27 -42 0
-12 -25 8 0
-41 -37 -47 0
-14 -7 34 0
-30 24 -16 0
-49 -47 25 0
-26 46 43 0
-33 13 45 0
11 2 20 0
34 -23 15 0
47 -50 -28 0
45 -43 -6 0
-13 -30 -7 0
-30 -2 -34 0
24 4 1 0
-26 -34 16 0
-38 22 -31 0
-26 -7 40 0
47 35 -28 0
-4 35 16 0
-20 -44 10 0
15 13 30 0
17 -13 33 0
-31 46 26 0
31 6 -32 0
-21 -22 38 0
11 11 5 0
-25 -12 25 0
-29 28 -15 0
-36 -43 -36 0
-43 2 43 0
21 -26 30 0
-35 -14 -7 0
43 17 -22 0
7 33 -34 0
49 27 -5 0
11 -15 -44 0
46 13 -36 0
39 -49 31 0
7 -13 -5 0
18 6 -12 0
-10 12 46 0
50 29 8 0
12 -10 17 0
-3 -32 -47 0
35 30 46 0
