c CNF generator v0.9
p cnf 50 200
-10 -5 10 0
38 -8 43 0
12 33 -4 0
30 50 16 0
12 -25 16 0
7 30 31 0
-43 -14 9 0
8 -22 -6 0
-46 -47 -47 0
-11 40 3 0
8 7 -18 0
-45 43 -4 0
12 15 27 0
-44 9 -46 0
28 10 49 0
44 11 30 0
-12 9 -30 0
-30 44 -24 0
-15 9 -34 0
-7 -37 -41 0
25 16 -23 0
-6 -36 29 0
10 -48 -37 0
7 -12 49 0
14 46 8 0
-7 -37 -20 0
16 -43 -29 0
22 3 49 0
44 21 -40 0
36 -4 -32 0
-39 13 46 0
-50 14 47 0
-47 -28 40 0
14 13 43 0
-3 -32 47 0
-45 -13 49 0
23 -49 39 0
-50 -46 39 0
34 -4 9 0
25 15 47 0
-2 -28 45 0
23 5 33 0
-31 -8 -40 0
-28 -30 7 0
-32 11 8 0
-47 -38 49 0
22 28 -35 0
32 43 -26 0
18 -32 -33 0
-17 19 -4 0
25 -42 42 0
-28 -35 23 0
-10 -21 -41 0
49 -4 -49 0
9 39 -18 0
-14 36 -19 0
-27 -35 -4 0
42 4 16 0
48 17 -22 0
-41 24 -43 0
-39 7 -6 0
-18 -20 16 0
33 -24 48 0
44 32 50 0
3 -28 38 0
-42 -47 -18 0
-23 46 39 0
-22 8 7 0
44 -4 -44 0
-14 2 -13 0
-6 49 23 0
-34 -30 -34 0
43 -20 -39 0
-12 23 24 0
36 -3 -42 0
47 15 -38 0
-8 25 25 0
32 50 17 0
-31 -26 -1 0
-30 -1 21 0
38 48 3 0
-22 41 -5 0
3 44 -3 0
7 -12 33 0
13 50 -42 0
-25 31 -44 0
-41 -23 -41 0
45 27 15 0
2 23 -23 0
37 -11 33 0
-23 -1 10 0
2 47 28 0
-19 49 33 0
40 -48 42 0
30 39 32 0
8 4 20 0
-6 -27 -45 0
22 21 46 0
15 -30 -46 0
9 42 -8 0
24 -5 25 0
-21 42 -15 0
7 -11 -35 0
-46 -49 -5 0
-25 23 -45 0
-42 -6 -2 0
30 28 -34 0
4 -32 -35 0
16 49 47 0
49 14 27 0
17 46 -31 0
-2 -1 -28 0
-41 -46 40 0
3 -33 38 0
43 -31 26 0
-12 -20 -31 0
-18 43 8 0
-50 -5 -18 0
-42 22 11 0
4 9 -28 0
8 33 -46 0
-33 14 -7 0
48 8 7 0
-11 -2 8 0
42 13 16 0
-46 9 27 0
3 -10 6 0
45 -30 26 0
-3 1 -4 0
34 -31 -15 0
-11 23 36 0
-10 -29 -3 0
9 -22 50 0
-43 18 -2 0
20 46 21 0
27 44 -19 0
8 19 -48 0
-35 -28 -4 0
-27 -42 37 0
47 -29 3 0
41 29 14 0
6 -26 12 0
28 -2 -18 0
-5 16 7 0
-1 -3 -35 0
50 -50 -10 0
5 -46 45 0
39 12 27 0
41 6 -33 0
20 32 -26 0
43 17 43 0
-46 -4 -12 0
-34 -33 45 0
42 -2 -25 0
-7 24 36 0
26 -35 31 0
-46 -23 -5 0
-36 7 21 0
41 36 -41 0
29 46 12 0
26 39 -43 0
-24 1 -32 0
41 -23 -47 0
-3 41 -32 0
-15 -45 -38 0
-6 19 4 0
34 -14 -43 0
31 48 28 0
28 43 6 0
28 -14 34 0
-3 11 48 0
-6 26 34 0
17 -3 -18 0
1 5 -44 0
-48 -17 29 0
-43 26 -34 0
-26 -7 -34 0
29 15 -45 0
-29 43 48 0
-28 -6 -23 0
-5 41 -19 0
9 -39 -47 0
48 -6 33 0
7 15 -35 0
-20 -39 10 0
-20 41 -11 0
33 14 -7 0
4 15 3 0
-36 -9 -16 0
29 22 22 0
-32 -7 35 0
-38 4 -6 0
43 -45 35 0
-6 21 -43 0
-2 -3 45 0
-8 20 19 0
13 -11 25 0
42 -33 5 0
34 38 39 0
22 45 38 0
