c CNF generator v0.9
p cnf 50 200
19 47 24 0
33 38 -31 0
-12 -37 -22 0
27 -37 -11 0
-50 -49 -5 0
-18 34 11 0
-5 -22 9 0
-18 33 28 0
-33 -22 12 0
22 13 30 0
19 -5 43 0
-1 3 29 0
-38 -37 -50 0
-36 41 -37 0
-16 -7 22 0
-36 -39 21 0
-15 41 3 0
-34 -46 -49 0
41 16 -46 0
-20 -11 23 0
-23 -19 40 0
36 13 20 0
-35 38 -30 0
45 21 -25 0
39 49 46 0
-24 29 29 0
7 45 -50 0
19 -46 21 0
29 -7 23 0
16 38 44 0
-12 2 -16 0
-38 42 25 0
19 -22 -10 0
-36 18 23 0
13 21 10 0
21 15 -16 0
17 -12 -7 0
26 48 -9 0
50 22 -46 0
19 45 20 0
24 47 6 0
37 7 -42 0
34 5 -17 0
39 6 -37 0
-31 38 -39 0
2 -37 30 0
-36 13 -23 0
13 47 -2 0
19 2 10 0
-25 10 -13 0
3 27 -30 0
-14 13 -13 0
-38 36 -10 0
45 22 11 0
46 -19 -41 0
8 -27 -16 0
10 -2 34 0
-36 15 -20 0
7 31 26 0
20 48 -36 0
-19 27 -19 0
32 22 2 0
-20 -46 17 0
46 16 -31 0
26 29 50 0
-40 36 -27 0
16 17 21 0
20 28 -29 0
45 -2 -31 0
31 -8 -15 0
-38 12 47 0
47 37 46 0
-6 -50 -15 0
-22 -28 -50 0
-33 -50 -17 0
45 -10 32 0
4 5 -16 0
-1 -12 22 0
29 12 7 0
5 -1 -25 0
50 -33 -28 0
-17 24 -43 0
10 -5 -24 0
4 4 3 0
1 -18 27 0
-44 14 -47 0
34 14 -37 0
-9 -46 20 0
-39 -50 20 0
26 -25 47 0
6 -40 26 0
-40 -42 -19 0
4 24 12 0
27 -40 40 0
-32 31 50 0
-36 6 -23 0
13 30 -30 0
43 -38 -31 0
7 43 -47 0
12 -13 7 0
-40 -40 -43 0
-41 -8 23 0
-25 28 -24 0
2 47 40 0
7 -50 7 0
11 12 7 0
43 -2 50 0
10 -35 -4 0
49 -5 -40 0
-39 11 46 0
49 25 -4 0
3 -5 2 0
30 -22 -11 0
-16 -38 29 0
48 12 -18 0
-19 -5 44 0
-16 43 9 0
17 27 23 0
22 -47 -36 0
-44 37 15 0
34 -29 -2 0
14 -7 -14 0
-20 16 14 0
23 10 22 0
-11 36 47 0
-9 12 26 0
20 25 39 0
10 -28 -8 0
38 -47 -42 0
41 38 43 0
14 -29 10 0
-49 36 -38 0
-46 3 -1 0
-34 -16 9 0
47 -12 21 0
-31 -4 -46 0
47 27 42 0
18 5 32 0
21 8 -24 0
-37 27 -42 0
29 -34 49 0
-4 2 48 0
-34 11 -15 0
21 -16 -6 0
-29 16 -12 0
-48 32 24 0
-3 19 -28 0
-8 36 20 0
25 17 45 0
31 31 23 0
-50 -15 45 0
13 38 4 0
-30 14 -36 0
24 16 -10 0
14 -49 43 0
-32 33 23 0
-22 -49 -16 0
-38 3 -28 0
-34 -49 3 0
-28 -8 10 0
-31 -19 -39 0
32 -14 -14 0
-1 -32 22 0
2 -48 -38 0
11 -50 -7 0
-50 -34 -15 0
4 17 21 0
18 -4 24 0
-17 1 48 0
-5 -10 43 0
39 -6 -11 0
-40 -22 -26 0
12 -30 -7 0
32 23 -48 0
45 50 13 0
-47 45 26 0
-1 13 -25 0
40 -30 -10 0
-15 27 36 0
-15 -41 -19 0
-16 50 29 0
4 -19 -43 0
-28 -48 -24 0
-2 -13 10 0
-29 -14 5 0
50 14 17 0
8 -34 18 0
13 -13 22 0
21 -47 19 0
-39 29 30 0
3 -39 37 0
-26 9 9 0
-23 20 -35 0
9 -12 50 0
14 12 18 0
-39 -45 15 0
46 -43 -50 0
-22 -49 37 0
8 -33 34 0
21 17 42 0
