c CNF generator v0.9
p cnf 50 200
2 -26 -19 0
4 32 -24 0
-48 -41 -3 0
-36 -49 3 0
-41 26 -28 0
19 10 -37 0
10 -49 -44 0
10 31 -16 0
-23 -13 39 0
32 -14 37 0
-18 -39 -21 0
16 39 9 0
-11 -33 -43 0
-9 -31 26 0
-8 4 -33 0
44 -19 -8 0
-44 43 -2 0
8 -36 43 0
4 44 31 0
15 35 -39 0
17 50 37 0
24 5 -6 0
-2 35 -5 0
-32 48 -44 0
-29 18 40 0
-40 -21 -30 0
-2 -9 33 0
-8 -17 13 0
48 -1 1 0
-26 -4 44 0
-42 22 -40 0
39 -40 39 0
-18 -19 6 0
6 14 -43 0
-45 -48 -12 0
-3 -25 -44 0
25 -42 -17 0
12 -24 25 0
45 -35 7 0
4 -44 26 0
3 34 -10 0
2 41 -5 0
27 -15 -10 0
25 20 5 0
-11 -10 -2 0
31 -20 12 0
-24 38 -2 0
-33 42 12 0
22 2 41 0
-32 -47 -40 0
19 -12 -20 0
-29 7 -1 0
26 2 -20 0
-48 -38 -26 0
12 20 36 0
-48 -47 -45 0
18 -11 -3 0
-20 50 16 0
-27 -24 -25 0
-3 17 20 0
47 33 -38 0
-23 -46 -28 0
-12 34 -26 0
8 3 24 0
-8 -15 30 0
-2 -41 25 0
38 -9 11 0
-3 34 39 0
1 -34 -8 0
25 -7 7 0
27 -13 -3 0
34 -29 -19 0
38 -50 -37 0
-35 -32 47 0
42 9 18 0
-20 18 -40 0
16 5 10 0
-3 26 -39 0
-39 43 7 0
13 -20 50 0
-32 20 -37 0
15 40 -5 0
-31 22 -1 0
-48 -31 19 0
-44 6 4 0
12 33 50 0
12 23 6 0
40 19 35 0
-3 47 20 0
44 -50 8 0
-35 7 29 0
14 33 42 0
-44 -34 -50 0
-38 -47 2 0
-8 -49 37 0
33 43 -41 0
45 -16 38 0
-11 -5 -44 0
-19 -4 2 0
-28 -24 34 0
-3 34 45 0
-48 -13 19 0
-16 -49 19 0
50 -44 -29 0
45 9 17 0
10 -36 14 0
11 -50 32 0
35 29 20 0
9 -12 34 0
36 7 3 0
-47 25 -16 0
20 33 -1 0
-36 -19 -36 0
-4 31 9 0
38 12 1 0
-39 19 48 0
-38 -8 9 0
-16 36 47 0
-42 4 30 0
-6 -48 31 0
24 -28 -31 0
44 -10 25 0
26 31 46 0
-39 5 -5 0
46 39 38 0
-48 36 18 0
-17 35 34 0
48 -15 45 0
47 -34 -14 0
-27 -24 -22 0
-10 19 5 0
27 -43 43 0
-25 36 -41 0
41 -48 3 0
-22 33 -49 0
-46 -28 12 0
38 -5 -7 0
23 2 -46 0
-25 -7 14 0
-8 47 20 0
32 33 1 0
30 -15 -27 0
35 -20 -2 0
21 15 -49 0
-48 1 47 0
-28 -44 -31 0
4 28 -23 0
-30 -37 -28 0
-41 -24 3 0
42 43 17 0
38 21 26 0
26 -9 35 0
-38 12 9 0
-8 46 -34 0
23 23 36 0
-24 -2 36 0
-17 30 45 0
-41 5 23 0
-33 20 8 0
36 40 22 0
38 -46 -35 0
14 36 -43 0
-19 26 -14 0
-40 -47 15 0
-34 30 41 0
-36 -2 48 0
-29 -43 4 0
5 21 -41 0
-32 17 -37 0
-28 10 33 0
24 -43 -26 0
-1 -3 -34 0
15 32 26 0
-45 -26 20 0
9 -43 10 0
-37 30 -16 0
-49 5 6 0
-5 -26 44 0
48 4 -35 0
42 47 5 0
21 16 47 0
-4 23 42 0
-42 49 33 0
-47 34 33 0
-4 -50 -29 0
2 -12 17 0
-23 33 -31 0
-33 -36 -13 0
-33 -47 8 0
39 40 -18 0
-40 -2 -10 0
1 32 24 0
29 34 38 0
21 -36 45 0
-49 -29 44 0
-28 -38 2 0
42 46 42 0
-23 -42 29 0
-33 34 15 0
-47 35 16 0
