c CNF generator v0.9
p cnf 50 200
31 -17 -30 0
-21 -18 -18 0
-6 -48 -24 0
-8 -9 18 0
-50 9 14 0
-15 38 -2 0
-39 -42 22 0
-4 -6 -50 0
-27 -11 47 0
9 -21 4 0
-18 21 -49 0
29 -21 -5 0
15 -4 -33 0
-44 -32 -34 0
17 16 19 0
-8 -5 13 0
-8 14 -3 0
28 34 -34 0
22 -3 48 0
15 9 -24 0
43 21 -49 0
-23 -30 4 0
46 -14 -8 0
-7 -37 -21 0
-4 18 -47 0
-9 36 5 0
-14 -13 19 0
31 28 40 0
-7 4 19 0
-32 23 21 0
-41 26 -13 0
4 -2 -46 0
-19 -39 27 0
47 22 23 0
6 -11 44 0
-36 -45 6 0
-47 -36 -12 0
-12 38 -49 0
45 -23 -27 0
-38 -18 25 0
-12 21 -29 0
-11 -15 -4 0
-20 -14 41 0
-48 2 34 0
22 18 -11 0
-15 -20 -7 0
-21 -12 -23 0
50 -41 47 0
-20 12 9 0
-23 46 9 0
-33 19 29 0
-32 -49 33 0
-47 6 1 0
47 39 -21 0
9 -49 -29 0
-33 29 -47 0
25 -16 13 0
40 -30 -7 0
-26 15 -43 0
-35 26 10 0
29 -41 -17 0
-44 -10 28 0
19 15 13 0
-39 21 -31 0
17 19 39 0
8 -25 42 0
22 -19 45 0
-1 14 -34 0
-21 -44 -36 0
-35 -18 44 0
-31 -40 24 0
-28 3 12 0
46 -33 2 0
9 18 -39 0
47 -42 -3 0
-16 -38 19 0
21 29 50 0
3 10 48 0
8 43 -39 0
3 8 -35 0
49 -37 35 0
-45 -47 -14 0
47 -49 29 0
28 30 13 0
23 46 -22 0
37 -25 -6 0
-40 -3 -4 0
21 22 35 0
39 -10 -27 0
-22 31 -12 0
-42 -4 -18 0
38 -11 32 0
18 33 -20 0
41 7 -15 0
35 -40 -17 0
-36 18 6 0
41 -27 -47 0
8 -30 34 0
30 -18 -49 0
27 -6 -33 0
26 45 6 0
-35 -20 35 0
40 -35 -18 0
-12 20 45 0
-49 -8 46 0
1 4 -31 0
40 33 -38 0
-50 29 30 0
36 -36 -30 0
-36 -36 -17 0
-20 17 -26 0
34 -46 -8 0
23 9 12 0
48 9 39 0
-25 21 -37 0
16 -37 32 0
47 25 -49 0
-27 -44 11 0
-39 29 -23 0
-19 -46 39 0
-17 -21 21 0
-27 -8 40 0
18 24 -35 0
48 42 -48 0
21 46 45 0
-5 -5 -50 0
-24 -14 24 0
9 41 -12 0
47 -38 29 0
28 -25 -39 0
-33 -33 17 0
17 33 21 0
-35 -47 -33 0
44 -25 -10 0
6 5 29 0
-48 -43 -24 0
-43 -4 -9 0
-42 6 23 0
9 -24 -38 0
10 -40 15 0
-26 6 47 0
33 -50 49 0
20 17 -35 0
-9 47 -44 0
-18 -42 -25 0
-29 22 -43 0
-18 -38 28 0
15 -13 26 0
33 -5 -36 0
-33 45 -42 0
2 -8 -15 0
-5 36 -35 0
29 7 17 0
-14 -49 -23 0
40 -2 10 0
30 25 2 0
18 -39 47 0
35 -38 -26 0
-2 -25 13 0
-18 -29 -12 0
10 40 40 0
-35 -4 4 0
-43 -47 19 0
31 -11 24 0
-24 -37 39 0
15 -16 48 0
4 -12 -39 0
-22 -37 -3 0
-17 -29 38 0
-28 -32 30 0
44 -31 -1 0
4 -5 26 0
27 7 11 0
24 -25 -22 0
48 -15 25 0
-9 -6 1 0
11 24 -6 0
-44 -11 4 0
4 -28 12 0
-39 31 6 0
-28 -11 39 0
12 -44 46 0
-6 -14 29 0
-39 -20 -30 0
10 16 -48 0
18 28 -49 0
45 8 17 0
-18 27 -42 0
17 30 -45 0
-19 11 23 0
-13 33 16 0
-35 30 -31 0
36 29 -1 0
-3 -32 -16 0
-10 -3 -26 0
-25 -26 -47 0
-41 -29 -18 0
35 -12 9 0
2 36 14 0
40 33 16 0
