c CNF generator v0.9
p cnf 50 200
11 -13 16 0
45 10 -19 0
-44 -17 -41 0
-43 44 8 0
-22 -5 -26 0
-34 -37 5 0
-19 7 -32 0
-48 -41 -31 0
-50 49 -13 0
-18 -19 -29 0
-22 -22 -42 0
34 45 24 0
-11 11 23 0
1 48 -43 0
-8 16 -36 0
40 11 -47 0
40 -29 42 0
-37 -16 37 0
32 -19 -37 0
7 34 6 0
-2 47 27 0
28 38 -6 0
-37 -43 -38 0
2 -14 -38 0
4 -47 7 0
-44 22 -1 0
30 -4 -6 0
-7 -26 34 0
22 -8 -1 0
17 2 22 0
-45 12 21 0
-36 -46 15 0
-42 17 19 0
-2 7 5 0
-39 -50 34 0
-30 -18 18 0
-5 -14 -7 0
-45 -5 4 0
-2 -20 -48 0
-15 -14 -30 0
28 35 -46 0
18 -13 -4 0
49 37 18 0
-25 21 47 0
-26 -46 -23 0
-26 21 10 0
-3 11 6 0
37 -23 16 0
-13 48 18 0
-3 22 -29 0
28 -38 34 0
44 9 37 0
3 -17 -9 0
31 2 -41 0
39 -16 -3 0
30 -34 10 0
42 -43 -42 0
45 42 4 0
36 -16 10 0
41 -6 -39 0
-29 -33 -29 0
-29 -13 39 0
42 -6 -38 0
41 20 -15 0
-7 33 -42 0
-45 29 4 0
-46 28 11 0
16 20 -50 0
-35 -26 -4 0
17 -13 -47 0
-37 -36 39 0
-30 -49 19 0
35 27 -9 0
1 -22 -5 0
44 15 -7 0
31 46 -35 0
14 -22 41 0
-37 27 31 0
35 -36 -14 0
13 33 27 0
1 -34 21 0
37 4 -14 0
33 -31 -1 0
30 21 -26 0
18 -15 50 0
-35 -24 -16 0
4 -40 44 0
-13 45 -21 0
49 -8 11 0
27 -15 -1 0
39 -36 -12 0
-24 38 1 0
18 1 22 0
33 -17 -42 0
-24 -40 -49 0
-5 -35 11 0
22 35 21 0
-2 -39 32 0
19 32 -14 0
49 34 -12 0
-9 -43 7 0
10 -44 -20 0
-6 -5 -39 0
27 10 43 0
-28 7 -30 0
-19 37 28 0
-45 4 -33 0
-27 -44 16 0
39 43 -11 0
50 35 -20 0
44 -45 14 0
11 -29 -50 0
38 30 45 0
-15 -22 -50 0
40 34 16 0
50 16 -21 0
-25 12 -20 0
26 18 9 0
9 40 37 0
2 19 9 0
9 38 30 0
-30 -13 -25 0
-45 -22 -42 0
18 -14 -50 0
-11 26 35 0
25 19 15 0
30 -16 -46 0
37 -26 -17 0
17 -24 -22 0
-41 -33 -26 0
23 16 -22 0
25 8 50 0
-33 -13 -4 0
40 22 -1 0
-1 -26 4 0
-36 -29 6 0
35 -42 24 0
-23 -7 -26 0
38 -37 -46 0
6 -7 26 0
3 -23 26 0
-11 -44 -21 0
-46 -13 41 0
-19 20 15 0
8 23 37 0
3 21 34 0
-13 -4 -28 0
21 -30 -12 0
45 -29 7 0
27 10 8 0
-32 2 18 0
-7 -48 20 0
50 -16 -8 0
13 45 -50 0
-19 15 23 0
-36 -16 -8 0
-37 -8 4 0
-36 9 -36 0
21 33 32 0
49 41 -15 0
25 -27 24 0
49 -44 3 0
7 -24 42 0
-37 9 50 0
-13 46 -25 0
-40 -1 36 0
-19 -43 -30 0
41 47 40 0
10 -8 5 0
29 -5 7 0
-16 11 -13 0
14 -7 -45 0
37 27 -36 0
-43 -6 -2 0
-25 22 7 0
6 16 -14 0
2 -33 -23 0
-40 -38 1 0
-20 -22 45 0
5 14 31 0
-3 30 -33 0
34 -48 39 0
-21 -22 -7 0
-21 27 33 0
48 -35 38 0
16 -27 32 0
-47 23 -49 0
10 -47 47 0
32 32 17 0
40 48 -14 0
-33 -21 2 0
-48 -40 -27 0
28 -1 -12 0
6 8 7 0
-32 -46 -22 0
-43 -11 -18 0
5 31 -22 0
36 -7 -47 0
-30 8 -47 0
-14 -18 40 0
