c CNF generator v0.9
p cnf 50 200
-18 27 14 0
-43 26 -36 0
37 5 50 0
3 -28 -30 0
-16 45 8 0
-21 38 -3 0
37 39 48 0
37 24 3 0
-23 -32 15 0
23 -10 -25 0
-9 35 6 0
-33 33 24 0
21 25 -27 0
-19 -31 7 0
-37 43 -9 0
-37 20 33 0
-20 -28 -24 0
-2 4 42 0
-40 36 47 0
-5 17 -28 0
12 -36 39 0
35 49 -16 0
-5 -19 26 0
20 -45 2 0
-1 27 -12 0
-37 -34 -22 0
50 8 -11 0
38 32 24 0
9 -50 28 0
-6 -20 -41 0
48 44 32 0
-23 -47 21 0
48 50 -23 0
-42 -42 11 0
-29 21 -35 0
-39 -39 32 0
39 -4 10 0
18 -13 -32 0
-48 49 23 0
1 -31 -5 0
45 14 -3 0
-22 -10 3 0
10 33 -36 0
-1 31 -12 0
35 28 -23 0
35 -5 6 0
12 18 46 0
-30 28 -11 0
-48 32 -42 0
40 -48 35 0
1 39 -47 0
18 -28 -25 0
-22 6 18 0
37 -10 -39 0
-5 -41 17 0
-10 48 -2 0
-46 -2 43 0
-45 -5 22 0
-45 -11 27 0
-50 -44 -37 0
-29 -34 12 0
-38 -20 -2 0
34 -38 9 0
-18 49 -29 0
23 -12 -42 0
49 -11 -23 0
-34 32 14 0
41 32 3 0
-45 -44 -21 0
30 10 25 0
43 -24 6 0
39 6 -25 0
-17 47 19 0
41 -17 -48 0
-13 13 43 0
-47 14 -40 0
-19 -19 -11 0
-11 -30 -21 0
-6 33 -4 0
19 6 2 0
7 11 1 0
-4 9 -12 0
-41 -39 -39 0
-16 15 35 0
48 -48 -50 0
-24 -10 34 0
-43 26 -47 0
24 16 -43 0
-17 -30 -45 0
17 -4 -11 0
31 16 -8 0
-48 -28 -40 0
20 37 -2 0
-31 -23 -25 0
30 -39 28 0
18 1 28 0
-16 -15 -19 0
-36 -47 24 0
-11 44 12 0
-11 17 -35 0
-10 -16 -44 0
20 13 26 0
-11 12 41 0
3 -27 -27 0
-16 -7 -20 0
-45 -33 -36 0
32 31 6 0
-37 -4 18 0
-34 20 -22 0
-11 29 -1 0
27 -26 -11 0
30 35 -36 0
-35 22 -19 0
-30 49 -26 0
46 30 -48 0
4 -16 38 0
-24 -36 -31 0
5 23 16 0
-27 14 40 0
44 17 -30 0
-46 11 7 0
4 -33 10 0
42 -37 -48 0
44 -10 -14 0
16 16 27 0
-12 24 23 0
-2 -33 11 0
31 -46 13 0
27 22 4 0
-43 1 42 0
-32 31 3 0
-49 15 -15 0
-34 -4 -46 0
-35 -30 -42 0
-8 35 8 0
11 -43 -8 0
15 -30 34 0
-6 -4 -1 0
26 -1 -26 0
1 25 -5 0
6 -13 -22 0
23 -50 -22 0
-37 13 -24 0
-10 -13 38 0
-30 31 37 0
-18 16 34 0
-42 -6 -29 0
-1 -36 -15 0
-50 -40 19 0
25 11 -3 0
36 28 -36 0
11 1 -12 0
21 -32 14 0
-46 4 16 0
-3 -4 -24 0
20 16 -9 0
-38 43 42 0
-38 -37 30 0
-45 -13 17 0
-28 -45 -50 0
-18 24 50 0
-6 -3 -18 0
39 26 19 0
5 14 -19 0
-19 -34 48 0
-32 24 15 0
-30 -2 -38 0
10 25 -34 0
-10 5 -27 0
26 -7 4 0
15 -48 -43 0
-7 -11 23 0
13 20 9 0
49 -9 -10 0
41 -31 -45 0
-25 30 38 0
50 -21 -43 0
30 -38 -6 0
3 38 17 0
3 6 -4 0
-7 50 29 0
-35 16 3 0
-23 50 -16 0
49 -13 13 0
18 -13 33 0
-29 38 -45 0
28 20 14 0
-19 -37 -23 0
20 49 -37 0
49 42 -18 0
-7 -24 -20 0
46 27 37 0
-45 -2 1 0
-11 -13 -34 0
13 -27 18 0
24 -34 25 0
-45 -6 -34 0
9 24 49 0
-13 17 -35 0
-15 33 41 0
