c CNF generator v0.9
p cnf 50 200
-28 28 48 0
-49 -23 -45 0
1 5 -36 0
-11 -42 -39 0
-47 30 -13 0
-23 23 -40 0
-19 43 -11 0
-21 16 -14 0
12 42 -47 0
-48 17 47 0
-10 -11 7 0
-7 -48 -48 0
-11 25 -32 0
-23 2 11 0
8 -16 -46 0
13 32 -49 0
21 48 7 0
-40 5 9 0
31 -29 25 0
-44 -8 48 0
-33 -30 13 0
-36 -40 -43 0
-9 -30 -50 0
-27 -45 -41 0
-13 5 15 0
28 38 35 0
47 -37 35 0
-44 32 34 0
-29 30 -26 0
-7 1 9 0
-40 16 36 0
-8 -28 43 0
-13 20 -37 0
-11 -38 -11 0
-42 -28 -1 0
38 -23 40 0
-21 23 34 0
-30 -23 -49 0
-7 -10 -39 0
-23 -31 -15 0
26 4 -26 0
32 50 -25 0
-45 34 46 0
10 -18 -33 0
15 41 -37 0
-34 -29 -8 0
36 -42 -18 0
25 -37 -19 0
9 -42 19 0
36 -25 26 0
-42 -5 -47 0
25 -47 43 0
2 -17 -34 0
48 2 7 0
-21 30 24 0
-44 -26 -15 0
-19 -13 -36 0
41 15 -33 0
-34 -17 -48 0
1 -24 -38 0
28 -7 -3 0
49 -46 -36 0
17 -41 28 0
-13 17 35 0
29 -34 8 0
16 -36 -24 0
-3 -47 -39 0
4 -10 -32 0
-18 -4 -7 0
-50 -40 1 0
-17 37 15 0
-24 -22 11 0
43 -34 17 0
-6 22 31 0
-16 -5 -7 0
-36 3 17 0
-28 -14 20 0
-38 -9 35 0
14 -41 17 0
4 47 49 0
3 -35 -15 0
39 27 -35 0
-34 9 -48 0
-3 16 2 0
13 23 -36 0
18 11 -18 0
38 -30 45 0
8 -50 15 0
11 45 -35 0
34 -12 3 0
40 -1 -24 0
-33 -44 -4 0
40 45 -29 0
18 30 11 0
32 43 -43 0
24 27 -12 0
-21 14 38 0
27 -3 34 0
-40 6 14 0
-3 7 -36 0
-2 44 48 0
29 5 10 0
-1 -14 19 0
20 -7 -46 0
3 -44 -18 0
10 19 23 0
13 -17 -29 0
-49 45 -6 0
-19 18 -3 0
11 -8 -36 0
14 -17 41 0
17 -22 -21 0
34 23 13 0
-5 10 20 0
-21 -21 -21 0
10 15 2 0
-22 6 -19 0
2 -13 -31 0
33 12 42 0
-28 -29 -1 0
-21 -18 34 0
-23 1 48 0
-12 -30 -11 0
18 -22 22 0
-31 -40 -5 0
46 24 18 0
-42 -26 21 0
43 23 27 0
23 37 -46 0
45 4 11 0
15 17 -10 0
-19 5 -3 0
47 -47 2 0
25 45 33 0
26 -17 23 0
12 5 43 0
-26 -44 34 0
18 -14 -40 0
-9 -4 22 0
-39 50 35 0
34 17 -1 0
41 -5 -13 0
-50 9 29 0
-30 -32 16 0
-46 -15 -34 0
-36 20 -32 0
-19 -48 -34 0
-42 -15 -7 0
17 -22 47 0
-26 4 -2 0
-36 -10 -37 0
-10 -22 27 0
38 14 19 0
37 37 36 0
32 -40 10 0
-36 -28 -42 0
32 20 -1 0
-32 -40 -31 0
48 17 -30 0
-10 -22 -7 0
-13 -49 4 0
-43 -12 -14 0
10 -43 -49 0
-49 40 -19 0
15 21 -4 0
2 -27 6 0
8 17 -40 0
-32 -42 -8 0
-43 29 -40 0
-8 -9 -4 0
30 31 30 0
21 -43 6 0
-26 2 34 0
-22 -42 16 0
-29 -37 30 0
7 -33 32 0
-41 50 13 0
23 -42 5 0
-32 -40 -3 0
24 11 43 0
37 -14 43 0
22 -18 22 0
27 27 9 0
10 -31 -37 0
-18 45 23 0
28 -22 -50 0
-46 -14 39 0
46 -41 20 0
-30 19 -23 0
-13 34 26 0
34 -4 36 0
-11 -27 -19 0
-37 -6 -27 0
33 -34 -16 0
2 -26 13 0
25 12 24 0
-7 -11 38 0
11 -31 32 0
-12 -4 -16 0
38 24 -30 0
