c CNF generator v0.9
p cnf 50 200
-15 1 -17 0
-41 6 -30 0
-42 32 36 0
10 24 24 0
-12 -40 -25 0
-49 8 -7 0
31 17 -46 0
-1 47 14 0
26 -25 26 0
41 -42 46 0
-12 -33 35 0
-5 13 -46 0
34 -20 5 0
9 -36 -15 0
-16 -15 -8 0
1 -36 -41 0
1 29 -32 0
37 -11 -1 0
-23 -10 -46 0
45 -15 -47 0
-37 -43 -35 0
30 11 37 0
26 14 -35 0
3 9 47 0
27 -50 49 0
-46 -14 11 0
15 35 40 0
-4 16 -26 0
18 45 4 0
-21 19 -8 0
-7 -42 25 0
48 32 32 0
47 -44 26 0
-18 19 -41 0
-26 -24 45 0
26 -39 -2 0
-1 -8 8 0
5 -43 10 0
-9 -42 -42 0
-39 15 23 0
35 16 1 0
28 -36 49 0
-9 -45 9 0
42 23 -12 0
-41 35 45 0
-37 30 48 0
25 34 19 0
-50 49 39 0
5 -14 50 0
35 -29 -36 0
30 18 31 0
-31 -45 -22 0
35 5 -10 0
21 -34 2 0
34 -16 32 0
47 11 -11 0
7 -1 49 0
48 -33 -31 0
-36 -14 6 0
-6 -3 -27 0
-19 12 20 0
-8 -35 -27 0
31 20 -18 0
28 -43 47 0
46 13 -49 0
33 -14 -23 0
-34 49 -20 0
-7 -15 29 0
-41 22 -12 0
38 -48 32 0
20 -10 30 0
46 -13 -49 0
-15 47 47 0
-4 37 26 0
-25 -33 35 0
32 -50 -9 0
1 -42 11 0
-31 8 -49 0
-39 44 46 0
-3 11 43 0
18 40 -45 0
39 -14 -26 0
31 41 -2 0
29 -39 49 0
25 -3 24 0
-31 46 -28 0
-22 42 6 0
12 -1 -12 0
-1 -46 15 0
11 26 34 0
-23 11 10 0
34 48 2 0
-10 -2 6 0
7 48 49 0
-39 33 -28 0
13 -44 -46 0
39 11 -37 0
-44 -5 -47 0
-23 -12 27 0
49 10 -16 0
-47 22 14 0
-49 14 -7 0
40 -1 -26 0
-14 -6 20 0
31 8 6 0
26 -14 4 0
-30 28 48 0
38 39 39 0
-22 -35 8 0
-45 36 45 0
44 11 11 0
-41 6 15 0
-4 11 -47 0
-43 -24 -28 0
-24 43 -45 0
11 17 30 0
39 37 -32 0
-7 17 -30 0
-10 -4 -15 0
-39 24 -12 0
-22 33 -15 0
8 -34 -43 0
-26 41 -12 0
-21 -1 -38 0
-15 31 -20 0
-36 -18 28 0
47 45 21 0
3 -38 -9 0
-33 46 -24 0
-27 43 49 0
4 25 30 0
39 -2 38 0
-21 -12 -22 0
-33 -37 15 0
-25 -20 23 0
-43 48 28 0
-41 -37 36 0
24 -31 -27 0
-2 30 -38 0
30 42 -34 0
-16 -49 40 0
-20 -50 -31 0
-13 39 22 0
-23 -26 1 0
-43 33 11 0
25 -16 38 0
10 39 44 0
-22 -27 13 0
-45 -49 18 0
-5 44 7 0
-34 20 48 0
-37 -37 1 0
50 2 -18 0
-27 -29 40 0
41 -50 44 0
-29 -31 -36 0
-30 36 -25 0
-28 15 -34 0
22 46 -12 0
-14 -14 -22 0
-5 -50 -8 0
-47 29 35 0
-35 -34 -44 0
-4 17 16 0
12 -47 37 0
-32 25 -45 0
-25 23 -29 0
-42 37 -45 0
49 26 -50 0
49 -24 -17 0
47 -15 19 0
-9 -7 -5 0
-45 28 42 0
10 3 -29 0
4 -14 42 0
-18 20 -14 0
-5 34 -8 0
24 12 -12 0
22 -4 -24 0
20 -27 -10 0
12 20 30 0
43 -25 -3 0
47 36 41 0
38 -20 19 0
-43 -41 4 0
8 37 -27 0
-39 42 36 0
28 -16 16 0
-35 -30 24 0
3 4 -26 0
17 10 -1 0
-34 46 -24 0
21 -17 -11 0
-14 -1 3 0
49 -35 -14 0
44 -9 44 0
25 -37 -27 0
45 -32 25 0
-47 11 -10 0
-35 25 -32 0
