c CNF generator v0.9
p cnf 50 200
37 19 9 0
40 -49 49 0
-14 33 17 0
-34 -34 48 0
-43 22 10 0
27 31 37 0
-22 3 -18 0
2 21 26 0
37 -8 39 0
13 -12 18 0
-45 -36 -5 0
35 -34 5 0
-49 -37 50 0
-49 48 3 0
44 32 -22 0
-19 2 -2 0
43 -17 -4 0
-46 -15 11 0
47 -33 24 0
-14 38 23 0
17 -9 35 0
-24 4 25 0
25 -9 -39 0
-39 28 24 0
-45 -13 -29 0
18 5 46 0
50 -20 -21 0
-4 -1 37 0
33 -13 47 0
-24 14 6 0
-50 -40 15 0
-34 -25 -37 0
-27 -24 37 0
-8 -8 -23 0
-50 -48 -6 0
-47 27 -30 0
-23 -32 -30 0
-42 41 23 0
6 3 44 0
21 29 -27 0
28 8 -42 0
-24 7 2 0
-17 -13 10 0
26 4 33 0
-34 -40 28 0
36 -16 7 0
-13 -4 -4 0
-46 42 -24 0
-9 -25 47 0
-42 41 29 0
39 -39 43 0
-43 -50 2 0
14 -21 26 0
-4 17 30 0
15 30 -31 0
-50 33 -26 0
-13 -30 -37 0
12 -8 19 0
-50 10 -39 0
-42 -24 -8 0
-2 18 9 0
24 -13 50 0
-50 -18 -8 0
-40 28 18 0
-46 40 -34 0
-1 13 -11 0
19 24 11 0
-46 -39 17 0
-4 -46 -13 0
27 -25 50 0
19 13 2 0
-39 46 12 0
2 -42 46 0
-29 -27 33 0
-44 -30 37 0
-10 48 13 0
-33 25 31 0
-2 -49 2 0
49 -31 39 0
-37 15 -49 0
49 -17 22 0
43 -9 21 0
-40 15 -35 0
-5 25 30 0
18 33 33 0
40 -5 6 0
3 -11 6 0
-16 -28 -30 0
41 14 -42 0
-30 1 29 0
-6 -14 26 0
25 -8 31 0
19 38 45 0
-5 -4 29 0
-49 -20 -29 0
33 -26 -16 0
16 36 -35 0
10 -24 43 0
-49 1 43 0
8 50 3 0
-2 -21 9 0
-24 32 42 0
-31 -37 18 0
5 -50 49 0
-49 32 -2 0
5 32 -30 0
1 -21 2 0
-33 -34 23 0
-17 -36 -12 0
33 27 -42 0
-47 34 -14 0
9 -36 25 0
25 33 -37 0
15 -12 7 0
39 -16 -31 0
-20 -10 -45 0
34 30 4 0
-34 14 -47 0
-50 -39 -26 0
-13 -15 22 0
38 -34 38 0
-25 -38 4 0
-27 38 -10 0
-42 35 12 0
46 13 40 0
-35 -42 -27 0
-43 22 -25 0
-45 41 -5 0
-4 -28 12 0
-22 -3 31 0
4 -21 -26 0
-45 11 -6 0
-7 -35 38 0
19 17 35 0
-21 46 -8 0
-48 9 32 0
4 14 -32 0
20 15 -25 0
18 -46 6 0
24 -38 -9 0
-4 -16 -45 0
8 33 43 0
16 37 27 0
-33 -45 -2 0
4 -9 31 0
3 38 -29 0
48 14 -1 0
17 33 9 0
18 -46 13 0
9 -50 46 0
-12 -43 -7 0
-50 -19 1 0
-3 8 29 0
-33 -12 -21 0
21 -42 -5 0
4 3 25 0
-50 42 18 0
-13 -11 32 0
21 10 42 0
-49 -49 -9 0
-8 38 22 0
-31 40 -27 0
-28 -48 44 0
-19 6 40 0
1 -25 -8 0
-37 7 -44 0
-35 31 -11 0
23 -40 -18 0
-1 38 30 0
-50 16 4 0
-29 -31 -37 0
-22 17 -23 0
24 -11 -2 0
-13 15 -32 0
36 -4 12 0
-34 -20 -39 0
-28 -21 -28 0
-37 -39 -13 0
-11 -35 -39 0
-3 -28 2 0
48 -41 -36 0
3 -1 39 0
-5 26 15 0
-14 38 1 0
48 49 -47 0
-6 -33 35 0
-42 50 -10 0
3 22 3 0
12 -44 -9 0
-39 -17 31 0
25 -12 24 0
22 -48 -11 0
-40 15 6 0
20 -31 39 0
-32 4 -29 0
-16 7 50 0
-10 46 50 0
14 -34 7 0
19 19 -45 0
-36 -15 19 0
