c CNF generator v0.9
p cnf 50 200
-9 -50 -37 0
10 -9 25 0
13 34 23 0
-26 37 23 0
-1 -12 30 0
1 -37 -43 0
-2 18 -38 0
-33 -21 -41 0
-8 38 34 0
-27 -47 27 0
-32 -30 -42 0
-30 31 -10 0
-41 9 -20 0
-40 -31 22 0
2 36 -32 0
-20 -14 47 0
-3 -40 38 0
26 -28 -38 0
-13 -46 7 0
-3 11 -14 0
-17 -15 30 0
-40 6 43 0
43 -42 20 0
8 12 38 0
-37 37 -29 0
42 19 -41 0
27 48 -8 0
-47 -2 8 0
37 15 16 0
14 45 -17 0
32 -19 -33 0
-2 31 -48 0
22 -44 -31 0
15 4 43 0
8 -27 20 0
-17 -21 19 0
50 46 -27 0
-16 -25 29 0
-24 -3 36 0
50 10 18 0
44 23 -5 0
43 10 -42 0
-37 -36 -41 0
-9 47 47 0
24 -14 -1 0
49 -50 -40 0
-42 17 8 0
42 24 -5 0
-46 30 8 0
-36 -19 41 0
-17 10 -11 0
41 5 34 0
-34 7 -22 0
-44 -47 41 0
45 -30 18 0
-50 -7 -32 0
-34 -18 -47 0
47 9 37 0
35 28 37 0
-6 -9 -50 0
-28 50 41 0
-18 -17 -25 0
-4 8 19 0
-20 50 39 0
-22 11 -46 0
-15 46 -50 0
-24 -6 9 0
-1 -29 4 0
-23 31 -29 0
-5 -16 -43 0
41 -43 41 0
-5 -36 23 0
-45 -20 30 0
41 -27 -31 0
17 -15 24 0
24 11 -14 0
44 -18 47 0
-19 -36 -42 0
-27 -25 -35 0
-6 -22 12 0
-31 -29 -32 0
-31 -26 -43 0
33 22 -10 0
44 -26 -37 0
-42 26 -8 0
8 -30 49 0
45 7 -19 0
23 2 40 0
35 25 -48 0
6 -32 32 0
29 -45 13 0
26 49 -2 0
44 20 -24 0
47 -32 19 0
-31 -34 -3 0
44 8 11 0
41 -16 44 0
16 31 14 0
-33 -27 -12 0
-24 -46 14 0
-50 43 49 0
50 34 -37 0
32 -4 -25 0
-30 -16 38 0
-20 -19 17 0
-45 20 43 0
-29 -2 43 0
-6 15 37 0
8 46 23 0
30 47 -34 0
22 43 33 0
16 -38 -6 0
32 -44 -1 0
-31 11 49 0
-35 -47 35 0
-41 40 49 0
25 -3 -8 0
-1 -46 -25 0
3 37 3 0
-27 -42 24 0
-10 17 -29 0
45 3 -9 0
-9 33 44 0
-43 50 30 0
3 -32 14 0
29 -33 23 0
-2 47 13 0
-10 -6 20 0
15 28 -38 0
20 37 14 0
2 -29 -29 0
-9 -39 -13 0
-41 36 49 0
-8 -3 23 0
44 -14 15 0
13 20 21 0
17 29 34 0
33 18 -36 0
-21 39 -30 0
13 33 42 0
-30 -46 27 0
31 17 -30 0
35 -37 -42 0
18 -27 31 0
-4 14 -27 0
40 9 -40 0
-10 17 2 0
-6 -29 -24 0
-28 3 21 0
-35 49 -18 0
9 -48 -18 0
2 29 16 0
-23 30 48 0
-9 10 25 0
41 -27 -16 0
46 1 6 0
-23 9 -36 0
15 -29 -42 0
-43 2 38 0
-32 29 -30 0
-42 -45 21 0
24 -7 11 0
-15 29 28 0
-12 -19 -7 0
43 -25 7 0
-47 26 -17 0
-6 -47 31 0
-4 -28 -12 0
-21 37 -22 0
-30 37 30 0
35 48 27 0
28 -44 -48 0
22 47 23 0
18 -32 16 0
18 -25 8 0
-28 25 -20 0
-38 38 -28 0
-7 -42 14 0
34 -32 18 0
-47 -7 8 0
47 -22 -49 0
-40 -29 30 0
44 -20 -30 0
-47 13 25 0
-24 -50 -24 0
-36 -39 -21 0
43 -44 25 0
9 -44 -13 0
32 -12 6 0
7 -7 -32 0
-42 -16 17 0
-12 46 8 0
-40 41 -26 0
46 11 40 0
-32 -14 26 0
-13 -34 34 0
46 40 49 0
-19 -4 4 0
10 17 -29 0
-22 28 8 0
