c CNF generator v0.9
p cnf 50 200
-12 -5 8 0
-35 25 25 0
50 -32 7 0
-45 26 -17 0
45 32 20 0
-48 10 -25 0
-2 10 -5 0
-44 -33 -6 0
-1 16 42 0
27 43 -34 0
44 -32 24 0
49 46 -35 0
7 26 20 0
47 -46 -6 0
25 -17 -35 0
34 28 -7 0
-6 25 -16 0
38 32 -7 0
-27 -12 -39 0
-3 -19 -29 0
22 -36 -14 0
-31 25 45 0
-21 39 16 0
1 36 -47 0
-45 -39 -24 0
-25 16 27 0
-43 8 38 0
21 9 -11 0
-26 -46 -20 0
-31 25 41 0
44 21 -7 0
30 -18 27 0
40 47 1 0
-29 -9 8 0
49 2 8 0
8 28 -37 0
10 -27 -35 0
-29 49 6 0
11 -9 44 0
-45 48 -27 0
-35 46 37 0
41 5 -22 0
31 -44 47 0
-38 -17 21 0
-38 44 3 0
-49 10 -31 0
-31 -34 -30 0
-7 -50 19 0
11 -4 -41 0
-42 -6 -11 0
37 10 16 0
31 47 32 0
18 -19 -44 0
5 -48 32 0
26 -47 17 0
24 34 -15 0
31 11 14 0
12 -45 17 0
25 37 -32 0
-28 -14 29 0
-32 -5 38 0
-30 31 48 0
-32 25 -20 0
41 -3 50 0
-33 -35 30 0
50 -18 3 0
35 -3 -13 0
12 -42 -35 0
-26 31 37 0
-44 44 29 0
-17 -46 36 0
33 -13 -23 0
-23 -22 38 0
41 -24 -40 0
-7 11 18 0
13 13 -32 0
17 35 -24 0
17 15 -24 0
22 -40 40 0
-47 -11 11 0
-38 -38 5 0
37 20 46 0
-6 -16 -34 0
-24 -48 -6 0
6 34 -17 0
5 48 23 0
-46 21 -2 0
-28 -45 10 0
-49 -9 42 0
-47 -29 43 0
-18 -37 -25 0
7 14 34 0
1 -15 37 0
7 -25 17 0
28 24 14 0
46 -20 26 0
49 13 39 0
-5 -4 22 0
-4 -24 -11 0
-43 44 -2 0
-20 -12 25 0
-46 -39 3 0
-13 1 42 0
7 -16 8 0
-38 6 24 0
13 -20 -26 0
-25 30 -7 0
39 -20 -11 0
-24 17 40 0
30 -33 -35 0
46 9 -36 0
50 -18 13 0
-36 -25 44 0
15 36 -21 0
-6 28 -40 0
-17 6 -13 0
-40 -48 3 0
33 47 -17 0
-17 25 -43 0
-30 43 -32 0
49 -41 38 0
-6 -21 -47 0
-20 -37 15 0
37 -16 40 0
-29 -3 3 0
45 47 -18 0
-6 -40 -20 0
-14 48 33 0
36 -29 14 0
47 -27 1 0
-5 42 -18 0
15 -17 -14 0
36 18 40 0
3 -40 -4 0
-47 -42 -18 0
6 33 29 0
-8 -19 -37 0
19 37 40 0
-50 -26 46 0
4 -4 -15 0
-7 -12 50 0
-44 12 50 0
-25 -25 6 0
11 15 25 0
39 1 -47 0
28 43 19 0
-9 -28 48 0
-21 -43 -14 0
46 13 -28 0
-11 15 -34 0
16 15 -8 0
-33 -18 -6 0
-21 39 2 0
3 40 -9 0
-49 -32 48 0
17 -36 40 0
31 -10 -43 0
-10 24 -47 0
10 -35 8 0
7 -26 24 0
-43 -42 45 0
-12 -50 12 0
-24 23 14 0
-8 -46 36 0
-2 29 -5 0
29 -45 -41 0
-44 -16 -40 0
-32 -39 -40 0
-44 3 -33 0
-1 31 33 0
-28 -23 37 0
-18 -17 -34 0
-20 34 50 0
-39 9 45 0
45 1 -6 0
28 -35 18 0
-3 5 -6 0
12 -45 -42 0
27 -32 2 0
-47 -50 10 0
48 3 18 0
-43 -20 17 0
-29 42 31 0
5 3 22 0
24 -48 8 0
2 -18 36 0
2 -36 12 0
-26 -46 -38 0
-3 21 -21 0
12 22 18 0
-37 -30 47 0
24 32 -2 0
-1 16 37 0
-16 22 -24 0
13 12 17 0
-50 -30 11 0
-16 -45 14 0
-48 -2 31 0
34 -7 1 0
24 -44 -39 0
