c CNF generator v0.9
p cnf 50 200
9 13 -26 0
17 -49 -10 0
7 39 4 0
-31 -37 -12 0
-26 20 10 0
-14 -25 50 0
23 -46 16 0
-46 33 10 0
29 27 -31 0
-16 32 -37 0
-44 -20 -37 0
1 -35 43 0
-29 -46 7 0
19 -16 -14 0
-25 44 12 0
30 15 -20 0
-20 50 -38 0
16 31 -37 0
41 50 43 0
-36 -14 43 0
-10 -9 14 0
-5 -9 -34 0
-33 5 -23 0
18 -46 -47 0
-5 45 10 0
35 -23 -1 0
1 -24 39 0
-44 40 -40 0
-37 -43 -27 0
-43 30 -29 0
36 38 -17 0
-48 4 40 0
-31 -14 18 0
-9 -9 34 0
22 -45 -9 0
-47 -48 -3 0
33 44 -9 0
19 -12 -22 0
-19 -48 -34 0
-8 23 -35 0
24 42 5 0
31 4 44 0
-1 45 -17 0
-1 -12 24 0
21 9 20 0
44 2 -4 0
15 16 27 0
40 47 6 0
6 -3 -29 0
-42 19 47 0
47 -35 18 0
-35 -40 -39 0
-19 -13 -28 0
26 48 8 0
10 -4 46 0
25 -44 -2 0
-17 -40 22 0
-15 39 -32 0
-11 -9 -47 0
-21 -37 26 0
1 -45 3 0
39 -42 -32 0
7 -34 4 0
-46 -24 10 0
-18 31 -42 0
-18 -14 6 0
18 29 30 0
-19 -9 -42 0
-9 24 -13 0
-9 -21 26 0
41 28 22 0
-47 -31 27 0
8 -33 -12 0
-38 37 -7 0
-16 27 -17 0
20 44 34 0
23 6 3 0
39 -13 14 0
4 -41 -47 0
-49 -16 -1 0
12 12 -1 0
-9 -14 -1 0
-28 -44 -14 0
-25 -11 -25 0
-24 18 33 0
-15 -10 -43 0
48 -32 -50 0
6 17 45 0
1 25 20 0
1 -7 36 0
-40 34 44 0
25 -27 -17 0
48 6 30 0
-26 -25 20 0
28 28 -19 0
-25 45 -32 0
39 -34 27 0
8 3 16 0
24 33 -12 0
20 -49 -40 0
-30 13 35 0
-43 28 22 0
-48 14 50 0
36 -7 17 0
37 -40 42 0
13 25 -14 0
-6 41 28 0
-20 -5 -20 0
-44 -12 -39 0
43 -42 -34 0
42 28 45 0
39 46 34 0
-36 -9 4 0
-3 -32 13 0
-16 9 -40 0
-32 25 -30 0
49 -40 -17 0
32 11 -43 0
-36 -7 39 0
13 32 -2 0
-9 25 12 0
37 35 45 0
15 -24 -23 0
-20 3 -30 0
-44 50 -23 0
-38 11 -30 0
-9 -47 -32 0
25 -44 49 0
18 28 -32 0
15 -42 28 0
5 46 -17 0
-9 -48 -41 0
-14 -25 -26 0
-47 -25 30 0
44 -1 19 0
-11 -32 45 0
-43 38 49 0
-26 20 -21 0
9 -30 -17 0
-19 -19 -44 0
18 29 -38 0
17 41 -44 0
-42 39 13 0
-13 25 34 0
9 11 -27 0
36 -39 -18 0
-29 -5 20 0
25 -7 36 0
22 23 -28 0
-1 -27 19 0
-44 40 -7 0
2 -31 -13 0
-3 22 -28 0
37 42 44 0
50 -41 -42 0
-17 -30 -27 0
30 -41 -42 0
-5 -18 26 0
5 5 -12 0
-47 -33 11 0
41 11 1 0
-30 23 -5 0
14 -18 31 0
-41 36 -41 0
45 10 -18 0
-42 13 -20 0
-21 11 36 0
-34 -6 -1 0
5 -19 19 0
-9 49 39 0
-23 24 -10 0
16 13 26 0
41 49 -32 0
-10 -16 -24 0
-2 15 33 0
-47 -27 41 0
-36 -16 12 0
-2 47 -38 0
41 -24 20 0
47 -15 39 0
15 20 26 0
-3 -46 36 0
-34 38 17 0
-25 23 28 0
-48 -10 49 0
-49 -18 4 0
-25 44 45 0
-36 -18 -46 0
44 49 5 0
-6 -46 17 0
18 31 10 0
-13 20 16 0
24 -47 9 0
-14 11 -9 0
-25 9 41 0
-46 -19 42 0
28 23 -39 0
36 -14 30 0
7 20 -43 0
3 -43 19 0
