c CNF generator v0.9
p cnf 50 204
50 -14 -14 0
36 -41 -19 0
24 7 19 0
-38 -29 -21 0
23 -41 29 0
-7 -14 7 0
37 42 8 0
33 -41 12 0
-18 -2 41 0
-36 30 -31 0
-5 -33 10 0
-35 -10 -17 0
43 -49 -13 0
19 -25 49 0
35 -29 -28 0
13 -6 45 0
20 40 33 0
23 37 18 0
9 -40 -27 0
-43 -41 -34 0
9 3 -27 0
8 -23 -27 0
20 26 19 0
-4 25 24 0
-33 -30 39 0
25 15 -50 0
-9 -18 -43 0
44 -47 -48 0
22 41 -29 0
36 38 45 0
-49 1 -49 0
49 -24 -10 0
-4 -8 -28 0
-27 45 -23 0
19 -42 4 0
20 -3 -41 0
-16 50 28 0
-1 -47 -28 0
49 47 -8 0
23 11 23 0
-50 21 9 0
36 -35 9 0
31 41 25 0
28 50 -1 0
-10 -4 -47 0
27 -40 39 0
-34 19 7 0
33 -25 4 0
9 -40 -43 0
17 42 32 0
49 44 23 0
-40 33 24 0
11 -18 -32 0
-35 12 4 0
31 -46 -33 0
-15 15 29 0
-39 36 2 0
5 -42 -35 0
-6 -23 38 0
19 18 -21 0
-9 -32 45 0
-1 11 -11 0
18 -26 12 0
-14 11 -4 0
28 -2 23 0
20 45 21 0
25 -29 26 0
-21 -11 8 0
-25 49 11 0
-32 -4 31 0
38 34 17 0
24 9 11 0
-21 -44 18 0
50 -8 -31 0
-19 -10 -49 0
-6 16 -15 0
-44 -3 -20 0
-17 -29 46 0
33 -15 37 0
-46 -10 13 0
-26 -45 -27 0
-25 3 32 0
-14 -41 -29 0
14 -7 -19 0
-5 35 10 0
26 9 -37 0
-43 -28 3 0
-25 -46 17 0
-46 7 20 0
-18 18 -39 0
32 -37 25 0
47 30 40 0
-3 4 -48 0
-33 13 46 0
-14 -14 -31 0
-36 40 -36 0
20 -25 23 0
45 -37 25 0
-33 24 33 0
46 5 -17 0
22 34 18 0
-3 -40 -45 0
12 42 23 0
24 19 2 0
-49 44 -3 0
7 46 47 0
-15 -32 30 0
20 6 -10 0
44 47 -13 0
16 -6 40 0
30 -11 32 0
16 -37 -43 0
-1 3 9 0
-23 -42 -50 0
24 -3 -6 0
7 4 45 0
11 26 25 0
27 -10 38 0
29 -21 -1 0
-16 -38 13 0
-2 13 -35 0
-30 -30 -21 0
-17 -4 -22 0
-17 -45 -24 0
-50 49 -13 0
-39 24 -44 0
-9 9 -14 0
-9 -13 -27 0
8 -34 47 0
18 27 1 0
33 7 45 0
13 8 50 0
42 -4 19 0
-17 5 -38 0
6 19 -35 0
-43 14 15 0
45 50 -18 0
-48 29 25 0
-31 -22 -48 0
36 6 -18 0
50 2 -14 0
7 -47 40 0
-2 -50 34 0
-31 -7 -44 0
-6 6 -39 0
8 40 -38 0
45 -19 -43 0
-46 20 -42 0
-6 -8 -39 0
-40 -6 38 0
46 -21 -48 0
-41 -34 -35 0
45 7 43 0
8 24 -26 0
2 -41 -3 0
5 -47 27 0
20 37 26 0
42 -50 -44 0
17 49 6 0
30 38 4 0
-41 -9 13 0
-22 -40 35 0
21 3 -21 0
-36 -43 21 0
-19 -35 -6 0
-17 49 34 0
4 -24 43 0
-44 -18 -43 0
-5 47 -19 0
-37 19 47 0
36 -6 -43 0
-8 25 -35 0
-6 42 -2 0
-28 21 -37 0
30 -38 -35 0
-46 -50 26 0
10 13 46 0
-30 -50 4 0
-47 -36 44 0
50 3 -20 0
23 -50 -7 0
-6 42 -27 0
11 36 -46 0
30 -12 -38 0
45 50 16 0
-46 -16 36 0
43 -2 -48 0
46 -46 19 0
-44 34 -37 0
42 42 5 0
-27 50 -24 0
-37 43 20 0
29 27 -5 0
-17 -33 -39 0
42 -9 -43 0
31 -30 -31 0
35 7 26 0
-22 -28 -7 0
-22 -1 -21 0
31 -43 48 0
-17 3 -15 0
-38 -42 -46 0
-26 -38 -37 0
-47 5 48 0
