c CNF generator v0.9
p cnf 50 204
16 19 33 0
20 36 -14 0
-17 36 -2 0
30 31 -5 0
-18 -10 -12 0
42 -12 20 0
-47 -3 -25 0
-13 -24 -30 0
18 45 7 0
-50 -8 -23 0
28 -8 -31 0
-16 -12 -24 0
-10 33 1 0
29 -39 2 0
-43 -17 13 0
47 15 47 0
37 47 -36 0
11 -31 20 0
-12 1 -28 0
-25 25 -21 0
-41 -41 -25 0
8 -25 -14 0
32 46 -1 0
-4 -44 34 0
-16 2 -34 0
41 40 26 0
-35 -18 -1 0
6 -21 29 0
-16 46 1 0
-34 -10 49 0
44 -43 12 0
-23 -33 -2 0
-30 5 35 0
-4 1 50 0
39 39 -29 0
-42 16 -16 0
-13 -23 36 0
-23 8 15 0
37 -15 2 0
-8 -34 -20 0
-6 -1 5 0
4 48 -29 0
46 -11 14 0
44 21 24 0
38 -13 16 0
46 -12 40 0
27 20 -9 0
43 -41 33 0
-6 -21 49 0
19 -7 48 0
-33 42 26 0
47 3 41 0
-36 22 31 0
-32 -3 28 0
-29 -15 30 0
9 -7 18 0
-36 -9 18 0
35 24 4 0
-30 2 -46 0
39 -35 -10 0
42 40 8 0
30 11 10 0
50 45 37 0
31 23 49 0
8 -46 -11 0
35 -18 -3 0
2 12 -13 0
2 15 -18 0
-18 -50 -42 0
44 -26 45 0
19 -49 -7 0
-19 -49 -3 0
45 32 27 0
12 17 -21 0
20 26 30 0
34 27 32 0
31 35 -4 0
26 27 -19 0
-2 47 -23 0
35 -23 -28 0
44 46 29 0
31 -10 -19 0
5 22 -34 0
-41 -26 -29 0
-38 -48 -15 0
10 1 37 0
-11 -44 -1 0
-21 9 42 0
17 32 1 0
23 19 28 0
17 -28 -7 0
-3 5 3 0
48 22 36 0
-33 -45 24 0
-36 43 15 0
-7 -25 37 0
22 -49 -31 0
16 -7 -2 0
27 40 -19 0
-14 -20 41 0
25 15 -42 0
43 -9 -10 0
32 27 39 0
27 -36 46 0
-14 -17 -45 0
23 38 1 0
-25 3 -32 0
50 -34 -16 0
-12 -25 -42 0
33 -33 -43 0
-16 8 41 0
34 4 -34 0
-24 9 -22 0
-4 29 -22 0
-10 22 7 0
14 21 4 0
39 15 -14 0
10 7 -13 0
26 -34 20 0
16 -10 50 0
43 3 -14 0
-46 17 -48 0
-40 4 44 0
-39 -21 30 0
5 -23 -12 0
9 -10 21 0
24 -32 -8 0
-18 -36 -6 0
17 -22 45 0
24 11 33 0
46 35 1 0
-10 -47 39 0
-20 -48 8 0
11 7 -14 0
-25 -2 26 0
-24 -46 7 0
10 48 10 0
20 -22 5 0
48 -2 -47 0
9 24 24 0
-6 -16 38 0
-28 32 -49 0
9 -47 28 0
18 -24 -33 0
16 -10 -46 0
26 -6 21 0
38 41 47 0
38 34 -23 0
-35 -22 31 0
-40 -25 -38 0
19 23 27 0
-10 20 18 0
-26 12 7 0
40 -23 4 0
2 2 25 0
-23 13 -10 0
-28 -19 -8 0
-33 -45 23 0
10 23 -47 0
-49 -27 38 0
19 17 -16 0
-7 4 2 0
-47 1 37 0
-13 35 40 0
7 -44 27 0
44 42 18 0
-20 -4 -43 0
-40 19 -11 0
-22 45 -2 0
-25 46 -31 0
-29 -29 47 0
-15 -29 -5 0
-35 -6 -7 0
25 44 -8 0
19 14 -22 0
27 21 30 0
-48 -11 -34 0
8 13 -12 0
-17 11 -48 0
23 7 22 0
-24 -34 -44 0
29 -40 44 0
26 -3 37 0
30 18 4 0
14 35 -8 0
5 -49 -2 0
-44 50 -13 0
4 -27 37 0
-37 -37 -8 0
-47 -40 -1 0
-15 -9 -34 0
-24 49 -12 0
-30 47 14 0
-16 -26 -41 0
5 -48 -10 0
45 36 -46 0
-34 -39 -26 0
44 37 -38 0
-21 9 18 0
-20 -35 -44 0
-28 -50 24 0
19 22 33 0
-37 -38 45 0
10 19 -37 0
