c CNF generator v0.9
p cnf 50 204
-45 31 -3 0
-19 19 -6 0
49 46 -20 0
42 -44 -10 0
44 -5 -36 0
47 -40 -23 0
-44 -11 23 0
-23 48 38 0
46 3 -38 0
29 -7 20 0
20 49 7 0
-13 -41 2 0
-48 -35 -14 0
-43 36 -37 0
-18 9 -31 0
37 38 -32 0
-33 -33 38 0
-45 30 -16 0
-7 1 -6 0
28 44 -22 0
50 6 10 0
-29 15 -33 0
27 -32 -41 0
-43 48 -19 0
-21 49 -4 0
-43 -4 9 0
-31 -39 25 0
-28 36 -29 0
-12 7 -6 0
14 15 46 0
-46 45 -18 0
33 29 -48 0
19 18 25 0
17 -7 48 0
23 44 29 0
1 32 33 0
49 -40 -39 0
14 38 15 0
-34 18 18 0
48 12 30 0
-26 -26 -8 0
30 -8 -37 0
-21 -8 4 0
38 3 27 0
12 -10 4 0
-33 -39 -18 0
4 26 -5 0
22 -47 13 0
-34 12 40 0
47 -38 48 0
-5 27 -49 0
6 40 18 0
-27 -5 17 0
-39 6 -37 0
-43 28 -13 0
-40 47 16 0
3 -6 22 0
-14 20 19 0
-43 41 31 0
-21 43 -19 0
38 -2 -8 0
-1 -22 17 0
34 41 -23 0
21 -23 -45 0
-19 15 -39 0
32 -13 2 0
48 -37 -16 0
37 -31 -40 0
-40 39 -31 0
46 13 -23 0
15 -48 -23 0
48 6 6 0
-17 -38 11 0
37 -22 49 0
-44 -1 24 0
25 -34 41 0
20 48 9 0
11 -40 49 0
-11 49 44 0
-46 30 -34 0
17 38 14 0
-29 49 43 0
-13 32 -39 0
-36 -21 2 0
-21 18 38 0
20 -11 -33 0
49 -24 31 0
48 -19 37 0
50 -18 -10 0
-8 -46 -23 0
-28 37 15 0
28 -2 -9 0
17 22 -6 0
22 -2 9 0
32 -29 48 0
-2 26 -33 0
-50 -3 -39 0
-36 -9 44 0
-30 48 29 0
27 5 -1 0
24 -4 -1 0
49 -39 -39 0
-29 21 -12 0
33 -22 2 0
12 45 -1 0
30 41 -1 0
19 36 33 0
-11 2 22 0
43 7 -22 0
-25 38 50 0
-6 9 -30 0
49 35 -23 0
-21 40 -26 0
32 3 31 0
8 -50 -16 0
34 22 -11 0
-27 -49 46 0
32 14 -15 0
-9 -20 6 0
-19 6 33 0
-36 -17 1 0
29 3 -23 0
-30 29 7 0
-21 5 13 0
-26 33 50 0
-43 -2 22 0
41 -17 -18 0
-47 9 5 0
29 -46 -34 0
-23 36 -4 0
-14 24 -31 0
-15 -24 39 0
49 32 43 0
-33 18 -18 0
-42 2 -49 0
-30 4 -39 0
-34 25 30 0
17 -28 19 0
-42 42 19 0
-47 8 -9 0
-18 -30 24 0
-23 -28 24 0
-35 -34 -30 0
28 14 26 0
33 37 -44 0
45 -40 -34 0
-38 -16 -16 0
-14 -11 45 0
-45 13 -33 0
-35 -13 50 0
31 45 39 0
22 20 -23 0
-36 46 11 0
25 -28 -25 0
43 18 27 0
48 49 -47 0
47 47 44 0
20 14 13 0
-11 -49 11 0
28 16 -23 0
25 -28 4 0
-27 -1 -30 0
-6 -33 -7 0
17 42 -39 0
-43 23 -29 0
11 -40 42 0
33 32 42 0
49 4 -30 0
36 6 18 0
5 21 39 0
-11 -17 28 0
2 -2 9 0
-45 30 -30 0
-19 -18 -7 0
6 47 48 0
5 -28 -3 0
-31 -37 28 0
14 36 -32 0
-27 -24 33 0
4 6 48 0
-35 6 39 0
22 16 -16 0
-38 25 42 0
13 -19 8 0
-30 -15 46 0
41 49 -31 0
-23 38 -12 0
-25 50 -35 0
-32 -8 -41 0
-36 48 29 0
-14 7 -3 0
-29 48 30 0
47 -24 -14 0
-39 -39 43 0
43 4 -46 0
-35 49 -40 0
19 -13 -49 0
-1 46 49 0
-50 17 -29 0
-36 4 -40 0
2 -7 -2 0
8 -45 6 0
44 25 35 0
37 6 -46 0
