c CNF generator v0.9
p cnf 50 204
31 -48 18 0
32 -42 29 0
18 -34 -36 0
36 -31 -18 0
47 -11 12 0
-19 43 -36 0
25 -18 -13 0
-32 50 45 0
4 -40 -44 0
49 -25 31 0
48 -40 28 0
38 -35 12 0
4 -26 -22 0
-18 45 -46 0
-3 39 2 0
-45 28 -15 0
39 4 36 0
-37 -2 -29 0
-36 -43 -50 0
-18 -34 30 0
8 -22 -28 0
41 -47 -23 0
-50 -44 40 0
-3 -30 18 0
15 -11 13 0
15 -50 -35 0
27 -25 -25 0
-1 7 -35 0
-47 38 -21 0
-14 -7 -28 0
42 22 -1 0
6 8 47 0
-13 11 -39 0
-40 -30 27 0
-4 -34 -21 0
-35 3 6 0
-22 -21 19 0
-18 -10 23 0
-36 -25 7 0
11 -43 -42 0
-40 -30 28 0
-8 13 -2 0
39 -29 -20 0
-37 -9 50 0
18 -49 1 0
10 -39 -24 0
-9 -26 2 0
40 48 26 0
20 -44 -29 0
47 -50 16 0
28 -15 45 0
-33 -31 23 0
48 8 -11 0
-1 15 -4 0
-20 -11 37 0
-26 32 -44 0
43 46 14 0
-29 42 2 0
20 7 36 0
46 -27 -12 0
-8 15 8 0
40 22 1 0
-21 -20 23 0
38 42 -9 0
-21 27 33 0
-43 27 38 0
-50 -21 29 0
-16 2 35 0
-40 -15 -21 0
45 -33 29 0
8 23 27 0
37 15 33 0
-29 -10 -40 0
23 -19 -43 0
47 8 -7 0
2 5 -36 0
-38 36 -37 0
19 41 17 0
-9 -31 -40 0
-28 28 38 0
-42 38 -40 0
33 -45 24 0
-20 -30 40 0
14 -24 -25 0
18 19 12 0
33 -31 -20 0
-9 -10 -11 0
-37 -2 -4 0
7 -37 -2 0
33 30 -31 0
-41 -19 15 0
-27 2 -8 0
21 -47 39 0
-37 -24 -34 0
-7 2 19 0
12 -29 4 0
-34 17 -3 0
34 -24 40 0
3 15 6 0
43 31 1 0
17 34 -32 0
-20 -12 20 0
20 -1 -31 0
-14 16 26 0
11 2 -30 0
-49 -15 44 0
-48 -13 19 0
14 -25 2 0
33 -1 29 0
30 -16 -47 0
-6 -32 49 0
33 48 15 0
-37 -2 6 0
-39 29 -14 0
-2 -6 19 0
26 13 10 0
27 49 -42 0
16 -49 -31 0
-41 -36 -44 0
25 -28 -29 0
13 -15 25 0
-50 18 8 0
-25 17 -8 0
-49 24 -25 0
23 -8 47 0
35 37 48 0
49 -44 48 0
19 -21 -36 0
17 -16 -13 0
41 -41 14 0
18 -42 -48 0
45 -6 23 0
-5 -28 31 0
-40 -17 -3 0
-50 2 -46 0
-27 -17 -34 0
-19 46 42 0
34 -22 -15 0
-41 32 -25 0
-29 -26 13 0
27 29 3 0
25 5 -10 0
-6 -29 -10 0
13 -48 20 0
-11 -14 -21 0
-27 -10 5 0
-13 9 45 0
-17 23 13 0
46 -39 31 0
28 -8 -42 0
16 40 -14 0
20 -3 33 0
-20 -13 27 0
46 19 23 0
-34 5 -47 0
-3 -9 6 0
-19 -10 -2 0
-45 1 37 0
-29 -13 -20 0
-23 -17 -10 0
-47 48 41 0
26 10 -17 0
39 -32 9 0
-39 5 45 0
8 37 42 0
3 -32 -20 0
50 1 32 0
30 24 -13 0
-5 45 25 0
-12 -49 -28 0
47 23 32 0
-43 -27 -15 0
22 20 37 0
-44 6 1 0
-43 -4 44 0
-17 50 -45 0
-14 -39 -47 0
-37 -47 -37 0
39 20 11 0
-9 17 2 0
-41 44 -31 0
45 29 7 0
-2 48 14 0
31 47 24 0
-22 17 -19 0
-25 5 -23 0
6 -50 48 0
32 -14 32 0
2 9 3 0
46 -14 35 0
-3 -17 -48 0
29 27 16 0
28 -4 -41 0
-1 -4 -9 0
-23 38 6 0
-22 -11 23 0
-7 39 -29 0
23 42 -49 0
-19 32 37 0
5 -11 -37 0
-27 23 -3 0
-29 36 33 0
25 -32 -41 0
49 -4 -28 0
