c CNF generator v0.9
p cnf 50 204
-38 10 42 0
-8 19 -13 0
40 -27 -45 0
11 45 8 0
-16 34 37 0
-34 -41 32 0
14 -31 -27 0
42 34 19 0
10 -12 -39 0
22 -36 -50 0
-5 8 -41 0
25 -17 -25 0
-23 -30 -43 0
-44 21 -35 0
27 15 -14 0
-22 35 -25 0
-13 -13 -36 0
24 4 -11 0
18 -10 -16 0
26 15 47 0
-48 27 13 0
-36 -34 16 0
34 30 -16 0
-19 28 -44 0
48 -22 15 0
-50 -37 26 0
33 26 40 0
-17 -20 38 0
15 21 -27 0
-40 -44 -25 0
48 -26 -39 0
42 -40 7 0
18 -41 22 0
41 18 46 0
5 3 -3 0
-35 -43 -38 0
45 -12 40 0
27 42 48 0
-6 38 -44 0
48 -38 -2 0
-46 -11 -44 0
10 9 11 0
41 -48 32 0
-32 22 19 0
-19 33 12 0
47 4 -14 0
-43 35 -26 0
32 21 17 0
-23 46 35 0
-8 1 -3 0
1 37 48 0
28 -32 26 0
24 -16 -21 0
11 5 -28 0
42 25 15 0
25 27 -40 0
-2 -29 20 0
-29 -25 42 0
-21 -37 -2 0
39 -21 -15 0
36 14 7 0
34 24 22 0
-21 -36 30 0
35 29 -33 0
-9 31 -3 0
-33 1 28 0
-42 -14 47 0
-21 35 2 0
38 -45 -17 0
49 45 -50 0
44 14 14 0
9 2 1 0
-41 7 -3 0
-10 -30 -35 0
11 -13 33 0
31 -16 38 0
34 -46 40 0
32 -45 33 0
43 -3 -25 0
-23 34 -21 0
26 24 -45 0
-35 -49 -17 0
-44 -5 -7 0
30 -44 5 0
-20 -25 -40 0
-39 -47 20 0
-6 -17 38 0
-38 41 -28 0
10 -43 28 0
-50 -36 -14 0
14 -4 -19 0
-4 -39 26 0
15 34 -33 0
-2 -38 17 0
11 15 -11 0
22 -23 -40 0
15 50 15 0
4 -13 -38 0
-17 -12 40 0
9 39 -15 0
-41 -18 -3 0
-42 -48 46 0
-50 6 1 0
42 49 5 0
33 30 -42 0
-30 19 21 0
15 -1 38 0
-26 46 18 0
42 36 3 0
27 -46 -17 0
-10 -6 30 0
-42 46 -49 0
-48 -13 -30 0
-37 -35 47 0
11 -46 -14 0
-18 45 3 0
-25 -48 12 0
21 24 28 0
-48 28 37 0
-19 -37 -31 0
-4 12 -23 0
33 22 36 0
7 15 35 0
-7 -25 -43 0
-33 -31 -17 0
-15 -37 50 0
-39 -30 -32 0
-50 19 -13 0
21 -38 -25 0
-47 26 28 0
1 -28 8 0
-27 5 -47 0
-44 -14 -34 0
-19 47 -3 0
-28 18 37 0
-15 9 -48 0
42 -9 -36 0
-11 -3 20 0
-39 -43 -10 0
35 4 18 0
13 29 27 0
26 44 -24 0
6 -46 -1 0
-16 43 -17 0
47 43 -10 0
19 39 29 0
25 35 -41 0
30 1 -36 0
-46 -18 46 0
-42 -9 -43 0
-26 43 -43 0
43 -27 -41 0
-23 7 30 0
45 43 -46 0
-33 -21 -25 0
-6 -9 -38 0
4 -7 -26 0
-43 7 28 0
13 -29 -25 0
15 -11 27 0
-38 8 -18 0
41 -40 37 0
-14 -32 -27 0
43 39 -36 0
13 -21 -22 0
12 31 -19 0
-19 35 50 0
-21 -38 40 0
-22 -11 -43 0
11 16 -48 0
-9 -38 -9 0
18 23 43 0
-2 -27 6 0
32 18 34 0
49 48 -21 0
23 -44 49 0
-5 -5 -15 0
-23 11 17 0
-13 -48 -48 0
30 47 -10 0
-45 -30 -46 0
-32 8 -49 0
5 -39 -50 0
-6 31 48 0
-11 -26 -21 0
32 34 -27 0
-17 -6 -33 0
22 23 32 0
42 16 20 0
44 -44 -26 0
21 8 -32 0
-28 -8 48 0
9 18 33 0
36 -4 -19 0
-44 32 -4 0
5 -23 37 0
-12 31 7 0
-1 -4 24 0
-3 -22 -1 0
-19 46 -30 0
20 -36 7 0
-24 -30 -8 0
12 25 35 0
-1 28 -43 0
