c CNF generator v0.9
p cnf 50 204
22 13 13 0
6 33 15 0
-9 31 21 0
10 43 46 0
-12 -47 27 0
-5 32 37 0
-10 -43 14 0
27 -1 -38 0
27 50 8 0
15 -39 24 0
30 19 1 0
26 -24 -39 0
-24 23 34 0
34 -7 3 0
10 -15 -8 0
-2 -12 -41 0
30 -16 -1 0
-16 6 39 0
-17 8 20 0
11 10 44 0
6 -28 -44 0
26 33 -42 0
-20 -32 -30 0
-34 -24 32 0
21 -21 8 0
-9 8 -2 0
22 -35 -33 0
27 39 40 0
5 -9 -31 0
-25 -11 -20 0
-24 31 -38 0
45 16 -47 0
-11 30 11 0
-19 -7 -14 0
2 20 47 0
-38 -30 -4 0
16 -23 -24 0
14 32 20 0
28 35 41 0
-9 13 -1 0
31 13 -27 0
-14 33 44 0
-42 6 11 0
-8 24 19 0
-48 -35 28 0
15 12 -43 0
1 24 -4 0
-3 -40 -26 0
-9 -13 -27 0
-8 49 22 0
-11 15 34 0
15 -29 45 0
4 -15 -40 0
-5 23 -28 0
-1 -26 41 0
4 5 33 0
32 34 -3 0
9 31 -22 0
11 -49 10 0
32 -32 21 0
21 -30 23 0
31 -24 44 0
35 7 -6 0
8 -8 4 0
-47 -39 -40 0
-38 -20 33 0
-25 -32 -1 0
-35 -35 17 0
36 32 -45 0
48 15 38 0
43 48 17 0
-47 46 -11 0
-24 -20 26 0
-26 -28 14 0
-41 25 49 0
-47 3 13 0
-47 -6 13 0
6 12 10 0
10 -17 -25 0
-3 4 -25 0
-36 -34 -17 0
18 -2 -27 0
20 -5 23 0
1 -48 -22 0
-6 29 -7 0
3 33 -4 0
36 -25 -31 0
-12 -34 9 0
11 -3 -38 0
-14 45 44 0
-32 -33 48 0
12 44 49 0
20 20 -3 0
-35 -31 -12 0
28 35 30 0
11 -6 -20 0
20 44 50 0
49 -34 28 0
-13 27 8 0
-31 5 -15 0
6 16 15 0
19 29 8 0
-43 15 17 0
-3 40 22 0
37 -11 -25 0
11 -32 20 0
-9 38 -44 0
-49 -19 40 0
-28 -6 29 0
-17 47 42 0
-37 40 14 0
16 32 -48 0
7 47 -11 0
-2 34 -18 0
-10 36 50 0
48 -23 -47 0
28 50 36 0
-48 9 8 0
41 -35 14 0
4 -4 9 0
46 -41 34 0
4 -21 -42 0
39 20 -31 0
-39 -35 -8 0
50 21 29 0
47 30 -36 0
20 47 -24 0
44 41 -28 0
8 -47 -1 0
-26 10 -2 0
12 -25 -36 0
16 27 47 0
34 -31 4 0
-41 -37 -46 0
-21 15 -19 0
-1 -15 7 0
-49 5 -29 0
7 31 -44 0
42 22 -7 0
34 7 -20 0
-40 -23 -5 0
-48 -31 -48 0
28 -10 -4 0
-47 5 -41 0
-39 -47 29 0
-20 18 43 0
-12 -21 1 0
-47 44 -34 0
-46 42 43 0
26 36 -22 0
-39 -35 48 0
-16 -42 -20 0
-45 -4 11 0
21 40 13 0
49 -24 39 0
-40 31 -28 0
-14 39 31 0
49 -42 -26 0
29 6 50 0
-7 -43 -32 0
1 25 1 0
-3 22 -39 0
-44 37 -26 0
-23 50 -5 0
25 -7 34 0
29 -25 23 0
21 10 39 0
19 17 19 0
-15 20 -1 0
21 -5 41 0
18 -45 -1 0
45 43 31 0
-16 -36 -47 0
19 10 -39 0
-11 45 -25 0
-24 -2 -30 0
-12 30 41 0
-22 40 21 0
40 38 22 0
50 40 29 0
-32 -50 20 0
1 -6 -22 0
50 17 9 0
42 27 -35 0
-24 -32 -15 0
-14 7 -1 0
29 -37 -18 0
29 26 39 0
18 -24 50 0
-30 -23 32 0
2 -12 -35 0
20 -30 12 0
8 -31 26 0
5 -10 -19 0
31 39 13 0
38 10 -14 0
34 -49 39 0
-22 -21 -31 0
-45 43 50 0
-25 -46 -33 0
32 -4 3 0
35 40 15 0
24 5 28 0
2 -13 -23 0
