c CNF generator v0.9
p cnf 50 204
15 27 24 0
-18 -3 32 0
-7 -24 -9 0
4 -32 -4 0
-13 42 29 0
6 -38 11 0
-45 8 -26 0
3 -37 -24 0
30 10 35 0
17 -8 -21 0
-5 -8 -36 0
-37 -34 25 0
37 36 -34 0
-37 -8 -47 0
-33 30 -34 0
-25 -15 9 0
-21 -46 25 0
45 -31 37 0
-26 22 -48 0
-16 -36 -31 0
4 39 3 0
-24 38 -8 0
-7 49 -22 0
49 8 4 0
33 -13 -47 0
41 43 22 0
24 -48 -20 0
35 34 33 0
-32 10 -13 0
-25 -47 47 0
32 -3 -28 0
45 36 -13 0
-6 44 -6 0
4 -26 31 0
-19 -21 -19 0
-10 -20 17 0
20 -12 -18 0
25 -41 7 0
28 23 10 0
-1 -47 -11 0
37 -38 47 0
30 -48 41 0
-6 35 22 0
7 26 38 0
37 -44 35 0
-26 -16 27 0
-5 -19 41 0
-15 -15 -48 0
-46 -39 -15 0
-2 46 -8 0
17 -28 48 0
-49 36 6 0
-4 21 -35 0
11 -15 43 0
21 -38 20 0
-15 -38 -47 0
-10 -19 6 0
-33 -5 12 0
9 40 48 0
13 32 42 0
49 -44 6 0
40 -47 10 0
49 41 -43 0
-11 -20 29 0
49 9 26 0
-30 29 -16 0
20 16 8 0
-19 -35 -47 0
-36 -29 30 0
49 -25 -4 0
39 -21 25 0
3 -20 -49 0
26 -34 44 0
27 -33 46 0
-25 19 9 0
17 -8 -14 0
2 13 42 0
44 -32 4 0
36 -14 48 0
30 1 28 0
45 -26 9 0
7 13 -38 0
34 34 17 0
-1 13 21 0
22 34 12 0
32 -18 -31 0
-15 50 49 0
17 -46 -7 0
32 37 26 0
50 5 -33 0
-10 29 -50 0
-2 48 48 0
46 33 32 0
36 -40 -37 0
-27 35 -18 0
-21 -7 -42 0
-41 2 -4 0
-48 -10 -6 0
-7 -47 -1 0
-50 25 -37 0
-21 -24 -50 0
4 14 -20 0
-18 -23 -48 0
28 -31 -12 0
48 22 30 0
-7 31 -7 0
50 -7 -28 0
-20 12 37 0
-19 50 -49 0
43 -13 9 0
37 35 -43 0
-50 -11 -17 0
-36 40 23 0
14 26 1 0
-49 -24 -45 0
-50 18 -12 0
-30 -5 -2 0
37 47 31 0
10 37 -47 0
13 -35 -19 0
-16 33 4 0
-3 23 3 0
-50 34 40 0
-20 -7 39 0
49 26 6 0
41 15 9 0
-8 -50 -5 0
-19 7 -32 0
-50 25 -49 0
-44 39 -4 0
12 1 48 0
-22 50 -1 0
37 41 -4 0
-4 -36 -50 0
-27 37 2 0
-24 10 14 0
14 14 30 0
35 49 -39 0
19 -29 -25 0
-20 39 -31 0
20 -39 -9 0
-4 -45 8 0
-28 33 -15 0
-4 -36 -13 0
-42 -49 15 0
27 -46 49 0
-39 5 -12 0
16 -30 -11 0
46 -42 -7 0
-8 -2 -13 0
-23 -8 -24 0
40 23 49 0
40 13 -18 0
-12 50 1 0
-24 7 25 0
29 -21 -27 0
-49 13 48 0
25 20 -6 0
-38 -22 -29 0
46 41 -23 0
-16 -4 24 0
-45 12 7 0
-40 -48 47 0
7 21 -39 0
42 48 34 0
14 -43 10 0
-17 37 -22 0
-2 -25 -13 0
-8 50 -46 0
41 45 15 0
29 -27 -37 0
29 50 -11 0
28 -40 33 0
20 -24 11 0
17 46 -41 0
43 -28 -39 0
20 -18 4 0
-15 -18 19 0
34 -19 -8 0
-27 47 14 0
-31 15 -33 0
24 19 37 0
-10 -21 3 0
-46 -23 -18 0
-47 20 33 0
43 10 16 0
16 -10 3 0
-24 38 -8 0
47 24 -29 0
-25 -45 -20 0
35 -29 -11 0
-46 -13 26 0
-1 -8 9 0
-45 -23 33 0
44 14 -39 0
27 -42 30 0
-45 37 42 0
-11 14 6 0
-19 -49 4 0
-13 39 -4 0
25 -41 -34 0
-25 47 -37 0
-42 -35 -29 0
-12 20 -42 0
