c CNF generator v0.9
p cnf 50 204
-6 -47 4 0
-15 7 -11 0
-4 36 -40 0
30 -8 -23 0
-20 -45 35 0
32 11 35 0
39 19 50 0
-50 48 -2 0
-41 7 -37 0
-20 27 -37 0
18 36 -28 0
-38 -41 32 0
-23 -41 -4 0
20 5 29 0
-41 45 50 0
-9 -34 13 0
-26 3 11 0
-35 -27 -3 0
-1 -50 38 0
12 20 -39 0
-33 -7 40 0
-43 20 39 0
-43 -13 -25 0
-12 50 9 0
15 36 5 0
4 -14 24 0
12 37 -29 0
-25 14 16 0
-22 30 29 0
11 -26 -23 0
-14 -44 20 0
2 -48 -43 0
-24 -22 -16 0
27 -24 -13 0
26 18 -12 0
-10 40 28 0
-27 1 -44 0
-24 44 -41 0
20 -33 -29 0
25 41 -28 0
32 -14 -41 0
23 -13 -4 0
-40 -17 30 0
-23 -22 10 0
44 -18 42 0
-41 -9 31 0
13 -43 -29 0
39 -32 22 0
38 -18 26 0
20 -43 -25 0
-37 33 -27 0
47 4 41 0
48 -35 6 0
-8 -25 -29 0
-18 -18 32 0
6 38 -9 0
-8 23 -11 0
36 -19 -41 0
6 -18 9 0
-50 -22 9 0
-30 23 -1 0
-10 15 -48 0
-31 12 5 0
37 -42 34 0
-49 27 18 0
-21 35 -21 0
-16 -34 -3 0
11 -24 -39 0
-15 47 13 0
-28 9 -5 0
-4 -47 -10 0
-8 -4 37 0
8 -27 10 0
-2 -26 -1 0
44 -43 -26 0
5 20 28 0
-30 20 18 0
37 10 21 0
48 26 11 0
-6 3 42 0
24 -39 4 0
-8 2 37 0
-20 -38 -48 0
33 7 7 0
-33 -5 41 0
3 -37 -35 0
-34 -49 -32 0
-15 41 -18 0
49 -26 43 0
-18 -14 -44 0
-33 -28 -12 0
-28 30 -48 0
-18 -16 -17 0
-38 -22 46 0
31 -36 13 0
-33 21 30 0
-31 46 44 0
-16 3 33 0
-28 -11 -13 0
-15 22 49 0
-28 -20 36 0
-10 -12 6 0
-27 23 -46 0
-44 41 39 0
-1 19 -16 0
23 10 38 0
40 48 28 0
24 -9 47 0
-24 -45 -16 0
22 48 -47 0
-30 3 3 0
48 39 -43 0
-4 -16 31 0
31 -18 2 0
-26 13 -17 0
-24 16 24 0
-38 -26 -13 0
46 -40 25 0
33 -4 -32 0
-44 7 19 0
-24 20 47 0
6 7 -48 0
-18 15 -45 0
33 -18 -5 0
-18 -44 13 0
-37 42 -32 0
17 9 -2 0
-47 8 12 0
-11 -45 12 0
-30 -21 46 0
-30 -33 -28 0
-36 7 -28 0
4 34 37 0
-4 -1 29 0
31 -23 16 0
3 -32 15 0
39 -42 7 0
34 25 -11 0
7 16 -12 0
-49 29 31 0
4 1 35 0
-38 -46 -45 0
-19 -14 -33 0
-38 -26 -47 0
-11 23 -36 0
-31 7 -8 0
-47 -5 8 0
-17 1 -8 0
-9 1 30 0
23 2 23 0
6 -44 -34 0
21 47 14 0
8 41 7 0
50 -24 29 0
-49 -22 -50 0
34 -49 -28 0
-29 -4 -5 0
-39 -17 49 0
49 37 -26 0
7 -13 37 0
-2 -31 -41 0
-25 -47 4 0
20 5 -34 0
29 17 22 0
3 5 -5 0
48 -5 41 0
8 -14 -12 0
-8 -14 -45 0
26 -17 31 0
-23 50 27 0
-13 -4 -25 0
-35 36 -22 0
5 -45 23 0
14 46 -39 0
-27 10 23 0
-46 -20 44 0
18 13 -15 0
-49 29 6 0
20 -34 42 0
32 38 21 0
38 -10 -6 0
-30 31 37 0
46 11 7 0
34 15 27 0
-45 -27 -18 0
22 6 -23 0
22 -39 -40 0
48 42 23 0
-14 17 -49 0
-44 -5 15 0
46 27 25 0
-41 -26 -48 0
35 12 -41 0
6 -23 -41 0
5 36 47 0
16 -24 7 0
44 26 -12 0
21 2 -33 0
-2 46 -1 0
28 -17 -14 0
37 -19 19 0
3 -35 20 0
32 16 -21 0
-28 -29 -26 0
