c CNF generator v0.9
p cnf 50 204
31 -35 36 0
-31 16 38 0
-12 -49 -32 0
-45 29 12 0
8 -50 41 0
29 14 -50 0
-49 -11 39 0
27 41 6 0
12 -1 -23 0
34 -26 39 0
-47 -25 46 0
41 29 14 0
14 -42 20 0
-21 28 -28 0
2 16 -7 0
33 -48 39 0
38 40 40 0
-18 -26 -44 0
34 25 -27 0
23 16 -17 0
-44 -42 -45 0
30 -12 -3 0
14 -40 24 0
32 -25 15 0
-44 -4 -39 0
-36 -17 -18 0
24 7 -6 0
29 19 19 0
-44 6 24 0
7 12 -15 0
9 -15 -36 0
-14 -21 35 0
-43 15 43 0
-21 -23 4 0
-34 49 -9 0
-26 6 24 0
-28 23 -44 0
6 25 -17 0
-2 -34 37 0
-37 3 -2 0
-36 24 16 0
42 10 -39 0
47 40 -46 0
-5 -24 24 0
49 31 -17 0
25 -25 40 0
-9 -30 -1 0
-20 -48 44 0
-47 -33 -43 0
31 -37 22 0
-28 15 -25 0
12 -29 30 0
-8 39 31 0
15 31 40 0
14 49 -10 0
19 6 -20 0
12 34 41 0
-34 -14 -40 0
-32 41 6 0
-21 -15 11 0
20 5 9 0
-46 -47 -48 0
-25 9 44 0
-21 -29 -46 0
20 28 45 0
38 -24 18 0
-41 -36 43 0
15 2 -46 0
-16 37 4 0
35 4 -41 0
-14 -18 -50 0
-10 32 -47 0
-17 -42 -40 0
21 30 -11 0
7 35 -30 0
19 -36 21 0
-49 1 -50 0
1 -45 -19 0
-38 -19 -49 0
27 -4 -38 0
42 -19 -12 0
-43 -20 -36 0
24 32 -5 0
19 -10 31 0
47 -35 17 0
29 7 7 0
10 -50 48 0
-8 14 49 0
34 -24 -25 0
-15 -26 -26 0
45 23 -17 0
-19 -36 -4 0
24 -39 45 0
-11 -3 -38 0
18 -14 -31 0
-24 -38 46 0
33 23 -12 0
12 43 47 0
23 -2 -26 0
40 35 2 0
34 4 45 0
-4 21 28 0
-39 -45 -16 0
49 -27 31 0
-29 24 9 0
-41 28 24 0
-21 -20 35 0
7 12 -49 0
-7 -50 19 0
-19 41 33 0
41 -49 -32 0
14 44 37 0
28 48 17 0
24 2 -44 0
-1 24 -11 0
19 -17 -40 0
-7 -17 11 0
7 24 -25 0
-50 45 46 0
19 25 50 0
6 -50 -17 0
-32 -28 6 0
25 -35 15 0
-8 -49 -39 0
-43 -29 -48 0
-32 4 47 0
48 -10 -30 0
-13 -22 6 0
-20 20 -4 0
13 -5 -3 0
-6 17 -28 0
17 -13 -15 0
2 -36 -40 0
40 -14 -20 0
32 -45 -1 0
32 14 -23 0
-14 24 26 0
49 47 2 0
-21 41 16 0
46 20 17 0
-41 -50 43 0
41 11 34 0
-27 -34 -8 0
-15 13 -16 0
15 -37 6 0
-4 26 -19 0
-27 -50 -39 0
12 20 6 0
-48 -6 -38 0
-4 -35 1 0
-1 -21 39 0
-30 47 48 0
-13 2 12 0
49 36 25 0
40 -45 -48 0
22 -10 26 0
31 -7 -35 0
35 10 -48 0
-7 -23 -15 0
-16 22 -8 0
-17 -33 7 0
3 -17 -10 0
-13 -16 -47 0
43 -14 43 0
12 -6 19 0
44 -4 22 0
-35 41 -50 0
-5 -5 -48 0
-9 -20 11 0
16 -15 -17 0
21 -13 -45 0
-2 28 19 0
-20 -38 25 0
11 -43 49 0
-13 -10 7 0
-44 23 35 0
-41 -29 -48 0
29 35 11 0
-40 -31 42 0
-34 6 -41 0
-22 -50 23 0
-7 -14 7 0
-5 36 -45 0
12 -18 -15 0
-39 32 32 0
-42 4 -33 0
50 40 37 0
17 -27 -47 0
-40 -15 40 0
42 -21 -44 0
-31 50 -28 0
15 -2 -40 0
-29 22 -24 0
32 -13 -20 0
-7 21 -17 0
48 1 12 0
-28 38 38 0
25 -13 -38 0
-6 44 1 0
-21 49 50 0
24 -12 -6 0
-38 -2 -47 0
42 -48 46 0
-1 -23 1 0
