c CNF generator v0.9
p cnf 50 204
-39 47 12 0
-20 -7 -38 0
29 -21 -31 0
6 31 28 0
34 -7 -24 0
21 8 -28 0
20 -13 -35 0
24 -10 -46 0
6 -20 46 0
-13 11 42 0
45 -47 -49 0
41 29 37 0
-10 -40 -27 0
40 -33 -23 0
-39 -43 -13 0
20 48 -6 0
-3 43 -25 0
12 45 42 0
20 -1 -12 0
-17 -42 26 0
19 40 33 0
49 -43 29 0
-21 14 33 0
-23 -17 33 0
2 29 41 0
-9 5 -38 0
-48 10 32 0
-11 48 4 0
15 27 -40 0
-42 -39 -39 0
26 -17 10 0
46 -25 5 0
-45 -7 -44 0
-19 -38 38 0
-15 -39 50 0
-33 49 -44 0
18 -17 5 0
9 -37 20 0
-25 -26 1 0
13 -31 44 0
-11 -2 30 0
-15 8 17 0
-37 -31 -47 0
6 3 -12 0
13 15 -29 0
-48 -15 7 0
-31 21 -14 0
-10 31 23 0
-36 37 28 0
46 8 -42 0
-13 -24 26 0
-32 50 -22 0
-41 -32 -4 0
48 -7 12 0
-49 45 -42 0
-14 -20 -48 0
-44 -17 -7 0
-2 -13 -11 0
-6 11 -34 0
16 25 34 0
-8 -8 24 0
7 50 -29 0
-40 -26 11 0
45 46 -10 0
28 5 16 0
-19 -46 36 0
2 -37 30 0
50 -45 21 0
-40 -15 14 0
49 -3 -5 0
17 27 -50 0
-31 -26 -40 0
-16 -14 -20 0
11 7 41 0
-29 -25 -22 0
45 35 -21 0
21 -36 19 0
12 -43 12 0
16 4 -11 0
-3 35 11 0
21 31 -10 0
1 -47 -28 0
37 31 -50 0
33 35 -3 0
33 31 10 0
35 29 -27 0
1 1 -47 0
-10 -24 -43 0
33 39 26 0
-13 20 -6 0
18 48 18 0
13 -40 30 0
42 -43 26 0
47 -39 18 0
-46 15 6 0
27 3 -23 0
-2 -7 -7 0
-25 -17 -36 0
35 40 -22 0
-19 47 47 0
-36 26 45 0
-12 44 -49 0
12 -31 40 0
-18 7 13 0
-31 18 8 0
47 6 10 0
20 19 38 0
-23 -36 -44 0
-11 -38 -36 0
-2 -7 -21 0
18 -6 -7 0
25 30 5 0
40 -35 47 0
40 -1 -38 0
-14 -39 -33 0
-37 45 25 0
-2 45 13 0
-25 11 -49 0
-28 14 49 0
47 -3 8 0
15 47 -49 0
-33 49 -19 0
9 -23 -32 0
-29 -11 -43 0
-33 14 -23 0
-6 34 -39 0
44 -22 -25 0
-49 -24 3 0
13 45 36 0
-31 -45 44 0
35 -50 25 0
-37 8 36 0
18 -46 -11 0
-44 -28 -6 0
18 -14 10 0
-31 -49 -5 0
-25 10 4 0
-14 12 -45 0
-8 -21 -8 0
-20 -29 41 0
31 -45 -4 0
-35 -2 -48 0
43 3 -24 0
-28 -26 -34 0
33 41 -42 0
-31 -3 -28 0
-36 46 50 0
40 15 -29 0
-17 -15 13 0
18 7 -26 0
-7 42 -44 0
16 20 -50 0
-6 25 -41 0
-18 30 20 0
50 10 23 0
-28 -2 -35 0
-23 -34 -40 0
-39 50 -14 0
-20 -37 -20 0
10 27 26 0
1 39 -45 0
23 -8 34 0
35 37 34 0
-10 -30 37 0
-34 41 -23 0
-25 36 7 0
39 26 -10 0
29 46 -13 0
-46 -4 30 0
14 -17 35 0
-31 -5 48 0
26 -38 -32 0
13 35 49 0
-38 -8 45 0
-12 27 50 0
2 -7 6 0
16 47 -29 0
38 12 46 0
-10 18 -43 0
50 -4 -9 0
-6 -40 -17 0
-44 -40 49 0
-43 49 -21 0
39 43 43 0
-3 -44 37 0
-22 -12 19 0
49 23 43 0
40 -40 -13 0
-4 -4 16 0
34 -44 27 0
-41 -36 49 0
-24 25 -21 0
-16 14 16 0
-31 4 26 0
43 4 47 0
-28 -19 -44 0
-37 -5 23 0
33 36 -36 0
11 14 28 0
-38 36 -46 0
-44 39 39 0
-13 35 -48 0
-27 -28 -40 0
-48 -41 48 0
