c CNF generator v0.9
p cnf 50 204
-34 -32 -29 0
33 46 -46 0
32 18 11 0
-32 -31 -22 0
9 20 -1 0
-24 17 27 0
-4 -7 -45 0
12 41 6 0
-30 30 50 0
16 -46 -10 0
32 39 21 0
44 -3 -10 0
47 -37 17 0
41 23 -11 0
3 2 -10 0
-17 2 -49 0
39 7 -14 0
-39 -33 -45 0
-16 8 23 0
-45 -11 -50 0
36 44 -7 0
-47 -10 -7 0
2 -19 10 0
-18 -2 -40 0
-5 30 14 0
-27 -22 -8 0
-5 5 14 0
-42 -37 -37 0
-41 25 -33 0
29 -28 -22 0
41 -20 21 0
7 -40 -35 0
-47 37 46 0
-25 41 6 0
45 -44 -22 0
-46 -24 -22 0
1 -49 8 0
-2 22 5 0
4 -29 26 0
-23 22 18 0
23 -13 -41 0
-39 19 11 0
-1 25 -26 0
27 25 -8 0
-11 27 -30 0
3 12 15 0
2 37 -26 0
-33 -29 -50 0
32 -18 9 0
-19 -12 -31 0
-7 49 -34 0
40 31 37 0
11 -16 2 0
-20 -48 37 0
50 45 -22 0
-45 -17 -23 0
14 42 -18 0
-42 -3 -20 0
-34 42 -19 0
48 -24 34 0
-11 37 -4 0
-26 35 50 0
39 48 -49 0
-15 -29 -10 0
42 -9 -45 0
-4 8 -38 0
-12 -3 33 0
33 36 7 0
38 -26 20 0
42 44 28 0
21 -6 -19 0
24 -48 24 0
-50 35 11 0
-22 -30 -32 0
45 5 -3 0
-31 11 -41 0
20 3 30 0
41 -45 34 0
40 20 6 0
-21 29 -4 0
-35 -28 24 0
-45 -24 16 0
13 49 -25 0
11 37 29 0
-30 27 48 0
-19 43 31 0
-40 24 46 0
-10 46 -10 0
25 -5 -3 0
50 -41 43 0
5 41 -8 0
-1 8 -7 0
-19 3 -15 0
13 -11 -12 0
20 30 -47 0
-11 -36 29 0
41 -18 -21 0
5 30 35 0
31 27 -36 0
-30 25 27 0
-45 -27 27 0
47 19 -38 0
-19 -26 38 0
-15 19 26 0
8 49 -36 0
27 9 -38 0
-2 27 -26 0
34 -15 13 0
-18 37 29 0
-49 -27 26 0
-46 47 -46 0
43 42 10 0
-48 -22 -1 0
-17 46 -14 0
49 -38 -20 0
22 33 4 0
-4 -44 18 0
-17 -8 -42 0
-35 10 -44 0
-10 -19 34 0
-49 11 39 0
14 28 47 0
35 -4 -47 0
16 39 -28 0
41 -3 -25 0
4 -24 -5 0
-4 46 -49 0
7 -12 31 0
24 44 1 0
4 5 -42 0
13 -2 -30 0
-1 -11 21 0
22 -40 -27 0
-23 33 6 0
-19 -23 29 0
-36 9 50 0
8 -40 -19 0
-9 -2 14 0
-24 3 -49 0
39 -3 29 0
23 39 -49 0
17 -13 -4 0
24 22 8 0
2 7 6 0
6 43 -35 0
5 50 3 0
-9 24 12 0
-47 22 -9 0
-5 43 -45 0
-14 25 22 0
15 36 -42 0
7 -8 27 0
11 35 4 0
37 -31 -29 0
35 -33 -40 0
-12 27 20 0
-28 -21 -46 0
-35 -30 -25 0
39 -30 -18 0
18 17 -36 0
36 -18 -39 0
43 -21 -10 0
32 27 -8 0
36 5 -1 0
19 27 28 0
40 -10 13 0
23 16 -10 0
36 -34 -13 0
-39 8 -46 0
27 48 50 0
-44 -8 11 0
-1 3 12 0
-47 21 21 0
-19 -3 -19 0
34 -30 41 0
36 37 32 0
-2 -3 -36 0
-19 6 -38 0
33 40 27 0
36 -4 2 0
39 20 4 0
48 -38 -3 0
16 -11 -17 0
46 -30 47 0
-33 13 -42 0
18 -40 50 0
-21 -19 -30 0
41 44 -9 0
-50 49 -42 0
-28 32 -28 0
-4 3 -47 0
-8 49 7 0
-25 -18 46 0
20 -8 13 0
27 32 -33 0
26 -23 9 0
13 4 38 0
15 -14 10 0
-5 -25 -6 0
3 29 27 0
9 38 -19 0
12 -37 -35 0
32 -12 3 0
-24 -11 28 0
