c CNF generator v0.9
p cnf 50 204
-41 21 -20 0
-37 -40 16 0
31 -25 -29 0
33 -49 42 0
-23 -39 -10 0
19 20 -13 0
10 -28 42 0
-42 -39 -11 0
-41 24 35 0
36 -2 -17 0
14 46 38 0
-46 -1 28 0
32 39 -1 0
25 24 26 0
-34 -50 23 0
-4 34 35 0
31 -27 -33 0
45 -31 31 0
-39 -15 -39 0
-15 -33 -21 0
-32 -6 -17 0
-42 -46 -14 0
36 11 4 0
-35 -1 -29 0
-49 13 20 0
-6 -4 14 0
-8 38 14 0
13 -48 40 0
-34 -14 -31 0
-48 21 -8 0
24 13 -43 0
-26 6 -29 0
24 -47 35 0
10 27 2 0
13 31 43 0
-43 17 34 0
46 -44 37 0
-14 -12 -48 0
20 -36 21 0
-43 -19 -5 0
-11 -43 -35 0
-30 -11 -6 0
-37 -20 -41 0
46 25 -42 0
5 13 21 0
40 46 45 0
-31 26 -25 0
48 4 -29 0
49 28 -9 0
19 -50 35 0
26 -2 -49 0
-20 -27 8 0
41 2 -21 0
39 41 11 0
-34 20 -7 0
3 -18 7 0
-7 29 18 0
-15 -6 11 0
17 -3 -44 0
-25 13 -9 0
-48 23 -18 0
16 36 -16 0
15 -41 27 0
-49 44 -8 0
-11 -12 44 0
-34 50 -25 0
4 -2 21 0
-28 -24 -48 0
9 44 -35 0
42 41 27 0
29 -8 2 0
5 -3 16 0
43 -11 -2 0
-14 -17 15 0
40 -32 30 0
24 -10 8 0
-5 -9 37 0
-13 3 25 0
-16 -47 -49 0
-3 37 35 0
5 24 17 0
-42 -15 20 0
43 -7 -33 0
43 -34 -5 0
5 24 -22 0
-1 -50 27 0
20 -35 -3 0
-32 48 -46 0
-9 8 40 0
8 12 -14 0
20 20 28 0
11 35 18 0
31 25 -16 0
4 44 -4 0
-3 6 -30 0
43 -37 13 0
-26 13 48 0
5 -22 -14 0
11 -2 -33 0
-37 36 17 0
25 -18 -10 0
-49 -41 -8 0
-31 -6 15 0
35 11 -1 0
-37 -22 -15 0
42 28 -22 0
-23 -48 -29 0
12 42 -40 0
13 12 -46 0
-6 5 -15 0
-14 -47 9 0
19 -14 -25 0
-1 -41 -49 0
24 47 34 0
6 -14 50 0
36 -31 11 0
17 -9 -33 0
9 -38 -30 0
-45 -24 -9 0
-26 1 -49 0
-5 -24 -1 0
-43 15 -49 0
-13 2 33 0
-27 -48 29 0
28 -43 43 0
-19 28 44 0
16 45 18 0
-19 -22 -26 0
-32 39 17 0
-20 -34 40 0
36 42 43 0
40 35 -36 0
-17 -1 -45 0
42 31 -38 0
-32 37 50 0
-1 41 -35 0
43 4 -40 0
14 15 -16 0
42 23 -15 0
46 22 28 0
-31 46 -37 0
45 -50 -30 0
38 -3 -6 0
15 21 39 0
-33 -8 -49 0
46 32 3 0
-22 -33 -3 0
17 -7 9 0
-8 -18 11 0
47 28 10 0
-25 26 5 0
-48 7 -41 0
22 -38 -41 0
-18 -25 -33 0
32 49 -41 0
-19 42 20 0
-7 14 -24 0
-27 -6 45 0
-34 28 37 0
-45 25 3 0
-40 -32 14 0
-1 -11 23 0
-19 -28 -47 0
-26 -22 36 0
-23 -7 30 0
-49 -29 39 0
-19 -36 -36 0
-31 37 33 0
10 -18 3 0
33 22 -45 0
-6 -23 47 0
-50 -13 13 0
30 45 -34 0
37 -26 -14 0
17 2 -17 0
45 25 -29 0
-33 -33 -34 0
48 25 -16 0
45 18 16 0
-30 -16 9 0
-2 32 -41 0
11 38 5 0
30 -4 -40 0
28 22 36 0
-11 -4 30 0
-20 -42 -28 0
38 33 34 0
15 33 -14 0
-8 -41 39 0
42 -16 -20 0
23 41 1 0
-27 -50 37 0
8 3 -1 0
38 3 18 0
2 27 10 0
-3 9 -43 0
4 -28 13 0
32 24 49 0
8 24 -37 0
45 -31 -31 0
-2 -48 -48 0
-11 -3 -20 0
-49 22 -11 0
-15 4 39 0
