c CNF generator v0.9
p cnf 50 204
-15 -8 46 0
26 -5 11 0
47 20 -31 0
21 -8 22 0
7 -22 -20 0
-10 -46 -44 0
-43 33 -36 0
42 44 43 0
-31 -39 4 0
-45 45 11 0
-36 -43 27 0
12 -43 33 0
-22 -22 -18 0
-39 -44 -12 0
-24 41 -6 0
-4 -19 45 0
-17 24 -46 0
34 -35 -2 0
47 -15 45 0
37 -9 4 0
21 -33 45 0
21 -9 8 0
21 -39 30 0
-41 10 -16 0
23 -25 -19 0
33 -27 -23 0
3 27 13 0
25 28 -35 0
-15 30 -49 0
46 -11 -36 0
13 1 -33 0
-7 39 6 0
50 -27 40 0
-16 31 2 0
-45 18 20 0
8 -23 -38 0
-38 -33 17 0
-10 -21 1 0
47 24 50 0
47 35 -29 0
13 42 -34 0
25 -3 41 0
37 33 3 0
25 -46 -8 0
39 -18 21 0
-11 37 -47 0
14 -39 21 0
10 15 -7 0
6 -41 -36 0
-3 -45 1 0
29 -28 43 0
3 50 -16 0
18 10 -7 0
-4 -42 2 0
31 39 -49 0
24 11 -21 0
18 48 18 0
18 -17 -11 0
-7 42 -42 0
39 -28 -23 0
-22 -23 47 0
-7 1 10 0
-42 18 50 0
-22 41 46 0
4 -40 -10 0
-32 -25 45 0
-36 47 -8 0
18 6 -33 0
-46 -30 35 0
39 -34 5 0
33 -32 -3 0
-33 33 -41 0
50 -31 14 0
-21 35 -49 0
17 -43 -12 0
-7 11 35 0
11 17 38 0
-5 -8 25 0
14 -47 48 0
41 47 -44 0
12 -50 -32 0
-50 -40 44 0
26 18 -41 0
-26 8 -44 0
-41 -47 -50 0
-30 -35 -10 0
-26 28 -39 0
-34 -22 15 0
-15 13 24 0
-36 8 29 0
-1 33 -47 0
-24 -48 -21 0
17 -45 -24 0
32 1 -16 0
40 -35 -44 0
-21 -26 -1 0
44 -29 27 0
-16 -5 -40 0
13 -11 9 0
29 -5 34 0
29 48 -6 0
-19 9 -37 0
45 32 -44 0
5 -27 -3 0
28 18 9 0
4 -13 -17 0
-37 20 47 0
2 -43 7 0
-20 1 -13 0
21 -7 -7 0
19 17 -41 0
40 7 28 0
-12 -47 -32 0
-33 50 48 0
-25 -3 -47 0
44 45 -28 0
-4 13 -26 0
7 -19 17 0
-42 39 47 0
24 36 -32 0
29 -37 35 0
-37 32 -13 0
4 34 44 0
31 -46 -24 0
40 40 20 0
-43 -44 2 0
-40 -8 37 0
45 6 28 0
7 -36 -44 0
28 -25 -49 0
1 4 27 0
7 12 11 0
38 -28 -4 0
8 39 -41 0
12 11 -21 0
-25 -29 -30 0
38 28 -31 0
-26 49 5 0
-35 -48 -41 0
-10 24 -22 0
-48 -8 24 0
15 -30 -5 0
-43 -35 -10 0
-11 -22 28 0
-32 -39 -17 0
-16 -29 39 0
-40 21 -37 0
13 -49 -44 0
50 4 49 0
7 15 -26 0
-45 20 49 0
18 -47 46 0
-42 -38 2 0
17 -19 16 0
-5 -10 5 0
-41 -35 48 0
-35 26 -39 0
18 -1 -4 0
34 46 -10 0
48 14 -39 0
19 40 1 0
6 6 -33 0
-7 -43 -13 0
4 19 42 0
-45 -5 2 0
-35 20 21 0
-35 -49 -39 0
-23 39 38 0
-50 5 -1 0
23 27 -16 0
39 20 -39 0
13 -8 -40 0
-5 9 30 0
-36 16 39 0
8 32 16 0
38 -27 -50 0
-35 -32 -26 0
42 -10 4 0
-28 27 -20 0
-12 33 34 0
45 -12 -5 0
27 33 -12 0
-22 19 -21 0
-26 -33 29 0
40 -12 5 0
-9 15 32 0
-47 37 17 0
34 -34 -37 0
48 -35 -34 0
-24 42 -32 0
-24 13 7 0
-30 -44 -48 0
-40 11 -20 0
42 50 36 0
-45 34 -41 0
-47 -29 -1 0
-46 -21 -13 0
27 28 -43 0
32 -15 -49 0
-3 -40 -31 0
14 41 44 0
-2 23 -18 0
-44 -19 24 0
-40 41 -44 0
