c CNF generator v0.9
p cnf 50 204
-23 36 -30 0
-44 42 10 0
-37 44 -48 0
11 -7 -5 0
-47 -43 -8 0
-6 17 -50 0
-2 -6 -16 0
-28 -30 33 0
-38 -23 -20 0
34 -48 49 0
3 50 -23 0
-5 46 21 0
-25 17 13 0
34 9 -17 0
49 16 -42 0
50 32 29 0
-15 25 -39 0
-38 -39 41 0
11 47 1 0
-37 -10 -48 0
12 -32 15 0
-23 10 -49 0
7 25 11 0
29 47 -35 0
6 -25 9 0
21 47 -7 0
3 34 5 0
2 21 -43 0
32 -1 -11 0
-29 39 6 0
-17 -17 6 0
1 15 -14 0
-47 -36 6 0
-36 1 45 0
-45 9 -1 0
-2 -4 -30 0
14 -37 -18 0
-27 -43 -27 0
-2 -23 9 0
-7 -43 5 0
47 -27 -13 0
-33 29 27 0
23 -38 -4 0
16 -5 10 0
-47 20 29 0
-48 -3 16 0
44 -15 -4 0
35 34 -20 0
-21 -40 -7 0
46 24 -31 0
4 -25 32 0
-26 33 14 0
-9 -4 5 0
-23 -41 13 0
14 16 -7 0
-44 3 -23 0
-38 37 -40 0
35 11 36 0
14 -9 -11 0
45 -22 44 0
-25 -44 2 0
6 -42 -13 0
37 -41 48 0
-45 -34 8 0
22 -50 -3 0
35 1 35 0
50 14 -26 0
-11 40 -42 0
-19 -12 -8 0
-28 -27 -17 0
13 9 28 0
-21 18 36 0
5 -8 6 0
-12 21 18 0
-12 45 13 0
-5 -6 -6 0
46 -35 -34 0
-25 22 -28 0
17 38 -47 0
-22 -25 -2 0
35 44 -31 0
3 -48 -35 0
7 32 -18 0
25 -32 11 0
34 -19 -17 0
22 15 16 0
-5 9 42 0
-22 -17 -11 0
22 -23 29 0
43 -19 39 0
-32 -35 44 0
8 -4 35 0
-47 -40 22 0
22 15 13 0
-42 33 49 0
36 42 35 0
4 -20 -15 0
35 29 -43 0
-38 -47 24 0
-14 30 -39 0
-43 16 -5 0
31 44 -4 0
38 -5 43 0
-48 -43 37 0
32 -22 5 0
26 22 -41 0
-18 38 26 0
-19 34 -35 0
45 50 47 0
-40 18 31 0
-2 -7 15 0
38 -3 5 0
-19 -48 7 0
45 28 25 0
32 6 4 0
-15 26 48 0
-5 -31 -27 0
42 20 -3 0
16 29 12 0
-47 -16 -23 0
-13 -41 -5 0
-43 6 -21 0
-48 35 -14 0
-16 -43 38 0
10 43 -37 0
-24 -49 16 0
-49 -29 -3 0
-46 -3 41 0
28 40 38 0
-18 15 -11 0
-1 -31 -1 0
-28 16 -31 0
44 -32 18 0
-43 11 29 0
-5 40 -46 0
12 16 -27 0
35 44 12 0
-49 -48 36 0
20 31 50 0
20 40 -25 0
16 8 -22 0
-42 -26 -12 0
11 24 43 0
-18 -3 -27 0
34 14 33 0
23 -13 49 0
23 -41 -6 0
-26 -19 34 0
-40 -1 -11 0
12 -38 -27 0
-34 -32 -9 0
48 -3 -11 0
48 49 36 0
44 -38 39 0
-22 17 3 0
25 47 19 0
21 30 -1 0
16 10 -25 0
-30 -5 44 0
38 -43 -39 0
4 4 13 0
37 5 -17 0
21 35 -5 0
-19 4 -37 0
48 41 12 0
20 -49 17 0
-30 39 -1 0
3 44 10 0
2 11 11 0
-44 -2 45 0
4 38 9 0
-44 -25 31 0
-14 -3 31 0
15 48 17 0
-43 7 45 0
-4 12 16 0
-50 47 46 0
-43 -50 -41 0
20 1 -2 0
-18 41 29 0
-6 -10 2 0
-43 -35 -38 0
-17 -18 12 0
25 30 9 0
-17 43 -25 0
38 28 34 0
21 26 22 0
19 -1 31 0
-36 44 50 0
-36 -18 2 0
-32 -13 -36 0
28 26 31 0
46 40 -34 0
-18 33 5 0
-16 -4 -24 0
35 -34 45 0
-22 -45 31 0
22 34 -18 0
-31 43 -31 0
-20 12 -25 0
-32 7 -28 0
40 12 12 0
24 -29 -5 0
43 35 22 0
