c CNF generator v0.9
p cnf 50 204
-12 22 -18 0
28 -42 39 0
-18 -23 45 0
42 -38 -4 0
-43 39 -47 0
-25 29 34 0
27 22 4 0
-45 -48 31 0
10 21 -43 0
-33 -12 37 0
-19 37 -24 0
-36 -17 7 0
-4 17 -42 0
7 50 -43 0
49 32 -4 0
-5 30 -37 0
31 -32 -4 0
30 -8 -31 0
-10 19 -45 0
-44 48 2 0
-36 -27 42 0
-33 -38 -26 0
-42 44 -45 0
33 42 -3 0
22 43 42 0
38 -10 27 0
5 32 6 0
-39 37 -41 0
-12 8 38 0
43 -16 26 0
-5 -48 -31 0
-43 -23 -1 0
13 44 24 0
-14 -28 -30 0
-6 33 30 0
-12 29 27 0
11 33 -4 0
22 -30 19 0
35 9 -32 0
-6 -20 -15 0
-27 1 -34 0
-32 35 6 0
22 -30 47 0
36 7 -24 0
-45 -36 38 0
38 28 -35 0
9 25 -19 0
45 -13 31 0
-47 49 -12 0
38 34 -26 0
-44 -31 -34 0
43 8 -42 0
8 -5 -49 0
-8 36 19 0
-22 50 17 0
-40 48 -5 0
-15 -12 28 0
-46 -43 -47 0
38 -6 -35 0
11 20 32 0
-31 14 -2 0
26 16 26 0
9 -6 -9 0
-39 -3 15 0
-21 -49 16 0
-1 20 23 0
30 8 -29 0
27 -38 -48 0
39 21 -23 0
-21 17 -47 0
-31 12 23 0
-48 -24 40 0
-29 -24 -47 0
-1 12 2 0
34 7 6 0
-32 38 47 0
-24 -36 -47 0
5 -38 -49 0
11 -6 -15 0
-44 7 -18 0
27 -45 43 0
1 26 41 0
-11 9 43 0
1 -31 -3 0
21 31 -6 0
-42 -41 2 0
-5 -48 -19 0
26 -17 -2 0
-46 26 -29 0
10 -9 -48 0
32 40 -3 0
13 37 12 0
-24 -50 46 0
-47 -18 42 0
-15 20 -40 0
-27 25 -37 0
-18 -18 25 0
-13 37 48 0
-32 29 -23 0
28 31 -16 0
-21 38 4 0
-33 -36 -32 0
7 9 39 0
-5 -44 16 0
-24 4 3 0
-50 -30 -35 0
-35 14 -18 0
-8 9 46 0
19 36 -23 0
-29 -30 7 0
23 4 16 0
-28 20 -25 0
32 14 41 0
-17 50 -40 0
-45 -33 36 0
32 5 15 0
43 29 19 0
43 37 4 0
-37 -41 -41 0
-12 42 -50 0
-17 8 -45 0
-10 24 38 0
44 36 33 0
31 27 -8 0
-33 -43 40 0
-4 -36 36 0
25 -30 7 0
12 23 -1 0
9 50 -48 0
-46 17 27 0
9 26 32 0
-13 14 -17 0
21 -4 -16 0
-33 5 43 0
18 43 10 0
-27 27 31 0
-21 -27 1 0
1 -46 -43 0
-25 -42 10 0
-8 -18 -31 0
47 -41 -18 0
29 49 -30 0
-10 -49 -14 0
46 -4 30 0
-40 5 42 0
-20 20 -47 0
-33 50 41 0
24 2 -44 0
24 4 -38 0
-42 -50 -11 0
-37 37 -48 0
-48 13 -33 0
39 -43 -43 0
47 34 -5 0
-43 3 17 0
13 11 3 0
35 31 20 0
11 31 3 0
-49 40 42 0
-40 -4 31 0
6 23 -5 0
4 -22 -24 0
13 -37 26 0
-4 28 37 0
3 -37 -41 0
13 22 45 0
-5 -44 7 0
49 2 7 0
16 -45 -35 0
31 -16 -24 0
26 -21 -36 0
24 36 -8 0
13 27 12 0
-49 42 40 0
4 -20 47 0
-28 -18 -12 0
39 -36 -38 0
-31 -6 -6 0
21 25 29 0
11 30 -11 0
-46 9 -31 0
-9 35 3 0
29 -6 10 0
-16 -38 3 0
48 13 3 0
35 38 8 0
-27 -30 49 0
-23 -41 35 0
4 -26 -27 0
35 -31 -37 0
-25 32 -17 0
-8 -26 -31 0
35 -6 -50 0
6 12 -37 0
18 2 18 0
-23 -40 -7 0
43 -39 9 0
1 40 -18 0
-36 36 28 0
-37 -47 30 0
8 17 47 0
26 41 43 0
41 37 -25 0
-9 21 32 0
