c CNF generator v0.9
p cnf 50 204
31 -42 32 0
-15 39 15 0
21 49 13 0
1 13 -50 0
-48 21 10 0
-26 20 -33 0
35 46 -1 0
-31 23 12 0
-42 14 -27 0
33 -44 -49 0
43 39 -35 0
-49 -49 48 0
-12 -33 16 0
-1 -31 -26 0
36 -47 -27 0
43 41 35 0
-43 34 -3 0
38 42 6 0
-10 -37 26 0
31 32 -21 0
-16 23 10 0
-1 23 -41 0
39 30 1 0
-22 -47 29 0
48 -34 36 0
-22 19 -45 0
44 -17 -48 0
-7 -19 -44 0
14 33 -45 0
-27 -13 12 0
-5 22 -1 0
10 -31 24 0
-24 30 -29 0
-22 16 7 0
48 -31 -20 0
49 3 -5 0
-16 39 1 0
-9 41 22 0
29 32 -48 0
32 -18 1 0
5 44 12 0
-48 25 -50 0
-8 -12 -39 0
-49 -37 2 0
-39 40 -23 0
28 -31 -25 0
-4 8 -42 0
3 3 8 0
30 -2 43 0
44 -36 14 0
19 47 40 0
18 -17 -15 0
18 -9 -10 0
16 -41 -28 0
-37 34 28 0
-24 -36 -15 0
-49 -14 -16 0
-28 -41 -2 0
34 30 43 0
-45 39 44 0
1 -22 39 0
28 -38 -9 0
-24 2 26 0
24 45 -18 0
-35 -2 -11 0
-7 -50 30 0
-14 -10 38 0
-32 -3 3 0
-34 -10 47 0
19 -37 -1 0
27 -39 27 0
41 -22 -39 0
38 -3 20 0
-7 -12 13 0
-45 23 39 0
18 -40 -11 0
-21 -2 18 0
33 49 -14 0
-36 33 33 0
-13 -11 15 0
-34 -24 42 0
2 -10 17 0
46 -44 -16 0
4 35 -42 0
-36 -4 -25 0
22 -22 -9 0
20 -20 -11 0
33 -7 -39 0
38 4 -8 0
-15 -28 45 0
9 44 -20 0
20 32 5 0
-16 -40 -48 0
9 -12 -30 0
-29 8 -40 0
14 34 38 0
-45 33 -43 0
34 -46 10 0
1 -6 4 0
-32 -5 45 0
29 -30 19 0
20 -43 22 0
-25 26 1 0
40 -30 -6 0
49 -47 6 0
5 -49 -47 0
-42 -41 40 0
-26 32 35 0
4 -5 11 0
-2 -13 -27 0
9 23 -14 0
37 31 8 0
-43 8 32 0
8 -44 -41 0
-12 25 -43 0
41 34 -49 0
-29 11 -19 0
-1 23 -4 0
-44 -12 44 0
-50 -19 50 0
-24 23 -43 0
25 -8 40 0
-5 -30 27 0
14 -3 37 0
-43 -37 6 0
9 17 29 0
-38 2 16 0
-38 37 -28 0
-38 -3 -35 0
-29 -6 -6 0
4 14 -36 0
-4 -47 -43 0
-4 -9 19 0
-30 -13 -23 0
-2 27 -28 0
15 -4 30 0
14 1 -36 0
-9 2 14 0
-31 -10 9 0
-48 35 -36 0
-32 -3 -26 0
-46 28 -14 0
3 -28 13 0
-39 -42 -49 0
44 41 25 0
22 -23 9 0
15 4 -29 0
7 -25 2 0
-27 33 34 0
-26 -48 21 0
-40 16 -47 0
45 41 -38 0
48 1 24 0
48 -15 -14 0
-6 45 48 0
26 23 -8 0
-41 7 -38 0
-49 -24 -30 0
15 19 2 0
-14 50 50 0
38 -6 5 0
4 -33 -15 0
-3 -2 16 0
-36 -16 15 0
29 -20 15 0
-22 -33 -34 0
-26 -46 18 0
-12 -20 13 0
-21 38 7 0
-31 -27 -4 0
-11 -42 -13 0
32 23 22 0
-50 -9 -2 0
-47 38 35 0
-45 -22 41 0
23 36 -8 0
-11 22 -42 0
-40 -38 36 0
3 15 32 0
-45 -12 -32 0
-24 36 -44 0
36 17 38 0
34 -24 -39 0
27 3 -25 0
42 -14 5 0
-27 6 -17 0
33 -7 -34 0
-18 17 -16 0
-34 35 -14 0
42 45 23 0
-29 -44 -47 0
-12 -37 48 0
13 -48 -36 0
-44 3 -15 0
-46 -40 14 0
16 -28 32 0
38 -23 32 0
14 33 -50 0
-5 -9 -38 0
27 -21 -19 0
21 -1 -50 0
31 37 -25 0
-34 -43 7 0
8 10 31 0
