c CNF generator v0.9
p cnf 50 204
49 20 -40 0
-49 25 16 0
37 15 -31 0
50 14 42 0
-36 38 11 0
-42 -5 -48 0
15 18 28 0
38 -25 12 0
-12 37 30 0
46 -4 47 0
43 -5 4 0
-36 22 25 0
12 -7 19 0
49 42 19 0
22 -47 38 0
8 5 46 0
-49 -21 -6 0
24 -50 34 0
34 47 36 0
6 15 9 0
47 -29 40 0
-3 -30 38 0
-47 -31 -22 0
-35 31 8 0
-48 -17 -29 0
50 -23 -9 0
47 6 7 0
-2 40 -18 0
50 10 26 0
16 25 -14 0
-33 -49 39 0
-49 -32 -20 0
17 -32 -13 0
1 -3 17 0
-9 47 -40 0
33 -18 -15 0
-44 5 11 0
-32 12 -21 0
-12 -1 34 0
29 24 5 0
10 9 -4 0
-44 39 41 0
6 -46 -8 0
13 13 -45 0
2 41 5 0
-22 -17 49 0
16 -33 -3 0
-46 39 -22 0
-20 -27 22 0
3 -21 -45 0
10 17 39 0
-45 -15 -33 0
13 -32 -16 0
-39 6 14 0
-35 11 -34 0
-7 37 -27 0
-35 -35 -37 0
2 -46 -41 0
15 30 -11 0
31 38 15 0
27 -26 -19 0
8 -12 44 0
18 -6 -41 0
-11 -13 12 0
39 -12 31 0
25 -13 35 0
-47 -30 30 0
-50 10 -14 0
-29 30 -7 0
-17 13 -11 0
-22 -23 2 0
-34 47 27 0
-35 -50 -29 0
-43 -33 -38 0
37 31 -37 0
-34 1 38 0
-45 19 14 0
-17 40 16 0
-50 3 32 0
-43 -2 -39 0
46 -41 -4 0
18 -21 -32 0
-44 24 28 0
-8 -40 -27 0
-47 -23 -18 0
18 27 -43 0
-29 32 33 0
-26 -40 -1 0
16 -49 -23 0
-11 41 42 0
-24 29 -7 0
-20 -48 -9 0
4 -36 24 0
-15 12 47 0
48 -1 -40 0
4 40 -24 0
-31 -25 -40 0
-49 43 -14 0
45 -4 13 0
47 30 -15 0
-7 9 -5 0
3 -38 22 0
47 1 39 0
40 -47 -8 0
-33 38 -45 0
-19 -10 -18 0
-25 13 39 0
43 -16 22 0
41 -17 -14 0
-42 -23 -50 0
-4 7 35 0
9 14 20 0
45 -47 7 0
36 -14 -9 0
-50 -11 -25 0
-45 -19 19 0
21 -40 20 0
11 37 -46 0
33 15 27 0
-24 29 -18 0
46 7 -14 0
5 22 2 0
-11 21 40 0
-7 28 50 0
-19 14 -45 0
13 11 11 0
15 -45 -24 0
35 -47 2 0
-43 -7 42 0
-50 -50 -45 0
40 34 -45 0
-8 -35 -8 0
34 -39 50 0
-47 -28 -45 0
-5 35 13 0
-9 -50 -28 0
45 -32 -10 0
10 47 -24 0
-24 -14 20 0
6 28 11 0
14 -26 13 0
-24 -40 25 0
-43 -24 -2 0
36 9 -18 0
25 -41 32 0
21 -38 -36 0
33 50 -35 0
23 18 -27 0
48 -3 -43 0
46 30 -36 0
35 42 -27 0
21 -38 29 0
45 -23 42 0
-9 -32 10 0
-15 18 -31 0
17 41 -12 0
16 -25 31 0
-19 3 14 0
21 -7 37 0
-43 9 8 0
-29 -18 35 0
40 -21 -44 0
44 4 -26 0
-24 32 -15 0
23 -18 -46 0
3 11 -7 0
-18 49 -38 0
-35 -20 -10 0
-43 37 39 0
-13 41 26 0
36 -38 -42 0
26 -20 -13 0
26 -18 -33 0
23 30 36 0
30 9 5 0
-15 -44 -9 0
-41 -3 -22 0
13 33 -15 0
-16 1 -4 0
4 15 -27 0
50 27 -30 0
19 27 29 0
21 49 -31 0
-37 19 9 0
-47 1 50 0
39 -34 31 0
23 36 -31 0
30 25 13 0
-46 33 1 0
18 -18 -13 0
-50 -38 -24 0
-22 -48 12 0
-42 48 9 0
-15 -14 7 0
43 -19 -31 0
-4 -49 27 0
44 -44 -27 0
-33 -27 28 0
5 27 14 0
1 -11 -8 0
-9 9 46 0
-30 47 -41 0
6 -2 15 0
-14 29 37 0
