c CNF generator v0.9
p cnf 50 204
11 -9 19 0
-26 50 -49 0
-37 19 -38 0
-17 20 -29 0
-7 -11 10 0
-29 -18 -19 0
-41 21 7 0
48 33 -47 0
50 10 -4 0
29 -43 -44 0
39 -34 -23 0
38 22 -18 0
50 -19 45 0
-9 -44 -37 0
-17 -5 10 0
-49 -20 -49 0
-3 -8 19 0
15 -47 -21 0
41 24 -18 0
24 -2 -12 0
-5 15 -33 0
-22 3 -17 0
36 50 35 0
24 42 -32 0
-41 44 -29 0
41 -5 5 0
1 -33 26 0
-44 27 -20 0
22 7 -4 0
15 17 25 0
39 17 -21 0
29 -32 -30 0
47 -35 38 0
18 -27 22 0
50 -44 45 0
37 45 46 0
-18 -9 37 0
49 -6 -5 0
-18 40 -44 0
-25 35 -36 0
32 -39 -3 0
-20 -7 -26 0
42 13 -39 0
-38 -30 -5 0
-14 -23 47 0
-45 -19 -17 0
-15 22 -12 0
48 -5 -29 0
37 -20 25 0
-36 14 -2 0
-4 24 34 0
38 49 -33 0
18 28 -26 0
47 -18 -18 0
-20 -15 -37 0
11 -36 46 0
-13 39 -15 0
-38 -33 14 0
-33 33 13 0
-33 45 -44 0
-12 19 -11 0
-17 -21 24 0
36 -9 -24 0
-40 -24 -5 0
-40 -5 28 0
-40 -8 -2 0
39 43 -21 0
5 17 6 0
35 -7 23 0
1 -4 -38 0
9 16 32 0
-20 34 33 0
23 2 -2 0
-6 -19 49 0
16 -3 27 0
-37 -45 12 0
-35 5 -44 0
18 -39 -34 0
38 -30 -4 0
1 21 26 0
-4 12 -37 0
11 -50 22 0
-41 34 24 0
22 -18 18 0
-15 -2 -16 0
-50 -6 22 0
-5 -50 -19 0
-44 -25 -46 0
3 -26 -40 0
14 -50 18 0
15 38 -32 0
-25 -26 -17 0
39 5 2 0
-22 5 48 0
43 3 38 0
47 -12 23 0
-28 -37 30 0
36 32 1 0
-13 9 -20 0
22 47 40 0
12 -19 -44 0
-9 4 7 0
47 14 -47 0
45 -30 34 0
25 17 44 0
4 -29 13 0
-41 27 -46 0
-7 -25 -40 0
-10 -7 34 0
35 -20 -30 0
-22 35 -26 0
12 -2 46 0
6 24 44 0
-18 -46 -37 0
21 10 40 0
29 41 41 0
-37 34 48 0
-4 35 -37 0
-41 -9 49 0
10 20 -36 0
-27 12 -7 0
-35 -48 9 0
33 37 -2 0
-26 2 31 0
-38 41 -19 0
10 22 -38 0
38 -10 -28 0
12 26 -28 0
-8 19 -50 0
34 29 2 0
14 16 -32 0
38 26 28 0
5 11 14 0
8 20 -42 0
44 42 -25 0
33 -23 -13 0
44 6 45 0
-1 7 8 0
25 23 23 0
-30 38 5 0
21 -47 -50 0
41 35 50 0
3 -37 39 0
-46 9 1 0
-35 4 3 0
15 44 -33 0
33 7 22 0
34 44 -24 0
13 24 46 0
-43 -7 12 0
-43 48 -41 0
43 40 -26 0
48 -35 40 0
42 30 -16 0
-40 4 -44 0
28 40 -12 0
-2 -27 -41 0
-14 -24 -34 0
-29 -48 46 0
-36 27 -8 0
33 -12 30 0
17 -49 -20 0
32 16 3 0
-17 7 39 0
-19 -25 -19 0
50 -8 -45 0
15 2 -43 0
-16 37 46 0
-47 -28 47 0
-49 6 -41 0
-24 -17 40 0
-18 10 -45 0
-2 31 14 0
-6 40 -6 0
41 -30 11 0
-45 36 23 0
13 -21 -13 0
17 -16 -16 0
-31 -22 -43 0
5 8 36 0
34 7 -10 0
-49 24 30 0
-27 -19 44 0
23 -50 4 0
40 15 19 0
-15 -14 11 0
-12 -37 28 0
10 39 -27 0
2 38 34 0
-32 -23 40 0
8 11 26 0
-14 37 -7 0
-28 28 11 0
-3 31 43 0
13 11 -30 0
28 32 -7 0
18 21 -21 0
-19 45 -38 0
26 -26 11 0
48 -8 -40 0
8 -33 18 0
27 6 12 0
-11 -3 17 0
12 -39 -35 0
