c CNF generator v0.9
p cnf 50 204
-39 37 -20 0
-43 45 19 0
18 14 11 0
44 44 -26 0
5 42 -21 0
3 -3 -8 0
-44 26 9 0
-43 25 44 0
47 1 -2 0
6 28 -25 0
7 -44 6 0
-49 49 -29 0
10 -47 27 0
-8 5 -9 0
-19 -23 -43 0
7 15 -48 0
-19 31 -41 0
34 -17 -14 0
-35 -37 36 0
-43 13 20 0
-43 34 34 0
-5 7 -14 0
22 -34 44 0
14 19 -7 0
-2 12 30 0
-29 -50 -22 0
26 -39 -13 0
46 20 -36 0
6 3 7 0
-47 -22 26 0
20 -44 -42 0
48 49 31 0
-24 33 -49 0
-50 10 -28 0
-24 34 -47 0
-29 -1 28 0
18 48 -33 0
-12 -10 33 0
13 24 -47 0
4 -22 -22 0
28 28 27 0
34 -9 18 0
9 40 38 0
28 -10 -13 0
-44 -23 48 0
27 38 27 0
4 -26 -38 0
25 38 27 0
28 -6 26 0
46 22 7 0
-48 -34 -18 0
39 -28 -5 0
-39 -34 -28 0
-36 -33 5 0
45 -31 -36 0
-13 12 37 0
31 -44 -3 0
32 5 23 0
-35 12 1 0
-27 6 -46 0
-49 -17 -18 0
47 -2 -38 0
25 17 -7 0
12 -25 12 0
3 48 31 0
30 40 3 0
47 15 50 0
-34 -32 -46 0
-44 6 32 0
48 -20 -10 0
-47 -6 -6 0
6 49 35 0
-12 33 -37 0
-30 2 37 0
-23 -40 29 0
14 38 -1 0
36 13 7 0
20 15 -11 0
6 28 7 0
-10 -1 -31 0
43 24 -27 0
9 42 10 0
-11 -38 -33 0
34 -48 -16 0
28 -19 42 0
-50 11 44 0
38 30 1 0
-15 -7 38 0
37 13 -30 0
11 30 -40 0
31 -3 14 0
-1 4 -19 0
-7 -13 -7 0
33 -47 10 0
44 -40 -16 0
26 16 50 0
29 -38 40 0
13 -45 32 0
6 -13 12 0
39 -31 35 0
39 -10 40 0
-27 37 27 0
16 10 -5 0
-3 -22 28 0
-46 27 34 0
48 -39 -4 0
7 24 39 0
38 -5 17 0
26 48 -50 0
45 42 19 0
-3 -2 -42 0
-22 14 39 0
-28 -25 -10 0
-19 43 1 0
27 -15 -1 0
37 -50 16 0
5 37 -7 0
-27 -13 -27 0
-29 13 -49 0
-41 -3 38 0
-16 -33 -47 0
18 -7 -29 0
40 11 -9 0
-17 -8 4 0
7 21 -50 0
-21 44 46 0
-14 17 49 0
41 -17 -7 0
10 39 20 0
-17 44 13 0
-8 31 -36 0
-12 -5 -27 0
-31 -41 14 0
-11 -39 31 0
-18 27 -37 0
35 12 48 0
21 -23 50 0
-50 -50 -3 0
21 -35 42 0
34 50 3 0
-15 40 33 0
18 -32 24 0
-22 -44 -36 0
-18 -12 -5 0
-34 41 24 0
-23 -29 -20 0
-22 50 38 0
-38 22 23 0
-44 -45 -5 0
37 15 -30 0
-30 1 -26 0
-36 -28 3 0
-28 -7 -44 0
37 -24 38 0
-18 38 -18 0
-49 -23 19 0
-37 20 -31 0
-39 45 9 0
35 16 -19 0
45 45 -9 0
32 10 -17 0
2 -23 -30 0
27 49 9 0
17 19 6 0
42 19 12 0
-10 20 50 0
-35 27 43 0
39 2 -47 0
15 -5 -38 0
-31 -6 -18 0
1 29 -45 0
16 11 -29 0
-13 -45 -35 0
48 -15 4 0
-17 32 -6 0
24 -27 29 0
48 -38 -14 0
36 44 -27 0
-2 -49 -36 0
-17 2 -31 0
-45 16 -38 0
29 38 42 0
10 -12 40 0
-6 10 -6 0
50 22 -4 0
31 10 -47 0
-19 16 22 0
43 49 -33 0
-40 36 35 0
6 -26 -41 0
47 27 -50 0
33 -36 -48 0
-11 1 -7 0
37 -46 1 0
22 37 36 0
-34 -35 31 0
-50 -38 -44 0
37 8 -22 0
-28 6 -43 0
43 -9 9 0
49 -26 -44 0
25 -2 -31 0
37 22 -26 0
37 32 39 0
