c CNF generator v0.9
p cnf 50 204
26 -36 5 0
47 27 40 0
48 25 -4 0
44 33 -46 0
-44 29 37 0
-26 43 -12 0
-17 -5 -46 0
-50 28 4 0
46 -30 22 0
-44 47 -24 0
40 -47 36 0
34 -43 -7 0
-34 -49 8 0
-30 -12 4 0
23 25 21 0
-7 39 -36 0
20 -40 -33 0
46 21 26 0
16 19 11 0
9 39 -31 0
-37 14 20 0
-17 -15 18 0
-27 -21 14 0
32 -24 31 0
34 -7 2 0
-6 -36 -2 0
37 -49 6 0
-34 -21 26 0
45 16 -50 0
11 22 -1 0
10 -15 21 0
-19 42 -11 0
50 46 45 0
9 -31 39 0
-36 28 -18 0
24 -7 25 0
-25 29 31 0
7 -40 21 0
41 26 -46 0
-30 17 -42 0
37 48 39 0
-15 1 46 0
34 -7 4 0
9 39 7 0
27 20 -18 0
41 6 11 0
32 45 8 0
-6 20 -12 0
-13 -2 -37 0
6 -10 40 0
-35 27 -10 0
-15 24 25 0
-39 40 25 0
-45 -40 47 0
33 -10 7 0
16 -1 -30 0
40 37 -3 0
-13 3 -7 0
42 28 4 0
-8 -15 -18 0
33 -45 -30 0
38 22 14 0
-37 -25 -28 0
18 49 -29 0
-24 -33 33 0
-26 -6 15 0
1 -38 -33 0
-50 33 -5 0
-20 -16 31 0
43 23 -43 0
-47 10 -30 0
14 -20 -24 0
49 39 -40 0
-48 26 -47 0
-10 1 18 0
5 -18 -1 0
-50 17 16 0
-23 -45 -40 0
-4 22 -2 0
-49 48 -1 0
30 35 -34 0
18 9 -19 0
21 -36 -3 0
-13 32 4 0
-21 17 16 0
26 10 29 0
20 14 41 0
10 29 -45 0
-34 -24 -30 0
19 32 39 0
-2 -35 -1 0
34 -21 39 0
-6 20 -2 0
-29 24 9 0
46 -33 -35 0
23 -11 -34 0
24 -1 -1 0
5 -41 -24 0
30 9 12 0
-30 41 49 0
-3 22 11 0
23 18 48 0
-41 5 42 0
-12 15 -3 0
10 20 -11 0
16 12 22 0
-32 29 32 0
-37 -38 -6 0
-35 22 -43 0
35 -11 24 0
27 -38 -13 0
-5 2 5 0
-14 -9 8 0
36 -23 31 0
32 34 26 0
39 -39 27 0
47 45 -30 0
-15 -43 10 0
-37 -45 -4 0
-20 -26 -23 0
18 44 -49 0
-2 47 28 0
38 2 27 0
38 -35 18 0
-29 33 -45 0
-48 -4 21 0
47 -34 42 0
28 -37 -23 0
23 44 -46 0
-42 -40 22 0
-17 47 -19 0
-24 -3 37 0
43 50 -47 0
14 37 -37 0
-48 -2 34 0
-30 28 13 0
38 -38 27 0
25 -27 -44 0
16 3 32 0
-43 31 6 0
5 9 -19 0
-49 9 45 0
11 -25 -12 0
-48 24 -19 0
37 -26 31 0
-4 -20 -33 0
12 50 -49 0
7 50 -36 0
-29 5 8 0
1 3 10 0
26 -37 -26 0
39 14 -50 0
-4 25 10 0
-38 20 11 0
-42 31 43 0
-14 21 -18 0
30 -16 20 0
-39 11 19 0
40 -46 -12 0
28 5 2 0
-4 -39 36 0
5 -17 18 0
20 -30 30 0
-11 -14 17 0
-39 29 -14 0
-41 43 5 0
12 48 44 0
39 -23 14 0
36 1 -20 0
-31 -44 -15 0
21 -40 1 0
16 -45 35 0
12 34 36 0
-8 15 -35 0
27 -10 -47 0
-10 40 41 0
-27 3 42 0
50 -20 -31 0
47 40 -32 0
19 11 -43 0
37 30 35 0
-25 42 -41 0
-9 -47 3 0
35 22 38 0
-47 30 -43 0
29 10 30 0
44 -41 19 0
30 20 -29 0
37 -46 3 0
34 9 8 0
-48 -20 -49 0
-15 -47 9 0
42 -2 -43 0
29 -47 48 0
22 35 -45 0
15 -18 49 0
-5 43 -38 0
18 27 -19 0
24 15 11 0
-10 -17 -18 0
14 6 -1 0
13 5 42 0
-37 10 39 0
-6 18 -43 0
