c CNF generator v0.9
p cnf 50 204
34 -39 12 0
30 -33 33 0
-47 48 22 0
49 -46 -5 0
-2 2 17 0
-33 -16 -9 0
42 -12 -3 0
-2 20 -4 0
-13 44 -4 0
-37 -13 -3 0
-41 27 -22 0
-40 -6 24 0
-47 11 -22 0
-30 25 -27 0
34 28 9 0
27 20 49 0
-24 -11 -6 0
14 -10 -4 0
-35 -17 -21 0
-5 44 40 0
12 27 29 0
28 23 50 0
-21 20 -31 0
33 -26 -41 0
-16 27 -7 0
-3 -13 17 0
38 21 -3 0
-24 -50 17 0
-4 10 16 0
-9 46 9 0
10 21 -48 0
43 -47 -16 0
15 25 11 0
2 16 -6 0
-13 -24 26 0
-31 23 -6 0
32 -19 -28 0
-15 32 7 0
-7 -20 -3 0
-42 -6 -46 0
14 5 -33 0
47 44 -25 0
-21 13 -1 0
-9 18 -39 0
44 -19 -36 0
-41 -5 -22 0
-10 46 39 0
43 37 41 0
15 30 -4 0
-5 35 -4 0
-9 36 -15 0
-29 -36 -42 0
2 19 -50 0
-20 -3 8 0
13 -44 -15 0
-42 -46 18 0
-31 -16 5 0
8 -41 -19 0
-45 -28 28 0
27 31 -42 0
-16 -35 -35 0
-23 16 49 0
-39 30 40 0
-47 33 -15 0
-42 28 24 0
-49 -49 -44 0
-48 -39 41 0
-9 -42 4 0
-8 21 38 0
-42 -19 -33 0
-4 -28 -32 0
-43 -22 -39 0
-34 15 -2 0
-35 23 43 0
19 -18 -48 0
36 23 37 0
-50 24 -17 0
20 49 27 0
-27 -34 -27 0
-2 15 49 0
11 46 -15 0
-19 2 30 0
-12 -30 -35 0
-17 47 17 0
-21 -44 10 0
-7 32 16 0
6 -5 -37 0
-7 -41 -16 0
5 11 42 0
19 -11 41 0
-44 41 -30 0
-6 -22 -49 0
-22 -8 32 0
-33 30 20 0
-32 -45 32 0
32 -21 10 0
-13 -20 9 0
-2 -46 47 0
5 -31 47 0
-33 45 37 0
14 -48 33 0
-25 -48 20 0
-17 30 -14 0
44 -2 -19 0
40 -44 48 0
41 49 17 0
17 42 12 0
31 27 28 0
30 -50 10 0
47 -23 -49 0
-5 -24 32 0
-43 -26 -31 0
24 -20 1 0
-7 -45 44 0
-7 5 25 0
-21 -9 45 0
5 44 2 0
-29 -5 39 0
-38 46 27 0
46 30 -3 0
31 -7 -21 0
-38 -34 31 0
42 -29 -18 0
23 -21 16 0
37 42 1 0
19 -24 7 0
-37 -34 38 0
3 27 13 0
-42 4 -2 0
-7 5 -43 0
10 -13 4 0
-17 32 46 0
30 -4 -39 0
-1 -18 44 0
-16 31 30 0
-47 22 32 0
-8 9 21 0
-2 -40 -18 0
1 -3 33 0
-24 -22 -34 0
38 -25 -49 0
-7 -27 -28 0
-20 44 46 0
48 41 41 0
-24 -46 36 0
-37 -8 -47 0
26 7 -44 0
21 19 -9 0
1 -17 -30 0
13 30 43 0
48 22 32 0
-29 -16 -28 0
-1 32 36 0
-30 -5 -15 0
-14 -48 -50 0
23 12 4 0
29 50 9 0
46 -20 31 0
-11 35 38 0
-14 -50 -27 0
47 42 -28 0
-2 -28 9 0
-12 47 40 0
-14 22 -2 0
-25 14 -32 0
2 29 -25 0
-50 40 -42 0
8 28 20 0
38 -26 -9 0
-10 -10 -38 0
-38 9 13 0
15 34 6 0
-42 1 -15 0
40 1 -20 0
-32 -50 32 0
39 14 -38 0
49 20 -21 0
-27 -35 21 0
-1 44 20 0
-28 39 37 0
-29 1 24 0
-11 -12 -42 0
32 -16 14 0
14 15 -20 0
-2 -3 13 0
27 -28 -4 0
24 36 28 0
-38 -31 -19 0
-22 1 -42 0
22 10 21 0
-31 40 37 0
-47 -26 -48 0
-24 -34 -37 0
-3 6 6 0
-24 -50 -44 0
-4 -5 -21 0
33 -36 33 0
28 -21 -11 0
-45 -34 18 0
-47 39 8 0
-16 -17 24 0
29 3 47 0
39 -16 32 0
-39 -9 -43 0
