c CNF generator v0.9
p cnf 50 204
-28 -24 4 0
50 -1 31 0
26 -1 -42 0
-36 3 -16 0
-49 8 34 0
27 -24 35 0
41 23 12 0
-29 -48 -1 0
22 -27 -33 0
35 -44 -23 0
-35 36 27 0
-42 -13 3 0
-7 -38 45 0
5 5 43 0
8 6 22 0
-24 -1 -33 0
-24 47 46 0
33 35 -34 0
5 -44 28 0
-39 -19 2 0
20 4 32 0
-19 -34 6 0
11 10 9 0
14 -50 -23 0
-31 10 -37 0
3 -35 -25 0
-24 8 33 0
48 12 49 0
-28 -28 12 0
-40 1 -48 0
46 12 37 0
35 -23 -8 0
19 -40 43 0
34 -29 -11 0
-37 -26 -22 0
18 -30 11 0
1 41 47 0
-20 40 38 0
42 29 -1 0
35 -49 -24 0
-11 -40 7 0
-18 29 -49 0
42 7 38 0
-42 -31 17 0
-35 18 -40 0
32 50 -18 0
-29 43 -37 0
-12 -24 12 0
-14 27 48 0
7 46 35 0
35 36 44 0
49 -10 -16 0
-46 -7 46 0
-13 29 -47 0
-18 26 -25 0
-35 -22 11 0
32 7 -28 0
23 -20 43 0
-22 38 -38 0
-48 -11 -4 0
-3 -2 42 0
16 -47 -3 0
-18 -39 -15 0
-19 43 30 0
-31 -11 -44 0
23 -12 -6 0
-33 -45 -30 0
9 13 1 0
-38 -12 23 0
2 -25 -4 0
-13 44 -7 0
28 2 -33 0
28 -5 3 0
-40 2 3 0
39 34 24 0
-5 28 39 0
-8 -18 -47 0
11 12 28 0
23 -36 -30 0
41 23 16 0
-1 4 24 0
31 -44 -47 0
38 -17 21 0
35 -15 19 0
-41 -7 41 0
-19 -18 15 0
-17 -7 -45 0
-43 -25 -13 0
-26 -4 -27 0
-35 -7 -34 0
39 -14 26 0
-48 50 1 0
8 -24 3 0
50 -20 -21 0
16 25 -36 0
-10 -33 -37 0
13 -22 34 0
-16 -36 35 0
25 39 32 0
-33 8 -6 0
-7 -23 -35 0
-39 31 27 0
-7 -28 34 0
-48 -41 -28 0
16 10 -10 0
-19 -6 28 0
-49 21 13 0
-21 -8 -22 0
-21 -30 -13 0
-27 -4 1 0
14 -25 -13 0
-31 15 -21 0
16 -27 32 0
-36 -30 -6 0
42 35 3 0
14 -12 -36 0
-7 26 21 0
43 -15 -19 0
7 29 50 0
25 -25 -37 0
37 35 -12 0
-14 16 46 0
-13 -6 23 0
-17 -39 36 0
46 10 -26 0
-24 -45 11 0
4 27 19 0
-43 31 17 0
49 43 24 0
-21 49 48 0
-10 44 -20 0
1 -22 28 0
12 -1 -22 0
46 48 -21 0
10 -25 -16 0
-27 -28 -1 0
2 -7 22 0
12 -25 -43 0
42 -34 40 0
9 -44 -14 0
44 -19 -26 0
-42 20 41 0
-42 -20 -45 0
28 -48 4 0
-43 39 11 0
-26 9 -36 0
17 8 -28 0
-20 43 24 0
-32 -17 12 0
36 20 45 0
-11 -16 34 0
-44 45 48 0
-37 -48 9 0
42 20 15 0
17 24 -9 0
-31 21 -33 0
-49 -37 -39 0
18 14 17 0
-45 -46 30 0
-48 -49 -29 0
15 43 -8 0
-14 -45 39 0
-23 44 4 0
8 -43 -38 0
29 -30 -10 0
10 10 -21 0
18 15 -28 0
35 12 -37 0
-18 -12 20 0
38 -19 -35 0
18 -23 39 0
-12 12 44 0
-43 -19 50 0
-8 -16 -23 0
-40 -25 38 0
13 -37 21 0
-48 -6 36 0
-30 -20 -25 0
-11 37 30 0
41 6 -37 0
-13 -47 -49 0
34 6 -45 0
38 -8 40 0
-32 27 10 0
-9 19 41 0
49 -32 7 0
2 -16 -12 0
-36 20 27 0
-7 -40 20 0
24 -25 -31 0
-27 20 39 0
-17 -36 43 0
37 -2 -21 0
29 46 25 0
-34 42 20 0
35 -41 2 0
-29 40 -1 0
-39 4 -41 0
-9 6 18 0
-15 1 4 0
-11 -46 50 0
-14 4 -17 0
-11 18 4 0
-3 43 21 0
