c CNF generator v0.9
p cnf 50 204
-50 -6 -7 0
33 -36 -21 0
-46 4 -11 0
32 -14 -34 0
38 41 31 0
11 -35 22 0
-19 14 48 0
-40 -3 48 0
-26 -29 14 0
5 19 -31 0
-30 44 -39 0
-38 -17 -45 0
17 49 2 0
-38 46 39 0
19 45 28 0
5 38 20 0
48 48 -30 0
-24 23 15 0
50 -38 -33 0
-40 -10 -21 0
-40 -8 10 0
34 -9 26 0
-10 -16 -41 0
28 -15 2 0
-6 -50 -21 0
-17 10 23 0
34 3 -50 0
-49 46 38 0
45 9 37 0
-1 -10 -2 0
-15 -22 2 0
14 32 31 0
-11 21 -36 0
-34 39 -39 0
-22 40 12 0
39 -32 -21 0
13 -43 50 0
37 7 22 0
37 -21 50 0
27 1 26 0
21 41 -43 0
18 -27 -43 0
-50 -2 38 0
-49 -46 -13 0
-13 40 36 0
-49 -14 -2 0
-36 -21 -49 0
28 29 44 0
27 15 -19 0
-31 14 -49 0
26 -13 -42 0
-39 11 23 0
39 -1 -23 0
16 32 -35 0
-49 -28 11 0
-17 23 36 0
-32 34 28 0
-33 18 6 0
-25 -26 14 0
32 -37 -10 0
35 -47 34 0
11 -49 26 0
-11 -40 -14 0
25 10 -16 0
19 10 -47 0
16 2 2 0
-41 -17 3 0
28 14 -16 0
11 7 24 0
36 50 25 0
-23 48 18 0
6 -18 43 0
-29 -39 39 0
25 48 15 0
3 14 26 0
-3 -41 50 0
-34 -22 37 0
30 41 38 0
-30 -48 -46 0
-41 23 28 0
34 10 11 0
-1 -44 22 0
4 8 38 0
28 -39 -22 0
38 -33 -6 0
23 -35 -23 0
-16 -2 39 0
30 7 15 0
-10 -50 50 0
-3 3 -4 0
-6 -11 38 0
44 13 23 0
13 -49 -12 0
-37 46 47 0
-7 -35 -33 0
-48 -29 -47 0
42 33 12 0
47 -7 -20 0
19 -9 12 0
-16 1 44 0
-24 34 -5 0
24 -11 -13 0
14 21 1 0
15 -46 24 0
17 37 16 0
36 -31 -14 0
-44 30 -29 0
3 -33 -5 0
-20 50 3 0
47 43 5 0
31 29 -25 0
44 20 50 0
-19 33 20 0
-44 -25 4 0
22 46 25 0
-38 38 24 0
-11 -43 11 0
15 -41 -15 0
41 -8 3 0
-29 -41 25 0
46 18 4 0
-25 25 49 0
-28 -41 31 0
-13 31 23 0
13 41 -35 0
-30 -15 46 0
-1 45 6 0
5 11 -26 0
-42 24 -50 0
29 28 1 0
-42 -35 -33 0
-49 -41 47 0
-30 -20 39 0
-37 16 -33 0
6 -48 -17 0
-50 -17 -36 0
33 -3 -26 0
37 48 -34 0
26 1 14 0
4 35 20 0
-43 -18 1 0
48 -36 -30 0
42 40 -40 0
7 -41 24 0
-15 32 17 0
10 43 -15 0
24 11 22 0
-35 20 -19 0
-31 -37 24 0
-42 34 -35 0
50 11 8 0
4 -41 -24 0
42 28 5 0
38 -10 -41 0
-11 -30 -11 0
11 50 8 0
33 7 25 0
48 32 1 0
36 -9 -24 0
-41 6 37 0
8 -15 25 0
31 -36 40 0
-14 -25 7 0
5 18 -35 0
-20 -42 45 0
-50 -30 -39 0
-11 30 38 0
-31 6 -2 0
-26 -13 27 0
45 7 -15 0
-46 21 -14 0
-24 40 33 0
-5 16 -7 0
-47 -43 -35 0
1 -11 22 0
7 49 -24 0
33 -42 16 0
27 14 22 0
39 -24 25 0
-27 2 -23 0
-14 -1 -44 0
-24 -14 13 0
19 27 -37 0
28 -24 9 0
-32 50 30 0
-30 34 -26 0
37 -34 -33 0
-30 27 12 0
11 -11 10 0
24 -38 12 0
-45 47 43 0
-8 -20 21 0
-16 41 13 0
-41 -25 -12 0
7 -49 -50 0
-33 2 -37 0
-10 7 49 0
-11 24 -7 0
3 -14 -20 0
-7 11 -11 0
23 -24 41 0
-36 -17 -12 0
-48 38 -26 0
41 -16 31 0
