c CNF generator v0.9
p cnf 50 204
18 47 20 0
45 -39 17 0
11 -37 -21 0
35 -28 21 0
43 -5 -39 0
-37 50 -11 0
-22 33 27 0
14 17 25 0
3 -4 6 0
6 -31 -50 0
-44 28 -11 0
-13 -38 1 0
38 30 45 0
1 -15 -23 0
16 15 -33 0
9 37 6 0
-18 -46 -3 0
-50 7 -28 0
4 16 38 0
-50 29 34 0
4 41 38 0
33 -13 -18 0
24 48 -21 0
-33 -46 38 0
49 3 -36 0
23 26 34 0
11 37 -41 0
-45 21 10 0
-13 39 -5 0
-44 -17 -12 0
-41 21 8 0
8 -40 -5 0
-32 -42 19 0
-6 12 -37 0
36 -21 37 0
-32 3 -11 0
48 -39 27 0
-26 33 -45 0
13 -25 49 0
17 -12 45 0
-18 49 -23 0
35 -41 30 0
21 -41 49 0
22 33 -7 0
37 17 -1 0
33 -40 -38 0
-47 11 -44 0
28 22 12 0
-37 18 -18 0
49 7 -30 0
50 -18 23 0
20 -22 16 0
20 27 11 0
1 14 -4 0
-44 12 1 0
35 -22 -36 0
36 -32 -44 0
-47 50 -38 0
-8 50 47 0
-36 -25 -4 0
26 42 19 0
3 -45 11 0
21 12 -35 0
3 7 -17 0
31 -32 47 0
-32 24 5 0
-50 48 43 0
-32 -41 -10 0
48 38 -41 0
44 37 3 0
33 -6 8 0
15 29 22 0
-1 -49 -34 0
-14 -32 -50 0
8 10 -42 0
-16 -5 28 0
46 48 -19 0
-41 -21 10 0
-38 10 50 0
-49 -49 -49 0
-49 -43 10 0
-25 -5 36 0
14 -29 -26 0
-14 45 2 0
-36 22 -35 0
48 25 48 0
-42 -20 -32 0
-16 -7 -1 0
2 30 5 0
-37 36 18 0
26 24 -16 0
-11 37 44 0
10 -35 -2 0
-16 -12 42 0
20 22 -11 0
25 38 27 0
5 45 16 0
-43 8 -31 0
-13 41 33 0
-24 -34 -21 0
-15 -17 -35 0
6 50 47 0
39 -23 11 0
-38 -48 -46 0
-48 40 25 0
7 -9 6 0
9 29 34 0
33 21 -37 0
-42 40 -45 0
-29 -24 11 0
29 27 32 0
35 -24 2 0
9 -21 -48 0
-4 22 -20 0
26 41 34 0
22 -20 13 0
-4 10 50 0
27 18 -35 0
8 -37 -2 0
-11 -19 -49 0
17 37 38 0
43 -2 46 0
-9 -28 5 0
16 -25 42 0
49 -23 -36 0
24 45 6 0
-46 22 -14 0
12 -13 -33 0
28 -5 -2 0
23 10 29 0
-29 40 11 0
30 -10 43 0
-5 45 17 0
23 36 -30 0
33 25 7 0
-39 37 45 0
27 -19 39 0
16 -14 44 0
46 19 50 0
-7 45 -49 0
-25 -17 22 0
-20 -2 -9 0
-10 2 -32 0
20 -32 -18 0
-39 1 -37 0
45 42 48 0
-7 41 26 0
14 -49 -42 0
-34 -41 -10 0
-36 -18 19 0
-37 9 27 0
42 32 27 0
34 10 47 0
38 -5 31 0
-23 -21 28 0
31 6 -42 0
44 -32 14 0
41 16 -13 0
31 -2 32 0
49 37 -13 0
-48 -37 -13 0
-41 -22 -28 0
39 -49 19 0
31 19 -45 0
10 -48 23 0
21 34 -27 0
40 40 40 0
38 4 -4 0
-3 -37 35 0
20 38 -6 0
-39 -10 -34 0
-12 1 28 0
-5 25 30 0
-42 -11 24 0
5 19 -32 0
-3 -13 43 0
3 -9 -42 0
-20 -18 -6 0
31 -30 -18 0
-27 -17 35 0
-49 15 33 0
35 17 8 0
-25 12 28 0
-3 19 -42 0
43 -17 43 0
-10 13 9 0
29 16 37 0
-25 13 -32 0
10 -24 38 0
-1 15 -1 0
11 46 31 0
-44 19 -10 0
-49 37 -47 0
29 49 50 0
-50 -2 33 0
39 -4 17 0
17 -28 -39 0
13 42 -29 0
-13 50 38 0
-19 3 -3 0
20 3 -19 0
-39 2 -37 0
47 34 42 0
-37 -30 -5 0
