c CNF generator v0.9
p cnf 50 204
-28 33 37 0
33 -1 2 0
26 -32 -7 0
-30 11 -50 0
-4 25 27 0
-47 -12 35 0
42 32 -9 0
31 50 47 0
-9 -35 3 0
20 -9 15 0
-12 -1 -39 0
16 32 8 0
42 -8 -27 0
43 42 22 0
-7 -44 -18 0
-22 48 -25 0
14 14 38 0
-10 -45 -9 0
32 -13 32 0
-8 -8 -12 0
23 -19 49 0
-35 -49 13 0
-3 -39 -16 0
11 15 -15 0
-28 38 -46 0
-28 -20 48 0
19 -32 19 0
-36 -15 10 0
-16 -42 35 0
-13 -43 -4 0
26 -22 5 0
-5 11 -19 0
50 25 -23 0
3 -5 50 0
-22 10 -32 0
-40 -12 50 0
-16 31 -37 0
50 -41 -24 0
43 32 44 0
-14 6 47 0
-24 -3 45 0
17 44 22 0
42 -40 22 0
49 17 -35 0
-20 21 -31 0
42 13 36 0
-41 7 -22 0
-40 30 -39 0
-48 -14 -34 0
-26 -18 -21 0
-13 45 -11 0
-1 -7 19 0
7 7 45 0
-24 -32 21 0
-28 -41 -38 0
-48 48 -37 0
11 8 -4 0
-14 20 -41 0
27 6 -17 0
42 22 33 0
12 33 -10 0
31 31 -24 0
6 -26 -48 0
-10 -4 -1 0
-22 37 -2 0
-8 37 -30 0
-3 -41 10 0
3 23 24 0
31 -12 -11 0
-21 -34 22 0
44 -21 42 0
-18 1 42 0
20 49 3 0
38 32 -47 0
-50 -31 36 0
49 14 47 0
46 33 34 0
23 -44 27 0
26 4 -36 0
23 -22 14 0
-21 -24 -30 0
26 16 -17 0
31 -26 -42 0
-36 -48 48 0
-22 2 9 0
4 32 44 0
30 -28 12 0
-11 32 -49 0
29 -24 41 0
48 -28 -30 0
23 8 -9 0
17 -18 -42 0
16 -42 28 0
-39 28 -27 0
-12 48 -27 0
-14 45 -42 0
40 -11 -13 0
-39 -29 -22 0
-29 7 6 0
47 26 -27 0
11 -24 41 0
47 44 23 0
-21 -45 24 0
-37 -20 17 0
17 5 -39 0
42 -17 46 0
26 12 -35 0
22 -7 7 0
-28 38 33 0
-20 -45 -40 0
-28 -12 24 0
-5 -45 11 0
-27 46 7 0
-10 -17 -43 0
-47 -44 27 0
12 12 -25 0
43 2 -44 0
-12 29 -37 0
-22 32 28 0
-16 45 -32 0
-10 11 1 0
-5 -17 5 0
-18 -50 -11 0
31 2 -6 0
34 30 5 0
-43 -18 -38 0
16 28 -26 0
-16 10 14 0
24 19 32 0
-20 46 -40 0
-49 1 -41 0
24 -39 1 0
-44 33 -14 0
45 -45 34 0
-41 -34 -32 0
48 31 37 0
24 -13 34 0
15 8 47 0
44 13 19 0
-2 1 -8 0
36 26 -21 0
7 38 49 0
7 -31 -26 0
-29 48 50 0
-11 -7 37 0
-12 -39 -29 0
-29 -47 16 0
-24 34 -6 0
-12 -47 -2 0
1 38 36 0
-46 -14 20 0
29 39 -30 0
26 31 11 0
-44 5 31 0
37 -39 -41 0
33 24 -25 0
36 12 23 0
-39 1 -19 0
42 47 -13 0
20 36 46 0
25 -28 -33 0
29 38 -23 0
-15 -26 11 0
10 1 -37 0
39 1 49 0
-18 -21 -35 0
41 -31 -21 0
-15 -12 -46 0
46 -20 -12 0
13 34 -24 0
45 -29 38 0
-12 -30 16 0
24 38 -36 0
22 -17 -28 0
-11 6 35 0
-23 35 49 0
-45 47 -1 0
4 -29 -44 0
42 -30 -10 0
-32 -2 1 0
-30 8 5 0
6 7 16 0
15 -4 26 0
-18 -12 -27 0
21 -8 -49 0
-6 -7 -4 0
-50 -37 -33 0
-44 44 -49 0
12 40 45 0
-43 -3 38 0
40 49 -19 0
26 -16 -24 0
-29 6 13 0
13 -43 -21 0
1 -9 11 0
44 -45 18 0
49 40 -3 0
26 18 -33 0
-41 26 48 0
4 32 -6 0
-36 50 21 0
17 40 -12 0
30 48 -32 0
36 -20 -41 0
