c CNF generator v0.9
p cnf 50 209
28 -44 5 0
-3 -21 -29 0
-30 -30 -41 0
-33 3 17 0
41 45 -32 0
23 -34 -9 0
-12 16 26 0
-43 9 -5 0
-25 11 34 0
-14 35 -6 0
29 -43 -6 0
-13 34 -29 0
-35 -9 2 0
37 1 45 0
29 -7 -35 0
-10 -44 20 0
47 -13 21 0
-4 -31 42 0
11 28 -12 0
-24 -17 24 0
7 8 15 0
-28 -47 -34 0
-13 29 -15 0
47 40 -47 0
10 13 29 0
47 -50 -16 0
3 -22 26 0
-49 44 20 0
49 -44 -24 0
-24 33 17 0
-30 18 10 0
8 13 -27 0
34 -27 30 0
-31 -24 -10 0
-34 -37 38 0
14 -41 -33 0
50 -49 37 0
21 -34 1 0
13 -44 -10 0
39 17 -18 0
6 13 15 0
18 -1 16 0
9 -8 -9 0
-4 14 -31 0
40 38 -20 0
-31 -25 -14 0
9 -40 -7 0
-46 32 -34 0
-34 17 -17 0
23 -11 -39 0
-33 32 36 0
-26 -38 -40 0
15 -34 20 0
-35 22 -35 0
22 21 -13 0
-27 38 -9 0
20 17 47 0
-30 -47 50 0
24 -23 -47 0
-15 36 13 0
6 13 7 0
46 17 12 0
-18 -15 -19 0
-8 -4 26 0
27 12 -26 0
-2 -49 -50 0
-12 -9 33 0
48 -14 30 0
6 15 -42 0
-49 50 18 0
-2 -35 -23 0
14 -42 10 0
33 24 -31 0
-19 -29 1 0
3 -31 -45 0
35 -26 24 0
-34 -15 23 0
-12 -8 -23 0
3 -27 3 0
42 37 -48 0
-3 42 49 0
-44 -31 6 0
2 -33 36 0
-24 -35 -14 0
-17 19 25 0
-49 45 -9 0
17 19 12 0
-18 17 -8 0
-37 -28 28 0
-2 6 10 0
26 -30 27 0
47 -4 -49 0
16 6 -10 0
-3 34 26 0
-42 9 13 0
-16 -8 42 0
19 5 25 0
36 20 23 0
50 23 -26 0
-45 1 -9 0
41 -30 21 0
-13 -44 -1 0
13 -8 40 0
27 -17 28 0
28 -22 -16 0
28 -48 39 0
-33 26 47 0
18 -44 -31 0
-40 42 -24 0
49 -18 10 0
33 36 -33 0
-7 35 9 0
-41 12 -2 0
-29 -37 -15 0
28 13 -34 0
7 20 -39 0
15 -8 -10 0
6 -4 26 0
-6 -34 -18 0
-31 14 -48 0
-39 22 -46 0
1 -36 19 0
30 35 -32 0
-11 34 -42 0
43 -9 47 0
24 -44 -25 0
-40 48 42 0
39 17 44 0
-30 10 39 0
-15 35 -11 0
8 7 50 0
-15 46 -2 0
4 49 17 0
1 49 12 0
35 21 27 0
-48 25 1 0
21 -22 10 0
-9 33 46 0
-7 -18 -29 0
-28 -6 24 0
3 27 -30 0
-14 5 -47 0
7 -29 38 0
-40 10 27 0
28 21 -43 0
-25 -25 5 0
21 -44 37 0
20 -5 -39 0
13 47 30 0
24 9 29 0
1 32 -12 0
40 -6 -2 0
4 49 -18 0
-33 36 10 0
-9 39 -15 0
-17 44 -2 0
23 -32 41 0
-47 -38 35 0
45 46 -36 0
26 -6 -44 0
50 43 -48 0
45 -48 24 0
-40 -27 -49 0
-37 45 19 0
19 -26 -36 0
-8 -45 -40 0
-48 8 2 0
3 -18 7 0
-20 -42 10 0
-34 20 -28 0
-29 35 33 0
20 -34 -23 0
-16 -30 -21 0
-6 28 37 0
-8 -48 -8 0
41 27 -34 0
-14 42 8 0
30 -36 44 0
-25 42 -3 0
49 -28 -50 0
21 39 16 0
-11 20 -44 0
-29 15 30 0
49 29 18 0
14 19 -10 0
-48 10 -44 0
-5 49 24 0
5 14 -27 0
35 3 -27 0
-18 42 -1 0
5 -2 -39 0
-7 19 -24 0
-5 5 39 0
-9 -22 9 0
-3 50 1 0
-49 -37 30 0
31 28 48 0
30 -47 19 0
-38 44 3 0
-44 -19 44 0
23 -26 -38 0
-48 31 -3 0
26 -13 39 0
24 -10 -37 0
48 9 -29 0
46 37 48 0
-23 -44 -41 0
13 -28 -26 0
-36 -19 5 0
