c CNF generator v0.9
p cnf 50 209
-28 34 -8 0
30 -16 -20 0
13 13 -14 0
-15 1 28 0
26 43 -50 0
-9 37 35 0
34 15 21 0
4 -10 30 0
45 -10 14 0
12 11 40 0
-48 -13 -12 0
33 -34 -17 0
-25 -5 -16 0
-30 -25 -3 0
-14 39 -16 0
43 6 34 0
27 -30 -29 0
27 -10 32 0
18 -33 17 0
-33 35 24 0
-27 -48 47 0
-37 10 -6 0
-15 24 -34 0
13 8 5 0
13 -36 11 0
20 10 48 0
-21 -8 -30 0
-13 8 23 0
-38 17 -28 0
47 -27 25 0
11 30 -34 0
47 -1 -24 0
39 -12 -49 0
-29 -31 22 0
-37 -45 -47 0
-14 -12 -7 0
20 34 36 0
39 -43 -38 0
-47 -26 1 0
31 -12 7 0
39 -13 -12 0
40 26 -5 0
-12 28 26 0
25 -19 19 0
38 -38 -35 0
6 43 -50 0
22 -6 -20 0
47 -40 -37 0
-15 40 -25 0
-6 -11 22 0
-45 23 15 0
18 -44 -16 0
-43 -40 -10 0
5 -49 35 0
-15 2 -36 0
3 19 24 0
19 -3 34 0
31 -11 -50 0
4 42 -20 0
-23 -4 -5 0
43 39 -3 0
-6 -31 32 0
50 -16 4 0
45 21 16 0
-29 50 -3 0
-38 13 18 0
33 -33 11 0
10 -28 12 0
-33 9 38 0
4 -22 -45 0
45 10 -32 0
-44 -26 12 0
-1 11 -12 0
-50 17 -20 0
10 -2 -37 0
-22 -18 -4 0
-28 -21 17 0
32 18 -31 0
36 -45 20 0
28 11 50 0
-17 -23 -24 0
-47 -33 29 0
-42 42 20 0
-26 -30 -3 0
46 -9 -17 0
-13 -2 -28 0
-8 4 -17 0
-48 36 34 0
45 16 20 0
-27 -18 49 0
-29 -28 31 0
-37 -13 28 0
-4 37 -34 0
-15 -10 -33 0
3 -2 35 0
15 38 7 0
-14 -12 -7 0
-30 -43 26 0
-16 42 -6 0
-25 17 37 0
31 -11 -29 0
-4 -33 -27 0
-26 21 -42 0
-6 6 40 0
-49 8 -29 0
22 6 10 0
-26 -46 41 0
-46 45 17 0
-27 -11 43 0
33 1 18 0
38 -34 -13 0
30 31 -23 0
-7 2 -23 0
21 -32 30 0
-28 -13 34 0
-30 -16 -41 0
12 26 49 0
29 9 -1 0
8 45 -12 0
1 -39 -7 0
-1 47 39 0
24 29 36 0
9 -41 -49 0
26 35 44 0
16 9 7 0
-11 27 -39 0
-46 -46 47 0
-39 21 19 0
46 25 -15 0
24 26 -13 0
27 -47 -40 0
23 42 28 0
29 18 23 0
12 -48 -48 0
36 -38 13 0
41 31 31 0
16 7 -23 0
-27 37 31 0
30 32 -42 0
-50 49 2 0
-27 -10 -25 0
41 -30 34 0
-38 -25 -33 0
-41 -5 -32 0
17 -11 -46 0
25 -10 -5 0
4 -36 13 0
-14 -6 -15 0
25 -9 40 0
4 -12 -32 0
13 -47 -35 0
-50 -49 14 0
23 36 29 0
-47 -32 27 0
18 -17 9 0
14 38 -7 0
-17 19 -4 0
-25 -50 42 0
-29 -34 19 0
-35 -10 -2 0
28 39 -1 0
-18 -2 50 0
28 36 10 0
-50 45 -43 0
-40 26 24 0
-8 3 33 0
-46 -29 26 0
-1 15 -27 0
8 -28 24 0
-23 -27 17 0
50 8 -14 0
-22 6 19 0
-16 1 -25 0
19 47 -20 0
-34 -4 27 0
30 17 -27 0
-6 -20 9 0
1 -40 49 0
50 12 -17 0
-30 44 19 0
-17 22 -28 0
-20 3 -17 0
18 4 2 0
-5 38 1 0
-40 42 -41 0
-41 4 32 0
5 22 -16 0
-47 12 3 0
7 34 43 0
24 35 12 0
-27 -45 21 0
-36 3 -2 0
-1 -49 27 0
49 -50 29 0
-40 22 37 0
-44 14 1 0
-9 -1 31 0
-32 46 -20 0
-38 20 -29 0
50 26 28 0
-12 32 39 0
-13 34 -7 0
-47 -7 -24 0
-2 32 39 0
36 50 50 0
29 -40 41 0
23 12 37 0
17 23 1 0
11 12 -43 0
