c CNF generator v0.9
p cnf 50 209
24 2 -25 0
37 -39 11 0
20 -6 -2 0
-12 7 38 0
2 20 10 0
34 -22 21 0
39 -29 19 0
-32 -40 23 0
14 -44 6 0
-38 40 -12 0
-24 3 -50 0
-30 -32 44 0
14 24 -39 0
20 19 -2 0
8 47 -12 0
-38 -36 -10 0
-23 2 -18 0
23 -50 36 0
41 30 -33 0
13 -25 2 0
42 16 26 0
42 -5 17 0
-43 -29 8 0
-13 -48 46 0
6 -27 46 0
32 -8 -26 0
-44 46 -14 0
24 28 -14 0
18 -6 -13 0
-27 -5 50 0
13 -26 35 0
36 -39 -50 0
39 45 20 0
29 -12 -11 0
-9 -16 -7 0
2 7 -45 0
-24 -43 16 0
-17 -3 -38 0
-23 8 13 0
-40 36 20 0
-16 -17 9 0
20 -31 38 0
-2 -17 4 0
47 12 22 0
-5 23 -16 0
48 36 -19 0
-35 42 -3 0
5 -43 35 0
-32 28 -24 0
37 -40 49 0
47 -11 41 0
-24 -48 -8 0
14 13 23 0
29 -28 43 0
5 -18 -49 0
29 -7 42 0
26 34 30 0
-39 -38 -5 0
33 -44 5 0
47 -15 -2 0
13 -19 2 0
8 16 -7 0
-37 -11 -44 0
-39 36 9 0
-31 32 -41 0
14 1 -28 0
-7 6 15 0
48 20 -7 0
24 -8 -37 0
-7 14 -13 0
20 -39 24 0
-12 37 2 0
-37 -44 18 0
33 -23 -34 0
14 17 -32 0
-38 28 12 0
30 -17 -16 0
-41 49 37 0
30 10 -33 0
23 -1 24 0
-42 19 20 0
40 -1 -9 0
-46 -11 47 0
-46 -46 18 0
-14 47 -12 0
19 29 -43 0
-32 -4 -27 0
-8 -44 -27 0
25 -3 -18 0
-22 -45 42 0
-34 -49 -17 0
-10 3 39 0
-12 21 39 0
-21 -2 11 0
34 -6 39 0
-38 13 17 0
34 1 -28 0
4 27 -44 0
2 40 19 0
18 -30 37 0
-44 37 41 0
-31 40 15 0
13 -14 -48 0
18 25 11 0
2 39 14 0
21 20 39 0
20 42 -46 0
38 46 21 0
-36 35 -22 0
13 -9 10 0
-13 -13 -26 0
18 43 2 0
-11 -46 16 0
-2 45 18 0
-46 -19 21 0
-1 1 -6 0
4 -18 2 0
48 31 -11 0
-8 7 -19 0
-41 -24 24 0
28 38 -35 0
-17 15 49 0
50 2 33 0
-15 -36 -9 0
-43 27 -50 0
-31 7 -41 0
30 -21 27 0
3 5 -45 0
-37 -14 7 0
4 11 -36 0
-8 37 5 0
-34 32 24 0
50 -44 12 0
35 -15 -48 0
31 -19 -40 0
18 -39 41 0
46 13 45 0
18 17 26 0
12 13 -8 0
15 1 -29 0
-24 -25 50 0
10 4 -22 0
48 50 25 0
10 -9 17 0
50 -29 -12 0
-23 -25 -40 0
-16 5 -43 0
10 -10 -10 0
28 28 -44 0
-50 -2 1 0
26 27 -44 0
-31 15 -18 0
36 -29 8 0
30 8 45 0
19 23 -40 0
44 49 39 0
-42 15 -11 0
20 -43 -24 0
-26 13 20 0
-16 30 27 0
-44 -22 22 0
-50 45 -27 0
-27 -27 -12 0
-15 32 15 0
40 -29 -50 0
33 -3 46 0
8 -41 -21 0
-37 4 12 0
47 -2 11 0
1 30 -7 0
-2 -50 -20 0
22 -9 -23 0
-25 -48 11 0
47 -46 -34 0
-36 -25 41 0
-45 -21 25 0
25 -17 30 0
-39 -3 -27 0
24 -37 -15 0
-37 49 16 0
48 1 -23 0
-45 44 5 0
-44 -3 48 0
-14 35 35 0
29 22 22 0
34 -37 29 0
-20 -43 32 0
27 45 -25 0
-43 23 -50 0
46 44 -34 0
41 -2 40 0
-47 -6 -45 0
41 -41 -25 0
-14 41 -10 0
-28 -17 -48 0
33 -48 39 0
-30 29 19 0
10 24 -5 0
39 48 25 0
-1 28 -9 0
4 -37 29 0
36 49 -5 0
35 -42 27 0
-9 -12 40 0
-18 21 -5 0
15 -42 -16 0
-47 -18 -9 0
-33 -45 -20 0
-32 -19 22 0
