c CNF generator v0.9
p cnf 50 209
38 50 39 0
-48 10 11 0
42 -38 16 0
-26 12 -1 0
-30 -1 -47 0
45 4 49 0
24 22 43 0
43 26 5 0
-29 25 -23 0
31 -26 15 0
41 50 -1 0
18 -49 -38 0
-42 -45 46 0
42 -20 6 0
-19 -18 17 0
14 27 -33 0
-6 -4 -24 0
47 -17 10 0
-2 -8 48 0
49 -50 -28 0
42 -17 15 0
-46 -13 5 0
7 -2 15 0
-35 -5 46 0
50 40 -42 0
-4 18 -47 0
22 24 -29 0
-25 19 -20 0
4 -17 -12 0
50 37 17 0
-29 7 -10 0
-40 7 20 0
-16 -25 -30 0
-25 29 33 0
-37 5 44 0
-12 41 -37 0
7 -24 50 0
-18 -6 -37 0
33 -41 -9 0
24 39 10 0
-35 1 18 0
17 -20 -32 0
-24 -36 18 0
-17 -22 39 0
47 48 -40 0
19 29 28 0
23 5 -42 0
32 11 -41 0
-27 30 21 0
-2 -44 -30 0
42 38 -38 0
-41 31 31 0
31 43 -23 0
50 40 17 0
-20 40 -19 0
10 -8 -48 0
1 10 26 0
41 6 -8 0
1 15 -48 0
-44 10 36 0
-17 -50 -50 0
-40 -2 -45 0
17 -33 14 0
-12 -41 -31 0
48 25 17 0
17 -7 -10 0
15 -4 22 0
7 -16 1 0
-14 -10 14 0
11 5 -37 0
38 -27 50 0
-41 -39 16 0
-32 6 -19 0
9 22 45 0
40 -15 -17 0
-11 38 -12 0
-41 -28 -14 0
-45 -19 8 0
33 27 -39 0
-20 -13 -36 0
-12 -5 29 0
11 -45 -11 0
40 22 47 0
18 -30 -3 0
-23 22 1 0
18 -27 3 0
32 19 -8 0
-47 23 -40 0
12 25 -35 0
-44 -47 44 0
-14 -11 -45 0
10 -50 36 0
-37 20 -35 0
35 -17 23 0
-28 32 -24 0
-6 46 47 0
-21 -16 -33 0
8 28 -16 0
26 37 49 0
-42 -7 48 0
-35 -37 42 0
-42 17 -37 0
15 44 -14 0
12 6 -28 0
33 -7 10 0
31 43 -30 0
-16 36 -22 0
-8 -20 -21 0
39 -32 -22 0
12 34 -10 0
-17 43 -49 0
36 21 -4 0
-37 38 12 0
17 -18 47 0
-50 17 -24 0
5 -44 30 0
-4 23 -7 0
47 49 -5 0
-49 49 31 0
-24 -43 50 0
5 19 -28 0
31 -46 3 0
24 -5 -2 0
-23 -39 -18 0
-32 43 -47 0
19 -8 35 0
39 -25 -36 0
-14 -29 18 0
-26 14 47 0
10 -6 20 0
-47 25 -38 0
-37 -4 -41 0
-36 -34 -28 0
39 48 -25 0
2 19 44 0
-1 -9 -17 0
32 -33 -7 0
-41 39 6 0
18 47 25 0
21 -14 14 0
-47 -5 -42 0
9 -38 42 0
14 -37 23 0
-22 -34 -23 0
-50 10 -28 0
28 -22 -8 0
13 31 43 0
2 22 12 0
9 -37 -16 0
-15 34 -46 0
-44 -48 44 0
2 12 18 0
-25 -38 9 0
-23 -13 3 0
-7 27 7 0
26 -32 -22 0
-8 43 35 0
-31 -6 -22 0
-4 -26 -34 0
-32 10 36 0
-41 1 -1 0
20 -48 -11 0
-22 -2 -7 0
-16 -34 27 0
42 -37 -21 0
35 15 -35 0
-11 7 -4 0
-14 5 -24 0
48 27 -47 0
40 -40 42 0
-36 -12 20 0
-28 -9 -28 0
7 23 8 0
18 -25 34 0
4 29 -1 0
24 -18 50 0
-25 -42 -39 0
37 -45 16 0
9 26 -9 0
39 -34 -30 0
12 -20 -46 0
-9 34 -28 0
19 -20 7 0
25 14 -44 0
11 22 37 0
-24 -38 24 0
26 -31 -46 0
-33 25 34 0
-15 13 -29 0
-49 -6 26 0
-33 -48 8 0
-40 -32 36 0
-9 -23 -9 0
-42 -32 -40 0
-3 -18 13 0
21 -38 -20 0
-15 34 2 0
24 -24 -2 0
-41 37 42 0
18 -11 -35 0
48 4 46 0
-46 24 -35 0
-25 39 -5 0
11 29 27 0
22 7 -23 0
41 15 13 0
-24 -33 24 0
37 -23 -23 0
-21 -6 7 0
