c CNF generator v0.9
p cnf 50 209
-7 48 -27 0
-13 -47 37 0
-34 -4 -41 0
15 31 -12 0
-41 -25 17 0
22 34 22 0
-23 -22 15 0
8 -9 15 0
-48 -45 -29 0
37 25 -12 0
49 46 -43 0
-44 -14 39 0
21 15 37 0
7 13 -24 0
4 27 27 0
24 -30 -36 0
-50 40 -40 0
-8 44 3 0
14 -13 -6 0
-33 30 19 0
-14 50 40 0
24 -15 35 0
50 16 27 0
-21 -24 -42 0
27 1 -34 0
-40 -36 -8 0
10 -7 47 0
39 -13 43 0
22 13 -43 0
45 -27 36 0
-43 35 17 0
30 -23 -41 0
-22 -19 25 0
-16 32 32 0
-20 -31 11 0
-9 6 -23 0
46 -48 39 0
-11 37 -15 0
28 45 9 0
33 34 -13 0
13 32 5 0
-3 -43 -41 0
-27 4 -20 0
-30 -1 -21 0
-39 18 -31 0
35 21 6 0
-50 10 23 0
-2 27 -40 0
-9 38 23 0
-24 -49 25 0
35 10 -8 0
49 -8 -30 0
-44 -37 16 0
-31 9 45 0
20 -11 -40 0
8 49 44 0
22 46 8 0
11 32 -2 0
39 -22 -1 0
25 -9 13 0
40 19 14 0
20 34 27 0
4 -8 -18 0
-22 16 -32 0
-5 11 37 0
49 39 40 0
-23 23 30 0
24 -42 29 0
41 -38 1 0
6 -5 -14 0
-30 14 42 0
39 -36 -26 0
-34 -13 -41 0
-3 -43 50 0
-33 -39 4 0
38 26 -27 0
11 -1 45 0
-47 7 6 0
32 35 10 0
-24 -5 2 0
-6 -23 -14 0
-7 14 -31 0
3 -37 34 0
1 -4 31 0
-47 48 9 0
-20 37 -48 0
5 -45 10 0
15 39 5 0
-35 -40 17 0
18 -34 -11 0
42 -43 -22 0
46 21 -24 0
8 20 -1 0
-22 -14 -4 0
13 16 24 0
-27 19 -29 0
-44 37 -15 0
26 -2 46 0
25 -11 -36 0
-17 3 -36 0
-39 -21 22 0
47 15 26 0
-47 28 -28 0
-11 -26 1 0
-39 8 44 0
47 29 -27 0
39 35 15 0
4 -3 8 0
48 -6 39 0
-3 -19 -13 0
40 38 3 0
38 -49 -12 0
-49 39 -13 0
13 3 13 0
-2 -16 9 0
-36 4 -50 0
11 -18 -33 0
-18 -35 -46 0
9 -5 -8 0
47 -14 3 0
-28 14 9 0
-40 40 -19 0
49 -48 -39 0
47 43 13 0
7 -26 22 0
-45 18 21 0
27 27 -41 0
9 31 10 0
49 43 45 0
-12 -2 44 0
-30 -3 -11 0
40 -6 -21 0
36 -8 -30 0
-39 13 42 0
-21 -15 20 0
35 -1 -40 0
22 32 21 0
12 -21 24 0
3 -16 -39 0
-45 -13 32 0
44 45 15 0
-7 -43 -45 0
17 25 -4 0
-17 -37 -12 0
-13 -24 46 0
3 26 -22 0
36 28 -30 0
39 38 20 0
30 41 -10 0
34 -5 27 0
-22 -29 -16 0
-42 -24 30 0
22 8 -36 0
37 -50 24 0
-18 25 15 0
32 -16 1 0
32 37 47 0
-17 40 6 0
-8 29 -12 0
38 -47 46 0
21 -41 13 0
16 -39 1 0
-15 -12 18 0
17 43 6 0
8 -31 -31 0
46 3 -46 0
-7 29 10 0
27 47 19 0
-10 -33 17 0
19 -50 16 0
24 -18 40 0
13 -17 22 0
13 45 -2 0
-11 -39 -36 0
9 37 29 0
25 -23 -31 0
24 -30 -35 0
-27 28 44 0
-10 -39 19 0
26 22 -17 0
-20 -7 -30 0
-16 29 -11 0
45 29 20 0
-12 -7 26 0
-7 -4 4 0
-2 27 -10 0
4 -25 28 0
-21 -9 33 0
-18 46 -26 0
-17 7 3 0
-7 7 -1 0
-31 50 29 0
-44 14 23 0
-2 36 24 0
34 17 7 0
33 -18 -9 0
12 -12 10 0
4 -7 43 0
7 42 -46 0
19 -32 43 0
18 7 28 0
7 -46 27 0
36 -5 41 0
12 8 -44 0
-10 -8 50 0
10 -25 -39 0
-48 24 4 0
-24 -1 -22 0
6 -20 -25 0
