c CNF generator v0.9
p cnf 50 209
-44 -17 13 0
-24 -13 41 0
-24 -33 27 0
-22 -22 -13 0
13 -13 38 0
-16 -15 -11 0
-15 14 -45 0
-38 25 18 0
11 -45 13 0
-7 41 -38 0
10 1 -37 0
48 31 3 0
-26 -3 28 0
-48 49 -13 0
28 -39 -6 0
-31 23 -23 0
29 -6 21 0
-17 -38 -23 0
42 26 -45 0
-17 49 -12 0
4 11 -1 0
-39 44 -14 0
26 -1 -39 0
-9 18 -46 0
-41 49 -41 0
43 -49 41 0
-43 24 14 0
-1 49 38 0
31 42 -13 0
-30 -19 32 0
1 46 -5 0
-23 -10 28 0
27 1 -9 0
32 -34 6 0
50 -3 23 0
-29 -22 37 0
-7 -13 -45 0
-7 33 -30 0
32 1 -28 0
25 44 -5 0
33 -11 -27 0
-4 -19 -27 0
-2 -3 -24 0
-43 19 -32 0
43 -16 -50 0
3 -19 -15 0
5 28 14 0
-20 4 21 0
-34 -41 -36 0
-8 -11 10 0
1 -4 47 0
45 47 -44 0
-18 -29 -34 0
35 31 2 0
-7 35 24 0
34 -26 -46 0
-7 25 7 0
-14 -23 29 0
-35 -29 -17 0
45 49 39 0
-1 20 -16 0
-45 45 -13 0
17 40 31 0
27 43 -5 0
-32 -35 -36 0
27 -20 20 0
-14 -27 29 0
-30 -2 -33 0
3 18 -46 0
-49 41 18 0
-40 3 40 0
35 -8 17 0
-49 22 -9 0
34 -45 -43 0
-49 -41 -49 0
-47 48 -7 0
8 -23 25 0
-11 -21 34 0
-19 -25 -2 0
41 -41 38 0
-6 28 23 0
2 -40 11 0
13 -45 6 0
-19 10 -6 0
-29 32 -5 0
4 -5 27 0
-28 2 45 0
-22 -11 49 0
50 -1 45 0
-9 32 -13 0
-30 45 48 0
-24 42 17 0
32 24 35 0
-29 -32 30 0
27 13 -23 0
-43 24 -8 0
46 39 -1 0
11 -33 46 0
34 -31 -23 0
47 27 -19 0
-6 -4 -17 0
29 47 -22 0
-15 -40 -42 0
-4 45 -26 0
-19 -19 -13 0
21 -27 -46 0
20 -38 28 0
26 25 6 0
-41 49 -19 0
-12 -33 4 0
-14 -17 -40 0
-48 32 -29 0
29 -28 31 0
-40 -16 16 0
-3 -23 -4 0
-35 -44 31 0
13 -19 -44 0
-28 -8 -20 0
-3 30 43 0
-15 -34 44 0
10 29 -38 0
-36 22 18 0
-44 17 17 0
48 -26 -22 0
-20 16 -41 0
37 -11 -4 0
21 27 3 0
11 9 21 0
18 26 -14 0
31 -20 2 0
-25 -42 41 0
42 23 28 0
-39 50 19 0
42 -7 34 0
14 11 -38 0
-48 -13 -6 0
34 4 -28 0
-28 -47 -36 0
-47 -12 -32 0
-12 38 -44 0
-20 -16 20 0
-22 32 25 0
41 -37 13 0
-50 -7 42 0
-31 -23 -24 0
36 5 43 0
-39 -30 -49 0
27 -2 21 0
-20 26 6 0
34 46 13 0
17 -37 34 0
-32 -47 -50 0
-14 17 -45 0
-7 -13 42 0
-29 -36 15 0
1 7 -47 0
15 21 -37 0
31 42 31 0
-11 23 32 0
-43 43 29 0
-39 48 10 0
-25 -37 2 0
-45 -10 25 0
39 -16 46 0
12 -44 29 0
-44 -28 22 0
11 -17 -44 0
26 48 -9 0
-28 -25 11 0
50 -5 7 0
-34 -7 23 0
42 19 -41 0
32 42 18 0
18 3 -32 0
46 3 23 0
-3 45 14 0
46 1 4 0
37 31 4 0
38 42 11 0
-47 48 -1 0
50 -41 45 0
46 24 -29 0
22 24 17 0
-23 28 25 0
-26 37 27 0
46 -34 -37 0
35 10 37 0
46 -16 39 0
12 -7 -41 0
13 -31 -25 0
-32 3 -21 0
-10 27 -16 0
-10 43 36 0
12 8 -16 0
-8 39 -40 0
-17 -4 33 0
9 -44 20 0
-18 -2 -37 0
4 22 -41 0
8 46 22 0
37 -30 -14 0
-13 -16 -47 0
-46 15 1 0
-40 -5 9 0
-27 -29 42 0
28 -20 12 0
39 7 -14 0
25 -36 11 0
25 -32 7 0
