c CNF generator v0.9
p cnf 50 209
-34 32 46 0
-11 -9 28 0
25 10 -16 0
-14 -14 27 0
-9 -6 33 0
28 34 46 0
45 26 -47 0
-16 -21 -27 0
-48 -38 7 0
44 30 8 0
27 30 40 0
37 -11 42 0
-20 22 46 0
-26 -17 -18 0
48 -36 47 0
-3 27 -13 0
1 -47 -14 0
-5 38 20 0
15 -32 1 0
-24 33 -2 0
-5 -17 -6 0
37 44 44 0
5 -44 23 0
-47 32 2 0
-11 18 14 0
1 -14 14 0
-41 9 -41 0
50 47 49 0
-37 49 -43 0
-50 -47 -38 0
14 -37 48 0
-33 44 31 0
44 -31 36 0
-1 42 10 0
-15 4 25 0
26 46 44 0
44 -32 -47 0
-6 -24 24 0
-13 46 26 0
30 -21 11 0
8 -32 20 0
19 21 -26 0
41 -3 -9 0
26 -41 -43 0
16 14 -46 0
-13 39 -28 0
19 28 21 0
-17 -19 -5 0
40 37 -44 0
45 24 -16 0
-8 -18 4 0
44 33 -21 0
-22 30 -11 0
-13 20 44 0
1 5 20 0
47 1 -3 0
39 5 35 0
43 -47 23 0
48 40 -34 0
-20 -4 -20 0
19 -30 36 0
-14 49 43 0
18 12 12 0
17 47 -27 0
15 -7 -23 0
47 -24 29 0
24 -32 50 0
25 -2 -19 0
-31 -11 28 0
-27 14 -28 0
30 3 39 0
21 -43 43 0
11 -25 -15 0
-4 31 -31 0
-17 -9 -46 0
17 -31 45 0
38 35 7 0
36 -4 -46 0
14 -27 3 0
5 -3 4 0
12 27 18 0
28 -47 -39 0
-22 -43 23 0
-16 -40 -37 0
11 37 -15 0
-47 7 34 0
16 -44 1 0
-7 -12 -1 0
19 -29 -29 0
22 41 -35 0
-23 24 11 0
-29 48 -36 0
-43 7 -31 0
25 15 39 0
38 -10 20 0
-23 -27 4 0
7 -34 8 0
-8 -5 -47 0
-18 -34 29 0
-13 -24 16 0
16 -7 14 0
-45 39 -49 0
42 41 37 0
-24 -24 1 0
17 -10 -23 0
21 45 30 0
-3 -20 -31 0
16 46 7 0
6 25 -17 0
-1 40 -6 0
-27 -46 30 0
-29 15 -13 0
-18 -25 8 0
11 -15 -10 0
29 -31 2 0
-17 -5 28 0
8 34 6 0
1 33 -24 0
-28 -47 -16 0
24 50 -28 0
40 -38 20 0
27 45 4 0
18 34 -36 0
41 -33 -15 0
1 -38 -50 0
21 12 44 0
46 26 -29 0
-38 4 -34 0
-21 -36 -9 0
22 48 34 0
-11 -18 -18 0
19 -36 35 0
-41 32 -33 0
-10 -13 -30 0
-43 -20 40 0
7 -28 -12 0
-35 25 20 0
-23 14 -41 0
36 -3 -34 0
11 20 19 0
-28 23 -20 0
-17 -13 -20 0
33 -49 -32 0
-25 -5 -2 0
8 16 -30 0
-22 -28 -34 0
-17 40 3 0
-45 -42 40 0
-47 2 48 0
38 -40 -47 0
44 -4 -18 0
49 -49 -21 0
-48 -18 27 0
50 34 -36 0
46 44 -49 0
-45 31 -12 0
43 -20 -20 0
-43 -44 -15 0
50 -20 -3 0
27 -20 -43 0
47 -12 5 0
-49 -1 20 0
18 -50 11 0
33 -32 -31 0
6 48 36 0
-17 26 -49 0
-22 -31 24 0
7 31 -20 0
-3 48 -12 0
46 2 -17 0
28 -28 19 0
23 33 35 0
31 13 40 0
42 -13 9 0
-22 38 -9 0
-30 -21 43 0
44 4 -47 0
-15 39 -18 0
-7 39 18 0
20 37 -28 0
-19 -25 4 0
-5 17 48 0
-14 14 42 0
16 -5 4 0
-30 23 -43 0
45 -6 3 0
-49 -47 24 0
-23 10 -26 0
44 -50 -37 0
-34 21 4 0
43 46 44 0
32 11 9 0
-43 13 -30 0
32 -18 34 0
-47 8 -13 0
43 -2 -16 0
5 -12 -39 0
10 15 32 0
-41 18 13 0
-21 -26 35 0
41 -14 -8 0
14 -28 23 0
-35 7 -43 0
32 -49 15 0
-35 -37 42 0
-1 -34 13 0
-8 -15 31 0
25 -33 -7 0
34 -39 19 0
