c CNF generator v0.9
p cnf 50 209
-39 34 -2 0
43 -38 14 0
-20 12 -44 0
-18 49 44 0
38 -41 -41 0
-20 -27 -7 0
-47 13 -3 0
-19 -25 -26 0
42 39 33 0
-5 46 24 0
-39 48 38 0
-12 -42 46 0
13 -30 9 0
-2 -37 -13 0
16 36 -14 0
11 38 50 0
15 45 24 0
46 -47 -38 0
48 -2 -6 0
23 -11 32 0
-19 -21 -6 0
18 27 -29 0
8 -34 -49 0
-11 23 -12 0
21 -45 -28 0
29 32 32 0
8 24 -47 0
-25 -14 -21 0
8 -49 8 0
41 -45 -44 0
2 20 -26 0
18 23 46 0
10 -35 49 0
50 -32 -30 0
-6 16 -18 0
-50 -4 4 0
35 -38 35 0
6 -45 39 0
8 5 -5 0
9 -3 -47 0
33 13 -8 0
13 -47 28 0
-1 -24 39 0
-31 -9 -26 0
20 -15 -4 0
8 9 20 0
-38 38 11 0
-2 -45 29 0
-34 -26 -24 0
-6 17 -10 0
4 -43 5 0
-50 -36 39 0
-34 10 -29 0
-26 -3 -23 0
13 37 -46 0
-44 47 34 0
19 5 48 0
38 -31 6 0
1 23 -2 0
40 38 42 0
12 -50 -39 0
23 -49 49 0
26 36 18 0
-12 -21 28 0
6 -47 -6 0
-40 -16 29 0
22 5 -18 0
41 8 -10 0
14 -2 15 0
39 25 -29 0
40 21 25 0
43 -26 -49 0
15 -41 -15 0
-36 -27 -23 0
43 -50 48 0
41 -10 -44 0
-38 28 -21 0
-39 20 25 0
20 -47 50 0
6 -19 -35 0
9 -8 47 0
33 -21 -32 0
37 35 19 0
46 -35 -8 0
-7 -38 29 0
-1 9 41 0
-46 17 -42 0
-10 2 -13 0
15 -9 -25 0
33 -33 -34 0
-5 42 -32 0
-17 -15 -2 0
46 -7 -46 0
-9 27 22 0
-24 21 -21 0
33 -43 29 0
-19 28 -17 0
49 -45 -35 0
-8 -19 -42 0
-19 -1 12 0
-8 -23 -26 0
17 7 -27 0
-46 15 13 0
-46 19 28 0
-44 -24 -22 0
-4 3 -9 0
10 10 -9 0
8 44 22 0
23 49 -47 0
2 -48 -10 0
42 -7 -33 0
41 -46 -33 0
10 -19 24 0
35 -39 -16 0
45 14 -16 0
-28 -19 -47 0
17 -47 6 0
-19 -5 -28 0
-24 48 -28 0
41 37 -35 0
29 8 -39 0
-8 -2 32 0
-23 -6 13 0
-6 -33 -5 0
-37 31 -41 0
-47 41 34 0
32 -29 -43 0
-16 -21 34 0
20 -24 9 0
17 23 9 0
-22 -31 23 0
3 28 41 0
32 46 -45 0
-14 40 -50 0
-30 7 -42 0
33 -12 -20 0
8 -48 -15 0
37 18 -3 0
8 45 -44 0
-27 24 12 0
12 -43 -34 0
42 23 3 0
-49 -11 -1 0
24 20 3 0
18 -5 -37 0
14 -24 -20 0
38 -7 -19 0
-14 28 31 0
38 12 39 0
-26 36 -28 0
22 23 23 0
-18 -26 -48 0
-35 -13 14 0
39 25 -40 0
49 -19 -5 0
-3 -33 36 0
40 -6 -2 0
-1 -10 25 0
1 32 21 0
6 20 17 0
-37 -6 -29 0
-50 -50 47 0
-24 39 -35 0
-3 6 7 0
14 10 40 0
-50 39 -30 0
-24 4 -25 0
-26 -42 -1 0
1 -21 -41 0
-15 45 -24 0
-21 -25 -18 0
-18 -20 32 0
-7 -6 26 0
13 -36 17 0
3 -1 20 0
18 -46 -25 0
-19 32 -16 0
-28 1 -12 0
27 -22 34 0
-38 24 -17 0
30 14 -20 0
-36 35 -12 0
2 27 4 0
8 -33 -46 0
-28 -25 9 0
25 20 -50 0
19 35 -23 0
22 -47 12 0
-21 -30 -19 0
14 6 -18 0
20 -9 49 0
-17 2 28 0
2 -35 2 0
23 -28 -50 0
-21 11 18 0
-39 -12 38 0
-48 31 10 0
9 -39 -1 0
49 38 42 0
-34 20 47 0
-25 -44 10 0
29 -38 -26 0
31 -18 13 0
-12 27 28 0
27 -16 -42 0
14 45 4 0
26 31 42 0
-47 -6 -7 0
-47 44 49 0
