c CNF generator v0.9
p cnf 50 209
-31 24 -23 0
-40 -35 44 0
-47 -39 24 0
-44 16 -34 0
-25 -40 22 0
8 -13 48 0
4 42 -25 0
7 -16 -38 0
-33 -43 37 0
22 -18 -26 0
31 25 -31 0
46 26 -27 0
-28 -39 -3 0
-41 27 41 0
23 -45 -37 0
-18 -19 -20 0
-3 -2 -50 0
-33 35 45 0
-39 -25 -17 0
-40 -45 -36 0
-32 -4 -48 0
-9 31 44 0
-47 -33 -29 0
-40 41 8 0
-11 -34 29 0
29 19 -27 0
31 -36 42 0
28 -24 9 0
40 -48 26 0
-38 -34 1 0
-48 16 -40 0
-24 37 15 0
26 9 26 0
-43 -20 26 0
2 18 -38 0
43 -1 -38 0
-29 1 -17 0
-43 36 -48 0
50 -28 7 0
10 -4 12 0
-47 -50 -43 0
9 -28 50 0
-30 -29 50 0
18 -8 38 0
-2 49 32 0
-39 -30 -31 0
-17 15 -20 0
42 15 -27 0
25 45 15 0
44 -47 -22 0
-15 -8 31 0
30 34 -49 0
31 6 37 0
39 33 49 0
-29 -1 -31 0
-29 35 -47 0
19 -34 39 0
34 22 3 0
19 16 30 0
8 -9 -17 0
10 -5 -31 0
42 22 -26 0
-3 12 -1 0
-15 -38 -4 0
6 -34 27 0
26 -25 -42 0
-41 21 -14 0
6 -29 -29 0
11 40 -27 0
-9 25 27 0
40 32 -4 0
-12 -16 31 0
-47 14 45 0
40 -50 3 0
25 12 33 0
-16 -39 38 0
-17 26 30 0
-40 21 39 0
-2 -13 -12 0
-19 42 30 0
20 -9 41 0
22 -2 -49 0
-24 -50 4 0
48 -16 30 0
-1 -20 -19 0
-37 -44 9 0
-47 42 45 0
3 -21 -1 0
-50 -15 22 0
-20 -39 -40 0
44 7 -3 0
47 16 16 0
34 -35 34 0
-47 -11 -5 0
-48 -20 -34 0
12 36 -11 0
31 31 -49 0
12 27 -6 0
28 46 45 0
3 25 -12 0
-30 -19 13 0
38 -42 10 0
-25 50 28 0
4 -12 -36 0
-11 -5 -7 0
6 31 14 0
36 14 27 0
-50 17 3 0
-29 32 -25 0
40 27 -3 0
37 35 -13 0
37 36 -43 0
16 38 -44 0
-27 -20 -2 0
27 31 6 0
-40 1 -7 0
-44 8 -14 0
14 6 35 0
-13 38 13 0
-34 -17 40 0
46 -49 36 0
7 -50 4 0
-42 11 31 0
-8 40 1 0
-24 40 49 0
14 20 4 0
5 12 50 0
30 14 -40 0
-46 24 -12 0
31 -25 6 0
-38 -38 46 0
32 35 5 0
3 -20 -45 0
20 -25 5 0
-39 22 13 0
34 26 -44 0
19 9 -37 0
-9 15 -10 0
2 41 10 0
9 34 -44 0
28 9 2 0
-9 40 36 0
-4 -11 -35 0
22 2 -19 0
19 -10 37 0
45 15 -36 0
8 47 7 0
-34 19 -8 0
13 2 -2 0
34 17 -21 0
11 46 -9 0
-8 7 34 0
8 31 7 0
-41 3 24 0
-18 -14 -41 0
-46 47 34 0
24 -31 11 0
9 -3 18 0
27 5 15 0
-47 -4 43 0
21 -40 -30 0
39 -33 -39 0
33 -3 46 0
-31 37 -4 0
38 32 -47 0
24 -47 -42 0
-19 15 17 0
-8 -4 34 0
-17 28 24 0
17 -34 -31 0
-11 -13 -38 0
-12 27 49 0
32 -21 11 0
-38 -30 18 0
18 -13 14 0
-10 -19 4 0
25 -6 -27 0
46 38 -29 0
-49 14 -14 0
44 26 35 0
40 17 23 0
38 -2 31 0
-12 -18 39 0
-45 39 10 0
48 23 -28 0
-25 2 -20 0
-2 17 -3 0
-12 13 -45 0
43 17 18 0
-8 -50 35 0
25 23 -31 0
41 -26 37 0
-30 -25 31 0
21 -32 9 0
42 27 -39 0
-20 -22 -5 0
13 17 18 0
26 -2 49 0
-35 43 -6 0
15 -7 -40 0
-18 -19 -26 0
-45 -19 5 0
33 -6 -41 0
-20 -16 40 0
-16 35 -46 0
-43 41 -35 0
27 12 25 0
-11 -30 3 0
-36 -27 49 0
