c CNF generator v0.9
p cnf 50 209
-49 4 -21 0
6 4 -41 0
49 -7 16 0
22 46 -34 0
-1 4 33 0
1 4 40 0
7 18 14 0
-38 -12 -20 0
-35 -18 -13 0
-16 -1 -46 0
-9 -39 48 0
19 39 18 0
28 -8 32 0
18 24 44 0
45 -34 -8 0
16 -12 9 0
49 -46 -3 0
-27 -22 15 0
-3 19 -46 0
-14 38 3 0
-19 -13 26 0
-21 -25 50 0
29 41 2 0
48 -33 13 0
35 -34 28 0
-7 -35 3 0
41 44 -41 0
-37 -11 34 0
5 9 -8 0
14 2 9 0
-24 -12 10 0
-50 -35 -17 0
24 1 -9 0
-7 34 -27 0
46 -50 7 0
12 -35 17 0
27 11 -46 0
2 -39 -13 0
3 -31 -22 0
12 -46 33 0
9 -15 49 0
47 -13 39 0
-16 31 31 0
-33 -21 2 0
48 -6 -36 0
-42 34 -12 0
22 11 27 0
-18 35 45 0
-20 -21 23 0
16 4 38 0
-13 -7 21 0
-6 -11 25 0
31 -24 2 0
17 -2 -42 0
-3 -24 34 0
-34 -35 5 0
-36 -9 -3 0
31 36 40 0
-27 -20 36 0
-25 -49 3 0
-39 17 -45 0
-35 18 32 0
-24 40 -40 0
50 -17 34 0
-13 40 -42 0
-47 -46 14 0
5 -29 46 0
1 1 25 0
26 -26 -40 0
7 -2 -1 0
-22 -39 -8 0
-15 -20 42 0
21 -12 29 0
30 -9 41 0
-25 26 3 0
39 -22 -36 0
47 -20 -7 0
-1 34 4 0
-2 31 -2 0
-38 40 -18 0
21 -36 24 0
34 40 -5 0
4 -16 2 0
34 -9 16 0
20 21 -21 0
8 -20 23 0
11 -45 -8 0
21 -36 37 0
-20 -12 32 0
15 3 -42 0
-2 -34 42 0
-28 47 -10 0
-22 5 -22 0
13 -9 -32 0
-5 46 -27 0
21 12 -6 0
-24 49 -19 0
14 -36 37 0
18 -3 12 0
-23 45 22 0
43 -1 -34 0
48 26 29 0
44 -1 -28 0
-39 -24 -3 0
25 47 28 0
-8 -45 9 0
-1 -33 50 0
37 -26 32 0
11 42 20 0
-10 3 13 0
-19 48 21 0
-31 -24 -6 0
-15 19 11 0
-34 13 38 0
2 46 46 0
31 -4 -48 0
32 -35 -15 0
-4 -6 -15 0
5 13 26 0
35 21 -47 0
35 43 19 0
-16 -8 32 0
24 -14 24 0
8 -22 -43 0
14 -20 8 0
31 22 42 0
38 -12 -8 0
-35 -27 -22 0
4 22 -24 0
29 -47 -14 0
47 34 -16 0
11 15 14 0
-17 -24 -31 0
-44 40 -5 0
-39 30 6 0
-35 1 6 0
20 -12 6 0
-31 10 41 0
19 -26 22 0
-24 45 -20 0
-37 -41 -17 0
-1 9 29 0
28 -50 13 0
-36 43 -37 0
39 30 14 0
12 -44 9 0
-1 7 21 0
-27 -31 49 0
-32 -26 14 0
10 27 47 0
13 1 34 0
27 -6 18 0
30 4 14 0
-22 20 24 0
-16 -20 -8 0
19 -29 41 0
43 12 4 0
-11 27 -12 0
-49 -24 -12 0
22 -17 41 0
-1 -27 -14 0
-34 8 -15 0
11 18 3 0
30 44 44 0
1 -46 -45 0
-27 34 -1 0
25 -43 -33 0
33 5 -26 0
-22 -37 -26 0
31 -44 -6 0
20 -44 36 0
-3 -42 -27 0
-1 11 40 0
40 42 7 0
9 35 -36 0
37 -39 -14 0
-8 -31 -4 0
-2 24 -14 0
-48 -42 -50 0
-34 28 50 0
32 -28 30 0
-3 -47 45 0
43 18 -23 0
25 -5 -20 0
-25 3 16 0
-25 -32 -21 0
48 -40 -33 0
-3 50 -22 0
33 -11 -19 0
29 -14 22 0
31 27 -48 0
29 46 25 0
-34 33 -45 0
-9 11 -33 0
-38 -20 3 0
-47 -39 20 0
-23 12 40 0
47 7 -43 0
-4 -48 -24 0
-1 24 17 0
-27 -45 2 0
48 -39 6 0
-43 9 23 0
-47 -29 21 0
43 -42 -7 0
45 48 17 0
-16 32 -3 0
-38 3 39 0
-1 3 46 0
