c CNF generator v0.9
p cnf 50 209
-20 5 -38 0
45 11 10 0
12 1 -20 0
21 -20 -28 0
6 9 38 0
44 33 -47 0
-35 -19 -48 0
-25 -19 24 0
19 10 1 0
45 41 -38 0
39 6 -37 0
3 -34 -42 0
10 24 2 0
27 -20 35 0
-8 -45 -32 0
-11 -33 43 0
9 -2 -49 0
27 -22 20 0
48 15 17 0
18 -31 1 0
48 5 4 0
27 50 13 0
-43 -1 -14 0
-25 27 -8 0
-7 19 11 0
27 24 -3 0
43 36 -5 0
-48 -8 44 0
13 17 -16 0
-34 26 31 0
-4 -23 -7 0
39 9 -45 0
-45 -47 -46 0
49 -12 -39 0
23 -12 -40 0
9 -32 -14 0
2 5 -34 0
-9 48 6 0
-3 50 34 0
-12 -48 49 0
-10 5 19 0
-5 17 -8 0
27 -22 -40 0
40 11 14 0
-32 4 29 0
-16 -31 49 0
-44 30 -1 0
-44 35 -16 0
44 -30 -6 0
48 -17 -39 0
-30 33 20 0
49 15 14 0
50 -11 4 0
-48 18 18 0
29 20 34 0
-10 -27 -48 0
46 4 11 0
18 29 -6 0
-46 -13 19 0
30 -42 -49 0
14 17 12 0
-8 -50 19 0
6 -24 -34 0
-38 -40 46 0
6 -40 -24 0
-18 14 -20 0
5 32 13 0
-10 -38 -30 0
6 -1 19 0
7 -3 -23 0
-41 25 -1 0
-16 -4 32 0
13 13 -33 0
-35 -38 -41 0
-17 8 -26 0
40 -44 -46 0
12 36 11 0
35 13 11 0
14 46 47 0
-42 4 12 0
42 -27 -29 0
-14 7 48 0
-11 30 -21 0
-25 -13 -19 0
16 13 2 0
-26 11 -41 0
-33 1 45 0
-48 30 -46 0
6 41 29 0
-29 20 31 0
-6 -24 -11 0
-36 -18 -48 0
24 1 47 0
2 36 -13 0
19 -9 -16 0
42 -10 8 0
27 -30 -37 0
12 31 21 0
-28 -7 40 0
35 7 -27 0
13 -20 39 0
6 -48 48 0
-20 -37 32 0
-47 -4 -22 0
22 36 -15 0
35 8 20 0
-23 34 8 0
-34 -19 -32 0
8 -13 49 0
48 15 -21 0
49 2 -10 0
15 -27 -32 0
44 3 4 0
-21 -28 13 0
36 33 -25 0
-50 -43 -23 0
18 -7 31 0
45 4 -33 0
27 3 35 0
4 34 5 0
-15 31 25 0
-50 -40 18 0
23 6 -3 0
-42 -32 -29 0
9 -11 -45 0
18 48 10 0
45 -13 23 0
24 23 -13 0
-46 5 -39 0
-9 -24 24 0
-41 -33 39 0
2 49 -13 0
19 -4 29 0
22 2 15 0
10 -5 -11 0
33 -10 13 0
47 40 -29 0
39 -9 -39 0
5 29 -25 0
-14 -9 -22 0
-21 11 40 0
-39 -9 -6 0
-4 -22 -23 0
-27 15 4 0
-36 28 -35 0
41 38 48 0
31 4 2 0
21 -3 8 0
2 -40 21 0
31 -18 -32 0
31 -32 -16 0
15 -11 24 0
-33 43 -34 0
-27 20 45 0
33 7 -44 0
-12 11 -26 0
26 -34 34 0
-25 -23 -38 0
20 -14 -47 0
-42 -39 15 0
-40 -48 14 0
-8 1 -31 0
12 45 -34 0
-39 46 30 0
-8 35 25 0
-25 24 -49 0
48 -14 14 0
47 2 21 0
-41 26 44 0
-46 -6 -32 0
-1 49 -15 0
-20 -17 -14 0
-45 30 -3 0
-30 -40 -12 0
27 28 -16 0
37 22 8 0
48 23 32 0
-39 29 -27 0
-41 23 4 0
45 15 14 0
-17 10 -28 0
-1 38 -6 0
3 -42 38 0
-13 -33 -10 0
33 41 -18 0
-15 -26 -15 0
-8 -1 -50 0
4 3 7 0
-19 36 43 0
37 -36 -23 0
-40 -43 -26 0
-50 1 -34 0
-22 42 -46 0
48 34 -20 0
-42 -15 -19 0
12 11 21 0
1 -7 -5 0
46 -4 -48 0
-8 -44 -24 0
-47 -32 41 0
4 32 -33 0
22 -9 -18 0
-43 4 39 0
46 -15 -16 0
22 -6 -32 0
-28 50 23 0
-48 24 19 0
19 14 31 0
-48 -40 41 0
