c CNF generator v0.9
p cnf 50 209
-17 -2 5 0
20 -13 -33 0
7 -8 7 0
14 48 29 0
-27 20 -40 0
2 -40 -48 0
-29 9 -44 0
16 24 -6 0
-35 23 48 0
-5 35 29 0
37 -18 -34 0
-15 33 33 0
46 44 37 0
50 12 50 0
-42 -37 -43 0
22 -21 11 0
-22 -42 37 0
29 18 -30 0
16 -11 -11 0
49 29 14 0
-35 37 -22 0
31 7 16 0
-14 25 -33 0
-34 7 -42 0
19 -22 -36 0
41 50 17 0
7 31 -45 0
-12 46 24 0
-19 40 41 0
-47 -33 8 0
7 2 8 0
14 3 -34 0
-27 41 -14 0
-36 26 -10 0
38 28 -28 0
10 -45 33 0
-33 -32 36 0
6 43 -39 0
48 17 -33 0
-36 21 23 0
23 -50 10 0
25 24 -47 0
17 -23 46 0
-28 45 -15 0
33 46 14 0
16 -7 -20 0
-40 -23 -21 0
-20 -24 36 0
4 -41 -11 0
-6 -18 -26 0
-17 3 -7 0
-31 -11 1 0
11 6 -6 0
32 -42 -48 0
34 -10 24 0
-39 -9 17 0
34 -17 -17 0
20 -25 23 0
-5 -37 -32 0
19 50 -22 0
22 2 16 0
-10 5 18 0
-6 7 -48 0
20 -32 33 0
25 -3 -21 0
31 -35 30 0
-26 5 -49 0
17 -18 2 0
-4 3 11 0
-45 -21 4 0
-39 -22 -42 0
-16 7 -35 0
-38 35 -43 0
31 -35 42 0
44 -4 33 0
-36 -34 -45 0
-47 43 30 0
-26 3 4 0
19 -23 -50 0
-22 -33 -31 0
-50 -19 -28 0
20 -17 -23 0
44 1 34 0
32 -12 15 0
36 -3 -14 0
-42 27 39 0
39 17 -4 0
24 -37 -28 0
46 2 30 0
-47 -20 -48 0
-19 -31 -35 0
-20 -17 -21 0
43 -27 21 0
-5 31 15 0
9 17 11 0
21 -30 -13 0
-42 1 42 0
-3 46 7 0
4 -10 2 0
-11 5 -42 0
-31 -8 21 0
1 38 12 0
-1 -8 -12 0
8 -32 -13 0
50 36 47 0
-37 28 -5 0
2 -46 14 0
-43 -26 -33 0
24 -36 48 0
8 -32 -49 0
-29 27 -35 0
22 -17 12 0
6 20 -16 0
-10 45 -43 0
37 -24 8 0
2 42 -2 0
39 6 -38 0
-49 -14 28 0
-14 -45 -13 0
-38 11 34 0
32 -23 -35 0
-4 -33 -36 0
-30 -24 -45 0
-40 16 -14 0
46 40 -45 0
37 39 31 0
4 12 -1 0
-39 21 31 0
47 -32 -39 0
-4 -19 35 0
-5 -33 12 0
-41 -24 -23 0
28 -19 -12 0
-17 -39 19 0
38 10 23 0
-2 -48 -34 0
-21 49 48 0
11 25 7 0
-7 -43 45 0
25 37 41 0
-46 -39 -8 0
40 -40 13 0
-14 -36 9 0
-32 11 -41 0
50 -2 4 0
21 16 40 0
40 36 16 0
-15 8 -46 0
38 11 36 0
30 12 -15 0
-27 2 -38 0
36 16 27 0
-32 -26 24 0
47 25 -47 0
26 -12 10 0
-15 16 23 0
-33 -43 -16 0
-6 35 -33 0
-16 -15 -44 0
-25 -47 -36 0
-39 10 35 0
-25 -22 11 0
32 -16 17 0
28 6 -29 0
-10 38 -32 0
-36 -46 -50 0
-30 17 13 0
29 18 -23 0
45 19 4 0
-10 14 7 0
-10 41 -6 0
36 11 3 0
-25 46 -34 0
11 9 -35 0
45 -6 -19 0
-23 -23 -48 0
42 -22 24 0
1 -32 -38 0
-14 16 8 0
-27 -6 39 0
-24 36 -31 0
37 -43 -14 0
-16 28 -38 0
35 -48 -41 0
-2 -29 -25 0
-43 29 37 0
-11 39 7 0
19 48 -23 0
-44 2 -18 0
13 16 45 0
-27 30 -17 0
-42 -46 38 0
-48 -10 10 0
-46 2 -44 0
-28 -13 5 0
-43 3 -8 0
-2 -3 44 0
32 -37 -7 0
19 -45 -12 0
-27 40 1 0
8 50 17 0
38 -21 -31 0
4 -38 -26 0
48 -23 -19 0
17 -9 10 0
-23 22 31 0
44 -31 11 0
9 25 -41 0
-23 -29 -46 0
