c CNF generator v0.9
p cnf 50 209
-26 42 19 0
31 -19 -23 0
-1 33 -16 0
-42 -7 -44 0
17 5 19 0
-38 -26 28 0
32 1 10 0
20 44 5 0
5 24 -44 0
10 6 17 0
-20 39 35 0
-44 47 33 0
4 19 -42 0
47 -36 -18 0
17 -49 -23 0
-26 14 -21 0
-4 -2 -9 0
-33 42 -27 0
37 47 -37 0
-36 -1 -16 0
-45 30 -41 0
44 -29 19 0
1 18 7 0
11 9 37 0
-42 21 11 0
11 25 -17 0
16 37 1 0
9 -19 44 0
-3 -43 13 0
35 29 46 0
-28 49 7 0
-22 -9 11 0
17 -43 10 0
48 8 -46 0
-46 -45 -18 0
2 -15 -22 0
-32 8 8 0
10 43 -24 0
-10 4 -33 0
22 22 44 0
7 37 -42 0
-5 7 4 0
16 -9 -50 0
41 -3 19 0
-13 -22 33 0
-46 11 -20 0
-44 48 18 0
-45 -24 -40 0
-38 5 2 0
-12 42 38 0
-5 22 41 0
24 -49 49 0
3 -5 16 0
32 4 28 0
29 -25 -48 0
-3 49 5 0
-31 -12 39 0
12 21 -22 0
-10 -37 25 0
44 -49 14 0
11 -44 6 0
-9 -31 16 0
23 -19 -41 0
-49 31 38 0
41 -14 8 0
-35 -13 -20 0
-40 41 -7 0
10 9 42 0
-3 15 -7 0
15 -28 -8 0
-26 40 48 0
36 -13 -40 0
-33 13 -20 0
35 22 21 0
1 -6 25 0
-10 2 -31 0
-47 -3 14 0
8 49 -47 0
11 -48 10 0
47 33 -37 0
39 17 1 0
36 19 38 0
-40 -41 30 0
-36 46 13 0
29 8 -19 0
30 -42 5 0
-25 -10 -13 0
-24 -39 -27 0
43 -44 11 0
43 -21 42 0
-48 39 43 0
-27 22 32 0
32 -48 -43 0
-16 -14 -1 0
-40 9 -16 0
-30 44 -10 0
-2 50 37 0
-36 35 -33 0
48 -40 -29 0
34 -30 35 0
-28 18 -6 0
-15 22 13 0
48 5 -31 0
44 31 -13 0
-44 29 -21 0
-14 -10 31 0
-23 -24 -36 0
-12 -37 -27 0
10 40 23 0
28 23 36 0
48 -34 -7 0
-12 -41 46 0
-12 33 9 0
-9 -19 4 0
4 36 -6 0
32 -38 -50 0
-26 -16 30 0
-41 -15 -33 0
-27 -41 21 0
26 -26 -29 0
-28 -49 -10 0
4 33 50 0
-10 -18 -23 0
-41 21 26 0
14 39 38 0
36 39 16 0
-5 -19 -40 0
17 48 11 0
22 50 -37 0
-18 -16 35 0
-2 -37 16 0
43 -8 -15 0
-12 2 35 0
27 -29 21 0
-20 -15 -7 0
30 50 45 0
-22 31 -15 0
10 -40 -14 0
43 -14 -7 0
-39 1 3 0
-5 33 41 0
-46 -23 42 0
16 -10 28 0
-18 -26 -21 0
13 -29 44 0
-30 42 -48 0
6 -1 -26 0
-49 -50 11 0
12 24 -32 0
27 -25 13 0
-15 -10 -11 0
11 47 -20 0
6 -35 -44 0
23 3 -15 0
10 -34 -19 0
45 50 7 0
-36 13 14 0
49 -27 37 0
-26 -16 18 0
37 5 23 0
-10 28 -48 0
-17 -42 15 0
38 -16 13 0
-22 4 38 0
17 29 17 0
-43 -45 48 0
-20 10 4 0
-32 -6 -41 0
25 17 28 0
43 -13 -47 0
45 50 9 0
14 6 -22 0
-14 -35 28 0
-20 15 21 0
-27 17 -43 0
-44 33 32 0
50 -40 -44 0
-25 45 -43 0
50 17 -46 0
-17 26 29 0
-43 -4 -13 0
-33 4 5 0
24 -35 -1 0
3 7 10 0
45 -24 -15 0
-49 33 6 0
-18 31 -28 0
-43 17 41 0
32 15 21 0
23 26 -41 0
-32 8 -40 0
-8 36 23 0
-42 49 -12 0
29 -42 -11 0
-2 -4 -16 0
-31 28 -40 0
43 19 -32 0
-48 -47 -50 0
-31 26 39 0
24 25 27 0
35 -8 -1 0
40 -44 -12 0
28 36 -26 0
11 22 -3 0
-43 -34 -22 0
3 24 41 0
9 -42 36 0
4 26 -30 0
-33 -3 -8 0
