c CNF generator v0.9
p cnf 50 209
50 33 -39 0
-49 -37 16 0
-25 4 -27 0
14 38 -42 0
11 21 -38 0
-9 -4 -2 0
10 34 22 0
-28 -15 -2 0
-24 50 37 0
15 38 43 0
46 38 -35 0
43 26 3 0
11 -27 21 0
-20 -23 40 0
-47 18 -10 0
-15 -28 49 0
8 26 10 0
-21 -38 -27 0
-40 -22 13 0
46 -11 49 0
28 7 -27 0
-21 50 -26 0
-21 11 19 0
46 14 -26 0
-15 -42 35 0
45 39 -47 0
47 10 17 0
36 -41 -20 0
13 -4 -31 0
36 31 -13 0
27 14 -21 0
-37 45 47 0
5 44 -50 0
-35 -26 -27 0
-36 19 -24 0
-26 -36 -45 0
-28 -25 -50 0
-12 27 -11 0
-10 20 1 0
-19 -20 20 0
-22 17 -45 0
-28 -27 -21 0
-46 -44 -11 0
16 3 5 0
18 -46 -33 0
24 37 45 0
26 8 -11 0
23 -7 13 0
6 -43 -11 0
-1 -13 42 0
10 -4 24 0
30 31 20 0
-45 -29 -36 0
-44 -40 47 0
39 -48 27 0
18 -28 23 0
-7 -47 3 0
-27 -48 -28 0
32 6 -13 0
-10 9 12 0
-4 39 35 0
-13 -31 -46 0
-27 2 3 0
8 -41 -40 0
32 18 26 0
-12 -27 29 0
-41 -9 38 0
48 45 18 0
38 50 1 0
-7 -21 -36 0
5 18 17 0
9 -1 19 0
20 1 -24 0
26 -13 -50 0
3 -24 33 0
48 -12 17 0
-42 37 -42 0
38 -49 -19 0
-15 -39 -11 0
-49 -2 30 0
-45 49 -30 0
-32 10 31 0
34 6 -35 0
26 24 10 0
33 25 -13 0
27 -35 -5 0
-30 -6 -15 0
-26 29 6 0
-39 34 -47 0
19 10 -15 0
30 -48 1 0
-8 -14 -45 0
18 34 18 0
-49 -46 37 0
35 -39 -3 0
-22 -39 23 0
25 48 -14 0
21 -30 -26 0
12 24 -27 0
25 31 18 0
-25 24 -11 0
47 8 -41 0
33 43 39 0
20 -39 2 0
-6 14 49 0
-7 20 1 0
-35 3 -9 0
12 14 -30 0
17 -46 -26 0
-22 -28 -6 0
-22 28 -36 0
41 24 1 0
12 -41 7 0
-1 -44 6 0
46 45 29 0
-15 25 -46 0
-10 -16 26 0
-48 -39 13 0
34 25 -1 0
20 -25 -6 0
45 -12 36 0
-47 -21 -50 0
-45 -10 -30 0
32 -32 30 0
-27 -22 -4 0
12 -33 33 0
25 46 27 0
41 -16 29 0
50 -28 42 0
-26 18 21 0
-29 29 44 0
-33 7 19 0
-32 38 2 0
50 -36 46 0
41 40 -46 0
29 4 8 0
-36 32 39 0
3 37 10 0
-35 6 22 0
16 -15 -1 0
8 13 35 0
17 35 45 0
41 -25 -24 0
-39 37 36 0
28 7 16 0
-14 41 -41 0
-24 -49 -18 0
-28 -42 -12 0
-13 28 -21 0
49 45 -16 0
-23 5 -45 0
9 -1 -32 0
-21 6 -5 0
-1 -9 4 0
-40 42 2 0
-29 -25 11 0
-46 -20 -17 0
23 -7 -4 0
34 49 -27 0
31 50 -20 0
41 -47 -14 0
-11 2 -44 0
23 12 -44 0
12 5 49 0
-5 -16 -34 0
38 38 -39 0
9 -40 48 0
22 -2 44 0
8 -12 -31 0
37 29 -23 0
-33 17 14 0
-41 -13 30 0
9 -49 -46 0
7 22 32 0
45 -37 16 0
-32 35 -46 0
-41 -37 35 0
-48 -13 13 0
23 -38 8 0
16 -27 40 0
-10 11 30 0
20 7 9 0
28 -24 -48 0
-9 15 -50 0
13 -20 42 0
-38 13 -26 0
11 -45 -11 0
-43 -25 37 0
19 -2 -17 0
24 -36 20 0
-18 -29 -2 0
15 -13 26 0
-4 44 -31 0
38 35 -8 0
16 15 -33 0
43 -47 -32 0
26 -4 18 0
-45 -10 -49 0
-25 48 10 0
13 -45 -30 0
-48 -30 25 0
27 31 35 0
17 9 29 0
22 -41 48 0
-32 13 -48 0
-18 -31 -3 0
-42 3 15 0
-28 -35 -30 0
-48 -24 -1 0
