c CNF generator v0.9
p cnf 50 209
48 -43 40 0
3 -33 37 0
-46 -29 12 0
30 -1 -48 0
-32 -24 49 0
24 17 38 0
30 -17 2 0
-17 -48 -25 0
47 15 39 0
-19 8 -8 0
-8 13 -30 0
31 -22 -43 0
-6 27 -30 0
4 27 35 0
-26 -42 36 0
17 16 15 0
-47 -2 -25 0
-10 25 -25 0
-2 45 25 0
43 -14 12 0
-30 -18 50 0
34 20 23 0
33 -36 -9 0
-1 16 29 0
42 4 37 0
23 -30 -28 0
-46 20 -11 0
39 -16 40 0
19 37 -45 0
6 41 -2 0
-17 -41 18 0
-40 -7 -4 0
6 18 -27 0
-20 39 -49 0
-38 -12 -25 0
-17 -39 -39 0
-37 -2 -3 0
-6 -49 45 0
25 31 5 0
17 32 -42 0
-43 -49 8 0
-22 14 -34 0
-12 35 -16 0
6 -12 -19 0
-30 37 38 0
7 -28 -32 0
29 37 29 0
-48 12 -49 0
-18 -49 5 0
-5 14 -20 0
-36 -17 -40 0
34 42 -27 0
27 7 -15 0
33 -28 -26 0
3 31 -45 0
-7 -46 16 0
20 43 3 0
34 -12 30 0
47 -23 -9 0
44 -34 -9 0
30 50 4 0
35 38 5 0
22 41 34 0
-3 -16 -26 0
-44 15 -24 0
-24 -22 20 0
9 -47 38 0
36 17 -44 0
38 19 50 0
39 -30 -20 0
-30 36 34 0
11 28 -7 0
-15 -31 -12 0
-50 22 -26 0
-35 -21 21 0
1 -19 3 0
-39 -24 36 0
-3 -46 17 0
38 18 11 0
-12 -46 -3 0
-34 -32 23 0
-36 -39 29 0
49 -38 11 0
-32 16 -43 0
25 44 47 0
-10 -15 -18 0
-36 32 -24 0
-19 41 -50 0
16 -7 50 0
43 12 -4 0
-29 -23 -40 0
9 37 -42 0
-50 28 -12 0
14 -38 26 0
10 13 -49 0
-45 -11 -41 0
-50 20 13 0
-17 -11 12 0
-32 -38 -1 0
37 25 8 0
-39 -35 -49 0
-45 -29 34 0
41 25 16 0
-35 -1 21 0
49 35 -48 0
-31 -14 -10 0
-29 9 30 0
27 -35 11 0
-23 49 -16 0
48 9 -10 0
-50 -39 -18 0
40 36 -47 0
-32 -36 3 0
33 -38 -12 0
11 -50 -12 0
-9 -23 -29 0
-18 -39 7 0
-44 27 24 0
4 24 -32 0
-38 -15 -30 0
36 -44 27 0
-25 -46 -17 0
4 36 25 0
-1 21 -30 0
-20 -13 -15 0
41 15 3 0
37 -49 1 0
23 -32 -33 0
26 -9 -5 0
-44 44 19 0
1 -36 -19 0
-36 24 -37 0
-41 1 -2 0
15 -21 32 0
-2 -4 22 0
25 -6 20 0
-9 31 -50 0
47 -34 16 0
14 33 34 0
-34 -12 29 0
-21 -11 -32 0
-18 -46 36 0
-49 -24 -9 0
-4 -36 -17 0
-39 -31 4 0
-31 29 40 0
-36 9 -36 0
-16 18 -19 0
-5 -43 35 0
-13 4 -25 0
31 -3 -40 0
-44 -15 50 0
-33 -49 -28 0
-5 -14 30 0
6 44 -33 0
-41 9 -10 0
-17 -48 39 0
-49 10 12 0
17 -30 -36 0
-7 19 47 0
16 -46 -18 0
19 -47 -42 0
14 -47 8 0
-11 -4 -7 0
26 -23 3 0
21 -34 2 0
-37 -49 -22 0
-15 47 22 0
-49 40 -14 0
14 -46 -7 0
49 25 27 0
-44 15 -29 0
32 32 41 0
49 13 38 0
-35 10 12 0
13 1 -12 0
-3 -22 30 0
38 12 47 0
36 -10 -45 0
31 -49 -29 0
41 -28 -13 0
-29 25 -36 0
27 29 16 0
-46 41 -36 0
19 -18 27 0
-20 -8 37 0
6 47 -39 0
-41 -1 -35 0
-33 11 -6 0
40 -27 -36 0
-46 -32 45 0
38 15 -13 0
-9 35 44 0
-2 -42 -50 0
-46 29 -42 0
-27 -44 -40 0
38 11 10 0
-21 -13 -49 0
48 38 -12 0
-11 -18 8 0
-36 -38 -22 0
-8 -26 -39 0
-15 8 7 0
-5 38 30 0
-4 34 48 0
16 -36 -12 0
35 12 -13 0
-37 -15 34 0
-13 15 -21 0
