c CNF generator v0.9
p cnf 50 209
23 -33 -33 0
27 31 16 0
-2 20 9 0
-37 -43 -36 0
-19 22 -46 0
31 -16 29 0
-28 -2 -39 0
-42 9 49 0
29 -27 -27 0
-40 21 -31 0
-5 19 -26 0
9 -43 -41 0
47 -12 -46 0
44 -26 47 0
-26 48 -9 0
13 34 16 0
31 -19 48 0
39 -46 -50 0
-39 17 -21 0
39 -28 7 0
-38 -48 9 0
-29 20 -23 0
-47 -16 28 0
17 -29 43 0
43 -36 -49 0
-30 27 7 0
-27 44 43 0
-2 -22 39 0
4 -45 -35 0
-5 5 40 0
-19 44 -17 0
-25 -49 26 0
27 13 -11 0
-1 -42 28 0
37 33 -14 0
-33 -22 28 0
36 -36 13 0
-36 34 -10 0
46 -30 1 0
-42 -48 38 0
25 34 47 0
-25 -50 -12 0
-4 -48 -24 0
-7 -47 36 0
17 -21 20 0
31 -24 -10 0
11 42 -20 0
-34 -2 -17 0
-2 11 16 0
24 -47 -31 0
-22 -24 8 0
11 40 31 0
-16 -44 6 0
49 38 -4 0
-19 -27 -32 0
35 26 7 0
-31 -23 11 0
27 28 9 0
-22 34 12 0
-38 44 33 0
-37 41 39 0
-17 -6 43 0
-23 21 -13 0
18 -19 -22 0
-19 26 -44 0
28 15 35 0
9 39 -39 0
-13 22 -41 0
-33 -12 -15 0
-49 22 -49 0
27 7 -31 0
-17 26 15 0
37 -43 35 0
21 -35 16 0
20 39 1 0
-19 18 25 0
-16 46 36 0
30 -14 -17 0
26 -30 34 0
-31 -14 27 0
1 40 -12 0
33 -4 9 0
-17 -47 -38 0
23 -17 27 0
27 -8 39 0
-10 -36 35 0
13 45 -6 0
48 9 -26 0
38 39 -22 0
41 46 -42 0
-7 -43 -27 0
24 6 41 0
-44 -40 46 0
45 -36 43 0
-42 14 -27 0
2 -36 -38 0
3 9 -8 0
14 -45 3 0
-10 -39 -32 0
45 25 32 0
-33 -20 -46 0
-13 43 -17 0
-23 31 24 0
-7 -31 -13 0
41 33 -48 0
-10 -13 21 0
1 -50 13 0
-3 11 49 0
-3 7 -47 0
11 -8 -3 0
-45 -15 11 0
-14 -27 12 0
-16 47 46 0
2 35 21 0
34 -11 -21 0
-19 30 41 0
-5 30 -7 0
-40 -25 23 0
30 34 46 0
40 19 -22 0
50 -2 -42 0
40 -12 -47 0
33 35 23 0
-14 -16 2 0
22 41 30 0
11 26 26 0
-1 27 -43 0
-37 44 -15 0
-38 -36 13 0
-33 40 -10 0
-34 -38 49 0
-29 34 -11 0
-13 -48 -30 0
46 -36 -20 0
-21 41 41 0
-37 -37 -4 0
49 14 -7 0
44 -20 -42 0
40 -12 -42 0
3 39 6 0
4 -14 4 0
26 13 -44 0
34 47 31 0
-32 -42 -49 0
-34 -14 46 0
9 32 50 0
15 18 -13 0
27 21 3 0
-18 -18 -19 0
27 -18 -30 0
28 -35 -42 0
-5 45 -41 0
10 -45 -29 0
-20 16 21 0
24 -27 -12 0
32 50 14 0
1 23 -9 0
15 6 40 0
-26 30 35 0
31 1 -50 0
-18 -19 -30 0
11 -28 38 0
35 12 -20 0
21 35 42 0
18 -30 -50 0
32 13 26 0
34 27 -50 0
42 -35 38 0
4 -35 27 0
31 37 45 0
-35 -21 3 0
50 -39 48 0
2 -9 41 0
5 49 -24 0
22 -33 -24 0
-22 -26 -46 0
18 -35 41 0
36 47 44 0
-49 13 -26 0
26 26 -39 0
6 -24 15 0
-44 29 -6 0
-13 -38 -39 0
-25 9 -33 0
-4 16 17 0
26 -32 16 0
42 50 8 0
-25 -13 -37 0
39 -32 -45 0
-34 22 -6 0
-49 48 29 0
-6 3 14 0
18 -28 -13 0
-39 9 18 0
-10 -40 -27 0
12 -16 11 0
-18 26 -16 0
8 -15 44 0
49 47 29 0
-5 -13 43 0
18 -50 42 0
-2 7 32 0
-16 -1 28 0
-12 47 -10 0
34 35 -4 0
-43 -4 42 0
21 -20 -40 0
-33 18 -18 0
15 -38 41 0
