c CNF generator v0.9
p cnf 50 209
34 17 -47 0
26 12 5 0
-30 -33 -26 0
13 -12 14 0
-17 6 18 0
-3 -28 -33 0
-47 -47 -31 0
-26 -20 25 0
-38 -2 14 0
47 5 -3 0
-2 19 -41 0
32 -8 -21 0
46 34 -3 0
-22 3 -23 0
30 42 7 0
22 29 20 0
-17 42 39 0
-20 25 40 0
-6 26 23 0
-46 31 -3 0
3 -34 2 0
11 -25 -36 0
-46 21 -28 0
-26 18 30 0
40 -13 32 0
27 11 -39 0
14 -2 31 0
41 -44 -15 0
-50 22 -18 0
-33 -18 -37 0
-16 -9 -13 0
1 -4 -41 0
-39 -35 15 0
-12 8 -47 0
-27 16 19 0
49 -4 -45 0
34 -46 -14 0
-15 -45 -39 0
38 36 28 0
-8 12 -46 0
49 -37 -29 0
-26 49 -16 0
-41 -3 45 0
20 -3 50 0
41 23 14 0
-8 10 -31 0
18 2 10 0
37 -50 33 0
44 -6 50 0
-28 18 11 0
18 24 -38 0
-44 -16 -21 0
-42 -7 12 0
-39 -2 -17 0
38 9 13 0
39 -12 -35 0
25 -45 -1 0
-40 9 -30 0
22 -6 14 0
-36 -5 -39 0
-41 41 15 0
15 -33 -47 0
-37 -23 -4 0
-22 -29 -16 0
-6 12 -41 0
48 -40 -5 0
-23 20 1 0
-28 -31 47 0
-1 34 6 0
12 -8 -9 0
-3 -27 24 0
20 9 -4 0
33 6 13 0
2 -43 20 0
-26 20 -15 0
20 -6 -26 0
4 -43 -21 0
-8 -34 -6 0
38 -40 30 0
29 -26 -6 0
-3 37 -44 0
50 12 28 0
30 -13 -32 0
-35 -37 -38 0
-2 -10 -35 0
-21 5 35 0
37 42 -29 0
-26 -36 5 0
36 35 16 0
41 -11 -21 0
34 -27 27 0
-9 22 50 0
-35 43 -40 0
-23 36 9 0
-38 27 -3 0
-40 22 41 0
-22 29 -47 0
-34 44 -30 0
26 -29 -44 0
11 7 -44 0
30 -36 40 0
35 12 -45 0
-28 -14 32 0
-10 1 -11 0
22 21 30 0
-33 14 -28 0
28 -39 21 0
14 -12 -41 0
27 9 4 0
-14 -48 31 0
36 -16 -9 0
-6 35 49 0
-43 -23 -29 0
-30 -4 10 0
10 30 28 0
-11 -34 8 0
-7 23 -35 0
-5 -32 30 0
-12 -15 -1 0
-17 -20 -2 0
36 -37 11 0
27 -36 44 0
35 2 22 0
-12 -29 -34 0
-17 -46 -37 0
22 50 -2 0
-14 31 -7 0
9 -37 -25 0
-25 -27 49 0
-23 2 10 0
-20 -8 -34 0
49 -46 41 0
-6 38 -34 0
-45 3 -26 0
-32 -31 -18 0
-46 -39 -40 0
-44 -5 -29 0
-40 28 46 0
-27 45 10 0
-28 9 31 0
-50 -38 -3 0
38 -32 26 0
30 20 -19 0
14 -23 41 0
-33 -19 33 0
-15 -24 -23 0
26 25 46 0
-20 -19 -3 0
40 44 -39 0
15 25 -33 0
21 -27 -41 0
30 43 -36 0
-4 36 21 0
-28 3 -3 0
-6 44 -6 0
21 48 -30 0
8 -41 -44 0
44 15 29 0
-12 -29 -35 0
-30 -17 20 0
47 8 25 0
-29 -37 -5 0
-44 31 45 0
-41 -1 17 0
-41 -31 -21 0
11 -26 -22 0
-33 50 3 0
-18 -17 8 0
13 -18 -20 0
-6 15 46 0
31 8 -18 0
-24 -17 37 0
43 -28 22 0
-38 -32 -31 0
-34 6 -3 0
4 -6 -5 0
-49 7 -34 0
20 -35 7 0
-11 32 30 0
-39 17 -42 0
39 -46 11 0
46 38 3 0
-48 -20 -19 0
15 -31 3 0
28 42 -48 0
-44 11 28 0
-48 -29 11 0
32 42 8 0
39 -18 -47 0
-16 -37 11 0
-20 -23 -33 0
-10 4 -12 0
-46 -45 -24 0
28 27 41 0
28 -24 -13 0
-19 24 -14 0
-49 -17 -37 0
23 -39 35 0
-7 -32 9 0
-43 35 -42 0
-32 10 -39 0
40 -5 28 0
22 -40 -2 0
-48 1 23 0
21 -26 -25 0
-1 24 -42 0
-50 -14 -39 0
-42 31 -6 0
25 25 23 0
