c CNF generator v0.9
p cnf 50 209
26 10 34 0
19 -31 29 0
-44 30 -7 0
-42 31 -27 0
-28 42 -9 0
49 -3 22 0
-35 26 9 0
7 39 35 0
-45 -37 11 0
-36 -49 41 0
26 -20 42 0
30 9 33 0
-1 -20 11 0
-21 -22 -42 0
45 -2 8 0
-26 -10 18 0
7 32 16 0
-2 -17 27 0
22 31 8 0
32 -34 46 0
42 44 44 0
20 -47 -35 0
-9 -24 -10 0
39 -11 43 0
-11 39 -13 0
-14 37 35 0
-9 41 -23 0
29 35 5 0
21 -46 17 0
33 -27 13 0
50 46 -50 0
22 -35 -50 0
-45 41 -28 0
28 48 1 0
17 -22 -6 0
-12 9 -13 0
-35 21 41 0
16 -19 -13 0
-44 -17 47 0
20 -43 -24 0
-13 -47 49 0
34 -8 -20 0
-35 -32 -8 0
-34 -38 -21 0
-35 -46 19 0
-4 -30 24 0
-40 11 48 0
50 30 29 0
14 -22 29 0
46 18 35 0
11 -39 -17 0
22 -25 44 0
29 -13 17 0
-13 -9 31 0
2 -22 -46 0
-44 19 2 0
-29 -25 -39 0
-12 -22 17 0
-38 -23 -37 0
-49 -15 -42 0
-20 37 -21 0
47 -19 45 0
-32 39 44 0
-48 41 35 0
32 -16 26 0
-14 37 18 0
-48 -48 -45 0
-48 -35 -13 0
29 -9 -21 0
-40 -36 -42 0
32 -18 43 0
1 -38 -46 0
45 -15 2 0
15 35 -5 0
-35 43 -43 0
35 -36 -25 0
48 26 42 0
-34 -27 50 0
-28 19 26 0
16 21 8 0
-47 -42 50 0
-38 -34 -15 0
-25 47 46 0
42 37 -20 0
41 -4 -26 0
18 -10 45 0
-10 -25 -48 0
8 -21 -20 0
11 21 26 0
-1 -50 39 0
-48 25 -36 0
-5 -9 28 0
3 -45 -28 0
-11 38 45 0
-46 -31 21 0
49 34 23 0
7 38 36 0
-30 9 38 0
-5 -2 -25 0
-6 -3 -46 0
48 -49 -37 0
3 -42 -20 0
-44 27 -4 0
35 -1 -8 0
-47 7 4 0
45 -33 6 0
-39 50 3 0
26 -17 -23 0
33 6 11 0
-50 -38 50 0
-9 2 -14 0
14 14 -41 0
-36 4 29 0
-21 15 46 0
-49 17 -28 0
-26 28 30 0
24 -16 43 0
-3 -44 -27 0
41 39 2 0
-37 -41 7 0
-32 -24 44 0
30 27 -26 0
27 -35 -2 0
40 30 28 0
44 -34 -36 0
-29 37 -14 0
8 50 35 0
7 20 -14 0
18 -25 29 0
-2 31 -47 0
11 -38 -34 0
-8 11 -36 0
13 11 29 0
25 -14 -6 0
-32 44 -40 0
11 12 -7 0
-24 -24 47 0
-35 13 35 0
1 -41 -10 0
-37 21 -42 0
28 -46 -5 0
-6 23 40 0
-46 -1 -23 0
-31 -40 43 0
39 -32 -48 0
21 -11 -2 0
24 13 -31 0
-4 32 30 0
-33 11 30 0
-24 50 -1 0
-48 -6 -41 0
-7 -41 -13 0
8 -24 -9 0
27 -3 -13 0
-10 22 -49 0
-6 -44 26 0
25 -26 -36 0
7 -12 16 0
-39 -40 -11 0
13 7 12 0
-30 -11 -49 0
-44 -38 -2 0
42 36 32 0
50 -33 8 0
6 -29 -47 0
-18 -36 6 0
-8 39 40 0
-33 -16 -35 0
46 -19 -29 0
-5 24 5 0
-49 19 -28 0
26 -11 4 0
-21 -49 -26 0
-37 -34 34 0
-38 36 41 0
-7 -8 5 0
10 28 44 0
-2 41 11 0
-18 5 41 0
45 -37 -25 0
-5 15 -2 0
-47 18 -42 0
17 -38 35 0
14 -3 -37 0
-46 -11 -18 0
-5 1 21 0
1 18 -34 0
-3 41 30 0
-38 34 2 0
13 -23 -19 0
34 -5 2 0
25 -46 17 0
49 -21 5 0
19 -12 38 0
-42 2 8 0
43 9 -40 0
40 41 -12 0
-13 -44 32 0
24 43 23 0
11 -43 30 0
-11 10 43 0
47 22 32 0
17 -5 33 0
-31 -46 29 0
-4 13 49 0
32 31 46 0
-24 21 24 0
-38 -12 -46 0
20 -44 39 0
