c CNF generator v0.9
p cnf 50 209
45 13 13 0
17 -2 29 0
23 -30 -37 0
46 6 -45 0
-11 -12 -14 0
-25 -2 -42 0
33 -44 -27 0
-33 -17 23 0
48 -39 -19 0
-21 -13 15 0
3 50 -34 0
-10 18 46 0
-23 -10 -30 0
42 3 -24 0
-27 -47 5 0
9 -41 -48 0
-25 6 48 0
-26 3 32 0
38 42 -33 0
-15 -45 -47 0
38 17 38 0
-42 -6 28 0
40 -2 4 0
37 21 -17 0
23 18 -26 0
38 34 20 0
-2 -44 13 0
-4 40 -22 0
-27 -6 -33 0
-34 -43 6 0
-4 8 44 0
-44 19 37 0
-44 27 48 0
30 -15 11 0
-32 -8 -16 0
-37 37 7 0
-38 -45 41 0
-48 -42 16 0
-46 26 17 0
-7 -38 -4 0
6 39 47 0
6 25 -28 0
-23 23 38 0
-23 2 -26 0
-46 26 -11 0
15 -18 -41 0
-16 -48 37 0
-6 29 29 0
-42 50 16 0
-22 41 6 0
-41 -8 -44 0
22 -28 25 0
29 45 36 0
1 -6 36 0
-10 -30 -7 0
-6 -17 -26 0
-7 -4 -21 0
6 -12 47 0
-12 41 -1 0
-11 6 48 0
-1 22 -19 0
37 -50 15 0
33 -28 15 0
17 -29 37 0
43 -25 42 0
41 16 7 0
16 -35 -40 0
45 4 43 0
-22 31 -8 0
42 -40 31 0
17 1 6 0
-40 -6 -48 0
-42 19 31 0
27 -7 19 0
49 -28 49 0
17 -3 -25 0
-40 37 -4 0
2 -19 -16 0
-17 1 -17 0
12 -45 6 0
40 -13 -9 0
-16 24 28 0
-16 31 -14 0
12 34 -10 0
21 3 -21 0
43 -26 -13 0
23 4 -37 0
-21 -28 -44 0
44 5 27 0
-1 15 14 0
15 21 -43 0
-33 -8 -49 0
-39 23 16 0
50 -22 -20 0
-22 -32 7 0
37 -49 -47 0
-14 -1 -12 0
50 33 1 0
30 27 1 0
50 -43 21 0
-4 22 -49 0
-27 1 -16 0
8 -38 18 0
15 38 -1 0
4 29 -24 0
19 41 48 0
3 -20 23 0
-26 21 -37 0
37 -27 4 0
25 -3 25 0
-18 -25 -37 0
34 43 -35 0
-1 15 -47 0
2 5 22 0
28 -18 -41 0
28 -23 -33 0
36 36 -5 0
22 -40 -28 0
20 -16 -45 0
-28 -6 -43 0
32 17 -44 0
-19 11 34 0
-1 -49 47 0
47 -40 27 0
-4 -43 18 0
-8 -11 47 0
13 -2 24 0
47 -25 21 0
-31 -46 33 0
-41 29 38 0
32 -47 -28 0
36 -22 3 0
-38 10 -46 0
49 1 7 0
11 -49 -1 0
-46 21 -31 0
8 18 -28 0
15 37 4 0
41 -39 34 0
-20 -48 -18 0
11 -25 -12 0
9 43 -34 0
-47 48 -44 0
10 38 -46 0
-43 -33 22 0
8 -26 25 0
-11 15 -39 0
-4 16 14 0
-8 13 24 0
-1 -28 -32 0
-23 -12 -39 0
-9 -17 21 0
-3 28 39 0
28 -22 -35 0
-3 -40 46 0
-37 -24 -8 0
-35 -35 50 0
-6 -4 23 0
50 21 -31 0
17 15 -9 0
1 -24 -16 0
6 -20 10 0
14 9 47 0
-36 11 19 0
-50 17 -23 0
37 -40 -49 0
5 40 17 0
-31 -46 4 0
27 47 33 0
-15 -36 23 0
35 19 -1 0
-14 -26 -50 0
-33 -35 -46 0
-20 -3 40 0
26 -6 -22 0
-33 6 3 0
-31 26 25 0
-28 41 -41 0
-49 -6 10 0
18 23 -12 0
-31 34 36 0
31 21 -1 0
42 -40 -33 0
8 39 18 0
16 44 33 0
15 -40 11 0
-37 46 38 0
-13 -26 20 0
34 -17 34 0
47 -31 -10 0
18 -40 42 0
-50 37 3 0
26 -37 -3 0
-34 -40 29 0
30 -43 -30 0
2 3 -28 0
23 26 -22 0
-33 23 30 0
8 11 -16 0
-31 -25 18 0
-38 21 5 0
-31 -34 -29 0
6 -12 22 0
-18 37 -13 0
19 35 5 0
-24 -6 15 0
42 -3 21 0
23 31 16 0
-18 13 6 0
