c CNF generator v0.9
p cnf 50 209
-32 -6 -10 0
15 -18 40 0
-28 18 1 0
49 -2 44 0
-37 -24 -8 0
46 29 12 0
-47 49 36 0
-5 50 30 0
-48 -3 -22 0
8 -1 -12 0
48 -28 -18 0
-2 9 -24 0
-49 26 -21 0
-32 6 -26 0
24 -48 -39 0
46 -50 -49 0
-46 -22 39 0
19 47 -30 0
-24 48 27 0
-2 18 43 0
-24 -18 39 0
3 -5 8 0
42 6 -35 0
50 -31 -49 0
4 -31 -42 0
30 -20 49 0
-16 43 -2 0
-50 30 31 0
-45 -38 -16 0
1 11 7 0
-28 38 31 0
26 -25 1 0
-38 -30 -33 0
15 -18 -25 0
-44 -8 -32 0
-27 -14 16 0
-32 -9 33 0
39 37 -18 0
28 -4 -2 0
21 -28 3 0
40 44 28 0
-11 -21 3 0
-10 32 -49 0
26 8 30 0
47 -33 -9 0
-47 26 -10 0
35 -15 43 0
-6 -6 -5 0
-32 -8 27 0
12 28 33 0
24 -37 4 0
-50 -9 -29 0
47 -24 49 0
-13 -13 -13 0
-10 31 30 0
40 30 -47 0
32 42 -35 0
7 13 -5 0
-15 -33 -3 0
37 -40 50 0
37 2 -8 0
38 1 -11 0
-14 -1 -49 0
-3 38 34 0
2 35 3 0
-40 41 49 0
-5 -31 5 0
-47 16 28 0
29 42 -45 0
-21 -32 -30 0
-45 1 -5 0
37 29 -45 0
-4 23 32 0
-10 -40 34 0
9 50 9 0
12 25 -12 0
5 24 25 0
29 41 39 0
10 -33 14 0
-27 -3 -16 0
32 -14 -2 0
11 -13 22 0
45 34 -43 0
19 -12 -48 0
-25 -11 -49 0
19 -28 21 0
-46 -1 -14 0
-39 4 -4 0
-16 -35 -46 0
40 27 14 0
-37 6 -43 0
-29 11 38 0
-15 1 41 0
-39 -48 -39 0
-48 -4 8 0
-44 25 23 0
-6 -22 -2 0
-43 44 -14 0
-48 41 33 0
-1 32 -37 0
12 -27 20 0
7 -33 -36 0
16 -8 25 0
-41 16 -4 0
-8 -35 8 0
-22 42 41 0
29 34 -2 0
27 37 -22 0
1 -36 2 0
-41 -26 7 0
-8 -40 8 0
-50 47 19 0
14 50 -40 0
25 48 -42 0
-40 35 29 0
-31 -28 35 0
8 15 20 0
2 -49 30 0
4 42 -10 0
31 4 -45 0
50 -27 -35 0
-22 26 -30 0
-36 40 20 0
37 41 -14 0
44 -27 3 0
23 31 31 0
45 -35 29 0
-26 49 -2 0
-49 14 -29 0
24 27 -7 0
-9 -49 12 0
34 35 -9 0
-48 -44 -11 0
-1 -44 -10 0
-49 45 37 0
-35 49 22 0
30 18 -8 0
-24 37 24 0
28 -40 20 0
7 -46 -34 0
-20 -43 6 0
-6 -9 -24 0
4 -21 3 0
25 25 42 0
48 4 -37 0
18 1 19 0
-4 -48 42 0
-30 -11 26 0
14 16 23 0
36 -42 7 0
-34 -20 -42 0
-8 26 9 0
-13 29 -16 0
48 20 11 0
-8 40 -18 0
5 25 47 0
-50 -23 -32 0
-35 14 -39 0
12 1 -24 0
22 8 47 0
43 18 19 0
15 -37 44 0
31 -22 -22 0
22 -35 -26 0
-5 31 26 0
-47 5 33 0
-41 16 -39 0
11 48 -3 0
40 -6 26 0
40 33 -32 0
-25 -21 -27 0
48 -45 -45 0
-49 -39 45 0
43 14 -46 0
18 14 34 0
-39 8 2 0
-3 11 -35 0
-12 30 -13 0
28 -41 18 0
-21 -19 -43 0
19 28 13 0
13 19 20 0
-46 -48 50 0
33 32 48 0
43 11 -9 0
12 2 -32 0
14 -38 -6 0
21 25 -30 0
29 -23 14 0
-47 -41 42 0
27 50 11 0
-18 -2 46 0
-25 48 43 0
-24 -12 -37 0
28 41 -44 0
33 -36 24 0
-27 -42 50 0
14 28 39 0
38 39 25 0
30 47 50 0
33 15 20 0
41 33 -39 0
4 -1 7 0
19 46 25 0
-23 -44 -12 0
-20 -13 8 0
-2 25 3 0
-39 -6 -12 0
23 24 -18 0
