c CNF generator v0.9
p cnf 50 209
36 41 -6 0
-45 -45 -24 0
45 15 -50 0
-21 18 -26 0
42 21 -1 0
22 -8 -18 0
46 -43 -25 0
37 28 -48 0
-10 32 -42 0
-46 18 -19 0
38 21 -47 0
9 5 41 0
-43 -5 -11 0
9 -18 -21 0
-29 27 -13 0
25 -38 35 0
4 41 -13 0
37 -45 37 0
31 7 -27 0
-36 12 35 0
14 -2 18 0
-48 35 21 0
43 -17 45 0
28 -22 -14 0
24 -32 15 0
-22 48 34 0
-49 14 -46 0
-12 -15 29 0
23 -17 38 0
12 27 -48 0
-18 38 5 0
4 20 32 0
-40 -47 23 0
-21 7 7 0
-36 -29 -10 0
-45 -6 -35 0
-50 31 -24 0
-16 -32 -19 0
-18 42 -27 0
-47 7 34 0
50 -23 -7 0
34 44 46 0
14 49 18 0
-23 -41 -10 0
32 48 -11 0
15 12 19 0
42 30 -37 0
-1 44 13 0
45 17 30 0
40 -36 -40 0
-36 5 -46 0
15 34 -31 0
14 50 6 0
-9 44 -26 0
-39 36 36 0
28 13 17 0
-33 30 18 0
-36 49 4 0
47 49 35 0
-42 47 -6 0
-1 -38 14 0
-41 38 37 0
5 44 22 0
4 34 -48 0
49 48 -48 0
-31 31 49 0
-7 -34 -15 0
-40 24 -43 0
41 -2 3 0
33 -4 -28 0
-9 49 42 0
-33 -19 -15 0
-18 -37 36 0
-4 32 -8 0
-30 -46 -16 0
-17 46 -9 0
21 -13 -31 0
22 -50 15 0
-30 -43 -25 0
-45 -17 -19 0
3 44 -19 0
-44 49 -36 0
-1 19 -48 0
36 19 4 0
21 26 41 0
46 -29 46 0
-43 -34 -4 0
-31 -3 36 0
-26 36 43 0
27 37 38 0
-17 27 -40 0
-27 21 -16 0
-37 5 -50 0
-17 24 18 0
-17 38 47 0
-33 13 -48 0
41 11 5 0
35 1 33 0
-40 2 -5 0
-36 10 -25 0
49 6 41 0
-47 -13 -11 0
1 -19 30 0
-46 13 -13 0
4 45 5 0
-20 -25 -3 0
50 7 12 0
50 -18 -12 0
22 3 19 0
-37 -48 -23 0
-24 35 17 0
-17 -45 39 0
36 16 30 0
30 46 17 0
18 -41 -47 0
-29 23 -2 0
17 42 4 0
43 -41 -45 0
-40 -23 27 0
5 -36 1 0
23 -13 22 0
-49 -14 -33 0
13 -2 45 0
-8 -44 8 0
47 6 33 0
-10 -11 -20 0
9 -12 -40 0
-31 -24 18 0
28 -4 28 0
-6 23 9 0
-45 46 2 0
9 -33 -49 0
50 -17 -2 0
8 9 26 0
-19 11 49 0
11 10 14 0
31 47 24 0
-8 27 2 0
-14 22 39 0
26 27 -2 0
29 -26 -16 0
-22 38 -21 0
-3 -2 41 0
-41 -6 45 0
48 -3 -19 0
36 3 31 0
-15 3 21 0
34 6 27 0
11 -43 -10 0
27 -34 41 0
18 49 -23 0
-12 -28 -25 0
-45 19 -9 0
38 44 -27 0
-47 -20 28 0
15 -48 -12 0
31 37 -7 0
-18 44 -23 0
21 21 -10 0
2 13 -50 0
19 11 31 0
-25 -23 39 0
-44 16 -47 0
-21 16 -23 0
-3 35 -4 0
31 4 42 0
-17 2 23 0
30 30 -35 0
-39 2 -39 0
-32 -36 -29 0
-32 15 -39 0
-47 17 25 0
-45 -14 -17 0
43 -34 27 0
-7 -4 12 0
16 -25 2 0
30 -31 28 0
25 4 32 0
25 -30 49 0
12 -21 -49 0
-5 35 -7 0
-10 -4 31 0
-44 18 28 0
21 4 -38 0
-32 32 28 0
12 35 -38 0
42 -15 -38 0
32 -21 -1 0
10 30 -48 0
-49 46 1 0
7 16 23 0
24 24 -25 0
12 5 -33 0
-12 -13 -26 0
-43 15 -42 0
-30 -34 35 0
-40 9 -1 0
32 -21 43 0
19 -28 -21 0
38 50 -41 0
12 49 -33 0
-3 -24 -18 0
-47 15 1 0
21 -30 -35 0
35 47 41 0
-47 22 -7 0
8 -39 48 0
-21 2 -50 0
34 -12 -10 0
