c CNF generator v0.9
p cnf 50 215
-25 -6 -42 0
-42 1 18 0
-10 -5 38 0
-25 -12 -8 0
16 31 34 0
-49 -6 -19 0
-35 -5 -30 0
32 -23 -1 0
-28 -18 2 0
-35 37 -17 0
48 -32 12 0
40 -32 -17 0
-23 9 -44 0
-45 -27 -25 0
-46 -29 24 0
49 49 36 0
-32 -2 10 0
42 -5 -16 0
18 -29 5 0
-27 -28 -24 0
-35 -40 -23 0
-33 40 3 0
9 -11 21 0
5 -45 -35 0
15 -42 34 0
50 -3 29 0
-12 15 -12 0
-18 11 46 0
-24 11 23 0
16 38 23 0
-21 46 -29 0
37 32 14 0
33 -24 17 0
-24 18 -6 0
-47 -2 4 0
46 9 -12 0
-21 17 2 0
17 20 -14 0
50 14 -21 0
-23 45 -28 0
38 32 -42 0
7 -10 -8 0
33 -24 41 0
-29 -4 -44 0
-44 24 9 0
8 -13 19 0
-43 48 -19 0
-33 31 32 0
-30 -32 -27 0
29 28 48 0
-19 34 49 0
24 25 -43 0
6 -1 -30 0
45 13 -4 0
42 -42 16 0
-13 23 -49 0
-12 -47 -36 0
28 39 49 0
17 44 28 0
32 11 45 0
16 -26 31 0
-3 -1 -19 0
-28 -1 -33 0
44 -33 -23 0
-45 1 23 0
46 44 49 0
-40 -13 -41 0
-48 2 -46 0
41 23 -48 0
4 45 3 0
38 37 44 0
-47 -24 -10 0
-12 33 25 0
1 45 -38 0
40 -19 1 0
35 8 20 0
-39 -27 -39 0
-2 49 11 0
-31 -34 -6 0
-43 21 38 0
35 -17 30 0
5 -42 40 0
50 -21 -5 0
-1 32 -45 0
4 49 -28 0
-50 19 2 0
1 8 40 0
-7 -27 -7 0
-40 32 15 0
34 13 -42 0
28 -49 49 0
4 -5 -16 0
28 45 -14 0
30 40 -31 0
18 -48 27 0
41 3 17 0
11 -16 28 0
-42 -40 5 0
-47 10 -46 0
-29 -19 -30 0
42 17 -29 0
4 -29 46 0
-23 -20 2 0
-28 34 11 0
13 -33 5 0
-26 10 -46 0
19 -29 50 0
-47 -18 -13 0
-46 1 43 0
42 37 -16 0
29 3 -9 0
-19 -15 -6 0
-11 17 -30 0
28 -5 -36 0
22 -30 9 0
-30 -15 -4 0
7 2 -1 0
-47 36 -29 0
21 45 -44 0
2 36 -1 0
-30 26 -19 0
-23 40 -42 0
-43 50 33 0
50 21 43 0
40 25 -16 0
-26 -20 4 0
37 29 37 0
18 -37 -43 0
-11 -25 -17 0
-44 -5 36 0
-31 36 17 0
-17 -8 -42 0
-46 47 -39 0
-35 31 9 0
8 12 39 0
49 -30 -43 0
-30 5 -41 0
-48 -24 30 0
35 8 6 0
11 -50 -5 0
38 35 8 0
-40 46 29 0
2 13 -14 0
17 -43 -29 0
14 -28 9 0
41 20 12 0
19 -41 9 0
2 41 -45 0
-40 -34 29 0
-39 21 14 0
16 -26 -29 0
-49 -48 -12 0
31 -1 -33 0
44 -2 -8 0
43 -16 20 0
9 1 -20 0
36 -28 1 0
48 15 -24 0
17 4 17 0
-31 -23 -29 0
-6 -24 -20 0
43 13 -16 0
16 -25 -8 0
-5 21 -7 0
18 -37 6 0
-39 43 33 0
-18 7 -39 0
-50 46 2 0
-18 -43 -3 0
-15 -9 -21 0
10 -20 -13 0
-8 34 -28 0
-37 -35 1 0
-7 12 49 0
37 -6 27 0
-49 -27 -10 0
47 -34 36 0
-30 -17 4 0
-24 24 -31 0
-24 48 -6 0
37 -34 40 0
25 44 -45 0
-46 33 -50 0
-26 -21 -43 0
-21 -29 45 0
15 -11 34 0
-26 -33 19 0
42 6 -3 0
30 -48 18 0
-32 -3 -46 0
12 36 -27 0
43 31 5 0
44 -8 -31 0
-21 -50 -22 0
40 -22 -43 0
-47 43 29 0
-6 16 37 0
44 13 -20 0
46 47 -25 0
23 48 -49 0
-23 -29 -17 0
41 -17 17 0
48 4 -7 0
-31 17 42 0
-6 47 6 0
-18 -47 -9 0
11 9 -22 0
-46 27 -8 0
-25 38 9 0
-23 -42 -43 0
10 29 49 0
-16 7 9 0
-36 22 -39 0
-21 11 -22 0
48 28 -17 0
