c CNF generator v0.9
p cnf 50 215
-37 30 -22 0
-12 31 15 0
-5 44 29 0
2 -22 12 0
-10 -39 10 0
32 43 40 0
38 38 27 0
38 -8 39 0
-48 1 7 0
46 -22 2 0
23 43 -23 0
-45 50 -15 0
48 -28 -11 0
17 40 25 0
-13 -41 19 0
11 -4 15 0
10 -23 8 0
-47 14 -38 0
7 42 20 0
-43 -33 29 0
17 49 -45 0
-11 28 -41 0
13 -47 37 0
18 50 -37 0
24 38 27 0
6 34 -42 0
37 43 31 0
14 50 20 0
31 -18 -48 0
-5 44 -32 0
-41 -45 -16 0
42 8 -11 0
-15 -20 -14 0
-4 30 -45 0
-8 -28 -36 0
27 16 -40 0
-39 33 19 0
30 -7 -35 0
7 -27 2 0
-36 -11 38 0
34 -12 -1 0
22 21 -15 0
36 39 40 0
-26 20 28 0
-37 7 -32 0
46 -44 -50 0
41 -7 -17 0
-36 28 28 0
-36 34 -46 0
-46 -35 -48 0
28 8 -32 0
-33 33 -47 0
11 9 -37 0
15 35 48 0
8 -47 -2 0
16 -39 42 0
42 15 41 0
-39 -22 -10 0
-28 37 40 0
14 46 -9 0
-5 -4 41 0
19 -18 7 0
35 -37 -24 0
16 -49 44 0
38 -14 5 0
-13 -32 -17 0
25 38 -4 0
-2 4 38 0
48 30 -23 0
39 7 5 0
19 -7 18 0
-17 -18 -39 0
-33 -18 -15 0
-13 -36 -46 0
-21 4 -40 0
-12 11 23 0
-23 42 -41 0
-18 -15 -20 0
-15 -36 -37 0
41 -44 -37 0
-48 -35 4 0
10 -20 31 0
44 40 -3 0
49 -34 15 0
-14 -16 37 0
-43 -49 -16 0
-13 35 31 0
-7 38 -23 0
9 -41 -7 0
28 -11 -11 0
-29 49 16 0
13 -17 36 0
44 -7 3 0
4 -48 -12 0
-21 38 13 0
16 35 41 0
17 -30 -24 0
-5 13 -37 0
1 13 24 0
1 19 -50 0
7 -20 -46 0
-41 28 21 0
38 8 -33 0
27 -47 -2 0
-20 -11 35 0
-18 -21 38 0
-37 -20 -18 0
39 -38 42 0
-15 29 -33 0
-40 9 48 0
-33 44 37 0
14 40 -36 0
17 41 12 0
-42 -20 2 0
3 10 -1 0
-49 12 45 0
-15 15 -6 0
-44 4 25 0
-36 6 3 0
-29 18 -42 0
8 19 2 0
9 47 -31 0
27 16 29 0
3 23 -28 0
-20 -47 -19 0
12 8 -2 0
45 40 -30 0
18 -44 4 0
-10 47 15 0
-43 -23 -43 0
-11 39 43 0
14 19 -35 0
1 -28 19 0
23 47 39 0
25 48 -42 0
-15 -47 49 0
5 6 -6 0
-23 -6 37 0
-31 -30 30 0
-33 14 13 0
50 -45 43 0
46 -20 43 0
-13 -40 20 0
-35 -3 -19 0
-9 -24 -27 0
-28 50 -47 0
-11 -1 -8 0
-11 10 -20 0
-18 28 44 0
14 -5 31 0
28 -43 -20 0
-24 26 -37 0
43 -41 41 0
-20 32 -12 0
-22 22 20 0
-32 -7 -35 0
3 37 -14 0
48 -2 50 0
-1 -14 -3 0
39 11 -45 0
17 -23 -11 0
33 21 -7 0
41 -4 38 0
22 24 13 0
43 8 -46 0
39 -34 17 0
-25 -47 -38 0
2 -28 -28 0
25 -43 -49 0
16 18 -27 0
28 -49 -5 0
15 4 31 0
-36 32 -15 0
-38 -44 -22 0
42 26 8 0
11 27 22 0
-39 38 11 0
-31 39 -17 0
-43 -44 -15 0
12 -2 2 0
29 5 21 0
-8 -36 -10 0
-15 -22 -6 0
-1 31 -44 0
-13 39 -11 0
-25 29 -33 0
21 35 -25 0
11 43 35 0
-41 -18 8 0
-18 18 -13 0
22 2 10 0
-35 36 22 0
-37 -30 -29 0
20 -19 27 0
34 -30 23 0
41 2 30 0
6 22 1 0
-25 36 -24 0
23 44 29 0
10 -17 36 0
-6 2 -2 0
-8 -1 7 0
-40 -50 4 0
-13 10 -33 0
-23 -50 -10 0
-22 -13 37 0
-31 38 -49 0
30 40 -22 0
19 -49 24 0
-45 -14 -46 0
-36 36 12 0
-20 -20 -49 0
-30 -48 -21 0
-4 49 -15 0
30 35 46 0
