c CNF generator v0.9
p cnf 50 215
26 -22 -32 0
-9 1 18 0
-42 -10 2 0
-42 34 38 0
-32 -36 9 0
3 -5 -43 0
-18 24 15 0
-48 20 45 0
26 25 6 0
-40 29 3 0
2 1 14 0
21 -7 35 0
25 -43 -24 0
-27 -16 -11 0
-15 13 -46 0
-5 -25 -10 0
-47 40 1 0
42 -9 24 0
23 19 -43 0
-29 -11 17 0
-47 43 6 0
-15 28 39 0
18 -28 -19 0
-30 -2 13 0
40 -48 45 0
5 -37 -30 0
-17 -44 26 0
-23 -19 -3 0
-3 33 -38 0
46 -7 -42 0
-44 12 -33 0
-11 36 6 0
-11 -37 29 0
-4 41 38 0
48 -43 11 0
-1 17 -20 0
-11 -47 -50 0
-40 -8 -7 0
50 -9 43 0
-49 22 28 0
1 24 -41 0
42 -39 1 0
-7 -48 -16 0
-28 -16 12 0
-12 1 -13 0
-10 -11 36 0
-39 -36 7 0
42 17 -30 0
-9 33 -39 0
24 29 6 0
13 44 -29 0
-41 -16 43 0
-9 25 -2 0
22 -38 -39 0
-12 21 25 0
-13 12 -36 0
14 15 5 0
-17 5 -9 0
-22 3 -49 0
8 -46 28 0
-50 7 11 0
-10 -17 19 0
-21 -5 20 0
6 -31 -48 0
-29 9 -47 0
-46 42 -39 0
30 -6 -50 0
-34 16 23 0
25 -47 44 0
-42 -7 44 0
-45 -1 -47 0
12 -36 -32 0
-21 27 41 0
-13 -6 46 0
21 -16 -17 0
-36 -19 15 0
22 -7 36 0
-3 13 -30 0
22 1 7 0
-30 48 -14 0
-47 -26 -7 0
-36 -50 39 0
-10 -30 13 0
-48 35 -17 0
-34 -49 -4 0
-44 -28 -43 0
9 20 -44 0
21 -6 17 0
8 -45 31 0
7 -45 -36 0
15 22 7 0
-12 -3 -49 0
-3 12 -24 0
-22 -18 -45 0
-43 1 44 0
7 -47 33 0
30 49 33 0
-1 -6 -15 0
11 -3 -41 0
11 -17 -35 0
32 -43 34 0
34 -42 39 0
41 -32 20 0
-45 -42 19 0
8 47 17 0
19 10 50 0
-2 -47 -48 0
12 -18 30 0
-30 31 -21 0
20 -26 31 0
-46 13 18 0
35 -11 11 0
44 41 22 0
-26 48 12 0
-8 38 32 0
-50 44 48 0
44 3 15 0
48 18 -27 0
-49 -22 -35 0
16 21 -6 0
-4 41 -27 0
4 37 -17 0
29 -40 -7 0
-35 5 43 0
46 -4 -15 0
-16 -24 25 0
-50 -40 34 0
18 -2 -47 0
28 47 5 0
33 -11 -22 0
-31 -5 -35 0
-29 -2 22 0
40 45 -27 0
6 -19 14 0
-42 -33 14 0
34 31 9 0
11 -38 1 0
-5 -29 -9 0
-29 19 2 0
-41 24 -9 0
22 13 -49 0
50 -33 -5 0
25 -15 -41 0
26 -1 5 0
-6 1 -18 0
-15 -4 -5 0
-10 -24 4 0
-42 35 37 0
-49 45 -17 0
-22 -12 3 0
36 46 -5 0
6 49 -29 0
-34 46 25 0
6 28 8 0
-46 22 -3 0
-24 -16 20 0
19 1 28 0
39 14 -19 0
43 -30 -44 0
18 -46 -40 0
43 -36 43 0
24 -44 -45 0
-49 -36 6 0
-2 7 -49 0
37 -19 -39 0
-24 14 -39 0
-21 -16 -7 0
23 -26 -16 0
-29 -43 -3 0
-13 30 -18 0
34 -31 22 0
37 -23 44 0
5 18 38 0
12 -43 15 0
-2 -40 -32 0
-29 47 -25 0
11 -40 -13 0
44 -30 9 0
-18 44 -7 0
48 11 -46 0
-22 -13 -21 0
38 9 -35 0
35 -24 14 0
15 4 31 0
8 39 27 0
9 8 -10 0
-35 44 23 0
-49 2 41 0
30 -44 -12 0
-29 26 24 0
35 -50 42 0
-5 -10 22 0
11 -29 49 0
21 -39 7 0
-49 -46 -30 0
38 -23 -50 0
47 -21 -21 0
46 -10 46 0
-46 3 -33 0
-2 -43 -11 0
44 48 -5 0
43 -40 -37 0
41 -31 41 0
-43 35 49 0
-35 -28 46 0
20 -42 -41 0
36 -30 39 0
46 -29 -30 0
-20 2 47 0
13 -26 41 0
12 22 -33 0
12 10 -22 0
-8 -25 -50 0
27 -45 -24 0
10 28 40 0
