c CNF generator v0.9
p cnf 50 215
41 15 -37 0
49 -28 24 0
-20 16 22 0
27 -10 -33 0
48 30 -36 0
-36 8 -43 0
33 46 -40 0
-47 -19 -12 0
41 23 41 0
-1 -19 17 0
-24 -39 20 0
-10 -49 -5 0
-33 -19 -38 0
39 -17 -46 0
36 -44 27 0
-48 35 -11 0
42 -19 31 0
-42 -49 -46 0
-5 11 -25 0
-47 13 26 0
23 29 5 0
-47 -3 49 0
-46 38 -16 0
48 24 -29 0
6 -8 -17 0
-49 14 32 0
-44 48 40 0
-34 -4 -50 0
-43 20 19 0
42 49 -7 0
-49 -29 21 0
-11 -1 -4 0
-35 26 -50 0
8 -20 -34 0
-38 -11 -4 0
4 -49 -2 0
-27 28 41 0
-6 -4 -18 0
-28 29 25 0
6 -9 -34 0
-35 -44 24 0
-23 -15 50 0
-2 39 -26 0
-20 -7 -19 0
39 -20 -46 0
47 33 24 0
46 -2 -37 0
-14 41 33 0
45 -21 -31 0
-45 -19 8 0
5 48 33 0
48 11 46 0
-22 -15 17 0
40 4 18 0
50 42 12 0
28 -41 -23 0
-40 -40 38 0
18 10 -4 0
34 -47 -27 0
-41 5 -47 0
21 12 28 0
2 -1 -19 0
-49 4 -3 0
-16 -31 37 0
-27 -6 44 0
5 11 -8 0
-7 -38 40 0
-35 33 25 0
6 -9 -2 0
-40 36 -13 0
6 17 31 0
-38 -21 35 0
-43 24 -44 0
-16 41 24 0
-41 -3 -45 0
-45 -25 -46 0
-17 8 12 0
-2 5 -7 0
-38 -21 -36 0
13 -14 -24 0
13 -12 -5 0
-25 48 24 0
50 48 19 0
-41 19 22 0
-44 44 -44 0
-19 -41 48 0
14 24 18 0
-15 -49 7 0
36 26 -5 0
-42 -4 6 0
-13 6 30 0
-13 -1 -5 0
-24 -19 44 0
-46 14 34 0
-41 18 37 0
13 -16 -3 0
23 37 -34 0
3 30 2 0
8 -9 34 0
-2 25 -34 0
-28 40 -5 0
16 7 20 0
2 34 21 0
27 29 -2 0
-14 27 38 0
-30 -46 13 0
-6 -36 37 0
-31 49 -33 0
-5 -27 -39 0
-9 35 -33 0
-40 7 48 0
-36 -4 -8 0
-20 -4 -15 0
25 5 34 0
-43 26 5 0
48 -15 22 0
20 24 39 0
-25 31 -41 0
9 10 -23 0
-18 -44 13 0
9 43 -26 0
-30 -44 10 0
6 3 25 0
-6 -47 43 0
-26 -25 -34 0
3 -24 34 0
-33 -1 35 0
-18 41 8 0
-46 -26 -12 0
-32 -45 -40 0
22 -3 25 0
-47 17 3 0
-7 12 -4 0
25 -9 -44 0
28 -19 23 0
-30 -19 36 0
-25 43 6 0
45 36 49 0
-29 34 -6 0
-12 20 35 0
9 13 -31 0
-4 23 20 0
17 -42 20 0
23 43 24 0
28 47 28 0
-39 48 27 0
45 -11 16 0
43 -6 -38 0
-34 3 -44 0
2 -37 -27 0
-50 -28 21 0
-3 17 -33 0
-1 -37 -11 0
-9 26 19 0
-1 16 34 0
42 6 34 0
-36 -2 -21 0
11 -49 43 0
32 -17 -50 0
27 -13 5 0
22 -47 -18 0
-43 -21 -2 0
38 50 -18 0
22 -33 34 0
-25 44 -22 0
-1 46 -3 0
-10 43 -3 0
37 10 19 0
27 -3 38 0
-38 -46 -49 0
-22 45 47 0
44 -44 -2 0
48 -11 26 0
-27 44 2 0
-7 -18 12 0
50 -33 -19 0
40 -14 46 0
30 -46 39 0
-34 -38 -14 0
-1 -36 -47 0
6 29 -47 0
-14 46 24 0
-36 46 -40 0
30 -38 -18 0
-1 -37 3 0
-20 3 43 0
-34 47 -6 0
50 -1 16 0
12 48 -46 0
-25 28 12 0
-41 -11 22 0
12 -2 -26 0
3 -40 10 0
-21 -9 -35 0
32 -16 33 0
4 -41 -46 0
50 -49 -47 0
26 -8 9 0
35 36 -24 0
-2 46 2 0
24 -49 45 0
29 16 46 0
39 23 -32 0
50 49 -29 0
24 24 9 0
38 26 39 0
-20 9 42 0
-35 40 -29 0
-14 23 38 0
-32 24 20 0
-39 -42 5 0
16 -2 -33 0
42 15 30 0
29 -3 18 0
-1 -48 15 0
