c CNF generator v0.9
p cnf 50 215
16 37 -18 0
-23 -3 -42 0
-35 34 -37 0
50 25 6 0
-27 13 38 0
-30 50 -13 0
25 -18 10 0
-37 35 -34 0
-9 -34 -10 0
50 -27 38 0
-4 27 40 0
-20 -32 -40 0
-46 -34 30 0
41 -8 -12 0
14 9 3 0
-2 -7 -25 0
-14 -8 26 0
30 -11 45 0
23 15 4 0
-10 -5 33 0
-25 4 43 0
-50 -38 -6 0
47 -48 -38 0
-5 24 28 0
-47 16 -2 0
-41 -6 -10 0
-31 48 24 0
41 -30 3 0
-11 47 26 0
-14 -4 45 0
38 -9 -8 0
-13 26 2 0
40 14 17 0
6 -35 29 0
-8 4 22 0
-26 8 23 0
-50 -8 -11 0
-30 47 9 0
-37 1 49 0
-32 15 -31 0
27 46 -47 0
8 40 -27 0
30 -28 43 0
20 -50 26 0
-21 37 -2 0
35 -40 -3 0
-36 15 -8 0
3 -42 -2 0
19 42 -1 0
33 -16 20 0
-12 -24 -13 0
-15 42 2 0
44 34 -40 0
14 47 48 0
14 -7 -31 0
5 -24 -47 0
-20 47 24 0
-17 43 32 0
13 46 -6 0
-34 30 -37 0
-46 49 -22 0
21 36 -41 0
43 -46 24 0
-11 -47 -25 0
-32 22 -19 0
-29 11 -11 0
-34 -10 -31 0
4 28 -14 0
27 -17 -16 0
29 -5 10 0
20 -39 -22 0
39 15 -10 0
-8 13 40 0
-26 2 -12 0
-31 12 5 0
22 32 -16 0
-15 45 -21 0
-7 43 26 0
-47 -32 27 0
25 26 33 0
31 40 42 0
-10 -30 -8 0
-40 12 -32 0
44 6 -40 0
6 17 27 0
-26 48 -13 0
43 1 37 0
-43 21 38 0
33 -1 37 0
-13 6 10 0
-46 11 10 0
22 -48 -2 0
-3 -15 -40 0
49 -16 -47 0
28 10 -24 0
-48 -31 -8 0
11 -35 -6 0
6 -41 14 0
38 -35 -9 0
1 6 -5 0
36 -47 -41 0
41 -18 -24 0
34 -27 43 0
38 -26 -45 0
4 -48 5 0
44 -31 -33 0
2 20 -10 0
2 25 45 0
-8 -6 -27 0
19 49 -23 0
7 -5 27 0
-38 -16 7 0
-47 46 17 0
7 -50 3 0
-22 21 19 0
-26 -1 21 0
13 -7 -34 0
19 17 -17 0
-27 21 40 0
-10 42 -46 0
50 -17 -2 0
17 1 -35 0
-37 -37 44 0
-31 19 -48 0
-6 39 -16 0
17 -19 6 0
9 -19 18 0
-42 36 2 0
21 36 -14 0
-7 49 40 0
-1 -50 34 0
-11 -37 41 0
14 10 19 0
49 -38 7 0
38 13 35 0
-24 -32 -11 0
10 -24 -37 0
40 -49 28 0
27 -7 41 0
-25 22 25 0
18 27 -2 0
1 -23 -44 0
-32 -32 47 0
-11 25 12 0
43 -22 36 0
-50 -18 14 0
4 -21 -30 0
43 -49 -7 0
-50 -32 -46 0
44 20 47 0
-32 -35 -19 0
20 -11 -25 0
32 32 -19 0
24 44 -9 0
35 -28 31 0
-4 -43 9 0
9 -19 18 0
-43 -41 -46 0
18 10 -25 0
40 17 11 0
-4 23 -22 0
-45 -8 38 0
13 46 5 0
-25 21 25 0
43 12 12 0
-7 45 -36 0
28 43 48 0
13 -21 -34 0
28 -22 2 0
-33 36 -8 0
-32 50 28 0
25 -46 -36 0
-5 17 -16 0
19 -39 -43 0
8 -45 -34 0
-6 5 -31 0
49 -24 9 0
-41 -45 20 0
25 18 -25 0
-40 -13 -23 0
11 -22 1 0
46 -48 -40 0
50 45 23 0
-33 28 2 0
1 9 46 0
-34 12 -37 0
35 -7 27 0
6 17 -17 0
-9 -13 -4 0
-3 -40 -4 0
-16 -37 9 0
16 2 -41 0
10 -41 -46 0
50 20 -16 0
-42 23 8 0
-9 44 -22 0
5 24 15 0
39 -41 -47 0
-22 9 -4 0
-15 21 6 0
-43 11 41 0
-3 4 -23 0
-6 29 19 0
-32 -38 35 0
-6 -2 -30 0
9 39 -5 0
-12 42 -21 0
-19 -29 27 0
20 21 -29 0
-41 30 -23 0
36 -43 -31 0
22 38 22 0
-26 -49 -1 0
38 -17 41 0
-27 -11 -11 0
