c CNF generator v0.9
p cnf 50 215
-6 27 -28 0
12 39 18 0
9 -35 -25 0
-10 44 21 0
-37 6 18 0
40 -41 -40 0
37 -50 29 0
5 36 -39 0
-10 -48 -20 0
-34 -16 -27 0
-38 -9 -25 0
50 -8 8 0
-50 21 -49 0
39 50 18 0
12 -18 -42 0
17 -40 18 0
29 18 -37 0
24 -22 -36 0
-15 32 47 0
7 -46 -36 0
19 -17 34 0
-29 11 -30 0
-33 6 12 0
-9 7 -13 0
-18 26 8 0
37 -28 -20 0
30 17 -44 0
47 17 2 0
-50 16 3 0
-22 -3 -40 0
38 27 22 0
7 -11 -27 0
37 -16 27 0
44 -39 30 0
-33 -42 -15 0
-44 50 -26 0
-5 -11 32 0
43 30 -10 0
-41 -24 30 0
-1 -49 -12 0
-26 -17 -10 0
-24 -20 35 0
-15 -30 34 0
-46 -36 32 0
3 -50 10 0
-44 9 -50 0
-40 14 -19 0
-12 -6 -44 0
-3 19 -34 0
-44 -21 -10 0
17 -47 41 0
-45 -44 -29 0
3 -2 -30 0
-23 -11 8 0
-19 7 12 0
-20 -30 11 0
32 -9 50 0
1 -25 32 0
-35 -33 -22 0
-24 40 31 0
-10 -45 21 0
-2 -17 17 0
-10 27 35 0
-28 7 -39 0
-4 48 -48 0
-39 44 -10 0
19 -14 -4 0
-30 -39 -3 0
24 -6 -7 0
-17 33 37 0
-17 50 -49 0
-38 -50 13 0
-13 -42 -9 0
-24 -8 -17 0
-46 -46 -50 0
-4 31 32 0
-36 47 -36 0
-21 41 -16 0
-14 50 -17 0
-29 -14 -10 0
-20 -18 21 0
44 9 -42 0
23 30 -37 0
-36 -7 -26 0
34 26 5 0
-47 6 44 0
27 -45 -8 0
-25 -13 36 0
-10 -37 7 0
-26 18 -43 0
6 -25 -22 0
26 35 33 0
-46 45 -2 0
-27 16 24 0
20 6 -31 0
17 -13 44 0
20 25 4 0
-10 -20 -22 0
-40 33 -9 0
14 -30 -30 0
-22 -17 17 0
3 -3 -15 0
-15 24 27 0
-47 3 32 0
12 -40 14 0
44 40 -6 0
-36 -28 -11 0
-3 22 -41 0
-23 -26 27 0
-18 -48 -7 0
22 -34 5 0
-19 -40 46 0
-48 -25 1 0
-39 -26 38 0
-46 -7 -34 0
-24 -20 32 0
-26 -17 30 0
3 22 -18 0
-15 26 41 0
37 -10 44 0
50 -27 -19 0
-42 13 38 0
25 -17 -18 0
7 -36 46 0
-26 -12 -44 0
11 -24 -39 0
-50 -35 -34 0
-31 -35 3 0
-16 29 -11 0
1 -42 14 0
-46 47 17 0
6 35 3 0
31 4 -40 0
1 4 21 0
1 8 32 0
-16 18 39 0
-44 -39 -48 0
-21 8 -48 0
33 50 -4 0
28 -21 -21 0
2 49 33 0
-37 45 23 0
-12 47 5 0
-3 -36 15 0
9 -49 -18 0
-47 5 -28 0
12 26 36 0
-22 -23 47 0
-25 18 39 0
-36 -36 45 0
43 -18 47 0
42 43 -3 0
-14 11 -12 0
-32 -41 -17 0
31 9 -42 0
-19 45 -15 0
47 -44 44 0
-10 32 -10 0
-23 12 -33 0
35 -27 -14 0
31 32 -33 0
38 -48 49 0
7 -37 -42 0
-47 -2 2 0
-35 -12 5 0
-47 13 -31 0
-8 33 6 0
-31 37 -6 0
49 -37 -10 0
-21 15 -23 0
33 -42 42 0
-7 24 22 0
-23 34 -23 0
-7 40 37 0
18 7 7 0
7 -6 -31 0
-6 19 -34 0
30 -48 33 0
-43 -38 -11 0
50 -42 -8 0
1 -25 26 0
14 -33 5 0
24 23 28 0
42 -23 -7 0
-34 41 -24 0
-28 -12 -32 0
-29 13 42 0
-50 50 24 0
-29 -47 8 0
47 24 -15 0
-19 35 7 0
7 -26 28 0
1 45 -9 0
17 -18 -20 0
1 15 -16 0
-15 7 -37 0
-32 -27 -30 0
-33 35 -1 0
-30 21 39 0
12 10 45 0
-26 12 7 0
30 -23 19 0
-47 -27 35 0
6 -1 32 0
15 -21 -9 0
6 21 -25 0
49 44 -32 0
-20 43 14 0
-31 -41 30 0
-15 -1 -5 0
12 -5 40 0
44 5 -15 0
27 -24 -47 0
-3 9 26 0
-36 -42 3 0
