c CNF generator v0.9
p cnf 50 215
-1 -33 -22 0
-18 -28 28 0
41 46 -27 0
26 47 14 0
-41 3 -35 0
13 -5 28 0
42 -14 -14 0
-1 -15 2 0
7 41 -7 0
6 -50 -26 0
-13 -28 -25 0
24 38 42 0
22 7 48 0
23 -5 -34 0
29 36 37 0
16 21 39 0
-10 39 2 0
-29 15 28 0
10 -46 6 0
14 -38 37 0
13 -38 20 0
47 7 31 0
42 -49 -3 0
-40 43 -27 0
35 -18 6 0
-8 -50 -16 0
-42 37 -33 0
-4 37 16 0
47 -34 37 0
-6 -50 9 0
-20 27 -19 0
2 -5 43 0
28 -39 -5 0
39 -48 19 0
8 42 -12 0
-44 37 -28 0
34 -36 -33 0
33 6 -19 0
-25 49 -31 0
6 38 -42 0
-11 40 -3 0
34 34 33 0
28 -50 -18 0
-8 33 6 0
15 13 -29 0
38 48 -47 0
8 44 2 0
-26 -15 -33 0
39 18 25 0
25 45 -33 0
37 37 1 0
-23 22 31 0
-8 23 22 0
-34 42 -15 0
-33 15 40 0
8 28 -46 0
43 27 -43 0
-17 21 -30 0
-44 39 -12 0
32 -15 -8 0
1 34 -31 0
-33 30 16 0
-35 30 -23 0
29 -45 45 0
-49 -12 -39 0
45 -9 -38 0
-2 -8 1 0
26 38 39 0
36 29 27 0
19 37 7 0
-14 34 -6 0
-45 -20 36 0
-10 3 1 0
45 33 21 0
-11 -14 39 0
-9 -4 47 0
-29 41 29 0
34 32 -40 0
-49 -28 -37 0
47 -11 -50 0
-26 37 -38 0
14 38 -44 0
34 -32 40 0
-21 26 -8 0
29 -41 30 0
-23 45 6 0
-44 15 22 0
19 -33 29 0
-3 -22 5 0
-10 22 -16 0
15 -4 -22 0
4 -40 16 0
13 4 47 0
10 -16 14 0
-35 -45 15 0
-29 -2 40 0
6 -43 13 0
12 -28 -16 0
-7 -15 48 0
-30 12 47 0
-33 4 46 0
-31 -40 -33 0
-13 -2 -21 0
35 11 -4 0
-12 30 31 0
21 41 -9 0
34 -8 29 0
-15 -17 -23 0
13 7 13 0
34 -12 38 0
-48 42 42 0
-11 -22 -2 0
-31 -18 -24 0
25 18 -25 0
-9 40 -10 0
7 43 -34 0
5 -32 -16 0
-44 -1 42 0
22 -2 9 0
-45 -25 -8 0
27 -25 40 0
35 -15 -20 0
-36 27 49 0
43 -14 -50 0
41 -4 1 0
15 47 46 0
19 -44 16 0
-40 4 22 0
-12 -10 -29 0
48 41 35 0
5 -5 20 0
-5 -34 -48 0
21 13 -17 0
-30 33 34 0
-9 19 -16 0
50 -14 50 0
-23 -11 -37 0
-43 14 39 0
-18 36 45 0
-19 -12 38 0
-33 47 21 0
24 42 -32 0
-50 42 16 0
6 -27 30 0
45 5 -24 0
-47 -11 40 0
12 7 34 0
-40 31 -50 0
-7 -35 19 0
-2 29 50 0
-31 10 31 0
-16 48 39 0
-24 18 -16 0
39 42 30 0
-33 42 -42 0
-39 22 -19 0
14 -27 48 0
-18 -47 13 0
-25 -7 -30 0
33 -15 15 0
44 27 -34 0
36 -22 37 0
10 12 -40 0
9 -12 -17 0
22 1 36 0
-42 -30 -10 0
31 3 -10 0
10 -25 -13 0
48 42 -29 0
-10 41 -43 0
-10 -10 9 0
18 34 27 0
-20 26 -3 0
-10 48 -30 0
23 34 34 0
-19 19 33 0
-6 26 26 0
-28 21 -1 0
20 -43 9 0
10 -8 -21 0
-10 7 2 0
45 -11 -28 0
7 -23 31 0
-6 -26 -37 0
12 27 7 0
-22 -44 -16 0
49 42 -49 0
42 30 17 0
37 -1 -4 0
-15 -4 33 0
44 20 41 0
35 49 48 0
-9 -13 -35 0
-32 9 42 0
-12 33 28 0
42 24 26 0
-42 31 -50 0
-5 -28 -18 0
-16 43 13 0
-8 13 5 0
3 36 -33 0
4 -40 -3 0
30 -12 -47 0
-3 -25 -43 0
-38 30 37 0
34 -18 36 0
29 -8 -3 0
-22 27 -43 0
-19 16 27 0
-36 -12 -8 0
37 -9 7 0
27 -30 -7 0
8 -8 5 0
-23 -30 40 0
34 38 -15 0
