c CNF generator v0.9
p cnf 50 215
-9 -50 -6 0
48 -6 -7 0
7 -28 33 0
-5 22 10 0
-37 19 -50 0
-1 30 -31 0
11 -1 23 0
-16 -20 -31 0
-43 21 -2 0
-4 20 -42 0
-7 -13 -5 0
-45 47 24 0
-10 4 -44 0
45 17 -34 0
-3 27 50 0
28 5 -50 0
43 -48 17 0
-43 -15 -18 0
-13 43 -9 0
33 -33 -46 0
37 -43 14 0
-34 -13 45 0
40 32 32 0
-25 23 46 0
18 -11 5 0
-16 36 14 0
41 18 27 0
-35 -4 40 0
32 13 -10 0
48 43 -48 0
-41 6 40 0
1 -18 26 0
-28 -34 25 0
12 -45 42 0
-8 -35 -47 0
-44 -43 24 0
8 25 34 0
-11 32 27 0
43 41 16 0
-17 41 35 0
-27 -40 25 0
-36 41 -6 0
-3 3 8 0
-12 40 -47 0
41 17 -1 0
-4 -16 38 0
-15 -39 -43 0
34 39 21 0
10 7 32 0
-10 23 -2 0
-13 36 -15 0
10 -7 24 0
34 -48 32 0
16 9 -9 0
-49 -13 -34 0
48 -17 -14 0
-10 -5 -5 0
37 45 -28 0
-37 -16 28 0
20 -30 37 0
-15 48 -6 0
44 -40 -50 0
-48 -45 -18 0
9 -8 -4 0
-18 -11 44 0
34 -11 -16 0
-16 -9 37 0
-47 -18 39 0
31 -26 32 0
18 32 18 0
3 -42 25 0
-8 44 22 0
48 -50 16 0
40 -37 -35 0
39 10 -11 0
7 34 14 0
6 7 42 0
-5 -21 6 0
-44 47 28 0
46 36 -25 0
-50 43 -36 0
15 -29 20 0
3 34 -31 0
-27 43 -41 0
41 -9 9 0
28 24 25 0
-23 15 25 0
39 -34 4 0
46 -8 17 0
27 26 35 0
46 -46 -16 0
-3 -14 3 0
-31 -6 -29 0
44 -27 -49 0
3 20 -32 0
37 27 39 0
25 -23 -39 0
-2 36 -7 0
-40 12 10 0
46 -16 2 0
7 -9 42 0
7 -2 24 0
44 -8 -22 0
9 -49 9 0
-38 -6 48 0
-41 -14 -5 0
25 -20 7 0
-42 25 -11 0
-34 -33 6 0
40 -50 42 0
-40 31 -26 0
-24 2 20 0
27 -2 -12 0
12 -30 9 0
19 11 1 0
4 17 -29 0
20 40 -25 0
17 44 10 0
-41 -14 -3 0
-35 10 28 0
-16 -14 35 0
-22 -3 -35 0
-16 48 -1 0
40 -44 1 0
1 -48 22 0
26 30 1 0
-40 9 10 0
32 24 25 0
-6 -43 -31 0
-6 47 -10 0
28 -40 -20 0
-11 -46 21 0
-40 28 24 0
5 -8 -6 0
28 8 -29 0
7 24 22 0
-15 30 27 0
-39 -49 -29 0
18 -41 41 0
-9 11 7 0
30 15 45 0
1 -48 -41 0
-22 18 31 0
25 15 -7 0
43 8 50 0
-9 20 -16 0
-15 -14 39 0
-21 -44 -33 0
27 35 25 0
12 -9 -2 0
-49 13 44 0
-36 -37 15 0
19 -50 31 0
6 5 31 0
31 30 1 0
-29 42 -4 0
-35 2 -25 0
28 -42 40 0
-26 -6 -49 0
26 33 15 0
47 43 -33 0
-26 -10 -44 0
28 40 -25 0
22 2 8 0
-20 -9 -48 0
-43 46 -21 0
-49 31 -30 0
26 44 -36 0
-26 30 29 0
-32 -38 25 0
46 -34 -23 0
-16 28 -32 0
18 -28 -21 0
22 22 -20 0
-16 12 -18 0
13 -49 46 0
-28 -16 35 0
16 -29 -5 0
21 -45 45 0
36 -23 -19 0
49 -38 5 0
-10 -26 3 0
7 10 21 0
-36 42 -44 0
-41 20 16 0
-26 50 -29 0
30 23 -15 0
42 46 20 0
37 -17 -48 0
3 21 -20 0
11 26 -47 0
9 10 44 0
-50 -47 -45 0
-22 35 31 0
-7 34 1 0
-34 17 37 0
10 37 1 0
1 4 -18 0
-33 11 -38 0
-16 -37 -16 0
-21 -2 -2 0
-25 2 -33 0
-21 26 2 0
44 30 -10 0
-13 8 16 0
-50 -48 -48 0
-9 39 24 0
-26 22 33 0
-20 38 -26 0
42 34 -42 0
34 34 -41 0
-8 -6 -38 0
-32 -29 42 0
-9 -17 -6 0
-21 9 -22 0
