c CNF generator v0.9
p cnf 50 215
-5 31 -39 0
28 20 -8 0
-30 -1 -34 0
15 -29 -25 0
-46 -26 45 0
38 36 -16 0
-8 -33 -9 0
-26 -42 44 0
-43 27 -32 0
-48 39 -30 0
-11 28 -46 0
41 -8 -48 0
-15 -36 15 0
38 21 13 0
36 -43 -18 0
30 40 -40 0
34 4 -27 0
41 36 -49 0
-16 33 11 0
47 -45 -10 0
-5 3 -24 0
-26 -33 14 0
25 49 27 0
45 41 -25 0
-34 -49 -15 0
-23 11 41 0
49 -20 21 0
38 -26 -43 0
-31 34 28 0
25 -9 -47 0
8 12 -18 0
-30 -29 -8 0
1 44 34 0
45 44 -3 0
15 -50 -43 0
-34 -46 -46 0
33 -25 -38 0
11 -25 12 0
-3 29 20 0
-34 26 -36 0
-41 37 -25 0
16 10 -45 0
-12 -13 -34 0
-28 17 10 0
32 23 -3 0
21 38 -24 0
-50 -33 -6 0
-4 -29 -27 0
40 -47 -21 0
31 -13 -39 0
30 6 31 0
9 29 -20 0
-2 -24 3 0
-32 20 -22 0
23 -34 -14 0
39 36 26 0
-5 -23 -29 0
-2 3 27 0
39 -14 -19 0
47 -36 26 0
12 -3 49 0
7 4 -19 0
-34 28 -4 0
12 -14 23 0
-2 48 -4 0
-36 36 -47 0
-34 44 25 0
-42 3 -47 0
48 -10 -44 0
32 8 -18 0
2 10 -4 0
38 -13 28 0
36 25 -16 0
37 -28 -27 0
-12 -6 14 0
18 24 1 0
-11 2 -47 0
35 10 23 0
20 7 -43 0
3 40 -37 0
-9 -48 -14 0
-41 48 18 0
-24 -49 -15 0
6 -34 -12 0
-6 -17 -29 0
34 -8 -18 0
-8 18 10 0
26 -15 -33 0
34 35 -8 0
24 -40 30 0
-25 -22 -38 0
-47 -34 30 0
-35 48 -7 0
-6 4 -20 0
40 -49 30 0
-30 -13 7 0
13 -9 -24 0
-37 -35 39 0
-22 2 -4 0
-25 22 2 0
-29 -45 -37 0
-35 -22 -2 0
-24 7 -9 0
-48 33 44 0
35 48 -36 0
34 -46 -1 0
9 -35 -31 0
33 22 -37 0
-43 -45 21 0
-49 -46 -20 0
11 -18 1 0
-49 17 -46 0
19 -43 -32 0
-42 49 40 0
-6 -45 44 0
28 40 -22 0
17 -40 39 0
20 36 -38 0
-32 -4 33 0
-30 -36 -16 0
10 18 43 0
8 -9 6 0
15 -34 -1 0
-24 -8 35 0
9 13 1 0
17 39 -23 0
23 -21 40 0
3 9 -47 0
-32 18 -25 0
23 -44 25 0
49 17 -40 0
15 -7 -24 0
-46 4 33 0
35 -45 14 0
-18 -14 32 0
-35 27 -48 0
18 28 9 0
7 40 7 0
-9 28 29 0
6 39 40 0
21 26 -24 0
-49 -48 17 0
-4 -26 42 0
34 -6 1 0
32 47 -21 0
-40 -12 -30 0
-46 -11 49 0
24 34 -22 0
-15 -11 48 0
33 -32 34 0
-22 19 46 0
39 32 8 0
-47 44 18 0
-14 8 -30 0
10 20 -30 0
-49 -20 43 0
-35 -32 7 0
-42 -23 -45 0
8 18 -36 0
-25 -26 7 0
-35 14 23 0
-32 16 -26 0
33 -20 -16 0
15 -41 5 0
-16 20 -34 0
-6 13 -8 0
-15 45 11 0
-38 -37 -35 0
5 7 -21 0
-30 39 -3 0
49 13 -38 0
8 5 47 0
2 19 37 0
-39 -4 -26 0
-20 35 14 0
40 3 40 0
3 -21 -23 0
-23 -48 -16 0
3 -30 12 0
-16 -12 -39 0
39 23 -24 0
-43 -18 -46 0
-34 -31 -6 0
-37 13 3 0
-13 -11 3 0
6 29 24 0
-26 -36 37 0
-46 9 3 0
-7 -50 34 0
39 -46 -14 0
3 34 -46 0
-22 48 29 0
21 21 48 0
20 46 -37 0
-16 1 38 0
3 -8 -25 0
15 25 -45 0
10 20 -17 0
24 -1 40 0
-26 50 11 0
-30 3 8 0
-37 -10 -43 0
-27 13 -49 0
19 19 4 0
32 -47 -30 0
3 -19 -4 0
-6 18 -18 0
-29 -8 13 0
18 30 25 0
-2 -31 -40 0
6 -26 -30 0
28 20 47 0
-9 -32 42 0
6 -38 3 0
10 -11 -30 0
