c CNF generator v0.9
p cnf 50 215
-22 22 23 0
10 39 -27 0
-20 -3 8 0
45 25 39 0
-13 25 8 0
37 -30 25 0
45 17 37 0
-44 -5 -31 0
20 -44 -11 0
-11 9 21 0
-13 -3 31 0
-7 -8 47 0
8 -36 19 0
32 -4 7 0
45 14 38 0
-31 -28 5 0
-1 1 21 0
-39 30 -48 0
-44 -42 21 0
-43 -21 24 0
-15 14 -11 0
26 10 -27 0
-32 -37 40 0
-12 -42 15 0
7 -41 -21 0
-10 -8 -25 0
-11 24 12 0
38 27 -10 0
17 15 -46 0
-49 -48 4 0
34 -4 39 0
-31 14 27 0
-45 6 -34 0
32 49 43 0
-3 -30 -33 0
-27 37 -47 0
-32 -45 14 0
-39 25 46 0
19 40 -24 0
-47 9 26 0
45 33 -8 0
3 25 6 0
-35 -46 23 0
-12 6 -46 0
35 -16 8 0
-9 24 -33 0
-29 26 -2 0
-34 1 48 0
-25 -3 25 0
-8 9 -31 0
25 -33 -10 0
29 -11 18 0
-13 4 -8 0
17 -10 30 0
22 -36 13 0
21 -20 -12 0
23 -8 12 0
46 22 -20 0
30 1 -33 0
34 -31 40 0
23 -45 6 0
-26 41 -42 0
-22 -13 -11 0
-49 -17 6 0
-30 44 -40 0
48 -31 46 0
27 3 -6 0
46 42 -15 0
35 49 19 0
3 42 3 0
-39 2 2 0
-5 9 -1 0
-7 -2 39 0
34 -48 -13 0
24 30 47 0
50 -23 -2 0
25 43 41 0
-43 31 -27 0
31 31 -29 0
16 42 22 0
21 23 -36 0
-18 -19 -47 0
-34 -33 -14 0
-48 -4 -1 0
23 -7 -26 0
27 -40 9 0
2 -22 20 0
8 -44 -36 0
-42 4 -16 0
-20 40 -24 0
34 -42 -28 0
-24 18 -29 0
-42 50 -35 0
40 15 28 0
-26 1 -16 0
-49 -16 -1 0
49 -29 17 0
-5 4 -26 0
50 -8 43 0
-47 -9 45 0
-28 15 5 0
-35 24 38 0
-45 -33 -22 0
-42 31 2 0
-32 10 41 0
4 -25 -39 0
42 17 20 0
-2 20 -9 0
1 3 -36 0
19 -29 26 0
-44 27 -11 0
-32 27 -33 0
-24 39 -42 0
-30 12 -5 0
2 -2 6 0
-2 15 -32 0
49 -43 16 0
11 38 48 0
-36 -12 -25 0
-9 -24 -15 0
30 27 43 0
13 -12 -26 0
-15 -41 -30 0
5 -9 -24 0
35 40 -18 0
-12 -40 44 0
10 47 -48 0
41 -39 -25 0
45 -43 31 0
-19 -32 33 0
-42 -29 26 0
49 2 28 0
15 47 35 0
-15 -3 -33 0
18 -1 -35 0
-13 13 12 0
17 47 -31 0
-5 6 -46 0
21 -29 -39 0
32 -9 -40 0
40 -33 29 0
-44 12 4 0
-14 -30 48 0
-33 29 9 0
34 27 -42 0
-6 -10 -36 0
40 8 25 0
5 8 7 0
-9 -14 -14 0
41 24 -17 0
-9 27 10 0
-35 -13 22 0
30 44 41 0
22 8 16 0
33 36 30 0
33 20 43 0
-42 45 9 0
21 -2 -28 0
19 -23 -38 0
-3 28 17 0
-38 22 9 0
-36 -37 -3 0
-2 46 20 0
-23 15 -37 0
7 -40 25 0
24 13 -7 0
-20 28 11 0
-48 44 19 0
28 -11 49 0
-42 -21 -44 0
44 48 -15 0
40 -10 -29 0
-14 11 -38 0
21 -28 -7 0
-25 -17 43 0
-44 -28 13 0
33 28 25 0
-16 39 29 0
-15 50 -3 0
39 31 2 0
2 33 -20 0
-30 -48 15 0
25 -6 1 0
-34 -49 45 0
20 -11 49 0
-43 -12 -46 0
-26 -37 -40 0
-30 -20 23 0
37 -35 -32 0
-42 11 8 0
-45 -16 14 0
26 -14 -25 0
28 -37 -17 0
-42 43 50 0
43 32 25 0
-29 15 26 0
-46 -12 47 0
38 16 1 0
-1 -35 19 0
30 18 3 0
17 -30 -21 0
-33 22 1 0
-17 -18 -22 0
26 20 43 0
34 9 -27 0
-49 -17 -2 0
-9 -4 14 0
10 48 25 0
37 34 -47 0
6 27 26 0
-47 -4 -17 0
23 9 -36 0
-36 -42 7 0
-45 -46 18 0
14 -7 -11 0
