c CNF generator v0.9
p cnf 50 215
-8 -28 32 0
-42 18 9 0
-23 -20 6 0
25 -18 22 0
2 -47 30 0
-22 16 -16 0
-3 -3 18 0
24 31 10 0
-3 -2 -28 0
-17 20 -5 0
45 -22 25 0
-35 -37 -22 0
14 24 -4 0
-44 -41 -32 0
33 7 -39 0
44 30 -28 0
6 3 -8 0
38 10 -29 0
-12 -34 39 0
-42 -27 45 0
12 -35 35 0
17 -32 50 0
-31 46 35 0
-40 47 11 0
2 -49 41 0
42 31 38 0
42 5 -44 0
-5 -12 -2 0
34 -2 31 0
19 -31 -17 0
5 13 40 0
37 -7 36 0
49 4 -22 0
16 -26 -45 0
18 43 18 0
40 32 28 0
-24 11 -36 0
-9 -25 -31 0
-41 -29 49 0
9 46 -6 0
-50 -19 -44 0
45 -37 -7 0
-18 15 -37 0
24 20 4 0
13 -4 -46 0
24 23 -40 0
10 39 -1 0
1 25 50 0
33 -14 15 0
45 -37 -35 0
-1 21 8 0
-3 -44 17 0
-35 3 -24 0
-9 12 -36 0
-47 -17 9 0
39 13 -12 0
-16 -37 -17 0
33 5 2 0
-3 25 -36 0
20 19 -19 0
13 -24 3 0
20 32 -5 0
-14 35 22 0
-30 -20 20 0
-32 49 19 0
45 37 -2 0
-37 -33 41 0
41 -9 -4 0
34 -18 -46 0
41 42 47 0
34 -23 -45 0
2 -32 10 0
-11 -35 -41 0
35 30 -11 0
45 42 25 0
-42 -35 -40 0
46 19 -40 0
-28 35 35 0
-9 -14 6 0
24 -6 -29 0
23 -3 40 0
-25 -46 37 0
42 23 31 0
-20 -11 -30 0
-49 17 -40 0
-26 -49 7 0
-33 36 -19 0
36 -48 -5 0
-30 -19 -1 0
24 18 -6 0
-43 7 -46 0
-22 22 -2 0
12 28 48 0
-17 -47 -14 0
-48 -36 8 0
35 -27 -28 0
7 -28 1 0
-13 -11 -42 0
-46 -20 -23 0
-35 11 -44 0
40 -4 4 0
-42 -21 40 0
43 -21 41 0
-3 36 -14 0
-8 27 12 0
41 9 38 0
-50 17 19 0
44 -5 34 0
-26 -37 34 0
-4 -9 -39 0
26 -44 48 0
-11 -19 -4 0
-10 -14 21 0
28 49 22 0
-50 -33 -35 0
-4 16 -11 0
-34 -38 29 0
-50 -17 -43 0
38 41 -44 0
39 -24 17 0
13 -3 2 0
-35 -38 49 0
9 7 -47 0
24 43 46 0
-10 -1 -10 0
50 27 -27 0
-49 33 50 0
-10 -12 -38 0
46 17 10 0
-8 -8 14 0
14 5 9 0
10 5 35 0
45 42 -50 0
26 21 -34 0
8 48 5 0
6 -25 -11 0
-26 -23 -9 0
-43 -39 33 0
20 11 26 0
15 -31 -18 0
-32 -15 -7 0
22 31 26 0
45 -50 -21 0
22 19 13 0
-22 3 5 0
-24 26 -30 0
-45 13 -25 0
39 10 45 0
-35 30 -17 0
3 -35 27 0
-16 -45 20 0
36 25 -16 0
-5 26 -40 0
2 -34 17 0
-31 -6 4 0
-27 50 -26 0
49 19 42 0
41 -31 30 0
-43 -16 30 0
-47 27 40 0
-43 27 -1 0
45 -34 -27 0
-32 -26 41 0
-38 -33 -29 0
25 40 -41 0
-5 4 -26 0
25 -18 -28 0
-38 -37 -23 0
-36 -48 -46 0
47 -30 15 0
40 6 18 0
-11 -28 -24 0
-50 25 -35 0
-36 41 -49 0
-22 -50 23 0
47 -28 -50 0
17 -6 50 0
50 -34 -49 0
7 5 1 0
-15 45 -31 0
-34 -38 40 0
-6 -45 27 0
-15 -44 3 0
-36 32 -12 0
12 -16 -49 0
-39 -32 -4 0
20 44 -10 0
-30 43 -13 0
17 20 40 0
7 -19 37 0
-8 15 26 0
47 46 46 0
-36 34 40 0
-22 -1 -44 0
31 -19 4 0
4 18 4 0
-26 -24 -38 0
-35 10 -46 0
10 -3 -33 0
-19 13 -44 0
-3 40 -4 0
20 16 -8 0
10 -34 50 0
2 -27 14 0
16 27 -34 0
-35 -45 18 0
8 -48 47 0
-47 9 30 0
-42 36 42 0
-6 23 -2 0
-25 -5 -36 0
-28 -23 30 0
-17 3 -37 0
31 -7 -15 0
47 30 -11 0
