c CNF generator v0.9
p cnf 50 215
13 -16 40 0
25 40 -30 0
-40 -35 49 0
-19 -15 -37 0
-3 -33 37 0
10 3 -30 0
-6 45 21 0
-29 50 -30 0
8 -13 -12 0
-36 -9 28 0
35 35 37 0
-43 -28 -17 0
23 43 -3 0
28 -44 -1 0
50 -29 35 0
18 4 32 0
-10 32 9 0
45 18 -26 0
2 9 -4 0
5 43 -47 0
-3 20 11 0
-34 -23 -19 0
30 38 46 0
-29 -31 -47 0
14 36 -44 0
-31 7 -13 0
34 36 34 0
30 49 9 0
45 -21 -50 0
-48 -33 49 0
-9 -45 28 0
-31 -38 -38 0
-20 -19 -18 0
1 -23 16 0
34 44 -44 0
24 11 -11 0
10 -26 37 0
43 5 -11 0
-24 47 -23 0
-43 44 23 0
9 -29 -7 0
40 26 -45 0
32 41 32 0
1 -19 -15 0
-26 -9 -5 0
33 37 17 0
-46 -22 16 0
1 34 -14 0
-11 26 -27 0
-11 -38 12 0
-7 -12 40 0
41 33 -23 0
46 20 6 0
-5 11 -8 0
11 21 -24 0
-8 -19 -26 0
40 6 37 0
-40 -3 41 0
-41 9 12 0
5 -35 -43 0
29 -10 -27 0
18 7 40 0
-45 8 -5 0
20 -32 48 0
-22 25 14 0
14 29 -3 0
32 46 -20 0
-7 30 25 0
7 -7 -44 0
40 41 16 0
-49 38 41 0
-33 26 -20 0
-43 30 41 0
-9 -14 16 0
49 18 -47 0
14 43 -47 0
47 21 16 0
-43 -23 12 0
-24 47 30 0
-17 6 -10 0
30 10 -16 0
-16 37 -41 0
-41 -9 2 0
19 6 -13 0
30 -38 -9 0
-24 34 -32 0
-34 16 -7 0
33 28 34 0
25 -5 -11 0
-19 -21 -15 0
27 -19 -7 0
43 4 -15 0
29 31 2 0
-8 18 2 0
-6 14 3 0
-10 -3 -22 0
-23 2 -21 0
13 -35 -47 0
18 33 4 0
-42 47 39 0
44 -45 -18 0
-1 -38 -49 0
36 -33 -9 0
17 1 -5 0
25 23 -21 0
-32 44 -23 0
38 -22 -20 0
-49 -32 11 0
7 26 30 0
-27 -31 -30 0
-6 -3 -7 0
42 40 48 0
-38 -48 1 0
-1 -15 31 0
46 -31 -10 0
-48 -3 -7 0
-11 35 -25 0
15 50 -4 0
47 8 3 0
49 29 31 0
9 43 -36 0
-26 -36 -45 0
46 -11 3 0
33 49 41 0
25 16 37 0
-14 10 45 0
-36 49 41 0
40 40 -27 0
45 -9 16 0
32 -29 20 0
-27 -34 -38 0
-28 -44 -26 0
33 2 -4 0
-10 41 -48 0
35 -21 -2 0
-6 -17 49 0
31 -32 -31 0
-9 -10 24 0
-43 -40 -45 0
-44 -46 -11 0
50 50 39 0
24 -36 -29 0
-8 -18 33 0
5 -10 11 0
28 -21 2 0
44 -22 -9 0
-7 -14 -21 0
38 40 -45 0
-10 17 -6 0
-26 -37 13 0
-36 3 30 0
36 34 -21 0
-20 -39 2 0
-29 -31 27 0
34 -9 18 0
47 -27 14 0
-33 -37 -40 0
21 -17 -11 0
42 -29 7 0
28 5 25 0
-43 -43 41 0
-33 49 -19 0
-9 -21 -4 0
39 30 10 0
8 -28 10 0
-24 -14 -46 0
35 -5 -11 0
34 26 50 0
41 19 31 0
28 -3 -7 0
-28 18 39 0
44 47 -17 0
14 -41 -20 0
6 -12 -20 0
29 -30 46 0
22 -11 -14 0
-10 -38 -32 0
-9 -44 26 0
42 -37 -23 0
-33 16 -50 0
31 26 -46 0
-21 49 39 0
35 7 -1 0
-22 35 8 0
-48 -4 15 0
20 24 3 0
-5 49 43 0
-15 37 -24 0
15 16 44 0
-27 -26 -39 0
-48 -35 25 0
50 -29 38 0
7 -37 47 0
42 -44 -4 0
-34 -50 30 0
41 -22 -24 0
-48 -36 14 0
-43 -49 -37 0
33 -28 -12 0
-15 22 -22 0
30 11 40 0
27 -47 47 0
11 36 28 0
44 -28 22 0
-45 -43 -35 0
30 35 -5 0
29 32 38 0
13 39 -8 0
44 -32 34 0
-38 34 14 0
31 -38 -1 0
45 -5 6 0
-34 -37 -29 0
7 -24 26 0
2 37 42 0
