c CNF generator v0.9
p cnf 50 215
-20 37 -39 0
47 -46 1 0
-11 12 4 0
-36 -46 -34 0
-4 -1 4 0
-7 -44 36 0
25 49 -32 0
40 -5 -8 0
44 -34 1 0
-42 -33 -27 0
-26 -26 -41 0
28 -48 -11 0
7 -19 -4 0
-4 2 23 0
-48 -42 -31 0
-41 22 -44 0
-37 -21 48 0
-21 -20 41 0
3 -18 -19 0
-23 -8 -3 0
-43 38 -10 0
-10 38 15 0
6 21 25 0
17 -30 15 0
-42 45 15 0
-44 -3 -32 0
-14 10 -47 0
5 -2 35 0
44 -42 -33 0
-26 -36 47 0
40 -33 -25 0
-25 -24 -47 0
25 -40 -38 0
21 -36 6 0
2 -34 -37 0
29 -28 -8 0
-28 -46 30 0
-26 11 -34 0
47 44 -8 0
11 -29 -29 0
46 30 -33 0
29 -26 -7 0
-32 -39 -22 0
35 35 9 0
5 -44 -8 0
15 5 25 0
47 18 33 0
1 48 5 0
-27 -7 -29 0
-2 -15 -23 0
-43 3 9 0
48 -20 -31 0
-30 -9 26 0
-11 -48 -7 0
-27 43 31 0
-50 18 2 0
7 -21 -47 0
33 14 -42 0
44 -17 -18 0
26 -49 -50 0
-19 27 -31 0
30 36 29 0
-35 9 46 0
49 7 -45 0
43 40 -39 0
45 -32 35 0
-27 5 41 0
-30 -13 37 0
-41 -13 36 0
40 3 7 0
29 6 -40 0
-33 -31 -33 0
36 -18 -14 0
47 37 12 0
17 -23 -1 0
20 25 32 0
46 1 -27 0
16 46 18 0
-36 -35 -33 0
6 25 2 0
-29 41 -48 0
-15 -41 18 0
-32 38 -35 0
45 43 9 0
-37 9 -5 0
-39 3 -50 0
10 -34 22 0
36 44 2 0
24 31 1 0
13 38 -17 0
1 7 28 0
-40 50 -24 0
-2 -25 3 0
42 -44 22 0
-7 -4 43 0
-40 26 21 0
-29 -44 -36 0
-11 46 -32 0
28 43 24 0
43 9 22 0
33 -22 -22 0
3 15 30 0
42 48 -37 0
-42 11 38 0
-12 -34 -12 0
-18 -30 -20 0
-33 10 13 0
-40 -49 50 0
-24 21 -9 0
9 -35 7 0
26 7 33 0
-46 47 21 0
20 5 29 0
-19 40 43 0
16 -15 4 0
-6 -46 5 0
41 20 -14 0
8 -39 48 0
7 45 18 0
-11 14 17 0
38 21 36 0
-13 -5 21 0
28 -33 22 0
7 -44 -41 0
-21 -21 -7 0
1 38 24 0
38 2 38 0
9 -39 -35 0
-16 -44 -40 0
-20 9 -41 0
-49 -33 -35 0
23 22 -44 0
9 -44 -25 0
-17 41 48 0
41 -48 33 0
12 36 48 0
-41 32 -36 0
-39 30 -30 0
38 -49 -40 0
49 -39 41 0
11 -1 -50 0
-3 -22 15 0
-34 42 -43 0
-33 -24 22 0
7 25 22 0
-40 -32 -18 0
-20 -46 -6 0
10 -48 -29 0
30 17 13 0
-37 15 37 0
36 16 -48 0
-5 -30 39 0
-41 37 -48 0
25 -47 -23 0
-23 -24 18 0
-4 43 -23 0
26 31 47 0
-23 -26 -13 0
42 -7 -13 0
43 -43 45 0
-17 -48 27 0
26 4 44 0
-49 -15 32 0
-18 16 31 0
-29 7 -31 0
-15 46 -19 0
12 -10 -14 0
-44 -8 -4 0
16 28 -10 0
34 -2 -8 0
-32 -5 2 0
19 -19 -41 0
-27 24 -1 0
30 -7 -22 0
-38 -42 48 0
-42 -25 27 0
-20 -35 -33 0
-38 -1 -5 0
-38 -17 -40 0
-15 46 -26 0
4 -19 -24 0
-42 -1 -22 0
-26 -49 -40 0
49 -2 32 0
-25 35 -1 0
-1 8 -16 0
20 -1 36 0
-2 17 -46 0
-34 -38 -50 0
38 45 -8 0
35 -23 9 0
46 -28 12 0
34 15 46 0
-29 33 -43 0
-50 49 47 0
-20 11 -46 0
21 41 -8 0
-33 38 18 0
-50 -20 -14 0
-36 -16 -15 0
-14 -30 -50 0
-47 -13 -31 0
14 -49 50 0
8 35 5 0
-47 -38 -44 0
50 -30 33 0
14 27 -17 0
35 -2 21 0
-49 -41 -46 0
-41 20 2 0
-30 -46 -27 0
9 20 44 0
-41 30 -18 0
-21 7 -49 0
5 -7 -30 0
