c CNF generator v0.9
p cnf 50 215
-23 50 15 0
-17 -19 -24 0
-33 -9 -11 0
-8 -18 32 0
24 -10 13 0
-39 -6 -5 0
17 -42 -19 0
-15 36 21 0
-33 -11 -41 0
25 23 4 0
18 49 21 0
-20 -50 30 0
-1 33 -50 0
-10 -1 18 0
-15 -32 50 0
47 -13 41 0
-31 24 -8 0
-35 -12 23 0
-38 16 -32 0
1 48 28 0
37 -8 -35 0
-21 17 -18 0
8 -14 33 0
-37 -9 43 0
-27 37 -17 0
4 45 20 0
-18 45 36 0
-2 14 -20 0
-13 -29 7 0
-44 -19 -42 0
6 46 6 0
-29 3 -5 0
-8 -48 45 0
-8 33 40 0
-43 -38 19 0
-6 -39 -8 0
-39 47 6 0
34 -38 26 0
-36 -14 28 0
37 45 -24 0
22 -46 26 0
35 14 26 0
-42 23 49 0
-23 35 32 0
-45 18 -34 0
20 21 -28 0
28 -14 -34 0
1 19 32 0
46 34 -18 0
-47 -19 23 0
-34 32 -21 0
33 12 25 0
-23 15 -10 0
-49 -23 17 0
-11 -2 -19 0
-35 48 23 0
3 -13 12 0
-21 45 36 0
12 -48 -10 0
-36 -8 -13 0
-35 16 -20 0
4 -8 -34 0
-32 17 -47 0
-24 -45 -35 0
24 -21 -27 0
-29 -8 -21 0
24 -7 -14 0
-45 9 7 0
-2 30 45 0
-4 45 -9 0
22 50 20 0
-40 -20 10 0
-10 9 24 0
21 29 -12 0
34 -30 5 0
7 32 7 0
26 27 -48 0
24 -6 -46 0
-45 -30 15 0
22 6 12 0
44 -31 24 0
21 -30 -11 0
42 40 7 0
30 44 -33 0
41 -44 11 0
18 36 -18 0
50 46 -27 0
27 20 29 0
-29 -20 15 0
-50 40 -34 0
25 16 -34 0
20 15 46 0
-13 -5 -8 0
-5 -39 20 0
-43 -38 42 0
46 18 20 0
24 -11 -28 0
-32 -34 47 0
-36 -10 24 0
-46 2 -2 0
-39 -48 -38 0
-8 10 36 0
27 35 -45 0
40 -6 -35 0
49 -5 35 0
-16 -34 -43 0
22 -12 49 0
-15 -3 -27 0
-46 -42 49 0
-25 33 40 0
14 -50 -3 0
30 -3 -35 0
23 41 -12 0
-37 43 9 0
39 -16 -13 0
33 50 25 0
-17 -4 1 0
37 -9 -46 0
-10 -15 35 0
46 -11 -19 0
28 26 -49 0
-26 40 46 0
1 -41 -31 0
-30 45 32 0
-21 38 -35 0
-17 -7 4 0
45 31 13 0
35 33 -10 0
-24 44 -29 0
-27 29 31 0
20 18 47 0
30 -34 -17 0
-28 -11 -29 0
4 -16 -13 0
27 -26 -25 0
3 46 32 0
-13 -13 10 0
-11 34 17 0
-16 -4 20 0
17 -25 47 0
40 -25 -32 0
32 38 -14 0
17 -25 -32 0
-19 -16 -50 0
9 24 42 0
-15 -26 -45 0
-19 5 -20 0
48 -9 -3 0
-49 23 22 0
18 -44 -3 0
-9 31 23 0
3 -29 25 0
-32 1 2 0
28 -18 -32 0
-10 -12 32 0
26 -12 -43 0
20 -30 -14 0
-36 -34 15 0
18 49 -14 0
-14 46 -10 0
28 28 12 0
-26 21 -29 0
18 -37 1 0
35 -45 20 0
6 -30 -46 0
-20 -47 -1 0
-33 -47 -45 0
36 -21 -27 0
25 -14 -39 0
-13 -21 48 0
-40 -22 38 0
-5 15 -16 0
49 -13 11 0
26 -11 31 0
17 -43 -12 0
-14 -18 46 0
-28 21 -8 0
-47 -14 -25 0
32 -27 2 0
27 11 45 0
-50 45 -29 0
-36 -42 -8 0
-3 -19 24 0
-38 5 31 0
13 -7 -32 0
-47 10 -40 0
-37 5 -29 0
-10 -14 -3 0
50 -17 37 0
34 30 31 0
-42 -30 -42 0
19 19 -39 0
9 5 -14 0
-11 -16 37 0
-38 -25 3 0
7 -34 -13 0
17 -10 -45 0
23 -35 -12 0
-4 42 -43 0
39 33 -30 0
-47 -6 10 0
-16 29 -26 0
45 -2 35 0
-5 24 39 0
6 -50 41 0
49 -3 -21 0
41 -22 -19 0
7 -26 -26 0
-50 6 -37 0
34 23 -15 0
-34 -8 43 0
18 -10 -9 0
-35 12 10 0
-5 16 2 0
20 -21 -8 0
