c CNF generator v0.9
p cnf 50 215
23 -21 9 0
-41 17 -21 0
5 -32 -17 0
38 -32 28 0
48 29 47 0
-24 43 -8 0
-18 -46 14 0
-28 -4 19 0
-36 -39 -48 0
15 -20 -50 0
45 9 30 0
39 -18 5 0
42 1 46 0
-11 -6 43 0
-3 38 -28 0
43 -41 37 0
-14 12 30 0
43 -20 22 0
15 10 50 0
-1 -14 44 0
17 36 -31 0
7 18 15 0
-24 2 -34 0
17 -2 28 0
-50 -22 -20 0
6 29 13 0
-2 -19 9 0
2 8 -31 0
14 16 38 0
30 -44 -50 0
-37 11 -6 0
-46 -13 -32 0
-38 -33 -26 0
34 41 6 0
31 3 -37 0
15 7 -28 0
50 -24 -23 0
-38 -47 48 0
-44 12 -50 0
4 37 -45 0
47 9 -49 0
32 -35 -22 0
-26 10 -16 0
-19 -28 33 0
-9 -24 -32 0
-14 33 30 0
40 -16 5 0
-38 42 26 0
-1 -16 1 0
28 4 19 0
50 9 1 0
35 -22 45 0
-44 35 6 0
-9 22 -23 0
31 -14 33 0
17 5 11 0
5 3 -32 0
44 -18 17 0
11 -8 -28 0
-6 23 14 0
-25 21 -46 0
-1 -40 -34 0
-38 50 -1 0
-33 6 -26 0
49 -25 -10 0
31 -9 -13 0
-16 31 50 0
-23 -20 27 0
-27 -27 3 0
2 10 -11 0
-18 -24 5 0
28 45 48 0
-34 -49 10 0
-4 -44 -32 0
24 47 -13 0
-34 -34 4 0
19 -16 -31 0
46 -7 24 0
46 27 29 0
-18 10 -50 0
2 -31 -29 0
-10 -6 -35 0
15 16 43 0
-5 -20 -28 0
-48 27 39 0
-30 14 22 0
-7 -11 -4 0
-27 -50 -12 0
-14 -32 36 0
-16 -9 13 0
-34 -34 3 0
4 -38 6 0
5 -26 7 0
-25 -36 15 0
28 27 -29 0
10 -24 -31 0
4 -9 31 0
-28 23 8 0
20 -28 -30 0
38 24 -5 0
38 -18 -35 0
-20 26 -1 0
29 -49 -42 0
-5 -29 14 0
-19 44 15 0
29 46 13 0
-44 7 24 0
2 -8 -46 0
-6 -27 3 0
-16 -25 11 0
9 -34 43 0
-27 19 17 0
1 -25 48 0
27 -45 -44 0
13 23 42 0
8 33 23 0
-21 42 45 0
20 48 -17 0
36 45 35 0
-12 45 12 0
-30 -3 -44 0
-23 28 12 0
9 39 11 0
36 7 -32 0
-2 35 2 0
40 32 3 0
-26 -25 -31 0
6 37 -20 0
42 -48 -31 0
-31 16 -4 0
38 -8 49 0
-38 32 38 0
20 -8 -41 0
-36 -25 -20 0
13 34 9 0
-13 1 -7 0
-35 -25 -34 0
-50 37 -9 0
-2 16 -38 0
3 -46 -31 0
-44 -33 5 0
22 -28 32 0
-16 -18 13 0
7 -29 33 0
-9 -41 -38 0
47 19 -32 0
40 -41 -27 0
-29 12 32 0
6 25 -4 0
38 -20 -3 0
26 -12 2 0
-15 30 25 0
3 -18 26 0
17 36 -47 0
36 -38 30 0
-40 34 48 0
-12 -16 -38 0
8 24 21 0
-44 -41 -20 0
48 17 -36 0
-9 38 -46 0
-1 -36 -42 0
-37 -23 44 0
-37 35 3 0
21 13 -43 0
-3 -3 10 0
-34 47 -26 0
-4 -2 -30 0
25 2 -48 0
23 -19 48 0
-16 -12 37 0
6 46 -21 0
42 -2 25 0
-16 -12 37 0
-17 20 10 0
49 17 10 0
5 -14 22 0
41 40 -32 0
20 -36 36 0
-23 -6 -32 0
35 -2 -25 0
46 -13 -25 0
35 -41 -19 0
44 32 49 0
41 -36 -1 0
28 33 -47 0
-49 -4 -49 0
33 22 -14 0
-42 6 -21 0
-27 7 -4 0
-44 -13 -8 0
-12 40 5 0
-47 -3 9 0
-41 -19 28 0
50 -4 25 0
5 35 -28 0
-42 23 36 0
-3 43 27 0
-50 -5 38 0
48 -2 -17 0
-10 -19 47 0
42 4 -24 0
42 37 -14 0
41 29 -32 0
-28 -19 -1 0
-27 -12 -50 0
27 -26 22 0
-37 -12 -15 0
-14 41 10 0
-47 -24 2 0
-12 24 11 0
-48 -3 -39 0
44 15 -49 0
-12 -3 1 0
-11 -45 50 0
