c CNF generator v0.9
p cnf 50 215
6 -32 25 0
49 33 -28 0
-11 -4 5 0
32 -33 50 0
2 7 50 0
50 11 -7 0
-49 7 16 0
36 -36 30 0
4 -34 -37 0
-25 -37 26 0
-44 -4 -33 0
13 -10 -42 0
4 -46 16 0
-41 -2 -40 0
14 21 38 0
20 -2 -14 0
38 1 5 0
-27 -6 -47 0
-3 -46 29 0
-29 -36 29 0
12 11 37 0
-45 36 -30 0
35 44 37 0
-43 20 23 0
43 9 48 0
-44 49 -33 0
20 -44 -45 0
-6 24 27 0
18 -20 19 0
5 -25 -32 0
-46 -6 36 0
-50 -15 5 0
29 -33 35 0
-8 42 35 0
-26 -46 -25 0
28 -9 45 0
-15 -42 28 0
-10 11 -26 0
38 31 -34 0
-12 -9 44 0
-18 4 3 0
-28 27 -35 0
-27 10 42 0
-18 45 -20 0
-33 -46 -38 0
-33 -39 -21 0
-43 -44 46 0
37 19 -26 0
-33 31 -28 0
-8 50 -36 0
-21 -37 -13 0
-21 -36 41 0
21 -14 -29 0
22 11 -3 0
-48 -20 24 0
9 30 44 0
47 42 48 0
16 45 -30 0
10 22 -39 0
-28 37 28 0
31 24 7 0
49 42 45 0
1 -36 -21 0
13 3 45 0
-35 27 -28 0
10 50 -34 0
48 3 7 0
-3 3 -25 0
22 -10 -10 0
-16 -30 -15 0
-31 8 39 0
2 -31 -34 0
-39 29 22 0
-31 -43 49 0
-29 -18 -36 0
-38 -34 -4 0
-2 -41 -12 0
-34 17 -40 0
10 -5 -41 0
38 -16 -5 0
11 44 -19 0
-26 24 16 0
24 11 50 0
-29 -39 -12 0
-29 30 -28 0
9 -2 -28 0
17 17 9 0
-45 -33 -5 0
33 24 -11 0
-10 -48 -28 0
-1 -15 25 0
30 36 7 0
-17 -35 -10 0
-28 38 -32 0
24 -46 38 0
-50 -8 -24 0
-8 -40 -11 0
21 5 -12 0
49 1 -25 0
49 5 -30 0
2 22 23 0
25 4 -46 0
44 10 -42 0
20 1 -29 0
-13 -37 3 0
40 -14 7 0
-49 22 40 0
22 49 28 0
43 32 14 0
-30 -14 22 0
-20 20 -17 0
-43 50 -23 0
-23 20 1 0
28 47 -33 0
-34 32 23 0
9 5 35 0
9 26 10 0
-7 46 -30 0
-28 -15 21 0
43 9 29 0
-23 19 26 0
-24 31 39 0
49 22 28 0
35 21 13 0
-34 34 -1 0
21 50 40 0
-49 -42 -35 0
45 -31 17 0
-26 32 29 0
28 -29 -23 0
-10 48 -23 0
-1 29 46 0
15 -20 20 0
-41 -20 -6 0
-18 39 -11 0
20 4 -5 0
26 20 -24 0
-50 48 -28 0
30 34 17 0
-50 -23 -37 0
-12 45 -11 0
16 14 3 0
3 45 16 0
-22 19 31 0
-47 -15 -5 0
20 -1 43 0
-9 32 8 0
33 2 -45 0
33 -14 -29 0
-8 -1 39 0
-14 -12 18 0
43 -34 24 0
43 -18 -9 0
17 -1 -21 0
22 48 25 0
-6 48 30 0
-24 -33 -38 0
20 16 49 0
40 -50 -14 0
-1 18 -36 0
16 45 -17 0
9 -3 45 0
-17 -41 -14 0
4 5 -36 0
-9 -26 -13 0
-38 2 43 0
-1 -47 -24 0
-22 33 -1 0
-36 -39 18 0
50 -8 -35 0
10 -8 -38 0
-18 -28 -7 0
2 -12 -1 0
34 -36 -12 0
-39 50 33 0
-8 27 -3 0
44 -38 -30 0
-14 22 11 0
-33 26 -27 0
-43 -15 18 0
9 10 -29 0
18 29 48 0
-22 -34 1 0
40 -44 19 0
41 7 38 0
50 -45 -20 0
16 1 -38 0
-22 17 44 0
30 10 6 0
29 -5 25 0
-25 -26 30 0
-30 43 -35 0
-28 -40 7 0
24 -46 -31 0
26 -31 -25 0
12 -16 -30 0
50 -16 12 0
-26 -50 -3 0
-27 -4 -26 0
33 8 12 0
-30 -2 8 0
29 -4 -38 0
-27 -30 27 0
-28 -41 -14 0
25 21 4 0
25 34 -20 0
-45 50 30 0
23 22 5 0
40 23 17 0
-6 -32 -15 0
38 34 -50 0
-15 -32 -5 0
42 2 10 0
-34 -47 40 0
6 -30 14 0
