c CNF generator v0.9
p cnf 50 215
-9 -48 -44 0
38 2 47 0
47 -6 -27 0
-8 40 10 0
26 33 5 0
30 33 -46 0
-36 40 -45 0
50 1 14 0
29 41 -48 0
-16 -43 -36 0
22 -18 -43 0
-14 -12 37 0
7 -48 -22 0
42 42 -6 0
39 -12 -6 0
-32 -45 -43 0
27 37 39 0
-9 26 37 0
-4 2 -27 0
-30 11 -12 0
-33 24 -17 0
-29 6 -35 0
16 22 29 0
8 -33 -39 0
-44 34 11 0
34 8 -43 0
12 48 -19 0
37 -5 12 0
-21 -29 29 0
-5 7 -16 0
31 -36 50 0
25 -24 9 0
-6 29 12 0
-17 50 -17 0
40 20 -17 0
42 47 -38 0
-34 48 28 0
6 33 16 0
-20 12 21 0
22 46 -18 0
35 15 -42 0
-32 -42 15 0
-39 -48 -47 0
25 35 -40 0
31 -13 -26 0
-10 10 -41 0
43 48 -41 0
14 -13 -47 0
-45 11 -36 0
-19 38 21 0
12 -12 -22 0
10 30 34 0
-17 -27 4 0
-48 -39 -9 0
-28 -6 31 0
37 -2 15 0
-1 39 47 0
45 7 41 0
13 -43 -44 0
32 -12 12 0
12 -8 -1 0
-32 50 -28 0
19 -7 18 0
-34 -10 -1 0
-29 -31 43 0
29 31 5 0
-24 -29 -36 0
22 -46 37 0
8 -13 19 0
-29 -26 33 0
-18 -40 -2 0
21 33 -43 0
7 41 41 0
-37 -7 -4 0
43 25 -35 0
41 -48 3 0
-35 -1 40 0
-39 -9 14 0
-36 32 24 0
13 5 -45 0
35 32 -50 0
11 -34 4 0
-9 19 36 0
-25 -45 -46 0
-24 -41 19 0
-47 3 3 0
-45 -36 6 0
28 31 13 0
28 -29 -49 0
31 -33 -46 0
33 41 23 0
-12 3 35 0
-10 -50 -17 0
1 -1 -19 0
21 7 -46 0
44 46 27 0
-17 -16 9 0
50 -48 -6 0
25 -21 26 0
6 -33 19 0
38 -38 14 0
-43 14 15 0
21 -19 30 0
-33 -1 -6 0
50 19 15 0
22 9 -17 0
-49 -30 -31 0
50 39 34 0
-32 15 18 0
-49 -45 45 0
8 -50 -43 0
-26 -36 -29 0
-1 -21 38 0
-45 28 -29 0
41 24 -15 0
-13 10 -31 0
-1 32 38 0
44 6 -41 0
-1 -28 26 0
13 -8 -6 0
-28 -2 20 0
44 6 39 0
-3 20 26 0
12 -4 45 0
15 -13 -47 0
50 2 45 0
14 6 -6 0
-38 -19 48 0
-12 14 -17 0
6 13 -2 0
46 -44 -19 0
14 -26 -9 0
-38 7 31 0
-36 -49 28 0
-5 44 -45 0
8 2 -49 0
50 32 27 0
-31 26 -47 0
-42 -9 -40 0
-33 38 -21 0
-50 -29 48 0
-5 -40 -7 0
-27 12 -19 0
-13 -24 -11 0
-17 -12 8 0
-12 34 18 0
-42 -10 -17 0
46 45 33 0
4 -40 25 0
4 -34 -6 0
48 -15 44 0
-14 14 -19 0
-13 -9 10 0
-22 43 -50 0
-32 -14 42 0
-24 11 -35 0
43 40 29 0
-50 -2 -9 0
8 -19 -50 0
-16 -31 -9 0
-30 -23 15 0
-50 -49 39 0
15 -6 -4 0
-26 25 -3 0
2 -17 8 0
-48 2 31 0
14 45 30 0
25 -46 35 0
-5 -46 27 0
44 -10 -16 0
-20 -45 -46 0
-24 -17 39 0
17 -39 -43 0
-19 -36 -24 0
-45 45 -40 0
-12 47 -4 0
49 41 -34 0
12 -9 -13 0
-43 -6 -31 0
-11 50 -30 0
17 -6 -5 0
35 -22 7 0
-33 44 -10 0
26 -20 -16 0
-43 -42 -14 0
-21 33 23 0
4 21 -29 0
-3 -10 -41 0
12 -24 20 0
-28 19 18 0
27 44 17 0
24 -16 -26 0
-21 33 -19 0
35 -38 50 0
20 14 -11 0
36 43 39 0
14 -16 -21 0
12 11 -36 0
-47 2 -45 0
-18 37 -41 0
26 33 43 0
-46 12 -42 0
-38 29 -29 0
-3 -45 22 0
-41 -47 -7 0
-9 -18 -35 0
-16 41 16 0
-17 15 19 0
39 -43 -32 0
1 13 3 0
22 34 -25 0
30 4 50 0
8 26 -8 0
-9 -10 -40 0
39 31 -48 0
