c CNF generator v0.9
p cnf 50 215
35 35 -49 0
42 20 9 0
-13 -6 49 0
-18 -3 -18 0
-6 24 34 0
-1 32 -19 0
24 11 -20 0
-6 42 -19 0
-5 21 23 0
36 50 48 0
-39 50 50 0
-10 39 14 0
44 50 45 0
48 -12 -34 0
-32 -36 -36 0
36 -15 -20 0
-21 41 -7 0
-14 -2 45 0
-5 40 17 0
42 9 2 0
14 -44 -49 0
-1 -21 -2 0
-13 23 47 0
29 -21 8 0
-4 -23 -13 0
48 -29 -42 0
29 -38 -22 0
-22 39 -2 0
-9 45 27 0
-31 19 45 0
1 -5 27 0
-19 -43 26 0
-40 -11 11 0
-48 -14 -13 0
-16 39 -26 0
-35 -15 8 0
24 -27 48 0
34 12 -43 0
-16 -32 2 0
22 29 -37 0
24 27 -13 0
-30 45 47 0
-47 7 -15 0
-30 21 -40 0
30 -50 38 0
-39 -16 20 0
-18 16 47 0
-27 -13 46 0
26 17 26 0
39 -43 -18 0
25 -23 22 0
4 -44 11 0
20 10 48 0
32 8 -18 0
-17 2 45 0
36 11 -32 0
-44 -23 14 0
48 28 14 0
24 -7 2 0
26 47 -36 0
-21 2 27 0
-42 -31 -43 0
-33 19 20 0
28 4 -2 0
-34 -19 -23 0
26 -45 -15 0
36 -35 2 0
-42 -13 -3 0
-34 35 -9 0
-45 31 39 0
-14 41 29 0
-3 4 36 0
3 30 13 0
-48 -16 9 0
-3 -35 -15 0
-5 -22 -3 0
36 13 11 0
46 -28 -29 0
11 43 46 0
-10 36 -16 0
-32 -11 29 0
8 -4 29 0
16 -8 41 0
-37 -2 -40 0
20 12 47 0
3 -17 -14 0
-43 18 -2 0
-29 -10 -9 0
27 -39 26 0
26 29 -15 0
-15 20 16 0
36 -18 -13 0
-38 29 -37 0
48 -33 15 0
30 45 10 0
-19 41 48 0
-18 -25 -48 0
48 -10 -27 0
29 16 11 0
-50 -43 20 0
34 -46 -23 0
5 46 -23 0
10 -24 45 0
-30 23 47 0
-3 28 -1 0
-17 30 -17 0
-47 -6 -23 0
33 40 -26 0
-36 -12 -44 0
-40 -48 29 0
-23 -11 -32 0
21 -32 -12 0
30 17 -11 0
11 37 -26 0
12 -33 10 0
24 -49 -3 0
-48 -2 -47 0
44 -10 26 0
-36 -20 12 0
-46 -26 -21 0
31 49 -21 0
-38 49 31 0
20 -49 40 0
5 25 37 0
26 -2 5 0
-14 17 -49 0
22 -9 -35 0
-41 25 -8 0
-11 -44 30 0
17 -3 -47 0
-23 -27 46 0
3 23 -23 0
-30 8 14 0
-24 40 -6 0
-34 -37 26 0
29 -48 38 0
-38 -39 21 0
-17 -25 -41 0
13 40 -50 0
-40 10 -26 0
-44 -31 13 0
-10 -23 -11 0
40 -1 38 0
-6 32 33 0
31 -10 -8 0
-42 -20 24 0
45 -21 -12 0
9 40 30 0
-1 -33 32 0
43 -37 50 0
43 -41 4 0
-36 -46 -36 0
-22 -17 -17 0
-48 46 38 0
46 -18 9 0
-42 -8 -44 0
36 22 -9 0
-18 -30 -17 0
3 6 11 0
31 18 25 0
21 38 -49 0
-11 14 -35 0
-31 30 9 0
-47 -48 49 0
20 40 -46 0
34 -19 15 0
10 20 6 0
-5 -38 -31 0
38 -36 -17 0
32 25 -29 0
46 -41 -32 0
44 -36 -47 0
-33 -44 46 0
18 27 -3 0
22 -7 25 0
26 42 -28 0
48 31 50 0
34 9 -2 0
-14 6 34 0
-36 30 35 0
-41 37 -22 0
26 -49 41 0
38 46 1 0
-3 3 2 0
36 -36 4 0
23 -40 -30 0
-43 39 -10 0
-3 11 45 0
-37 38 39 0
-17 2 34 0
20 -28 -11 0
9 -42 -31 0
-6 -13 20 0
25 -19 -10 0
45 33 12 0
16 -7 -43 0
27 42 -25 0
-43 -47 42 0
43 21 38 0
-17 -8 41 0
-30 49 -19 0
47 -18 -43 0
-46 50 -3 0
2 -42 -42 0
27 -30 10 0
49 -15 -37 0
-46 -49 39 0
11 8 -31 0
9 -37 30 0
24 -2 -44 0
31 -4 15 0
30 36 20 0
24 50 -12 0
-37 24 43 0
-2 28 11 0
