c CNF generator v0.9
p cnf 50 215
43 -24 30 0
-12 -42 45 0
-41 5 19 0
33 -31 -16 0
21 38 6 0
15 -28 -20 0
44 -13 -35 0
-43 -35 33 0
-12 -31 -48 0
-31 31 15 0
-42 18 49 0
39 16 -13 0
28 9 5 0
-10 -2 -8 0
-7 -14 42 0
-48 17 -34 0
32 41 -32 0
-22 31 -34 0
24 13 -29 0
25 -31 -3 0
4 25 36 0
18 25 39 0
-27 -30 -38 0
-43 11 7 0
49 29 -14 0
-22 33 -28 0
-18 -9 4 0
-30 -48 -42 0
-1 36 18 0
23 -18 50 0
-49 -2 -25 0
-16 -32 5 0
-3 -13 -8 0
-34 -25 27 0
-12 -24 -4 0
38 -10 50 0
-19 10 -21 0
-38 -46 10 0
-40 45 -20 0
-36 -49 -13 0
-19 -36 -44 0
46 29 6 0
-4 -42 -11 0
31 -31 35 0
40 38 10 0
6 -35 -25 0
47 -30 -14 0
10 26 -12 0
-26 -37 -18 0
14 33 16 0
27 41 -22 0
-22 32 -41 0
-38 -23 32 0
15 25 45 0
9 19 -15 0
9 45 32 0
-10 3 -6 0
9 -45 48 0
-35 -39 -20 0
43 -40 -27 0
11 17 21 0
29 -45 -8 0
-46 34 38 0
-23 16 -26 0
31 -38 18 0
46 -21 -22 0
22 44 -45 0
38 1 47 0
27 45 -19 0
-25 42 -9 0
36 22 -50 0
44 15 13 0
1 28 -4 0
-19 15 47 0
-7 -9 3 0
-3 -1 22 0
-25 47 25 0
39 50 14 0
-4 -42 17 0
-49 -46 -12 0
23 33 1 0
-12 -2 -37 0
11 26 34 0
-22 -28 14 0
-7 -14 33 0
42 -44 16 0
7 20 -28 0
-7 -28 -20 0
-10 -12 21 0
2 10 28 0
38 47 -11 0
-17 20 -23 0
2 -32 -1 0
-14 16 28 0
30 -44 -11 0
45 12 -12 0
-32 33 11 0
16 4 36 0
29 -8 -48 0
-16 38 -41 0
-12 -7 5 0
-30 22 24 0
14 37 -20 0
-39 9 12 0
-16 41 18 0
-38 15 44 0
-3 27 39 0
-46 -40 46 0
-48 -30 -39 0
26 -27 22 0
23 -38 26 0
-44 -45 15 0
13 31 -3 0
-48 -20 -22 0
31 14 5 0
21 3 48 0
27 -38 -48 0
15 6 -6 0
18 -17 46 0
-28 -30 -36 0
-11 -48 -47 0
39 37 -41 0
-1 42 20 0
-20 -24 29 0
-30 -20 -6 0
37 -23 27 0
19 8 39 0
25 47 -18 0
33 4 -11 0
-31 3 -28 0
-18 -41 17 0
-42 -12 6 0
23 -40 11 0
-45 43 47 0
-13 22 -26 0
-39 23 -14 0
41 -5 -24 0
32 24 -16 0
-10 7 -28 0
-4 -43 -28 0
27 2 21 0
4 -4 7 0
-44 38 -25 0
17 30 23 0
-16 8 -9 0
29 -31 -49 0
17 -26 2 0
-47 31 1 0
18 -27 -27 0
50 26 -20 0
-31 34 46 0
42 15 -19 0
14 19 2 0
47 24 -39 0
-30 18 -17 0
42 -48 16 0
-25 4 18 0
35 24 -49 0
-32 40 13 0
-14 -43 -13 0
-9 -15 -16 0
29 8 -32 0
-33 -9 -26 0
-6 -44 3 0
43 -50 41 0
10 -7 16 0
2 -43 -14 0
20 7 23 0
-3 49 21 0
-23 -45 37 0
36 -43 2 0
47 18 17 0
23 -37 31 0
-25 -25 23 0
4 34 -39 0
-46 45 -22 0
-22 -46 -45 0
35 15 10 0
-35 8 -41 0
-8 24 -18 0
-18 16 32 0
-40 18 -4 0
5 21 -42 0
45 -21 8 0
29 -50 44 0
-4 -38 30 0
-40 -36 -34 0
22 19 32 0
6 -33 18 0
18 -34 20 0
-7 38 23 0
-28 10 -32 0
-28 -21 16 0
26 -19 -20 0
-8 21 32 0
-11 -49 -18 0
7 -20 43 0
32 20 -47 0
21 -49 31 0
18 25 -17 0
-17 27 -37 0
39 22 27 0
-28 -7 36 0
34 49 3 0
-20 35 40 0
-46 11 38 0
1 48 -49 0
26 -36 24 0
-40 31 -41 0
-40 -24 37 0
-47 -4 -20 0
-47 -40 -11 0
-12 23 16 0
17 12 -25 0
-22 26 -9 0
