c CNF generator v0.9
p cnf 50 215
42 39 20 0
-38 7 8 0
2 8 35 0
-7 -16 44 0
14 -33 38 0
48 39 -8 0
-28 -7 13 0
-18 -46 -17 0
-30 -18 40 0
-4 -14 27 0
-20 31 -31 0
16 15 21 0
35 -1 -25 0
41 -6 4 0
25 -16 30 0
-27 42 -33 0
-12 -18 2 0
-44 -33 18 0
-49 -35 11 0
18 1 -44 0
9 -14 4 0
-16 -24 -14 0
8 29 -48 0
-27 45 3 0
41 10 -7 0
-6 -5 -18 0
-33 -41 36 0
2 40 -13 0
47 -12 42 0
8 -4 5 0
-13 -31 -31 0
-36 6 2 0
-9 -21 -23 0
-10 36 38 0
-44 29 -49 0
19 -7 5 0
-2 8 -33 0
36 24 20 0
5 9 -15 0
-14 39 -30 0
3 15 21 0
-11 -44 -33 0
-41 -4 -13 0
31 -40 -6 0
10 1 38 0
-46 37 -35 0
-5 -45 -37 0
-17 -50 -22 0
-46 40 15 0
22 -49 22 0
29 12 -41 0
34 27 40 0
50 21 -4 0
-8 6 16 0
-47 31 -26 0
1 19 2 0
-9 -29 -44 0
-4 46 2 0
12 36 -42 0
-21 -16 26 0
26 14 -30 0
-48 5 -7 0
-46 36 -47 0
47 13 -30 0
-2 -31 -30 0
-11 14 46 0
8 32 -26 0
4 -5 -31 0
40 -45 -31 0
8 -35 7 0
-19 -18 42 0
7 -44 12 0
-50 20 10 0
-17 -40 -47 0
-30 -20 33 0
-5 -10 45 0
-42 36 17 0
-5 31 -34 0
-5 18 33 0
42 -23 34 0
-1 -46 -40 0
-34 -6 -33 0
33 6 -27 0
-33 10 36 0
-35 37 32 0
-2 -36 18 0
-43 -13 -48 0
-35 -40 -41 0
-33 -1 -45 0
9 31 -19 0
-35 9 -17 0
4 17 24 0
-12 34 3 0
-15 31 26 0
-2 -27 26 0
-31 47 9 0
-43 -26 35 0
-15 -45 27 0
36 17 -9 0
9 -41 2 0
-28 -2 47 0
25 -14 -11 0
23 -32 16 0
47 2 39 0
-50 -31 50 0
27 -50 -21 0
19 31 40 0
-46 -25 -10 0
-25 -13 -33 0
-4 17 47 0
43 15 25 0
-45 -27 32 0
-27 -42 -4 0
-9 -30 -28 0
-37 36 -37 0
35 42 44 0
9 12 5 0
44 38 24 0
-19 18 30 0
29 -1 11 0
-15 -34 -31 0
-25 48 -33 0
-42 -9 -39 0
45 30 -49 0
12 -15 -33 0
-4 38 32 0
6 -12 -9 0
-30 11 -22 0
-15 36 47 0
37 47 -33 0
26 -41 -43 0
-40 -28 -10 0
45 -33 8 0
-41 15 -2 0
47 38 7 0
-28 31 -15 0
-35 26 -11 0
21 -36 -33 0
-33 45 -43 0
26 -29 -31 0
-40 -39 -2 0
10 -38 -19 0
11 -12 -30 0
-24 23 34 0
47 17 -3 0
-27 -45 -5 0
35 -24 1 0
-30 49 -1 0
32 -40 43 0
36 16 50 0
49 -14 23 0
30 -42 23 0
-30 -12 -42 0
-50 -45 -24 0
-21 -1 29 0
19 28 -27 0
14 -28 -16 0
17 20 6 0
18 31 2 0
-17 -25 -40 0
-8 -21 -48 0
-3 -24 22 0
-32 -28 24 0
33 19 4 0
41 -42 -9 0
7 28 -12 0
-35 36 34 0
32 -38 1 0
14 50 -22 0
-47 48 36 0
34 -39 14 0
-33 -22 -46 0
-29 -43 -28 0
-16 31 18 0
-21 18 -14 0
-28 -25 -32 0
20 8 -26 0
-42 -48 -2 0
2 24 -36 0
38 36 25 0
20 37 40 0
6 -36 34 0
-47 -39 17 0
-35 29 35 0
-25 -27 -36 0
-50 50 -1 0
-11 35 5 0
-8 15 -25 0
26 -20 -26 0
-4 24 -40 0
-30 7 -13 0
-5 -29 -2 0
-2 23 48 0
-28 -30 -50 0
-43 -35 42 0
15 -36 45 0
-46 -33 -43 0
-5 7 -46 0
11 46 36 0
23 -23 -49 0
27 -5 -2 0
-26 40 4 0
23 -33 31 0
50 43 -10 0
-38 17 -6 0
46 -14 12 0
21 17 30 0
-42 -21 -37 0
9 2 -16 0
-14 -14 -33 0
-16 -31 -22 0
-35 35 -38 0
17 -44 -41 0
-47 19 -35 0
-42 -47 -30 0
