c CNF generator v0.9
p cnf 50 215
-9 11 -39 0
5 -46 -2 0
-1 23 -24 0
31 8 -7 0
39 40 26 0
20 6 8 0
-26 29 40 0
-48 6 -1 0
-34 39 -48 0
-4 25 34 0
26 49 -44 0
50 22 -22 0
-35 -26 -49 0
-43 5 27 0
24 37 19 0
27 -19 -42 0
-17 -19 -42 0
-19 -41 35 0
50 -50 35 0
7 11 -17 0
41 -39 -2 0
-1 25 -3 0
10 -35 16 0
27 -36 42 0
40 48 -14 0
44 -44 26 0
42 22 -30 0
-38 29 -18 0
-38 32 -40 0
25 38 -45 0
-12 -16 30 0
-45 -36 49 0
12 -4 37 0
19 -32 -7 0
37 50 -17 0
-22 48 19 0
-41 35 -11 0
-27 27 41 0
27 22 11 0
-17 -49 16 0
-38 -22 -3 0
-32 -47 24 0
6 9 -39 0
-40 39 19 0
50 13 -35 0
-41 17 -3 0
10 -4 -15 0
10 20 3 0
-31 -18 -28 0
-43 24 -31 0
18 39 -43 0
-9 -1 41 0
-35 -12 23 0
39 17 15 0
21 22 47 0
37 23 23 0
-36 -36 -28 0
-24 9 -35 0
-28 -14 2 0
25 11 19 0
-7 46 -21 0
11 15 42 0
-4 35 -7 0
-25 -11 -7 0
-38 -5 20 0
48 14 39 0
21 -49 28 0
3 -37 -12 0
-35 -29 43 0
20 -12 6 0
46 -23 -29 0
42 -28 -40 0
44 46 33 0
16 -20 32 0
-9 -3 -4 0
-41 -8 -41 0
-16 22 -43 0
46 46 32 0
21 19 8 0
30 25 -42 0
-12 -26 -11 0
49 42 -32 0
-31 41 -28 0
26 17 -8 0
-22 -47 28 0
28 -2 49 0
19 31 -15 0
-21 -35 -39 0
14 12 -22 0
21 -50 -50 0
-46 -6 -27 0
-19 -24 41 0
36 12 -48 0
-30 -22 -50 0
7 26 -17 0
22 -17 34 0
-12 -45 25 0
-2 -3 -14 0
-33 -18 -44 0
-17 -39 -46 0
9 15 -32 0
42 -15 43 0
31 10 10 0
28 -15 36 0
30 -35 39 0
-42 -26 -16 0
-2 -35 -8 0
-10 47 -32 0
-5 -29 12 0
24 -30 15 0
18 -12 -26 0
46 34 -1 0
-26 -50 13 0
-30 -38 38 0
-21 -8 -48 0
-2 19 -2 0
-19 19 -29 0
-22 34 -6 0
-2 30 -33 0
28 20 -47 0
44 -50 27 0
19 -31 -35 0
46 -27 -26 0
27 -48 43 0
-34 -6 16 0
-49 -15 14 0
-23 13 24 0
37 28 -1 0
-33 23 -39 0
6 -23 46 0
-7 42 50 0
-36 18 -24 0
-44 -44 10 0
-46 -2 -32 0
-44 -19 30 0
-43 28 -8 0
37 -34 -43 0
-17 -19 -50 0
25 36 -5 0
-31 9 -38 0
3 -50 -32 0
39 29 -13 0
-37 3 -36 0
8 -49 24 0
3 -9 -26 0
-34 20 15 0
-50 37 -16 0
32 -17 24 0
12 17 35 0
6 2 38 0
28 49 8 0
40 -21 -47 0
15 6 -45 0
-50 -9 3 0
1 -23 7 0
-3 -50 13 0
15 26 18 0
45 46 -4 0
8 4 22 0
-2 -50 25 0
14 24 -27 0
-17 -28 50 0
38 -33 -48 0
17 12 14 0
-30 -31 34 0
-28 -6 50 0
4 -34 7 0
43 38 49 0
17 12 -39 0
48 17 -19 0
8 -24 41 0
-28 -28 -22 0
-43 21 -29 0
-50 -35 -14 0
-14 20 42 0
16 40 -41 0
-39 -14 2 0
-41 -4 42 0
-28 -43 32 0
39 19 -22 0
-39 24 -50 0
50 -50 46 0
-30 24 49 0
9 -16 42 0
24 -28 50 0
44 -20 4 0
37 -26 -48 0
7 15 19 0
-21 -29 -33 0
22 -43 42 0
46 -14 5 0
-35 -17 12 0
-31 -6 3 0
50 -14 -4 0
-10 -3 -45 0
33 16 46 0
48 -36 -38 0
26 -49 -49 0
-29 38 -26 0
2 -23 -31 0
44 -25 -45 0
-18 -49 3 0
-39 -19 10 0
-31 -5 26 0
-31 12 33 0
43 -2 -17 0
-42 -18 10 0
-30 -13 -41 0
-49 9 16 0
8 -23 -39 0
-46 13 22 0
-36 -14 -46 0
-19 -50 -46 0
48 -4 43 0
48 -8 50 0
