c CNF generator v0.9
p cnf 50 215
5 12 48 0
-37 28 -6 0
42 36 38 0
2 -37 24 0
-2 19 44 0
-40 46 -17 0
-6 2 50 0
23 -44 44 0
21 -4 25 0
48 -12 -22 0
19 -4 32 0
3 30 -49 0
-33 -27 -28 0
43 50 -9 0
-9 48 -37 0
21 -43 29 0
-47 -50 41 0
-3 3 -48 0
40 15 34 0
-36 15 -8 0
-39 -30 21 0
-17 24 -21 0
47 -9 44 0
10 13 46 0
45 21 -29 0
10 -8 -40 0
39 6 42 0
32 13 -13 0
10 6 24 0
7 -30 40 0
19 9 38 0
10 6 -17 0
40 39 -1 0
45 -49 -31 0
-9 -32 -34 0
-40 7 20 0
2 -36 45 0
21 -37 26 0
-36 31 24 0
44 -50 -31 0
-3 -4 34 0
13 32 20 0
31 -50 -45 0
41 16 42 0
5 31 -8 0
1 -36 -21 0
-19 -34 -31 0
-35 22 -36 0
32 -30 30 0
-37 -13 48 0
-31 -41 15 0
-9 5 -4 0
41 50 -6 0
23 -4 -24 0
-33 -42 20 0
-22 -7 -43 0
-24 26 -4 0
6 -47 -3 0
22 -22 -16 0
44 24 -9 0
-9 16 -1 0
-39 -25 22 0
23 9 -43 0
33 3 40 0
47 19 -30 0
-25 44 -18 0
33 -36 45 0
10 -48 18 0
-14 -17 50 0
-43 29 45 0
40 -43 48 0
36 20 -4 0
-28 10 -14 0
-8 3 41 0
-18 3 -21 0
32 3 21 0
-30 19 -42 0
-48 13 -6 0
7 7 -36 0
-9 36 -21 0
37 28 -22 0
33 -36 32 0
-8 -24 -4 0
-42 -22 -38 0
19 16 49 0
38 31 40 0
-8 18 -48 0
9 30 8 0
-28 21 12 0
-9 12 15 0
-25 -12 18 0
-19 41 30 0
30 15 -19 0
1 35 -45 0
-20 -40 17 0
-40 -42 7 0
-26 -2 21 0
5 -16 19 0
40 -32 35 0
-5 -14 19 0
40 39 11 0
-29 10 -24 0
3 -42 14 0
-1 14 -5 0
26 -21 10 0
-21 23 -1 0
44 15 8 0
23 -1 -43 0
2 -49 6 0
28 -10 24 0
-29 9 40 0
35 20 -46 0
20 21 28 0
-15 9 44 0
49 12 -49 0
35 -20 -25 0
-33 24 -13 0
48 50 -48 0
19 45 20 0
3 -44 35 0
-11 46 45 0
14 41 42 0
6 -7 50 0
45 -28 -17 0
29 28 25 0
-23 -48 46 0
26 -32 -20 0
-21 -7 46 0
-17 7 -6 0
-17 -5 -42 0
8 -7 -30 0
-45 -36 21 0
23 -32 -9 0
47 33 49 0
-15 29 12 0
-18 -50 -38 0
-45 31 16 0
-6 -14 -50 0
-17 32 -19 0
21 -10 -12 0
-39 44 -9 0
-34 13 7 0
-7 33 -32 0
38 -42 18 0
-29 5 10 0
17 -48 34 0
-21 37 21 0
-40 47 -3 0
41 30 -25 0
-48 9 -33 0
-4 -46 4 0
-25 -49 40 0
-1 21 -37 0
30 49 14 0
47 3 41 0
3 -17 45 0
-43 -26 11 0
-36 4 32 0
-31 8 35 0
-27 23 8 0
6 31 28 0
31 -29 -31 0
-14 40 10 0
47 -30 18 0
-21 38 28 0
-7 -32 24 0
-6 18 22 0
-17 9 3 0
-22 -25 12 0
-9 36 -3 0
35 18 12 0
4 -27 14 0
-12 30 33 0
48 -6 -27 0
-2 -1 18 0
6 32 -39 0
13 -2 19 0
-25 -1 14 0
46 -17 18 0
-44 41 -12 0
39 -20 12 0
-50 -27 -49 0
3 29 -1 0
31 -48 28 0
16 -2 -46 0
-9 33 -4 0
-41 -42 -48 0
39 -31 -2 0
-34 17 20 0
21 -20 45 0
8 -46 -15 0
16 40 31 0
28 -43 39 0
20 -42 48 0
37 12 8 0
30 -40 8 0
5 25 45 0
43 -3 -35 0
-14 -5 7 0
8 -22 -17 0
-40 -48 -5 0
47 -32 28 0
49 49 -5 0
-29 -30 -13 0
29 -47 -26 0
34 -44 -23 0
-2 -33 6 0
19 50 -6 0
32 25 38 0
-46 5 35 0
-5 -24 18 0
23 -32 39 0
5 50 45 0
-16 30 -13 0
19 -16 27 0
