c CNF generator v0.9
p cnf 50 215
39 21 -4 0
-18 -2 16 0
23 -8 -12 0
19 -28 -19 0
-19 -16 41 0
25 41 -22 0
21 -21 12 0
39 -29 -16 0
-49 6 33 0
33 -5 -45 0
-14 23 48 0
-23 -26 -3 0
39 17 -22 0
-15 19 38 0
-41 12 6 0
-11 11 39 0
-50 -20 -3 0
-29 42 -30 0
-20 -4 -15 0
-19 2 -11 0
26 -38 -34 0
-36 -24 -28 0
42 30 -48 0
-22 4 5 0
27 -44 5 0
4 37 -12 0
-38 -23 5 0
-21 7 43 0
-4 -1 -12 0
23 37 27 0
-49 -2 -2 0
-21 -34 41 0
-23 50 -39 0
50 -9 -13 0
46 11 20 0
20 8 29 0
26 37 16 0
23 -46 -24 0
38 -37 50 0
42 -29 38 0
-23 10 -14 0
40 23 -42 0
-20 26 -30 0
-31 31 45 0
1 -20 6 0
-41 42 33 0
-8 36 -15 0
-14 -43 -49 0
-14 -36 29 0
19 -35 -39 0
-28 11 3 0
38 11 4 0
5 29 30 0
-4 49 -42 0
-14 40 6 0
-15 33 10 0
23 -25 -24 0
31 25 47 0
-33 -34 -45 0
-39 13 32 0
28 28 21 0
-40 23 -2 0
43 20 8 0
6 -11 -29 0
-5 33 -4 0
40 36 -48 0
-1 23 -37 0
41 -2 38 0
-40 44 49 0
-44 -11 40 0
13 -50 -42 0
-45 14 49 0
1 12 36 0
20 -25 -35 0
-7 -15 -45 0
18 32 44 0
15 -23 -1 0
-29 -8 -29 0
-16 5 -44 0
4 3 -17 0
-46 15 -37 0
-9 -22 -1 0
-8 2 40 0
5 -1 -16 0
-20 7 -16 0
-29 8 5 0
-30 -13 30 0
-15 41 -29 0
45 -20 -23 0
36 -21 -27 0
-17 -46 24 0
43 28 22 0
12 -10 3 0
14 -18 13 0
-36 -27 37 0
6 42 -33 0
16 -48 18 0
-27 39 12 0
-23 10 17 0
30 37 28 0
21 -27 32 0
35 38 16 0
-7 37 -6 0
32 -29 33 0
-24 -45 -10 0
23 -23 -30 0
42 39 17 0
-4 -15 3 0
48 10 15 0
-26 -5 -25 0
2 23 34 0
-3 4 20 0
18 -48 36 0
28 40 -30 0
-30 45 -16 0
-40 -46 2 0
-12 -24 -44 0
47 -47 -6 0
42 42 43 0
30 45 -3 0
29 -3 42 0
29 -31 40 0
43 39 -32 0
17 -26 29 0
-27 40 -12 0
-20 -43 13 0
-23 -37 8 0
-22 14 15 0
-44 -7 -21 0
-18 38 -44 0
12 -50 48 0
-20 -19 -37 0
-9 10 23 0
-37 27 47 0
-4 -1 11 0
50 4 -38 0
-20 37 33 0
-26 11 -20 0
-14 -13 40 0
19 42 46 0
42 8 48 0
35 -20 -7 0
-43 -23 -15 0
-33 50 50 0
-7 -19 -17 0
32 39 -46 0
-34 -20 -26 0
20 -20 29 0
20 -34 -34 0
36 -6 -27 0
39 -5 21 0
-12 47 -28 0
-32 16 21 0
-41 15 5 0
-3 42 -44 0
-29 -34 -36 0
36 18 16 0
16 -6 45 0
8 36 23 0
-43 23 19 0
-6 -17 -33 0
27 -42 1 0
-13 -47 30 0
25 -32 39 0
36 -47 20 0
-23 -44 -31 0
31 36 -48 0
-29 43 25 0
-46 -43 47 0
-31 48 -31 0
-47 -27 28 0
7 39 40 0
-19 37 11 0
16 34 -40 0
41 -46 -13 0
-50 -13 41 0
13 22 -11 0
-21 -46 -43 0
5 1 46 0
-44 39 -23 0
7 2 -7 0
-10 -3 46 0
25 37 -24 0
50 -35 8 0
-22 32 -28 0
44 -4 -44 0
-35 -41 -16 0
42 -21 15 0
45 -24 -8 0
-46 -14 29 0
5 4 -26 0
42 -3 47 0
19 24 45 0
44 7 23 0
43 -13 -38 0
-21 -4 -39 0
-22 25 -16 0
-21 13 3 0
-29 -10 30 0
37 -20 46 0
31 15 -25 0
42 24 -19 0
-45 31 20 0
-1 -32 9 0
36 -24 -42 0
3 -1 31 0
13 -13 18 0
-48 4 27 0
-34 7 40 0
50 50 -22 0
3 37 12 0
-5 -35 -17 0
-9 12 -27 0
48 -24 38 0
-44 -9 -46 0
