c CNF generator v0.9
p cnf 50 215
26 -17 -3 0
30 3 1 0
-12 -39 40 0
-24 27 6 0
-23 50 44 0
32 -38 -38 0
33 23 8 0
2 43 -37 0
-23 -50 49 0
21 39 44 0
-43 7 19 0
-8 -21 -37 0
-41 25 35 0
-1 15 5 0
45 22 5 0
45 -47 -20 0
50 -1 -13 0
-29 -4 14 0
-49 37 -29 0
-40 45 -1 0
25 17 -45 0
-6 -1 28 0
10 -26 36 0
46 20 -11 0
-18 -9 48 0
-5 12 -21 0
-3 47 4 0
28 36 -45 0
46 -5 -17 0
-14 30 47 0
-17 -3 -1 0
12 -4 29 0
-48 -21 48 0
23 48 5 0
-21 31 -14 0
14 -47 -11 0
-14 29 38 0
-18 -33 -35 0
24 36 46 0
-16 -36 18 0
-42 47 9 0
39 49 -32 0
13 -5 -40 0
-47 -15 35 0
48 -37 48 0
33 -33 23 0
-23 -36 16 0
17 -16 21 0
-20 22 -25 0
-10 -38 45 0
-4 -17 11 0
-40 27 12 0
27 33 -47 0
24 -31 -32 0
-31 19 -2 0
19 3 -10 0
37 -32 -10 0
-15 2 -40 0
-2 -34 20 0
-44 -8 16 0
-24 30 -28 0
23 19 -30 0
24 22 41 0
-41 -34 26 0
30 -39 35 0
24 -4 46 0
35 32 -3 0
-49 36 40 0
-24 -33 -50 0
-48 -3 33 0
3 -16 2 0
-12 -31 1 0
-37 3 -2 0
-35 -9 24 0
-45 -46 -31 0
-48 -47 -32 0
-44 12 -10 0
41 5 -29 0
-31 -43 -5 0
1 -36 -28 0
30 31 -4 0
19 4 25 0
-27 -11 7 0
-13 13 29 0
17 -40 49 0
26 -18 9 0
24 43 -5 0
14 36 17 0
-39 26 -43 0
-31 -9 10 0
31 42 26 0
-2 -3 26 0
-37 7 -4 0
45 -26 -33 0
-8 35 48 0
-47 18 46 0
37 -33 44 0
-21 7 -45 0
-6 -8 -12 0
44 23 -48 0
-30 7 -9 0
23 43 -32 0
15 38 45 0
-6 -25 -2 0
-42 34 37 0
47 9 14 0
-11 -50 -9 0
29 -44 20 0
36 26 -50 0
-17 2 -17 0
-9 -34 -24 0
-41 -33 -30 0
-48 -14 -22 0
-23 32 17 0
30 42 12 0
45 -38 -3 0
47 50 -7 0
8 -28 22 0
-21 -45 11 0
-43 -8 6 0
21 -39 45 0
-15 25 -45 0
48 45 -16 0
30 -38 -1 0
41 -6 -21 0
-37 39 -12 0
11 5 -48 0
-48 -7 -19 0
14 1 50 0
2 -28 25 0
48 13 47 0
17 -29 30 0
8 38 -43 0
39 34 8 0
-32 36 10 0
-27 -39 45 0
-38 40 -32 0
37 -21 -50 0
-50 39 16 0
-29 6 -43 0
13 25 19 0
-29 -16 23 0
-19 -1 19 0
45 12 15 0
-28 -25 50 0
-50 -27 27 0
12 -47 -1 0
15 45 10 0
-28 -47 -38 0
18 6 -12 0
-13 -37 44 0
21 45 38 0
-29 23 -2 0
36 -28 50 0
45 34 -42 0
-45 -22 -33 0
-44 27 20 0
43 4 30 0
9 43 44 0
25 18 2 0
50 27 32 0
36 -17 -8 0
50 -16 10 0
-10 -17 21 0
24 7 -16 0
-38 32 -42 0
-16 40 29 0
-15 -7 -9 0
21 -21 -11 0
-42 5 -47 0
-43 42 22 0
-13 46 -20 0
47 1 34 0
3 1 46 0
9 -2 -43 0
-21 -41 -7 0
-30 -16 12 0
-15 45 -37 0
35 -16 -26 0
-35 -37 -8 0
-48 -13 -29 0
16 -14 -39 0
-13 1 -14 0
27 -7 -29 0
-41 31 -30 0
44 43 14 0
-6 43 6 0
-46 32 -22 0
18 -23 -13 0
-21 25 31 0
18 -38 44 0
-27 -29 28 0
-12 -17 28 0
-27 -38 7 0
-6 -1 22 0
21 49 -47 0
48 -2 36 0
16 -11 -16 0
41 46 14 0
-8 -15 8 0
35 -16 16 0
-2 38 27 0
-32 -39 37 0
26 -16 21 0
46 -39 1 0
7 17 -8 0
46 25 12 0
33 48 18 0
9 -8 48 0
-37 12 25 0
3 -1 36 0
34 49 34 0
26 27 47 0
-45 43 -24 0
-42 -7 17 0
