c CNF generator v0.9
p cnf 50 215
-41 28 43 0
41 31 -16 0
45 3 14 0
26 -10 35 0
-29 3 9 0
-20 15 -16 0
-15 26 39 0
-6 -36 -34 0
3 33 32 0
-16 -7 -43 0
-47 -1 12 0
23 -45 -42 0
-25 -30 -37 0
-18 -6 40 0
-28 11 -48 0
11 -24 14 0
30 -24 -49 0
43 -30 -30 0
49 40 24 0
14 -10 -12 0
-42 -23 -21 0
-21 20 -29 0
31 -29 48 0
29 -13 50 0
-25 30 -33 0
-19 -22 -16 0
-44 -33 -9 0
47 -50 -18 0
40 -9 30 0
31 -6 15 0
-23 -34 2 0
23 -25 -32 0
-29 35 -18 0
-26 49 43 0
-11 37 -5 0
22 32 -18 0
8 -25 17 0
47 16 32 0
34 -8 37 0
-24 16 -23 0
-9 -3 15 0
13 -50 -20 0
-6 30 32 0
-29 44 27 0
23 -17 -33 0
9 -37 -37 0
32 -38 42 0
-49 -46 -18 0
17 -41 36 0
9 -25 45 0
41 -10 -35 0
-38 39 -35 0
-30 2 -15 0
2 33 17 0
17 13 33 0
47 19 35 0
-43 -11 48 0
-36 -3 -42 0
-15 30 -5 0
18 -14 -29 0
-21 26 -25 0
18 16 -16 0
-5 46 12 0
27 -24 11 0
-33 29 -19 0
-16 17 13 0
35 39 27 0
12 -22 -33 0
22 -30 -38 0
22 38 23 0
-8 4 7 0
33 5 -24 0
-19 -30 -6 0
46 35 -43 0
-27 45 -33 0
21 38 22 0
22 -25 -18 0
23 30 -43 0
31 32 -29 0
-32 -41 8 0
14 -17 -31 0
8 47 14 0
39 -38 44 0
25 -45 -23 0
24 -24 -48 0
-23 50 14 0
-38 50 -36 0
-42 -32 -5 0
-38 -26 37 0
-47 25 -48 0
-44 -24 30 0
14 41 -44 0
43 2 -35 0
46 13 -3 0
-31 -30 19 0
-11 6 -26 0
-44 -2 16 0
30 -8 -32 0
-5 -17 25 0
-33 -35 42 0
19 18 -30 0
-16 -10 12 0
-10 -18 39 0
4 -17 19 0
-46 -50 32 0
29 -7 -31 0
2 16 -1 0
29 -8 -16 0
-38 -27 -47 0
-21 34 38 0
9 -33 -15 0
30 31 -37 0
-20 -1 -32 0
-16 -48 -47 0
27 -31 15 0
44 43 -3 0
-23 4 -14 0
-46 47 28 0
-12 -26 39 0
12 -13 34 0
41 -35 13 0
-44 -21 -48 0
-29 29 10 0
-25 1 -1 0
-30 -27 -20 0
-36 3 -36 0
23 -18 -13 0
-39 50 19 0
48 -11 17 0
37 46 35 0
5 -10 19 0
-11 -5 -48 0
-20 9 32 0
14 38 17 0
6 7 5 0
-27 36 -16 0
-28 23 -31 0
17 16 -23 0
27 -50 4 0
-28 5 -1 0
46 -36 -47 0
-1 -15 -32 0
-49 -43 46 0
19 33 5 0
-9 31 21 0
17 -36 5 0
-33 -39 30 0
39 -36 -9 0
-45 30 43 0
-9 22 -3 0
-6 16 -19 0
37 -24 6 0
-50 -46 22 0
13 -41 16 0
-6 50 -13 0
-12 -38 -44 0
35 -27 -20 0
-24 -24 -26 0
-33 29 35 0
2 26 -16 0
28 -2 22 0
9 -41 28 0
-25 -5 16 0
50 48 -34 0
46 7 13 0
-39 38 42 0
32 7 -12 0
30 -15 -19 0
-48 -39 28 0
-2 -18 -16 0
44 -47 -28 0
45 -14 41 0
-8 44 -4 0
46 -1 -10 0
23 8 27 0
44 9 22 0
-42 -38 -3 0
-6 7 38 0
22 6 4 0
-40 -27 38 0
32 42 -23 0
-12 35 -9 0
40 14 -48 0
-29 -13 -41 0
-15 48 25 0
-44 11 -41 0
-24 27 30 0
27 -39 29 0
-18 41 -41 0
48 -34 29 0
45 -18 -23 0
48 -30 -37 0
13 -47 22 0
43 -28 31 0
18 31 -30 0
-4 25 23 0
-27 28 -46 0
10 6 -16 0
12 -26 -6 0
36 -24 7 0
22 -18 20 0
-3 -39 24 0
-17 7 20 0
-32 -17 -45 0
-48 -43 16 0
14 -43 32 0
1 -43 -8 0
33 31 -2 0
-32 -45 -28 0
15 41 -41 0
-26 -35 3 0
36 -48 -5 0
46 11 -28 0
-28 -34 -4 0
-41 36 16 0
