c CNF generator v0.9
p cnf 50 215
-15 18 -6 0
-1 -41 13 0
-41 -15 -45 0
50 -1 -1 0
43 -2 38 0
-27 36 35 0
-48 -23 -43 0
25 -24 -14 0
19 -47 -6 0
6 21 13 0
-32 -34 24 0
-50 -8 -50 0
-34 -16 -19 0
-47 44 42 0
-38 1 4 0
4 29 -21 0
6 2 41 0
-30 -41 -3 0
10 12 -8 0
-31 -41 -4 0
-17 -18 35 0
-38 -10 38 0
39 49 -30 0
47 50 -41 0
-37 19 -15 0
13 -46 -45 0
-30 -20 20 0
-37 -49 -7 0
47 49 1 0
-15 11 -38 0
36 -8 42 0
-6 34 -23 0
6 -32 -7 0
18 -46 -40 0
-25 10 45 0
-32 -43 47 0
42 -16 -7 0
-38 -25 47 0
37 -12 -49 0
19 -39 49 0
-14 -2 -27 0
-34 38 -34 0
23 43 -24 0
-37 32 49 0
48 -23 1 0
-4 -1 -2 0
34 4 -25 0
37 10 -35 0
28 -14 29 0
-20 46 2 0
10 16 -24 0
-36 -1 -49 0
-43 -16 1 0
-34 -27 -43 0
-42 -25 -43 0
21 -10 49 0
-33 34 44 0
22 -32 28 0
39 -4 -37 0
-44 13 7 0
40 -18 -25 0
9 9 6 0
-43 -41 -45 0
42 -15 -11 0
-24 -16 31 0
-18 -4 3 0
-12 22 -3 0
-25 -39 -15 0
29 49 -34 0
49 -44 7 0
-40 13 -21 0
-33 4 -8 0
45 -11 -50 0
-48 -9 -26 0
-45 -38 -5 0
-13 26 -4 0
16 -12 -19 0
45 49 -16 0
-9 5 -27 0
-48 -22 48 0
34 -11 20 0
41 -34 40 0
37 33 22 0
17 11 43 0
3 -17 -16 0
15 -17 45 0
17 -26 -5 0
-50 15 -50 0
21 -31 -6 0
14 -42 25 0
25 43 3 0
-19 -35 -41 0
35 45 -29 0
6 18 -19 0
4 2 11 0
-7 -9 20 0
-25 -8 4 0
32 -1 -14 0
-22 47 32 0
41 41 -33 0
23 -3 -39 0
44 -37 35 0
12 -7 37 0
18 2 -39 0
-30 -4 -36 0
-11 22 22 0
-41 9 -12 0
38 -44 12 0
30 20 37 0
-14 18 -29 0
35 -38 46 0
17 14 39 0
8 21 -11 0
9 43 -15 0
10 -11 -12 0
-29 -18 -50 0
24 4 6 0
45 -11 3 0
29 -18 -12 0
-5 14 -42 0
-29 -34 -3 0
-38 14 9 0
5 19 23 0
-38 -25 -27 0
-8 1 3 0
-30 4 -14 0
-36 37 -19 0
27 33 -16 0
32 -34 17 0
-22 27 29 0
-39 -33 47 0
-46 -35 -7 0
-30 -44 28 0
14 46 -42 0
-49 17 8 0
-34 39 50 0
27 -47 49 0
-23 37 8 0
3 -48 -33 0
2 -14 13 0
44 -10 -35 0
-41 16 -18 0
-30 -8 19 0
43 45 46 0
-31 9 -32 0
-4 17 30 0
-11 -39 37 0
-46 36 -24 0
-30 41 -19 0
38 40 17 0
-46 -23 47 0
-32 -8 -45 0
-23 -32 22 0
12 17 -43 0
-33 42 5 0
39 -48 29 0
-11 -19 25 0
-33 10 43 0
-13 38 15 0
-35 12 43 0
-22 -27 12 0
-8 48 29 0
-26 47 -9 0
41 45 34 0
-34 29 45 0
-6 -30 -28 0
11 -15 -14 0
25 -23 -31 0
4 -22 -10 0
-44 32 30 0
35 -2 -34 0
49 -28 -47 0
40 -2 -43 0
31 -27 11 0
-10 -28 -14 0
21 17 -4 0
-24 -31 19 0
-50 23 -5 0
-24 -12 -25 0
30 -12 -6 0
-19 1 34 0
-28 -42 37 0
-12 40 -31 0
-23 10 39 0
25 -40 -13 0
-8 9 14 0
-35 26 -31 0
4 50 19 0
-40 -49 11 0
10 18 27 0
13 -36 -49 0
-1 25 18 0
-24 -41 39 0
-41 29 -48 0
3 4 -30 0
-22 -38 -10 0
31 -3 -31 0
-35 25 -9 0
-23 4 -13 0
-5 22 -12 0
7 -35 -27 0
-32 22 49 0
-39 20 47 0
1 -19 32 0
36 -31 -30 0
40 -2 35 0
26 36 -47 0
-37 24 -49 0
-4 -31 28 0
-8 -45 44 0
47 -11 8 0
17 -25 10 0
-24 31 -22 0
21 -45 -32 0
16 27 -20 0
