c CNF generator v0.9
p cnf 50 215
-20 -7 2 0
-12 15 5 0
-38 17 49 0
-36 44 44 0
-7 -8 44 0
46 -22 -4 0
-46 -33 3 0
-50 -2 32 0
38 -46 47 0
-18 29 -31 0
20 43 17 0
37 -39 13 0
-21 -7 -32 0
43 8 47 0
25 -29 34 0
29 -8 35 0
-8 -12 -41 0
-37 -30 -31 0
-25 24 -6 0
-11 -49 -41 0
-9 48 30 0
-49 -18 -39 0
-20 -33 17 0
24 -47 21 0
48 -22 47 0
40 -19 -4 0
2 -5 -4 0
4 28 -32 0
22 33 34 0
-22 11 3 0
48 -16 -29 0
11 -28 -1 0
41 -8 -33 0
-13 -30 -2 0
4 18 23 0
-41 -50 27 0
46 44 -38 0
-14 38 34 0
30 -12 -46 0
19 13 -49 0
-19 42 -43 0
19 -11 8 0
-2 -35 38 0
42 -11 31 0
-35 29 -11 0
-42 -4 28 0
-37 21 19 0
35 16 13 0
30 -34 -33 0
5 47 16 0
-12 -10 7 0
-12 -5 -37 0
21 -36 -30 0
-32 -27 43 0
22 -11 -2 0
3 1 -15 0
-50 -40 -17 0
-42 -31 5 0
-10 8 -15 0
16 21 47 0
-5 14 -47 0
47 -27 24 0
-8 -39 -38 0
-34 9 43 0
23 31 50 0
44 42 -29 0
-34 41 -17 0
-5 -33 36 0
42 24 -41 0
36 45 -46 0
34 4 37 0
5 11 -28 0
-33 -33 -36 0
47 42 -31 0
43 -19 -50 0
-17 -12 -19 0
34 11 28 0
32 -41 36 0
34 45 32 0
-10 -27 8 0
44 31 2 0
15 -19 45 0
45 32 -15 0
30 -44 41 0
-19 11 -6 0
1 -4 -43 0
-4 -23 41 0
35 -19 -23 0
-26 -23 -36 0
19 46 48 0
-38 5 -31 0
-5 50 38 0
-28 -22 24 0
3 49 39 0
28 4 24 0
-40 34 -32 0
-24 -39 -4 0
45 12 -30 0
-23 12 -13 0
49 2 -19 0
-27 15 21 0
35 -6 -39 0
2 23 38 0
-46 10 21 0
-14 -25 18 0
-42 3 46 0
23 28 38 0
-28 38 46 0
34 18 -27 0
49 31 -43 0
-41 41 -37 0
32 -22 23 0
39 -13 5 0
33 25 -42 0
6 22 -2 0
-14 26 -17 0
-38 -27 -6 0
-2 -18 6 0
-4 50 41 0
-15 -7 9 0
40 18 11 0
-13 -12 11 0
-49 38 36 0
2 -3 30 0
-41 3 -40 0
49 23 -45 0
-11 -39 37 0
-8 8 -13 0
32 31 19 0
28 7 -41 0
19 50 20 0
-11 -35 -28 0
6 33 -14 0
41 9 15 0
7 -40 10 0
-22 -40 -44 0
-42 40 49 0
-21 -10 13 0
9 -22 -40 0
-25 -13 -19 0
-21 6 30 0
-10 -26 -36 0
-44 16 20 0
20 -11 11 0
-4 1 -34 0
-3 -9 21 0
35 29 -43 0
44 -26 -39 0
36 14 24 0
-15 -19 38 0
-8 36 3 0
-45 -22 -39 0
2 2 -3 0
-17 -37 34 0
45 9 -6 0
26 31 -8 0
-38 1 21 0
-19 -8 28 0
32 -29 5 0
-16 38 -25 0
-19 -23 -33 0
-19 -15 -18 0
-23 33 -22 0
-44 -31 -15 0
-5 -28 32 0
15 -38 -50 0
-23 -35 43 0
-42 -32 -19 0
-45 -35 -31 0
-12 19 26 0
11 -34 30 0
-20 21 9 0
45 -39 -19 0
31 24 -6 0
-16 -35 -4 0
24 -2 -43 0
-37 -25 44 0
46 -48 34 0
23 39 48 0
-19 32 6 0
-1 35 39 0
33 -13 15 0
14 -23 -39 0
-33 -8 -15 0
19 -11 -47 0
11 11 32 0
-26 34 43 0
49 -6 -12 0
-4 -10 21 0
-39 2 16 0
25 -1 -27 0
36 -33 -28 0
-28 -5 28 0
13 20 -46 0
-3 47 7 0
-14 -3 -1 0
-32 50 38 0
48 33 40 0
-17 30 49 0
34 40 23 0
3 -12 33 0
27 -9 -42 0
-5 37 -3 0
-12 21 -10 0
-33 32 44 0
-48 10 36 0
-14 31 -1 0
20 42 41 0
43 -19 20 0
22 29 24 0
-46 -24 -11 0
-27 22 2 0
-1 43 -23 0
-18 30 34 0
-50 -13 -47 0
