c CNF generator v0.9
p cnf 50 215
-48 42 44 0
45 2 -46 0
-49 3 -5 0
2 -45 -2 0
-6 27 49 0
-19 -30 -37 0
-20 -39 27 0
45 -43 8 0
31 36 33 0
-32 19 -2 0
-17 12 46 0
21 -8 5 0
29 -8 48 0
-40 29 13 0
-33 46 14 0
-7 -21 -29 0
46 -33 35 0
41 50 49 0
48 -9 -31 0
-26 15 -26 0
43 -25 40 0
17 14 40 0
16 -47 30 0
23 -11 -30 0
49 -15 -48 0
-34 -44 -48 0
46 39 -10 0
28 50 16 0
-43 -41 -1 0
-7 -11 16 0
36 -33 7 0
9 -38 16 0
-25 -50 20 0
14 21 35 0
-24 -46 -46 0
4 34 48 0
10 37 39 0
1 42 -38 0
7 8 -22 0
-12 39 32 0
13 -45 20 0
7 -31 8 0
-38 -38 15 0
-39 20 -44 0
37 50 44 0
40 44 -48 0
23 10 36 0
24 47 -12 0
37 1 26 0
4 15 -17 0
9 -18 48 0
-28 -38 -28 0
47 -26 -12 0
35 30 44 0
-46 21 -34 0
50 -1 44 0
43 1 -40 0
-3 -44 49 0
18 -17 -42 0
-36 -20 -25 0
29 8 6 0
15 -13 -20 0
-10 40 15 0
-45 -9 -37 0
50 26 -23 0
-47 -41 -14 0
33 47 -24 0
-23 -49 29 0
27 -13 17 0
-30 -18 24 0
41 -10 -44 0
-44 24 16 0
19 -17 36 0
4 28 -47 0
28 40 17 0
-50 25 -12 0
49 10 46 0
15 -36 -33 0
44 16 13 0
-23 -22 -25 0
-49 -4 31 0
1 18 -47 0
-25 -39 34 0
29 -6 -13 0
-47 27 -8 0
42 38 -43 0
38 -7 7 0
42 36 -48 0
3 -43 -18 0
32 10 -49 0
-14 -31 12 0
28 29 -47 0
45 -10 -14 0
-44 -33 -6 0
-5 -27 -43 0
-41 34 -8 0
-19 50 17 0
-2 10 -17 0
-28 -36 -16 0
43 21 32 0
45 29 41 0
40 -21 -29 0
1 4 -39 0
-9 -29 28 0
-11 50 11 0
-1 8 35 0
19 -16 -18 0
3 22 47 0
24 -17 -12 0
23 26 -10 0
13 40 -30 0
9 -49 -38 0
-21 45 -31 0
27 13 -42 0
44 -15 -22 0
-6 -14 50 0
-5 24 11 0
14 38 24 0
19 -25 -28 0
-40 8 -42 0
-5 8 -46 0
-22 -37 -28 0
12 -33 8 0
19 -15 -38 0
42 -15 -29 0
35 5 -44 0
-42 -3 21 0
48 -6 -37 0
5 4 31 0
-12 27 -48 0
-38 -14 12 0
35 -38 -44 0
-28 -21 32 0
8 -45 49 0
31 49 -14 0
14 -38 34 0
1 -30 9 0
39 36 21 0
43 23 49 0
29 -8 -26 0
-19 -27 -9 0
46 -48 43 0
28 20 12 0
-42 4 25 0
11 9 12 0
-46 24 -2 0
42 34 10 0
45 -6 24 0
-47 11 -28 0
34 40 43 0
9 47 -33 0
24 -49 -18 0
22 9 38 0
47 -49 -35 0
38 8 39 0
29 -32 -41 0
45 -19 27 0
4 -20 -9 0
-35 -17 -23 0
-24 9 -26 0
6 -44 3 0
48 22 -19 0
-38 -41 -36 0
25 -36 -19 0
-25 25 -42 0
-20 35 33 0
-13 35 -41 0
-19 -19 -10 0
2 -40 -25 0
29 -40 -49 0
20 -41 38 0
-26 15 41 0
-11 38 3 0
29 -40 -7 0
32 -49 -40 0
30 -31 -15 0
-5 4 -30 0
44 -30 26 0
-5 4 -8 0
2 -20 -3 0
20 -18 -42 0
24 -38 46 0
-5 24 -36 0
-12 -24 32 0
-32 -49 -19 0
47 -6 16 0
29 47 37 0
40 43 -28 0
-3 5 23 0
45 40 -29 0
3 13 -42 0
31 13 -21 0
46 -42 43 0
-15 -10 47 0
-13 23 -38 0
-11 35 -33 0
-6 33 50 0
46 -5 -39 0
36 -3 -22 0
44 15 29 0
31 14 41 0
-2 -2 35 0
19 26 9 0
24 -9 14 0
34 -21 -34 0
22 40 -48 0
40 -21 20 0
6 -28 -50 0
-29 45 13 0
-46 -21 -49 0
-47 12 -25 0
-41 25 11 0
-44 30 20 0
-12 -39 -19 0
49 14 -33 0
