c CNF generator v0.9
p cnf 50 215
-46 -4 -33 0
-42 -48 1 0
-48 -38 -23 0
43 -47 49 0
-41 -28 -35 0
-12 11 -15 0
16 -16 32 0
-11 49 29 0
-13 35 16 0
30 -8 42 0
33 -48 28 0
-35 -35 17 0
37 -28 -38 0
-11 39 30 0
-4 -21 -38 0
-40 -37 39 0
-35 -29 -41 0
-37 17 9 0
-27 -29 -14 0
33 38 -19 0
-31 2 2 0
23 11 -10 0
16 38 -10 0
38 18 3 0
-20 34 27 0
48 -18 35 0
3 -37 -19 0
-5 38 -16 0
26 -4 -7 0
35 -48 7 0
-41 38 46 0
-11 -42 -44 0
-27 4 -11 0
-13 28 50 0
2 -19 48 0
-41 16 9 0
39 33 5 0
32 23 -33 0
27 -27 42 0
-27 -21 -23 0
-22 40 35 0
-43 -45 -24 0
37 37 10 0
25 -44 50 0
35 -10 46 0
-21 20 34 0
30 14 -10 0
-41 -6 -47 0
25 -42 -32 0
-44 44 18 0
-7 19 6 0
8 8 47 0
18 -8 40 0
-40 22 -3 0
35 45 37 0
-16 -40 -5 0
26 5 15 0
36 31 -28 0
8 -26 2 0
-26 35 -3 0
-35 -5 -35 0
-3 -3 37 0
-3 -50 38 0
-12 -23 -41 0
5 -14 -46 0
2 -44 -36 0
39 9 2 0
20 -43 45 0
-40 45 27 0
-1 -28 47 0
40 19 -9 0
30 6 -13 0
16 -25 6 0
-49 17 -1 0
10 -46 20 0
38 -28 -4 0
-29 -12 22 0
21 27 -42 0
12 23 -19 0
-17 -14 -47 0
29 -28 -12 0
-16 43 4 0
46 -11 43 0
-19 -17 -35 0
-26 -5 6 0
-47 17 -12 0
30 3 -34 0
33 33 17 0
47 -19 -12 0
-12 -12 10 0
-47 30 17 0
-31 47 22 0
34 -43 -49 0
-26 -23 26 0
-7 15 7 0
-33 -37 15 0
24 -12 -20 0
21 17 29 0
34 -40 6 0
47 46 12 0
12 30 -36 0
-23 -16 28 0
9 -28 -33 0
-17 -22 -40 0
5 4 -14 0
-6 -25 37 0
23 34 -24 0
38 -26 -7 0
-31 -24 16 0
46 -40 -23 0
24 -6 7 0
13 -35 -43 0
13 7 -17 0
-2 -33 -5 0
-13 -49 14 0
-49 24 -26 0
19 -8 -38 0
-34 17 -13 0
31 -15 -34 0
41 -21 41 0
-35 28 -16 0
-18 39 10 0
24 37 -6 0
17 -41 -20 0
-3 8 46 0
-36 50 16 0
-37 -3 10 0
12 -47 -44 0
31 39 -31 0
49 -12 -34 0
-27 -32 -43 0
-22 11 -34 0
17 -50 -40 0
37 -3 -38 0
-37 20 33 0
-42 -2 1 0
-23 21 -34 0
43 32 15 0
4 -44 10 0
32 16 47 0
45 -27 11 0
31 17 -32 0
-39 24 9 0
-45 -43 -27 0
25 12 -9 0
40 49 25 0
28 4 41 0
-4 -13 -27 0
-25 -37 13 0
42 -39 2 0
42 -12 -17 0
8 -41 6 0
-2 35 -20 0
35 37 29 0
-23 -29 -30 0
-39 -9 -5 0
40 33 16 0
31 4 39 0
28 46 29 0
6 -45 -18 0
14 -1 -46 0
22 -4 1 0
-21 34 -45 0
15 -14 41 0
29 -41 -27 0
35 -2 31 0
44 -49 30 0
-29 -21 4 0
20 -29 2 0
-12 6 -41 0
21 -13 1 0
-38 -44 23 0
-11 37 9 0
43 -12 -23 0
-23 -16 47 0
-35 -5 -26 0
-39 -25 -34 0
-10 1 -36 0
-16 -22 -36 0
-44 -42 -39 0
12 -20 19 0
-37 -7 3 0
8 -34 -31 0
40 -33 -40 0
22 18 29 0
5 -16 45 0
-7 -20 -29 0
25 -47 -35 0
25 -30 29 0
3 -14 -32 0
-30 -18 -40 0
3 -17 -6 0
36 -6 5 0
-3 3 34 0
-44 18 -38 0
-33 -35 -16 0
18 15 49 0
-19 3 30 0
-48 -2 -20 0
-9 -39 45 0
-44 44 7 0
-13 16 -14 0
27 -18 -34 0
-18 37 30 0
11 -2 42 0
-18 -24 -4 0
-2 27 9 0
-33 49 -42 0
35 -50 33 0
-49 -5 -50 0
33 35 47 0
-14 -38 -28 0
24 -36 26 0
3 5 41 0
8 15 -2 0
