c CNF generator v0.9
p cnf 50 215
26 -31 -29 0
-23 8 48 0
39 40 -15 0
33 27 25 0
-27 19 -50 0
8 -49 43 0
26 -9 19 0
-7 -14 -31 0
34 30 -45 0
-38 47 4 0
-16 -9 -29 0
-8 -19 36 0
8 -9 34 0
37 -15 -31 0
-49 39 -7 0
28 13 43 0
44 13 9 0
-26 18 -12 0
47 24 -30 0
-21 32 -27 0
-20 -8 33 0
24 37 4 0
5 7 -23 0
-41 -5 36 0
42 29 -42 0
44 -20 31 0
-12 -20 40 0
-6 -14 18 0
-13 2 -14 0
-41 18 42 0
-11 -31 -28 0
-2 -42 17 0
-20 -45 43 0
-26 37 4 0
24 45 -48 0
-49 -41 -38 0
-37 -4 23 0
17 -38 -4 0
8 19 -4 0
43 -47 10 0
-43 -21 -23 0
50 -29 2 0
34 -5 16 0
49 35 3 0
6 -32 -43 0
-41 21 -27 0
8 41 -15 0
19 39 29 0
50 -25 -38 0
37 -36 37 0
38 2 -6 0
-40 14 -22 0
-27 -27 -48 0
-6 31 41 0
-39 24 -21 0
-32 -49 38 0
-36 -21 -47 0
17 17 15 0
24 -10 16 0
-6 4 10 0
-17 28 34 0
-5 39 6 0
24 -50 39 0
15 -13 50 0
3 15 -21 0
-28 13 47 0
-23 -40 29 0
46 -48 45 0
31 -50 -27 0
-4 -19 -25 0
-5 -49 -41 0
15 7 25 0
13 -27 19 0
40 -13 40 0
33 43 34 0
39 38 -31 0
-47 -34 -1 0
21 -22 -44 0
-37 16 46 0
-44 50 8 0
-22 46 -36 0
19 -23 -42 0
39 -41 -37 0
-21 -10 -39 0
-27 2 16 0
-15 23 31 0
50 -49 -47 0
44 27 -3 0
-14 9 -35 0
-20 46 1 0
-49 -26 -14 0
-19 -4 -7 0
-41 34 9 0
-21 -45 -49 0
7 -42 -29 0
9 16 1 0
22 37 48 0
-28 14 28 0
-40 -23 -47 0
-30 32 31 0
-26 27 30 0
10 10 -5 0
10 -16 -3 0
1 43 5 0
18 10 -16 0
21 -5 -6 0
39 -15 45 0
38 24 44 0
32 -38 -40 0
23 11 25 0
-26 10 -46 0
31 -11 -34 0
-35 40 36 0
-26 13 16 0
41 -1 -5 0
8 17 46 0
8 25 -19 0
-13 7 2 0
-35 -20 46 0
17 -5 -2 0
-28 30 -25 0
13 -28 -19 0
47 -20 49 0
44 -45 6 0
-15 -32 -49 0
39 -3 -49 0
32 43 -34 0
-40 -49 -28 0
-50 11 2 0
-42 -14 24 0
-33 24 48 0
3 2 32 0
-36 13 24 0
-30 41 9 0
-6 44 -24 0
-40 -1 40 0
-16 49 34 0
-40 36 39 0
21 -20 -2 0
48 26 1 0
47 -36 39 0
47 -5 26 0
-29 -17 50 0
28 -6 -11 0
46 -31 7 0
-45 -2 6 0
30 42 5 0
7 35 47 0
28 9 -35 0
37 -39 -41 0
37 33 -36 0
-9 -7 -9 0
-28 42 -8 0
-47 17 8 0
6 -24 -3 0
19 11 -21 0
-27 -8 -26 0
-7 -27 -32 0
27 33 13 0
-30 28 32 0
20 20 -27 0
-41 24 6 0
31 -30 26 0
-39 -18 14 0
-41 33 -44 0
12 2 15 0
1 30 -18 0
-4 -19 -16 0
-5 -40 39 0
22 -28 38 0
40 48 -9 0
1 -20 12 0
-47 34 -30 0
-21 -26 3 0
-37 40 32 0
-35 10 45 0
-20 12 38 0
36 -43 32 0
26 39 38 0
13 -45 6 0
28 -40 25 0
-19 50 -10 0
32 -3 -45 0
35 -12 -8 0
36 -25 9 0
26 6 22 0
-48 22 34 0
-6 -5 11 0
26 8 43 0
24 7 -10 0
17 6 13 0
-2 -1 -26 0
-8 -37 -15 0
-40 -18 6 0
-23 27 7 0
33 32 40 0
2 -15 -26 0
-38 38 44 0
-36 40 13 0
3 28 29 0
2 -13 -46 0
16 -2 -44 0
15 -20 12 0
43 48 29 0
10 22 33 0
-16 -15 29 0
6 -44 -22 0
-8 -11 -5 0
31 47 20 0
33 22 15 0
-15 -40 -5 0
8 -11 36 0
16 -46 37 0
3 44 -35 0
-50 -34 3 0
