c CNF generator v0.9
p cnf 50 215
18 6 -35 0
49 43 7 0
-6 -22 -28 0
9 -8 -10 0
28 18 12 0
22 -22 16 0
-32 45 3 0
-42 40 -28 0
24 49 -36 0
32 -48 44 0
-5 12 45 0
12 -33 25 0
-33 42 14 0
-11 -13 -12 0
42 25 -45 0
44 -46 -5 0
25 -22 1 0
-48 37 2 0
46 -33 -14 0
-47 34 18 0
48 -2 30 0
6 -31 -32 0
-43 44 34 0
-4 -44 -33 0
2 -20 35 0
-10 48 47 0
-9 -1 26 0
-19 -15 -28 0
24 36 -41 0
-16 -11 -23 0
48 41 -38 0
33 -2 42 0
-43 27 24 0
-31 20 -8 0
-9 -36 -38 0
-8 33 2 0
-45 -24 49 0
-25 -3 -18 0
7 -5 36 0
14 -29 41 0
34 38 -40 0
18 -29 45 0
29 46 46 0
28 34 -23 0
-27 -16 -48 0
-32 32 20 0
23 -49 40 0
-26 -14 -5 0
10 -45 -7 0
15 -16 11 0
-50 10 -40 0
-18 -46 -49 0
31 -17 -33 0
21 -30 37 0
-42 -20 -4 0
3 4 35 0
43 20 -3 0
-13 -9 40 0
46 9 22 0
-3 19 23 0
2 40 -31 0
-12 -25 -16 0
-16 -40 -45 0
-27 45 -15 0
36 -31 30 0
10 -39 -41 0
-47 46 15 0
-7 37 43 0
-21 -30 38 0
-11 -9 27 0
9 37 48 0
28 34 13 0
-46 -30 -48 0
-12 32 -14 0
-9 -49 27 0
-40 35 49 0
-4 15 6 0
-21 -30 -31 0
-44 47 40 0
41 48 -23 0
23 26 -19 0
1 -28 -41 0
49 27 -49 0
31 -24 9 0
-22 -21 -15 0
1 -17 33 0
-3 -49 49 0
-11 -25 30 0
-22 -50 26 0
11 14 -7 0
-28 -48 -27 0
-9 36 46 0
-38 -45 -42 0
36 27 18 0
-49 35 11 0
-19 -29 -22 0
38 8 -35 0
-31 24 15 0
31 -2 -6 0
-12 30 33 0
8 41 22 0
34 6 10 0
-10 46 -18 0
-34 41 -38 0
14 14 -11 0
-32 -2 -2 0
-46 -45 31 0
-14 -8 -3 0
44 -31 4 0
48 -19 35 0
-9 9 -20 0
9 13 -1 0
-48 36 -17 0
43 35 26 0
-5 28 26 0
-43 12 -48 0
-21 -22 42 0
-7 34 18 0
31 29 -33 0
43 -22 45 0
17 22 -2 0
12 30 -49 0
45 -24 3 0
-6 6 37 0
19 23 24 0
32 17 -8 0
-43 26 -32 0
1 -11 6 0
13 -37 -4 0
-30 -27 -22 0
-5 -24 -2 0
-3 29 -36 0
50 -29 -2 0
27 37 40 0
13 -32 -38 0
-22 -36 -20 0
7 46 -34 0
-11 34 -5 0
39 -40 -15 0
-47 49 33 0
33 2 41 0
34 -31 -40 0
36 3 -45 0
21 1 4 0
41 15 -50 0
47 49 -47 0
-30 -1 11 0
22 -13 -10 0
41 -26 12 0
31 -28 30 0
-42 -42 -7 0
13 -47 -9 0
-22 34 15 0
-42 1 -48 0
-46 -25 44 0
34 -47 -38 0
-38 4 40 0
-13 -35 3 0
-34 29 -11 0
31 -17 -49 0
50 -8 15 0
-19 -39 37 0
-25 -46 -49 0
9 -32 -11 0
-36 -32 -41 0
-34 40 44 0
-4 -45 -15 0
-18 42 -48 0
-37 -2 49 0
45 6 18 0
-24 10 37 0
-27 -22 -20 0
11 21 49 0
4 -8 -41 0
20 -2 -30 0
17 -28 40 0
43 -44 -20 0
25 -24 -15 0
4 -18 -47 0
3 -19 -24 0
-34 39 -18 0
19 -45 50 0
6 12 5 0
39 39 6 0
47 20 25 0
-41 -17 36 0
-25 27 -28 0
30 7 -26 0
4 -1 14 0
-4 -48 38 0
-9 -29 -40 0
-31 49 47 0
39 17 -46 0
28 -32 -47 0
-32 12 49 0
6 29 22 0
-34 3 -27 0
31 9 -13 0
7 -2 -29 0
50 9 -40 0
-28 42 -20 0
44 -26 -20 0
41 1 25 0
-28 47 -4 0
8 20 -24 0
-49 42 -7 0
-27 -22 -47 0
-30 -30 21 0
-14 -44 23 0
5 45 -16 0
-17 46 -33 0
41 24 18 0
12 -20 -16 0
21 -29 -17 0
-13 22 31 0
