c CNF generator v0.9
p cnf 50 220
25 -4 -6 0
-8 -41 -27 0
14 -34 -46 0
29 -41 -13 0
-23 25 23 0
-31 19 29 0
9 19 45 0
-34 -18 46 0
-3 28 8 0
-18 -2 44 0
-47 -37 29 0
-16 14 -21 0
-1 -15 31 0
-31 -3 -12 0
-18 40 -14 0
-8 -27 5 0
6 10 -45 0
43 -33 -10 0
-13 8 45 0
29 -33 -45 0
-19 39 45 0
-30 -40 23 0
32 -46 -13 0
12 -33 -20 0
-38 -21 37 0
30 16 18 0
6 -20 -31 0
43 -36 -33 0
-47 33 16 0
-48 -40 -46 0
34 -50 22 0
43 -49 30 0
-28 -48 -43 0
-43 -46 50 0
-12 -29 -9 0
26 -34 5 0
-29 24 -33 0
38 6 -24 0
-48 -5 39 0
-8 13 -34 0
-10 -37 -5 0
48 28 -8 0
25 -16 -19 0
5 46 -29 0
47 21 -34 0
-46 5 -21 0
18 -39 -3 0
9 -7 23 0
11 35 35 0
10 9 28 0
-10 39 -22 0
38 33 27 0
-30 -6 46 0
-35 -21 6 0
-12 -20 -26 0
6 -45 24 0
-22 4 37 0
29 -24 -47 0
32 12 -5 0
-6 25 46 0
-44 -21 17 0
41 4 49 0
3 -30 -23 0
42 20 -8 0
-30 41 -27 0
44 -13 -47 0
9 7 -32 0
-29 -11 37 0
18 37 -39 0
31 6 -37 0
-39 19 26 0
-22 -26 22 0
28 -48 -38 0
-49 29 -24 0
35 -30 -21 0
-48 11 -17 0
50 -18 44 0
21 17 28 0
18 -39 16 0
-9 31 -1 0
28 -49 41 0
21 -33 -1 0
-6 -47 47 0
-6 5 -35 0
-49 -48 -1 0
-46 35 -28 0
-42 25 31 0
-7 29 -15 0
-16 -20 -13 0
-36 16 -40 0
-39 20 33 0
28 -7 -26 0
-35 5 19 0
32 5 17 0
18 -12 10 0
-35 21 -30 0
45 -37 -50 0
-17 19 -20 0
13 -31 -39 0
-11 -30 -36 0
-34 -20 -3 0
-7 47 2 0
-24 45 23 0
-12 -43 -49 0
-46 -49 -18 0
-14 -37 49 0
-5 -41 21 0
-23 -7 -21 0
6 42 -3 0
21 38 41 0
-21 -37 45 0
5 36 -43 0
31 -4 41 0
32 9 4 0
47 16 -50 0
-41 -2 29 0
33 -10 -21 0
17 14 -45 0
18 23 14 0
4 1 41 0
46 41 -43 0
-29 48 11 0
-30 -47 21 0
-25 15 -24 0
-7 -37 -47 0
-37 -25 25 0
30 7 29 0
-35 37 10 0
-50 -35 7 0
-34 -17 23 0
-4 -45 15 0
-19 -24 12 0
45 -30 -10 0
46 -35 -11 0
-3 31 40 0
41 21 8 0
-2 -13 33 0
-23 25 -15 0
41 9 -39 0
49 -4 6 0
32 7 28 0
48 -43 -35 0
-18 -11 -22 0
-3 -48 -20 0
32 34 2 0
-32 -46 -23 0
-11 32 -17 0
31 38 -17 0
29 -6 2 0
-46 -40 39 0
-50 -32 -3 0
5 26 2 0
28 9 41 0
28 45 -14 0
6 -50 32 0
-10 18 -50 0
-25 -31 -33 0
-5 26 -33 0
-46 -35 12 0
11 -26 -45 0
3 42 7 0
-21 -26 -33 0
-40 -31 -24 0
34 -11 31 0
-33 -39 -18 0
-35 21 4 0
22 -32 5 0
39 -4 3 0
-8 20 47 0
35 -36 45 0
48 1 8 0
-20 41 -36 0
-3 -17 -45 0
30 -21 46 0
-12 23 29 0
-12 6 21 0
-35 21 -49 0
28 -16 34 0
-14 45 7 0
10 16 -12 0
17 -2 -38 0
-6 16 25 0
2 37 -46 0
36 24 -27 0
16 17 -49 0
18 29 -2 0
-41 39 36 0
-27 -24 -8 0
-39 -22 43 0
-1 15 49 0
50 -20 -35 0
-43 -41 3 0
-2 21 39 0
44 2 30 0
-40 12 33 0
-50 33 -32 0
47 -43 35 0
10 -31 -30 0
-1 24 50 0
-1 -48 -33 0
38 -4 -38 0
31 -32 39 0
6 43 32 0
-16 -50 9 0
29 31 -29 0
13 -8 -45 0
-27 21 -10 0
-3 -20 49 0
-12 -9 -45 0
40 39 33 0
-7 31 -40 0
37 -27 25 0
-35 -21 -34 0
49 3 -7 0
25 2 10 0
-44 -3 -6 0
40 20 -1 0
15 46 31 0
-24 -10 -13 0
-36 1 18 0
