c CNF generator v0.9
p cnf 50 220
-9 28 -32 0
-2 -27 -11 0
34 18 13 0
-1 11 -23 0
12 36 9 0
-50 23 21 0
35 7 -41 0
-3 -27 -15 0
-35 25 21 0
44 -20 -41 0
-22 -35 -44 0
17 11 -4 0
-10 28 -30 0
-26 11 20 0
-7 -28 20 0
-20 -36 -21 0
-49 12 -9 0
-50 -44 27 0
8 5 -30 0
-42 37 -48 0
-39 17 37 0
-8 9 -46 0
13 2 39 0
1 45 10 0
-23 3 6 0
-3 34 -17 0
-13 27 14 0
25 11 -47 0
41 -42 6 0
12 20 -5 0
37 12 19 0
-6 -23 15 0
16 -3 8 0
-24 33 -13 0
-50 48 50 0
-22 17 -4 0
44 45 -14 0
49 -4 46 0
-7 33 -18 0
-33 7 43 0
-33 12 22 0
39 -50 -48 0
-13 -18 -4 0
-2 34 17 0
10 -12 -16 0
-17 -3 47 0
-50 21 48 0
-43 2 21 0
49 -9 20 0
24 30 30 0
17 25 -25 0
-3 16 -30 0
-10 -30 -11 0
41 29 -7 0
34 -17 24 0
33 -4 -17 0
-39 -4 -15 0
-18 24 17 0
23 27 10 0
34 20 -2 0
-4 17 49 0
41 12 18 0
8 -18 33 0
-4 -11 40 0
-41 -33 42 0
26 41 -22 0
8 14 1 0
34 11 -47 0
-31 2 46 0
31 -17 -28 0
27 2 -15 0
24 -25 -30 0
-27 -16 -10 0
-50 -32 41 0
-28 -19 44 0
-34 6 -3 0
-15 32 -13 0
-47 21 -37 0
-38 -17 3 0
24 -33 4 0
40 -29 25 0
46 15 25 0
-5 48 22 0
-15 20 3 0
30 11 -40 0
29 -8 -36 0
43 -20 -25 0
-21 24 -44 0
-43 7 28 0
-18 35 -46 0
-17 -26 -42 0
47 43 -18 0
-32 3 46 0
-42 47 -3 0
-10 -21 22 0
-24 -3 16 0
-41 48 -35 0
25 25 -35 0
41 7 45 0
-43 25 -26 0
45 49 -33 0
-41 -23 33 0
-33 -30 -36 0
11 5 41 0
-32 31 -8 0
20 28 26 0
7 -40 32 0
17 16 24 0
-23 -16 -17 0
2 30 15 0
-33 1 -34 0
48 -20 30 0
11 -37 41 0
8 -45 24 0
-44 49 37 0
7 11 -5 0
-19 -17 22 0
-50 -4 -19 0
-34 -28 42 0
14 -11 12 0
42 45 -35 0
15 -27 12 0
-38 -43 22 0
11 3 -36 0
-23 -28 37 0
-7 11 21 0
5 30 3 0
-32 26 22 0
-14 38 25 0
-39 22 30 0
14 9 20 0
7 7 29 0
-9 -43 -43 0
44 -25 33 0
31 29 -25 0
30 10 -26 0
18 -1 -30 0
-9 -29 17 0
36 -14 4 0
-30 40 -39 0
13 36 27 0
-35 33 23 0
-15 37 31 0
-28 17 27 0
30 -38 -2 0
34 -43 36 0
-20 12 17 0
24 -46 46 0
49 44 -43 0
-28 -15 24 0
-43 50 -1 0
-6 20 39 0
-23 -40 50 0
24 -35 -42 0
-28 -28 29 0
24 -8 36 0
-47 38 -22 0
25 18 36 0
14 15 -37 0
19 -28 -45 0
-4 23 -20 0
38 28 9 0
-28 -38 1 0
-8 -4 38 0
27 11 -40 0
-12 -6 3 0
26 45 -2 0
7 16 34 0
35 -1 30 0
21 -29 -11 0
-31 -1 47 0
13 -2 -14 0
-41 9 38 0
-38 30 -27 0
37 -23 -27 0
-16 36 19 0
-5 19 -30 0
-12 26 5 0
-2 -45 12 0
42 50 -50 0
27 36 27 0
-8 29 -4 0
43 -44 -28 0
-38 -10 7 0
37 46 9 0
5 -16 16 0
-6 -29 -15 0
-2 -2 -44 0
43 16 45 0
-38 -15 7 0
33 16 -4 0
16 24 50 0
17 -7 -17 0
38 -1 22 0
31 19 15 0
37 -38 8 0
19 -20 6 0
18 12 41 0
20 43 9 0
23 -45 12 0
17 40 -44 0
18 -36 38 0
-21 25 -22 0
46 -34 31 0
-17 -25 30 0
15 -29 -32 0
9 23 20 0
-47 5 10 0
21 6 20 0
8 39 -5 0
-44 -49 -20 0
-23 25 -28 0
33 29 22 0
-24 7 -21 0
-48 -45 16 0
-4 40 16 0
-19 1 -38 0
-32 -15 23 0
27 8 24 0
-21 -37 -42 0
