c CNF generator v0.9
p cnf 50 220
19 11 17 0
22 2 7 0
8 22 38 0
32 7 29 0
13 34 -13 0
-30 11 35 0
6 42 -29 0
41 34 -7 0
15 14 15 0
-13 13 44 0
17 -16 -30 0
18 36 -26 0
33 -28 33 0
-12 -28 -2 0
34 -21 -29 0
28 -10 42 0
-8 -21 31 0
33 28 -31 0
-1 -47 23 0
-2 50 29 0
12 -4 27 0
27 -17 23 0
-15 -9 -16 0
-15 31 -19 0
25 -48 -15 0
-4 -25 28 0
-7 21 4 0
27 -39 -40 0
-2 -8 19 0
41 2 23 0
-19 48 -29 0
35 50 -21 0
10 33 -28 0
1 -45 12 0
46 -32 44 0
46 3 -22 0
25 7 -26 0
-29 23 13 0
49 -49 -5 0
-37 43 15 0
44 -35 -49 0
46 36 4 0
47 29 11 0
5 -38 -40 0
26 -43 -14 0
45 19 -32 0
36 47 35 0
-40 46 6 0
-25 -46 -47 0
-30 -34 6 0
-32 7 -43 0
-15 43 -25 0
27 24 -14 0
26 -33 29 0
-4 -32 42 0
-26 17 -21 0
14 7 22 0
48 -27 34 0
2 21 8 0
16 48 -33 0
-49 -38 -33 0
-13 -39 -22 0
-41 -5 34 0
6 26 -26 0
46 46 -4 0
22 27 -37 0
47 28 14 0
-32 21 5 0
-6 26 -44 0
28 17 23 0
11 31 -12 0
21 26 -18 0
40 -44 39 0
23 -36 12 0
-22 6 10 0
43 37 -29 0
21 -45 37 0
40 12 -12 0
-14 -6 -16 0
5 -28 47 0
15 -36 -20 0
-44 36 41 0
36 -42 41 0
-47 22 -5 0
2 -17 -26 0
-36 -41 15 0
-28 27 -15 0
8 -29 39 0
-32 -25 41 0
33 49 21 0
-43 -42 -21 0
42 -23 -48 0
49 -44 39 0
23 -16 -48 0
12 44 -1 0
50 13 -16 0
-7 -34 15 0
22 25 32 0
3 -39 24 0
-26 4 34 0
-19 34 -27 0
31 -5 -37 0
-43 -38 -15 0
-42 -8 -26 0
-17 33 23 0
32 42 -18 0
50 43 -39 0
19 17 -5 0
-25 -42 16 0
-23 -20 -41 0
-35 -29 35 0
-49 28 39 0
-6 -49 42 0
50 -26 38 0
-43 -45 -41 0
8 -38 -28 0
-5 35 -32 0
-15 33 -47 0
11 40 -38 0
6 38 29 0
11 6 -22 0
21 -9 -42 0
-30 -28 -46 0
46 -46 50 0
-46 -20 46 0
46 5 44 0
29 23 -47 0
14 -6 -28 0
45 46 6 0
9 -35 -48 0
-39 21 28 0
-42 -44 11 0
15 21 -50 0
-28 18 47 0
-49 40 -30 0
14 17 41 0
36 -49 20 0
4 -17 18 0
32 -49 24 0
19 -49 24 0
18 -36 39 0
-3 27 3 0
27 -40 -45 0
-16 -32 42 0
36 -47 16 0
-14 40 44 0
14 10 13 0
38 33 -11 0
-37 -37 27 0
42 14 23 0
44 34 38 0
-14 22 -4 0
-8 37 10 0
36 -19 -34 0
-28 4 49 0
-4 -35 43 0
40 -11 -14 0
42 -49 -36 0
-14 36 -36 0
2 50 21 0
-31 -19 -10 0
19 46 -37 0
-11 -22 -34 0
8 -13 18 0
6 -5 13 0
6 10 40 0
20 -49 -42 0
-25 -3 37 0
46 16 14 0
39 7 -46 0
-29 36 -35 0
-16 -34 -29 0
-42 5 1 0
39 1 32 0
43 -32 -46 0
-27 -26 -34 0
-6 -4 -38 0
-24 22 -22 0
-15 -25 -5 0
-32 -35 -26 0
19 39 9 0
-19 22 -6 0
4 -43 1 0
-34 15 36 0
-3 -16 -27 0
21 -28 -28 0
-41 -14 17 0
40 17 25 0
33 -13 -45 0
33 -7 -28 0
-41 43 3 0
-27 23 -36 0
31 -32 33 0
35 4 15 0
19 27 22 0
26 -42 27 0
-2 -32 -8 0
27 -19 40 0
23 -16 -12 0
-15 3 -37 0
-37 46 -25 0
-25 29 -39 0
-44 -2 6 0
35 -26 -13 0
18 4 -40 0
-8 6 9 0
-32 16 49 0
-16 -1 -33 0
-12 -28 -24 0
45 -7 -46 0
-20 5 17 0
18 43 20 0
22 49 -37 0
17 -35 15 0
18 -5 21 0
-17 -12 -17 0
50 -19 -3 0
22 -28 -26 0
49 10 4 0
-31 -44 -50 0
