c CNF generator v0.9
p cnf 50 220
1 30 6 0
27 25 -20 0
29 -36 -2 0
-2 10 16 0
46 -30 50 0
-22 -46 -17 0
-4 8 -35 0
-46 13 -9 0
47 10 -10 0
12 4 -14 0
-26 3 38 0
-44 41 -40 0
3 -26 33 0
-37 -8 -41 0
-1 -47 24 0
-41 -31 -1 0
-28 20 39 0
-23 -22 -10 0
27 -11 25 0
23 -4 -8 0
2 14 -26 0
-5 49 49 0
-43 -4 45 0
-42 -38 20 0
-34 -41 -49 0
-26 5 29 0
-37 -43 -44 0
10 -4 17 0
-48 22 47 0
-4 -30 27 0
1 8 45 0
-4 1 -44 0
2 -34 38 0
-30 41 2 0
-46 3 17 0
-39 -11 -29 0
16 25 3 0
-15 -44 -7 0
44 -10 -31 0
44 -8 2 0
-26 7 -7 0
-15 5 44 0
-15 -35 -25 0
37 17 24 0
42 -8 -19 0
-31 31 3 0
30 43 1 0
33 -19 -43 0
16 -32 -11 0
15 -16 -40 0
28 7 -34 0
47 -36 -1 0
32 -50 -18 0
-8 2 -38 0
-34 -46 40 0
13 6 32 0
34 35 -44 0
37 6 20 0
41 1 37 0
-7 -13 27 0
-3 50 17 0
35 -35 45 0
12 -20 -50 0
3 38 17 0
-36 -5 -37 0
-20 7 7 0
33 -8 -30 0
-15 12 -10 0
8 -48 20 0
29 31 10 0
-10 -14 -42 0
-37 13 -50 0
-4 3 -20 0
-35 -41 29 0
-28 39 -28 0
-8 35 12 0
-41 20 -22 0
10 -1 -25 0
-47 2 -41 0
7 18 -44 0
-14 2 -18 0
-39 48 3 0
-10 -13 -33 0
-17 -15 44 0
-16 34 46 0
14 4 -47 0
-3 -19 32 0
38 2 6 0
-2 22 10 0
48 -37 41 0
39 28 30 0
45 -2 -11 0
10 -8 22 0
-40 -31 -4 0
-10 49 -37 0
-4 22 26 0
-28 45 34 0
-23 -46 41 0
49 -46 49 0
44 20 -22 0
30 30 9 0
-15 9 19 0
-50 -38 -34 0
-47 -34 -27 0
-34 11 15 0
42 48 15 0
-13 -1 -1 0
42 -15 8 0
2 22 27 0
30 -4 45 0
-40 26 -28 0
35 25 8 0
-38 -6 -26 0
8 -33 -12 0
44 -33 -31 0
-3 -31 -9 0
-26 14 -3 0
-31 47 -16 0
41 -31 -29 0
-13 -50 -14 0
-38 -32 -34 0
-43 -28 -44 0
21 -37 -33 0
32 39 12 0
32 -37 36 0
-32 32 20 0
32 -35 -41 0
5 12 -37 0
-42 -6 38 0
16 -28 38 0
4 -3 -21 0
-27 -48 5 0
32 9 37 0
-4 -42 36 0
11 -46 -39 0
28 -3 -19 0
38 29 -33 0
32 -35 -43 0
-46 -19 -19 0
48 37 9 0
-5 -41 -22 0
-24 -37 -24 0
37 28 24 0
-11 3 17 0
-46 -20 -18 0
-18 34 -44 0
33 31 -30 0
6 28 30 0
-47 2 17 0
-50 -24 38 0
-23 38 -45 0
35 -38 48 0
-38 31 -17 0
-49 13 10 0
47 2 -29 0
-8 -44 -22 0
-5 47 20 0
41 49 -9 0
4 14 -13 0
-1 17 -36 0
-46 -33 39 0
-45 -29 -46 0
-44 45 26 0
-4 -24 36 0
-33 4 -2 0
21 -9 -11 0
-38 -19 12 0
-11 20 43 0
31 -41 2 0
2 38 41 0
25 4 8 0
33 11 -19 0
39 -32 -7 0
-18 44 -6 0
-32 3 -20 0
-43 -26 -7 0
28 15 38 0
-31 6 -36 0
32 23 2 0
-2 -45 2 0
-7 47 38 0
27 -3 21 0
20 4 34 0
-16 -5 -37 0
28 -17 47 0
48 -32 -11 0
39 2 -18 0
28 24 2 0
-3 -46 38 0
-29 36 -16 0
27 16 -23 0
-43 17 34 0
-19 20 4 0
-18 -47 -18 0
22 -10 20 0
-23 48 -33 0
-43 27 -34 0
-24 -4 -32 0
-44 -21 -45 0
28 -2 -1 0
25 14 24 0
-24 -10 -19 0
-38 18 -10 0
39 -14 -16 0
-23 -14 8 0
-26 49 1 0
-41 50 -2 0
-37 -17 26 0
-48 -9 -2 0
-4 -40 -36 0
-38 -26 19 0
36 -48 9 0
16 23 18 0
-19 30 -24 0
-26 -44 43 0
-50 45 7 0
19 32 -46 0
38 -41 -1 0
2 -34 -36 0
18 -11 41 0
