c CNF generator v0.9
p cnf 50 220
-45 7 -20 0
33 29 -41 0
-40 18 -31 0
-24 14 -33 0
-5 22 -47 0
34 34 32 0
36 29 26 0
31 8 -47 0
19 -25 15 0
20 -1 -41 0
-15 -18 35 0
-11 -15 -19 0
-34 1 26 0
-7 42 -2 0
32 22 -27 0
31 -17 37 0
34 28 -31 0
-50 -22 48 0
-42 -25 36 0
-11 -8 -47 0
-47 -32 34 0
-1 46 -3 0
-32 29 -15 0
-34 34 21 0
-34 -8 -6 0
42 50 17 0
-20 19 13 0
-12 34 -13 0
-25 20 28 0
23 34 -45 0
-40 -38 -48 0
36 -35 -23 0
39 -11 -35 0
-29 -30 -25 0
12 20 19 0
-40 -11 20 0
6 -17 30 0
-29 -13 16 0
-36 24 9 0
43 -18 -30 0
22 13 -37 0
-14 18 38 0
-28 36 16 0
39 40 -17 0
-11 -38 27 0
-37 9 44 0
-6 47 -36 0
47 49 40 0
30 -41 -50 0
-21 -14 28 0
36 -31 -28 0
-8 -4 -45 0
-11 -40 10 0
-32 5 23 0
1 -17 -36 0
-19 13 44 0
1 6 -21 0
39 -41 -21 0
3 39 -6 0
7 2 38 0
43 -11 -12 0
-19 29 16 0
-5 47 -25 0
-48 27 -24 0
-49 -42 -22 0
-27 -34 8 0
19 28 -24 0
-45 -9 38 0
-16 39 33 0
29 -24 -40 0
39 -47 -46 0
-13 50 -25 0
-13 25 -48 0
-9 -42 -17 0
-25 -2 10 0
4 -50 -49 0
23 -3 15 0
9 33 17 0
-13 45 -25 0
-28 24 36 0
-18 44 44 0
9 7 -14 0
41 4 -31 0
33 -30 49 0
-9 41 -32 0
10 -38 -47 0
-9 18 -1 0
-43 -32 3 0
-48 -46 -35 0
-42 -1 -14 0
-25 -35 -50 0
19 -19 -40 0
-43 2 45 0
-40 31 -36 0
33 41 -48 0
-42 -34 12 0
47 32 36 0
37 5 -6 0
37 20 20 0
-3 35 -7 0
2 39 48 0
-36 -34 12 0
24 -28 8 0
-9 38 -17 0
49 9 -21 0
-27 11 30 0
26 -2 13 0
-19 -29 -49 0
17 -18 41 0
42 -37 -10 0
29 3 39 0
-44 12 -36 0
6 -45 -32 0
-38 -32 -45 0
17 -34 -49 0
-10 -40 28 0
23 -5 20 0
-48 -23 50 0
7 50 -19 0
-18 -4 2 0
-27 -33 5 0
-24 4 26 0
-15 -29 9 0
48 -3 -36 0
-49 -7 -16 0
-5 -3 -7 0
-44 26 -4 0
12 -22 13 0
37 -39 -37 0
-17 -11 -48 0
20 -28 -29 0
26 44 -6 0
14 45 -16 0
29 33 -19 0
7 -38 45 0
23 -44 -2 0
46 40 -34 0
-1 -38 3 0
9 -33 35 0
-30 16 12 0
-35 -42 1 0
8 -19 -50 0
16 47 34 0
-42 15 8 0
-1 30 16 0
50 28 -9 0
-28 33 -40 0
-28 -40 47 0
-29 22 37 0
16 -40 -16 0
19 28 30 0
-38 21 10 0
-19 -21 33 0
-49 -29 -38 0
17 -48 1 0
-2 -19 -34 0
47 31 13 0
-6 -1 3 0
-42 18 33 0
-47 -40 43 0
28 17 24 0
15 24 42 0
-42 9 42 0
-27 -7 11 0
-15 -15 45 0
46 -17 -44 0
26 39 -29 0
28 39 30 0
30 -1 29 0
35 -45 -39 0
-6 38 1 0
29 14 -14 0
-22 -27 29 0
41 -17 42 0
34 35 44 0
45 14 -46 0
37 -49 -13 0
31 31 -2 0
-18 9 31 0
-11 49 42 0
-5 14 15 0
-45 -13 29 0
-32 50 12 0
2 -38 10 0
20 20 -27 0
-7 -20 48 0
28 20 -1 0
-19 47 6 0
-1 23 -30 0
-9 4 -39 0
-32 -48 -11 0
26 38 -26 0
-5 41 -20 0
-32 31 -48 0
25 -5 -20 0
32 -21 27 0
17 -40 -33 0
19 34 23 0
-10 35 6 0
40 -31 -39 0
-37 -49 24 0
7 46 -50 0
-33 -14 21 0
15 31 -32 0
-6 -17 3 0
36 38 26 0
-41 12 15 0
22 -31 -37 0
22 45 50 0
-6 -10 10 0
-20 39 -36 0
37 -33 -32 0
-24 44 -38 0
31 -17 35 0
12 -14 34 0
26 14 33 0
12 6 21 0
44 47 2 0
-4 32 -25 0
34 25 -11 0
