c CNF generator v0.9
p cnf 50 220
19 23 -43 0
7 -34 -32 0
-30 -17 3 0
-47 28 14 0
39 2 41 0
-14 41 50 0
-34 -6 22 0
-5 9 -41 0
-1 -21 39 0
5 -30 14 0
19 48 9 0
-44 46 45 0
-32 23 -21 0
14 11 15 0
14 17 -21 0
26 47 -36 0
-33 49 -22 0
-6 -6 -14 0
20 -25 -27 0
-49 -39 -43 0
22 -25 -8 0
25 4 6 0
20 48 -31 0
-15 -25 4 0
-21 -34 -26 0
19 25 20 0
47 -34 -2 0
29 49 32 0
-39 -38 49 0
-34 -39 28 0
-18 -50 -28 0
-45 16 24 0
5 -43 -43 0
38 -38 27 0
48 -7 -31 0
-14 8 32 0
2 17 21 0
-50 6 -18 0
29 -42 38 0
-40 32 -6 0
-19 34 -29 0
-42 20 -15 0
-21 -27 -1 0
-5 6 -15 0
-9 -23 -45 0
-29 -29 -3 0
23 -19 10 0
27 -25 -28 0
-4 18 40 0
-36 -27 8 0
-3 -1 42 0
7 -22 -32 0
38 -35 -1 0
-3 3 41 0
-13 -16 13 0
-3 -22 -21 0
-15 -8 10 0
36 -12 42 0
40 -17 44 0
-48 36 19 0
45 50 21 0
-34 21 -14 0
10 -32 25 0
41 6 18 0
35 -13 14 0
-34 -35 -41 0
29 -15 -1 0
19 -17 -13 0
50 -4 -11 0
27 -9 -48 0
29 25 12 0
-38 39 -7 0
4 49 -2 0
2 29 -23 0
33 50 -32 0
3 28 47 0
-16 -47 29 0
23 -16 20 0
-29 28 25 0
48 32 8 0
-28 14 -23 0
8 19 -19 0
-3 -14 40 0
-28 -50 10 0
-22 22 -34 0
-9 -7 -5 0
-49 -7 37 0
28 -1 -37 0
20 -31 25 0
-15 4 -47 0
48 -25 -44 0
-32 -29 -39 0
-30 -43 10 0
2 -2 9 0
-50 -22 -14 0
-28 13 45 0
28 -3 -5 0
3 -32 24 0
11 4 -43 0
36 39 10 0
4 -15 20 0
17 1 21 0
-22 14 -37 0
4 -21 47 0
-18 13 -21 0
-25 -13 49 0
5 -41 14 0
-42 -28 21 0
-46 -5 -22 0
2 -19 16 0
34 -38 35 0
36 46 1 0
39 41 -23 0
31 32 35 0
38 45 -34 0
16 -23 45 0
46 -38 -4 0
-25 -30 24 0
-34 33 18 0
-18 43 -43 0
48 -45 49 0
-24 -19 43 0
-16 46 2 0
32 38 -32 0
-3 -18 9 0
10 9 2 0
10 2 -3 0
-37 10 -14 0
5 -13 36 0
-33 -28 17 0
14 20 -13 0
-43 35 -11 0
40 20 48 0
-5 12 -34 0
14 -41 19 0
17 15 36 0
-7 20 -41 0
-41 -42 -24 0
-41 -38 12 0
8 34 46 0
39 -36 -32 0
36 -12 49 0
-28 -9 -4 0
-9 -10 -20 0
5 45 5 0
36 -48 -12 0
6 -28 20 0
24 32 20 0
-42 33 47 0
-10 -7 3 0
-2 44 -28 0
-33 14 33 0
49 9 20 0
17 49 -34 0
-45 -24 18 0
26 2 20 0
28 47 -16 0
34 -27 -46 0
-12 -15 -37 0
-32 3 -33 0
-31 -6 -17 0
31 -8 -4 0
41 -31 -41 0
13 -49 49 0
-38 -25 -13 0
20 -12 -29 0
-11 -2 -5 0
42 17 2 0
-2 12 46 0
36 5 14 0
-39 30 -27 0
-23 -3 -27 0
-15 -42 50 0
44 36 -7 0
-1 6 1 0
37 -40 -13 0
30 -29 -31 0
10 -26 -24 0
-20 41 -36 0
44 3 -50 0
14 45 15 0
35 -11 38 0
-50 -36 22 0
-25 49 -41 0
46 -13 20 0
42 40 -30 0
-34 11 40 0
-26 -1 35 0
5 9 -37 0
-41 -36 -46 0
-17 19 -40 0
37 34 4 0
24 -32 26 0
-3 6 9 0
46 -35 -37 0
-14 -33 -33 0
48 -22 -13 0
25 29 -3 0
-28 -20 42 0
-5 -20 24 0
-7 -41 32 0
15 46 -22 0
24 21 29 0
37 -25 -48 0
12 -31 -19 0
-28 37 44 0
40 17 -45 0
48 38 -11 0
7 -7 44 0
-42 -14 -19 0
-50 -30 27 0
18 32 -16 0
-12 -42 -37 0
34 -20 27 0
48 -12 -17 0
-28 35 -8 0
9 -1 -13 0
-30 -27 18 0
-30 32 -42 0
23 41 -4 0
