c CNF generator v0.9
p cnf 50 220
41 -13 38 0
-37 25 30 0
1 -49 -22 0
-10 34 -45 0
-5 34 35 0
41 -3 -39 0
30 29 -7 0
-22 26 -22 0
-44 -45 -6 0
46 -31 43 0
43 -10 40 0
-8 7 -25 0
-12 -23 24 0
48 44 -8 0
-9 -40 32 0
-21 -45 21 0
7 29 -40 0
-38 21 -45 0
33 10 -12 0
46 -28 -21 0
34 -25 -31 0
-3 1 -50 0
32 -14 4 0
-26 3 -41 0
2 -21 -12 0
-5 -41 -17 0
-16 -29 42 0
-26 -43 23 0
31 28 31 0
27 28 4 0
24 41 22 0
8 50 -24 0
27 29 12 0
12 -31 5 0
-8 -2 2 0
-40 -2 7 0
-21 8 -14 0
22 -36 -36 0
-4 26 -7 0
37 -18 45 0
-44 -43 16 0
13 -2 -49 0
9 -3 27 0
-15 -43 4 0
35 -38 25 0
-20 45 -13 0
-9 36 -48 0
46 -33 2 0
-37 -8 -7 0
29 -39 -40 0
-45 34 29 0
-32 14 -14 0
-28 33 -4 0
-36 -6 -27 0
43 6 37 0
-33 -28 -5 0
34 50 16 0
-40 12 -45 0
17 -32 -17 0
-28 -9 8 0
-8 41 -44 0
-34 -31 -11 0
-41 -26 -30 0
24 3 25 0
18 33 40 0
24 9 10 0
18 -11 23 0
-9 37 -49 0
-47 -6 -10 0
7 -37 24 0
-27 -47 26 0
20 -27 -33 0
32 12 -35 0
-33 -5 47 0
49 -44 43 0
9 -24 -14 0
39 12 33 0
18 -48 20 0
-36 -37 26 0
-32 6 -5 0
-11 28 -36 0
18 -37 -36 0
-40 8 -37 0
-50 10 18 0
-23 7 20 0
47 -7 8 0
5 -33 -21 0
-41 50 38 0
-4 39 37 0
-19 29 -13 0
24 17 -1 0
49 48 -16 0
-29 -42 45 0
-31 6 37 0
-28 -39 -40 0
-37 -2 -9 0
34 46 42 0
17 -35 3 0
23 16 39 0
-11 -46 -37 0
14 43 26 0
38 -20 -15 0
-43 13 -19 0
-11 35 28 0
9 43 33 0
6 -36 4 0
-29 -18 50 0
41 29 4 0
24 -31 17 0
13 25 36 0
6 43 50 0
-9 24 13 0
-36 -28 -7 0
-27 25 33 0
44 -21 44 0
22 -48 -25 0
45 34 -22 0
-30 -46 -27 0
50 -45 38 0
33 -13 -25 0
-20 14 -33 0
46 15 33 0
-23 49 -47 0
-21 -48 43 0
35 -9 -4 0
-6 -11 16 0
33 -1 -18 0
30 13 40 0
16 20 -38 0
45 2 -47 0
-18 -3 -1 0
36 -1 -28 0
11 7 -45 0
-2 27 -38 0
-5 7 8 0
29 -6 -14 0
-7 46 -12 0
-6 -37 27 0
12 14 -50 0
-7 49 9 0
20 -29 48 0
42 18 -48 0
-6 13 34 0
-37 -10 -49 0
18 -29 36 0
-31 -8 40 0
44 31 -22 0
40 4 -20 0
46 47 -45 0
-36 29 -32 0
-5 -40 19 0
-13 -11 -16 0
-47 -30 -15 0
-11 -8 8 0
-25 5 -42 0
-40 -13 -47 0
39 34 -10 0
-15 -8 8 0
-21 -3 36 0
-9 -50 12 0
13 -11 38 0
25 -46 -34 0
13 -13 -12 0
18 12 10 0
-35 -14 -36 0
20 -30 -37 0
23 -49 45 0
-17 40 1 0
-14 -30 31 0
23 -11 -26 0
42 -39 -50 0
3 -11 8 0
-14 -16 -24 0
-22 25 17 0
-27 43 10 0
-41 10 -23 0
-7 -24 -42 0
24 -28 7 0
4 -47 6 0
25 -24 -11 0
-47 -31 35 0
-41 -40 -36 0
-34 -44 27 0
-7 -50 9 0
-25 5 -46 0
-8 -32 -13 0
46 -43 -40 0
-46 -16 -2 0
21 -24 21 0
-47 48 47 0
-2 -43 -20 0
45 33 8 0
-21 10 11 0
45 -18 -6 0
-30 28 -36 0
-8 -25 -9 0
-4 16 31 0
-23 3 20 0
5 29 -28 0
-25 17 25 0
-40 38 28 0
-36 -2 48 0
21 -7 8 0
-47 34 -21 0
-40 -15 -26 0
8 1 -32 0
19 1 20 0
11 -39 -22 0
49 17 39 0
40 -25 -6 0
28 8 -16 0
1 24 -48 0
-16 -45 -27 0
-6 -7 23 0
-49 41 -18 0
-48 2 5 0
2 -19 18 0
6 35 30 0
4 -4 50 0
-33 34 45 0
