c CNF generator v0.9
p cnf 50 220
-23 27 -20 0
-42 -21 -14 0
-14 8 50 0
-29 -7 -43 0
-14 39 -31 0
49 31 -45 0
39 -11 -11 0
4 -17 34 0
-27 -22 -46 0
14 -45 25 0
-33 44 -44 0
-26 -30 -7 0
-21 -47 37 0
-31 -36 20 0
19 32 24 0
-19 20 -9 0
32 -23 -31 0
20 -4 -35 0
-4 -19 43 0
13 -11 -35 0
2 -17 41 0
-23 12 24 0
-46 -39 18 0
42 -7 24 0
-45 -49 -27 0
17 -49 -24 0
-26 34 1 0
4 -36 -26 0
-29 -17 21 0
-27 41 43 0
-32 3 41 0
-10 33 1 0
1 15 34 0
-30 -24 -47 0
20 -31 -39 0
-29 -12 -42 0
43 -18 38 0
-14 -50 -36 0
40 8 -35 0
50 -24 -5 0
-3 38 43 0
-23 26 -12 0
-29 -6 -3 0
-45 43 -29 0
-4 -37 -26 0
10 36 3 0
-44 30 2 0
50 46 17 0
-42 -11 32 0
-48 -28 -3 0
15 11 3 0
16 -14 26 0
-13 -23 18 0
36 -48 -25 0
3 6 -30 0
12 -15 7 0
-44 -46 21 0
-32 -17 -49 0
42 45 25 0
-5 44 -50 0
-22 27 -35 0
-5 7 -8 0
-34 -45 -7 0
-43 13 11 0
3 35 2 0
32 -40 44 0
14 6 -1 0
-44 22 29 0
40 -38 5 0
6 27 13 0
10 -26 13 0
43 -8 -43 0
-4 18 26 0
-1 -44 30 0
-40 23 9 0
21 16 23 0
23 -8 43 0
-23 28 -10 0
3 -7 23 0
42 -20 -47 0
10 23 -21 0
45 -22 -41 0
20 36 20 0
24 12 -16 0
20 -33 -28 0
-1 5 15 0
9 -42 -9 0
-40 -44 41 0
45 -45 42 0
33 2 -39 0
-11 -48 48 0
26 2 -43 0
-21 -49 -39 0
-34 -5 -18 0
-36 -7 3 0
-22 26 -29 0
3 3 -36 0
-14 14 4 0
6 -18 6 0
-27 6 -9 0
7 -34 -15 0
-41 -2 -6 0
17 -46 -16 0
-41 -6 7 0
1 27 18 0
-31 -32 47 0
50 -9 24 0
30 -19 -10 0
-16 -28 -29 0
-4 -34 -43 0
10 20 -33 0
-38 -47 -12 0
15 -38 -46 0
-1 -45 37 0
-45 38 1 0
27 -1 -2 0
-47 50 -48 0
32 3 -38 0
-22 -32 23 0
-32 11 -32 0
-27 -16 34 0
-2 18 19 0
45 -8 24 0
43 21 30 0
38 -41 24 0
49 -3 -48 0
24 21 30 0
-46 -5 24 0
-44 -47 -12 0
20 22 49 0
44 -34 -31 0
-47 29 36 0
32 2 18 0
-9 -29 16 0
-41 33 38 0
-14 31 12 0
-39 -4 41 0
7 48 -47 0
-37 47 10 0
-20 43 -22 0
21 -29 -30 0
-32 -8 -23 0
24 35 -44 0
50 -15 -9 0
19 -2 19 0
20 25 -32 0
-22 -43 -5 0
-19 -34 -3 0
21 -35 30 0
11 -48 10 0
-9 -14 28 0
26 -38 -28 0
39 36 7 0
48 28 -34 0
-31 21 -30 0
3 -27 -39 0
-38 -37 -22 0
-48 -15 -50 0
-46 31 -41 0
-9 45 4 0
-50 -17 42 0
-2 18 41 0
-12 -1 22 0
11 47 -33 0
-6 41 24 0
18 36 -29 0
17 -25 49 0
26 -37 44 0
-8 17 -15 0
-32 -14 20 0
-44 35 -14 0
-47 42 17 0
25 19 -46 0
-33 43 9 0
17 -40 -31 0
-19 40 28 0
-38 22 -40 0
12 -21 13 0
38 13 -21 0
-15 43 43 0
-8 -10 11 0
-28 -13 -36 0
-2 -39 49 0
26 9 42 0
46 18 30 0
-7 -48 18 0
43 -43 24 0
-45 -46 -6 0
-5 6 47 0
-9 -22 16 0
-48 49 11 0
11 -8 46 0
-49 -5 -10 0
-18 20 26 0
3 -17 -41 0
39 -28 12 0
-15 -38 27 0
-35 -38 -23 0
-25 14 -28 0
-43 50 1 0
16 48 -13 0
-5 18 -3 0
-23 -9 36 0
-5 -8 -23 0
-24 13 20 0
28 -41 -7 0
-10 47 -23 0
18 20 49 0
-15 -6 33 0
-2 6 37 0
-47 27 -48 0
37 -50 -47 0
-50 9 -43 0
-44 33 24 0
1 42 40 0
32 12 -44 0
42 -31 -47 0
-49 -7 2 0
-11 46 -20 0
-38 6 -48 0
