c CNF generator v0.9
p cnf 50 220
37 38 -4 0
-27 -13 16 0
-46 16 12 0
-30 22 43 0
-13 35 28 0
-11 -50 2 0
42 -36 -46 0
-22 -35 19 0
24 23 -29 0
48 -12 15 0
24 1 31 0
-49 24 -3 0
43 -22 50 0
34 -17 -18 0
-16 -24 -21 0
-14 42 -31 0
36 -39 46 0
-27 41 25 0
46 -8 47 0
-33 -36 -25 0
12 -33 -6 0
46 -3 36 0
-45 41 46 0
2 -38 3 0
-5 33 9 0
22 -1 -46 0
-23 19 50 0
50 13 -40 0
-12 27 20 0
-9 -31 -50 0
-17 42 16 0
-2 -7 22 0
-16 1 36 0
21 -50 -33 0
6 -19 -27 0
19 -17 -38 0
-14 39 -21 0
38 -41 -30 0
-49 9 -19 0
42 -3 -43 0
25 6 -40 0
-41 -20 -42 0
22 -3 -45 0
-40 29 28 0
25 29 -20 0
-31 -25 -43 0
18 -42 -30 0
-43 36 -50 0
-8 -45 -35 0
43 -10 22 0
31 30 21 0
-8 -14 44 0
-20 33 -38 0
-9 19 26 0
1 -44 13 0
-22 7 -11 0
43 -18 -16 0
-12 -17 -20 0
-4 -27 -7 0
-23 17 -12 0
-46 39 -23 0
18 -9 -3 0
-32 -31 47 0
-28 -26 -46 0
32 -7 -16 0
-27 13 -3 0
47 -38 27 0
-20 6 20 0
22 3 -47 0
44 -35 -10 0
7 34 -39 0
40 -21 -7 0
7 -16 -28 0
44 15 33 0
-4 -30 -30 0
-23 39 30 0
36 24 -34 0
28 -21 45 0
20 -40 27 0
28 38 -8 0
-41 48 46 0
-8 26 49 0
-21 10 38 0
47 32 45 0
-34 42 37 0
-50 -31 35 0
46 -39 15 0
-15 42 48 0
-44 -4 -14 0
-21 -24 -31 0
15 31 30 0
-4 -30 50 0
21 -44 -36 0
6 -33 34 0
8 45 28 0
-33 -35 -18 0
-41 11 11 0
-34 -36 9 0
-12 33 -48 0
-43 -37 -4 0
-31 1 26 0
33 16 -8 0
-47 12 -11 0
-36 -46 8 0
-32 -27 45 0
35 27 39 0
35 14 3 0
-29 -46 41 0
-20 -32 -42 0
2 -33 26 0
-37 28 2 0
-2 24 46 0
-47 -24 -29 0
-1 -43 23 0
-37 9 15 0
26 -10 -38 0
13 -10 -9 0
-49 33 38 0
-19 -27 30 0
16 -6 -17 0
26 22 -22 0
-35 -10 2 0
33 -27 -25 0
11 12 1 0
36 43 -33 0
25 27 19 0
3 26 27 0
-18 -35 41 0
45 -38 -9 0
18 -34 3 0
-19 21 -17 0
-9 -30 -26 0
29 17 -13 0
7 4 7 0
-17 44 -48 0
1 -9 49 0
-30 9 6 0
34 43 -40 0
21 8 -12 0
22 -42 -24 0
-25 29 -11 0
19 -16 49 0
11 -7 13 0
-21 8 14 0
-48 -30 29 0
-40 -13 46 0
33 35 8 0
-20 -4 5 0
11 -31 1 0
-12 19 -21 0
40 -37 24 0
-11 42 -46 0
-15 10 30 0
-21 -27 7 0
-32 48 4 0
28 -3 -19 0
27 32 -25 0
-24 -47 2 0
-3 -33 -44 0
-49 42 -29 0
49 20 -26 0
-15 -9 5 0
-46 11 -22 0
-14 23 -6 0
-11 -27 -44 0
42 16 9 0
-31 -6 -16 0
-8 -12 -46 0
8 -10 -37 0
-33 38 -36 0
-8 18 5 0
37 36 23 0
4 19 1 0
7 42 36 0
20 15 47 0
-27 8 40 0
-36 -10 12 0
17 48 9 0
-13 -31 -29 0
-30 -4 -8 0
-39 24 39 0
15 -22 10 0
11 35 36 0
-43 22 -16 0
-35 24 -30 0
1 -27 -14 0
-42 -6 -25 0
-9 -36 22 0
22 25 26 0
29 38 -46 0
49 -39 30 0
-42 3 32 0
24 -3 -38 0
43 -31 -36 0
-3 -2 -33 0
30 39 47 0
-13 14 9 0
-18 13 17 0
-45 13 6 0
-9 -24 46 0
11 -26 22 0
27 31 -1 0
35 -18 -50 0
-10 -2 -46 0
17 28 16 0
-40 16 -2 0
-15 33 28 0
13 -29 -39 0
-44 -10 -38 0
-33 -2 30 0
30 39 30 0
-23 47 22 0
7 -17 23 0
-35 41 44 0
7 24 -35 0
-45 -50 24 0
-1 39 -40 0
-1 -22 -37 0
-8 -5 6 0
5 47 -32 0
