c CNF generator v0.9
p cnf 50 220
-46 46 -31 0
41 37 30 0
-4 1 25 0
-36 -49 -20 0
6 -36 31 0
-17 24 42 0
-47 -10 -6 0
-24 -42 -28 0
18 39 45 0
35 -4 50 0
4 -45 -37 0
-14 -9 -34 0
36 10 32 0
-50 28 -44 0
30 5 16 0
-5 33 -25 0
-33 -41 17 0
-13 -28 -6 0
28 -38 -29 0
-5 33 -32 0
-26 -44 44 0
-46 44 -2 0
28 13 -9 0
-45 30 -30 0
-31 38 -18 0
49 42 24 0
35 40 35 0
-27 -31 -37 0
-47 39 11 0
42 50 -35 0
-42 -10 -31 0
-9 -40 2 0
50 -36 -44 0
-18 -18 7 0
46 7 45 0
44 -16 -15 0
-20 -44 -17 0
17 -10 -28 0
46 49 -42 0
39 -47 -39 0
2 -3 42 0
-21 21 20 0
-22 12 -28 0
-4 -23 28 0
46 29 -30 0
-29 -39 44 0
4 45 -6 0
-21 28 -16 0
-40 12 19 0
-24 -29 -1 0
10 -25 25 0
-31 -43 -46 0
34 33 -42 0
-50 30 44 0
-28 29 -37 0
33 -30 44 0
10 43 24 0
-3 17 -4 0
-26 -15 -2 0
26 2 20 0
-28 39 -39 0
46 10 -9 0
-43 -10 -18 0
-38 -4 -22 0
-15 -19 -7 0
49 21 -3 0
29 8 -23 0
-25 -27 35 0
15 -42 -25 0
-22 -5 -35 0
35 13 24 0
9 40 -25 0
43 -6 23 0
-35 42 -29 0
-24 -3 9 0
-33 10 -39 0
-39 -34 -11 0
28 30 2 0
-33 -36 -30 0
-11 18 14 0
50 33 16 0
48 4 -20 0
-3 45 -22 0
22 25 22 0
41 23 -7 0
-9 9 -42 0
4 -37 -27 0
30 -26 -36 0
-18 34 8 0
-34 -48 40 0
35 -37 3 0
-20 28 43 0
12 28 29 0
-11 -23 -35 0
23 38 -12 0
-46 -17 24 0
-15 35 -11 0
25 -29 29 0
-37 -20 -4 0
-13 50 35 0
-35 14 50 0
7 -23 -29 0
30 -18 48 0
29 -20 -36 0
-46 -6 -28 0
-14 -31 -2 0
-32 -43 21 0
-16 49 -19 0
-7 21 2 0
-10 -10 10 0
-40 -28 -32 0
22 18 33 0
10 -30 -2 0
30 -36 30 0
-38 -49 -2 0
-9 -26 -15 0
-25 14 38 0
9 -11 21 0
-40 50 -19 0
-10 -49 -44 0
-41 11 -44 0
-7 8 38 0
44 3 -10 0
35 18 11 0
-27 2 17 0
-50 -25 -24 0
-11 11 8 0
-19 16 -6 0
23 -18 -38 0
-22 -8 -41 0
-38 29 -26 0
-18 -50 50 0
34 -41 8 0
31 40 24 0
-15 45 26 0
-47 -41 -38 0
9 -25 7 0
11 -29 49 0
-4 -5 -32 0
-3 8 -33 0
8 -44 -1 0
26 -18 -4 0
-40 13 4 0
26 -50 -13 0
-10 -19 41 0
22 7 11 0
34 -42 22 0
7 14 24 0
-38 -32 -4 0
31 -30 -23 0
-12 -47 7 0
-47 -33 34 0
21 -21 8 0
44 -45 -48 0
-22 -47 34 0
-47 50 38 0
44 -28 -19 0
23 -21 46 0
-10 -14 -13 0
8 -39 40 0
31 -38 -36 0
38 28 24 0
-8 9 -6 0
45 49 49 0
3 -2 3 0
-21 23 -36 0
20 -38 -28 0
-15 -30 -45 0
-4 -46 -22 0
30 36 -6 0
13 11 -36 0
-42 -47 45 0
-11 -2 -6 0
20 -24 -10 0
-3 15 28 0
-1 24 8 0
6 46 30 0
-22 29 35 0
-41 33 -39 0
42 -3 -43 0
9 -33 -50 0
-49 7 -30 0
-29 38 26 0
-21 30 -37 0
24 -22 22 0
-22 43 19 0
-1 19 -29 0
-42 44 -20 0
45 14 7 0
-22 -44 48 0
28 -50 49 0
25 36 43 0
10 41 36 0
-45 33 23 0
24 -20 -15 0
22 -41 32 0
50 -8 -44 0
31 25 6 0
26 34 28 0
42 20 50 0
35 2 -47 0
-28 -28 -12 0
-29 3 -7 0
19 -36 49 0
12 35 -18 0
28 7 -16 0
-18 26 -17 0
-7 -8 -18 0
41 -34 38 0
25 19 -4 0
-18 -22 45 0
34 -3 -21 0
48 -43 24 0
-41 32 -26 0
-47 30 48 0
-31 -6 31 0
-31 30 -25 0
-20 22 32 0
-33 -49 -1 0
12 30 29 0
