c CNF generator v0.9
p cnf 50 220
-8 -46 -29 0
41 -43 -21 0
-14 10 -16 0
-44 43 -14 0
-22 -24 12 0
22 34 50 0
31 34 -22 0
28 7 41 0
45 -18 44 0
11 3 -1 0
-20 28 34 0
-26 28 -7 0
49 16 -4 0
3 40 10 0
18 -9 -13 0
-25 -29 -47 0
20 -28 -31 0
21 48 -35 0
33 -14 13 0
-9 26 20 0
-49 3 -33 0
12 26 27 0
3 -35 -46 0
23 36 -19 0
-24 27 43 0
33 9 -27 0
-30 40 19 0
-31 -8 7 0
25 6 35 0
4 -24 -41 0
-39 12 1 0
22 -39 35 0
-31 35 -10 0
-43 43 -48 0
7 -32 4 0
35 43 -47 0
-26 24 -31 0
45 27 -40 0
40 16 -7 0
-7 -21 42 0
-26 17 15 0
-45 23 -17 0
45 11 10 0
-48 -13 25 0
-34 19 -50 0
45 4 -1 0
26 -19 4 0
-5 27 -16 0
-32 1 -15 0
-21 -36 6 0
-40 50 25 0
45 -7 -48 0
-3 41 15 0
49 -27 -19 0
-44 30 15 0
-32 3 -28 0
-25 -13 -23 0
21 -10 -31 0
-23 34 41 0
-44 13 -29 0
-22 29 18 0
-18 -33 41 0
27 -17 -26 0
-18 -28 40 0
-7 -34 7 0
-36 -18 9 0
2 9 -48 0
25 -21 39 0
34 18 -21 0
-18 -5 5 0
-6 1 -25 0
18 48 -16 0
-24 -19 47 0
35 -16 41 0
-3 -11 43 0
33 -13 45 0
49 -9 -24 0
36 -17 -5 0
-5 45 -24 0
31 -29 -23 0
-31 4 -45 0
18 9 -8 0
-44 48 -19 0
13 36 38 0
-37 -17 -16 0
36 -27 11 0
-38 -42 -43 0
10 47 -42 0
-47 17 30 0
-23 -46 -47 0
11 -27 -19 0
7 43 34 0
49 -14 -7 0
-33 -11 -45 0
-2 -23 5 0
32 27 31 0
-42 12 -2 0
-5 -28 -18 0
-33 -27 37 0
48 47 -24 0
-12 -25 32 0
-1 -12 21 0
-35 -48 48 0
-31 -14 43 0
-27 26 -9 0
-35 -19 -40 0
49 -22 15 0
8 8 -42 0
-11 -50 6 0
-7 19 -46 0
34 21 3 0
-41 -37 -22 0
-50 -34 41 0
49 -35 -3 0
-50 -2 35 0
-45 27 41 0
-37 42 -6 0
-25 29 -17 0
20 33 12 0
-20 -50 19 0
26 -1 1 0
-27 11 35 0
-2 -16 40 0
38 2 9 0
6 -37 -17 0
-47 -12 -39 0
-36 50 45 0
42 -32 36 0
-3 7 -48 0
33 28 -16 0
30 -39 -19 0
36 -7 34 0
-13 -23 -5 0
-50 48 -32 0
-4 -47 30 0
43 7 12 0
-44 -28 47 0
-10 10 18 0
4 38 -35 0
39 -50 -40 0
40 42 2 0
-9 39 13 0
-24 -11 -23 0
-9 -43 -1 0
-39 38 -2 0
4 -33 -44 0
-20 7 -14 0
35 34 9 0
-2 -45 -6 0
-9 -46 45 0
28 36 -47 0
22 -18 49 0
-6 -12 32 0
50 32 35 0
36 13 -40 0
14 -18 -24 0
26 26 -20 0
-28 -22 -4 0
-25 -31 -45 0
37 46 17 0
8 -1 19 0
-10 6 -27 0
-3 -43 44 0
5 27 4 0
-5 18 -16 0
-50 6 50 0
-35 -15 1 0
-20 30 7 0
-8 -8 13 0
-45 -13 47 0
2 -43 -10 0
21 -15 -29 0
45 -45 31 0
23 -1 12 0
17 -7 39 0
-2 -47 33 0
7 13 26 0
-46 -3 -41 0
8 9 -30 0
23 -21 46 0
-36 -42 42 0
47 -4 -10 0
20 -5 -11 0
-36 -50 46 0
5 -42 -11 0
-29 22 3 0
-1 -50 -29 0
3 -18 -37 0
41 -28 -20 0
42 -34 27 0
42 -42 39 0
19 -17 -31 0
-10 -36 -47 0
-20 21 -31 0
-6 36 10 0
31 1 26 0
-33 -18 -49 0
35 28 34 0
45 -30 -30 0
-21 35 38 0
45 36 -19 0
-33 -22 -10 0
-43 -15 -20 0
5 -10 18 0
-39 -4 -3 0
-49 25 -13 0
15 26 -23 0
-37 12 49 0
-48 -16 -41 0
4 -34 -24 0
30 -40 -1 0
34 13 -34 0
15 -15 -20 0
36 48 -6 0
39 18 -34 0
-49 12 -34 0
30 -25 26 0
-44 -25 -4 0
23 26 17 0
-7 18 19 0
