c CNF generator v0.9
p cnf 50 220
9 -27 -35 0
-1 18 40 0
-6 -36 11 0
-10 -47 -22 0
3 38 -19 0
32 -6 39 0
48 -42 29 0
-34 1 48 0
-15 -33 50 0
-46 30 -28 0
-27 -16 46 0
33 29 -7 0
16 22 1 0
32 -21 -7 0
-8 -42 -13 0
-38 -35 -30 0
29 11 10 0
33 -6 24 0
-16 27 -24 0
-13 -7 14 0
22 -1 49 0
38 -6 32 0
-24 45 -41 0
11 -43 -6 0
-28 31 -45 0
-21 -36 -39 0
-41 37 25 0
48 45 -20 0
21 -43 -47 0
-44 -45 -4 0
-48 -27 14 0
3 -36 14 0
17 44 15 0
49 -2 -37 0
-50 12 18 0
-10 5 11 0
6 -50 -46 0
50 37 16 0
-34 41 1 0
-3 -43 -13 0
46 45 -32 0
-41 24 20 0
8 19 -6 0
-41 -34 35 0
7 -16 -21 0
36 37 49 0
31 16 25 0
-36 9 -22 0
49 41 -45 0
-10 -40 6 0
28 46 7 0
20 -26 8 0
39 -12 -17 0
-24 -37 12 0
-20 -33 28 0
-34 -18 48 0
-1 44 16 0
14 -24 32 0
-47 30 30 0
24 -48 19 0
47 33 4 0
-43 23 33 0
44 42 41 0
30 -47 -37 0
12 -35 -44 0
25 32 35 0
45 -3 33 0
-17 23 19 0
-45 -7 -46 0
-12 -39 -29 0
18 15 46 0
-27 15 -19 0
4 -48 -31 0
-48 46 35 0
-41 28 -30 0
32 -22 46 0
-13 -26 6 0
-5 39 12 0
-38 6 -42 0
-3 -36 -16 0
-2 -38 -20 0
-24 22 -28 0
23 -8 10 0
-39 25 6 0
-7 -47 -25 0
-47 -18 8 0
1 -2 -49 0
-49 -1 50 0
41 -43 31 0
21 -24 27 0
-29 6 -35 0
42 -48 24 0
18 26 10 0
18 -28 48 0
17 -24 -12 0
-38 -11 24 0
-28 -23 8 0
-11 24 -2 0
-13 -6 -6 0
-28 -37 27 0
39 -10 -19 0
30 -50 -33 0
22 20 21 0
-49 19 20 0
26 -16 41 0
1 30 50 0
44 -9 18 0
-21 48 -22 0
-46 39 22 0
25 12 -4 0
24 -28 39 0
24 46 7 0
3 21 4 0
2 33 28 0
23 -14 -9 0
13 -5 1 0
30 -22 -26 0
7 32 18 0
36 -37 -42 0
-25 30 -10 0
-13 26 -16 0
-48 36 22 0
25 -23 19 0
-49 29 48 0
28 -36 9 0
-50 48 1 0
-11 -46 -37 0
33 49 -22 0
-19 -6 28 0
-20 -4 42 0
-46 -45 13 0
32 -33 27 0
50 -29 -22 0
-40 22 32 0
-46 2 -8 0
-31 -17 -18 0
-4 29 -3 0
10 -49 -37 0
39 38 -32 0
22 -7 29 0
-22 36 -26 0
37 14 -47 0
-29 -33 34 0
44 -21 15 0
-30 -2 -5 0
10 19 27 0
-40 46 39 0
-25 22 43 0
2 -2 10 0
36 -10 -18 0
3 -5 -41 0
-46 40 24 0
-13 -28 -21 0
21 49 -25 0
-21 -33 -19 0
-14 44 9 0
-43 -49 -38 0
-15 23 -19 0
-16 34 18 0
19 33 -32 0
8 -12 13 0
-24 9 10 0
42 44 28 0
-50 -45 -25 0
8 -6 24 0
14 29 25 0
-48 45 -41 0
47 32 -21 0
-2 -5 37 0
-5 -45 40 0
-20 -38 20 0
30 -21 -22 0
38 -40 -6 0
-7 -21 -12 0
-5 49 35 0
3 -16 -2 0
13 25 -47 0
44 -10 -13 0
24 28 36 0
46 13 16 0
26 45 -19 0
22 -15 -37 0
-13 11 8 0
46 19 -3 0
-39 -10 -10 0
21 37 20 0
-19 -1 -19 0
-29 -13 50 0
-7 -21 13 0
-11 -3 -4 0
21 -22 -17 0
42 -19 34 0
-37 45 19 0
37 -47 -28 0
47 41 26 0
-19 -4 18 0
20 -11 -3 0
6 -5 -50 0
32 15 -32 0
23 -12 -11 0
2 -23 -39 0
3 -34 -48 0
16 47 23 0
24 -47 -15 0
-30 35 -4 0
29 -32 -28 0
-15 42 50 0
31 -17 46 0
6 1 -23 0
-16 30 -16 0
-20 -21 -26 0
32 41 -1 0
-40 27 4 0
9 25 37 0
-4 -11 -15 0
21 -35 -49 0
-41 -5 15 0
25 48 -6 0
-17 -47 -12 0
-48 -32 26 0
