c CNF generator v0.9
p cnf 50 220
44 8 21 0
41 -42 44 0
-41 -20 -8 0
-39 12 -31 0
19 29 -31 0
-4 -36 21 0
4 13 25 0
8 26 -45 0
-36 1 45 0
-20 -44 -46 0
-22 34 -4 0
39 33 -19 0
27 10 6 0
-40 -18 -7 0
-34 -40 -9 0
-22 -18 42 0
-39 38 5 0
-44 5 34 0
-50 -46 34 0
27 31 -21 0
7 -38 25 0
29 -19 -14 0
1 21 39 0
-17 16 15 0
-9 49 12 0
4 33 40 0
-40 -46 -20 0
-15 5 40 0
-3 26 35 0
14 24 -37 0
-7 -3 -16 0
15 47 -47 0
-8 -39 41 0
27 24 39 0
-48 -7 48 0
49 5 -21 0
-3 -42 -15 0
8 26 -48 0
31 1 -1 0
11 -17 -5 0
-48 15 -8 0
-16 -33 29 0
10 2 -35 0
-32 31 -19 0
14 46 17 0
-45 43 -1 0
15 33 -32 0
-21 -33 -5 0
-41 18 31 0
-32 47 -5 0
-38 -34 -23 0
-48 41 35 0
9 -18 3 0
-23 -10 47 0
32 -14 42 0
22 -6 -25 0
-19 28 -18 0
35 -44 38 0
30 33 -39 0
-21 -46 42 0
-26 46 27 0
17 -37 -40 0
-29 48 -47 0
2 -41 -35 0
-22 11 18 0
-20 -14 -45 0
5 25 -33 0
36 -41 -21 0
18 -28 -20 0
2 39 19 0
7 45 38 0
-7 -24 -18 0
-16 43 44 0
-47 40 9 0
-21 19 -15 0
-29 -17 -7 0
-2 22 -45 0
41 -32 -7 0
12 12 16 0
33 -43 45 0
-9 40 21 0
41 -1 18 0
-5 12 34 0
-27 12 -10 0
26 -32 21 0
-22 3 -46 0
26 18 -42 0
45 -17 -24 0
29 -36 -25 0
-16 -45 16 0
-32 26 21 0
-6 46 -35 0
1 -5 -27 0
45 -10 -46 0
-33 38 -33 0
-33 -20 -32 0
-16 34 19 0
-27 -50 -12 0
29 30 -6 0
-33 2 4 0
22 18 -33 0
39 26 -12 0
-14 1 -17 0
-22 -15 -47 0
42 -35 1 0
-49 23 31 0
-28 -16 -40 0
8 -41 30 0
1 -43 6 0
47 -48 -42 0
39 -33 2 0
7 -44 -42 0
-11 18 -15 0
-25 -47 -38 0
1 -40 26 0
-42 -8 -43 0
-8 18 30 0
-23 -40 4 0
-43 13 -7 0
-35 23 -11 0
26 -21 -45 0
36 20 44 0
-8 11 30 0
18 49 -38 0
-13 -25 -21 0
38 22 12 0
-35 35 -10 0
42 32 43 0
20 -25 44 0
-30 -34 -4 0
21 -10 -10 0
38 -2 -37 0
2 -28 -31 0
-24 20 -45 0
42 -42 7 0
-21 35 40 0
38 29 23 0
-19 18 29 0
-46 41 -30 0
-19 44 -46 0
-48 -6 -19 0
29 21 18 0
-44 8 -15 0
24 5 26 0
-8 -19 -21 0
8 -23 -4 0
-46 -36 33 0
-42 5 -47 0
9 1 2 0
36 44 34 0
11 29 10 0
12 11 -22 0
-30 -15 36 0
-13 -20 27 0
-40 35 -4 0
-28 44 39 0
-28 -30 -5 0
32 13 22 0
-43 -9 36 0
-23 2 7 0
40 -48 -27 0
-27 46 -4 0
-44 35 14 0
-45 -22 -36 0
-41 -33 -18 0
47 -27 1 0
13 -32 12 0
-18 44 -42 0
17 8 28 0
-39 -33 -35 0
-21 -3 -13 0
47 36 -41 0
-14 -22 46 0
5 2 17 0
-40 47 -37 0
15 50 1 0
38 13 -27 0
-21 4 -20 0
5 25 41 0
2 6 -24 0
-7 -41 -27 0
-30 -22 -2 0
-25 -9 9 0
-34 26 6 0
-50 -3 -34 0
-19 7 18 0
2 15 26 0
32 10 18 0
-20 -38 -9 0
-1 -42 30 0
-50 -28 30 0
-7 -8 -19 0
-25 -45 44 0
-17 -41 -12 0
-26 -22 -1 0
43 2 4 0
-24 -16 34 0
-31 17 3 0
2 23 21 0
-13 46 -26 0
-39 -18 48 0
27 -17 24 0
16 49 11 0
34 9 -11 0
-22 23 6 0
-22 46 -29 0
-29 28 -27 0
-34 43 24 0
45 13 7 0
46 -42 15 0
-36 19 -43 0
22 -17 -12 0
22 28 -24 0
38 7 17 0
1 -24 -24 0
35 2 -5 0
-5 -49 -11 0
48 -30 25 0
-29 -10 -32 0
-8 -7 -40 0
