c CNF generator v0.9
p cnf 50 220
50 -10 29 0
16 -32 -38 0
-8 49 49 0
49 38 -39 0
-23 1 -46 0
-12 33 26 0
4 -49 19 0
37 -14 -18 0
-26 -13 16 0
42 30 -25 0
-37 -41 21 0
25 46 -31 0
-4 -47 40 0
2 -32 49 0
-38 19 -5 0
38 34 15 0
36 20 -29 0
34 47 50 0
21 24 30 0
6 42 3 0
25 45 -18 0
-43 21 -37 0
-7 28 35 0
3 41 -19 0
-15 -44 5 0
7 -38 44 0
-21 11 -45 0
21 29 -10 0
34 33 -20 0
20 -12 7 0
-5 50 12 0
37 17 -47 0
-44 -18 -40 0
-49 -1 -14 0
1 -38 43 0
-23 40 -14 0
26 -46 -37 0
6 -16 22 0
40 -4 -43 0
23 19 35 0
-3 -48 26 0
1 15 42 0
6 16 -26 0
47 45 23 0
8 31 -40 0
-44 -42 -34 0
-29 -8 -35 0
11 -50 11 0
50 16 -5 0
11 -42 50 0
-14 49 -18 0
35 -17 -6 0
-46 50 -30 0
-6 17 27 0
-16 -18 -43 0
28 -30 -37 0
-20 -44 14 0
42 27 1 0
47 8 23 0
-27 -6 -15 0
48 5 -29 0
14 28 7 0
-28 41 -44 0
-44 9 33 0
8 22 -40 0
-20 32 -9 0
-43 29 17 0
37 -45 23 0
-41 -2 -37 0
1 25 -48 0
17 -20 11 0
17 13 -1 0
-3 -44 -38 0
-24 5 9 0
-27 -37 23 0
9 -37 -8 0
11 2 4 0
43 -4 6 0
-35 5 49 0
-50 47 -1 0
-10 48 -2 0
39 -28 -48 0
44 5 18 0
16 17 27 0
-9 3 -47 0
23 -38 -27 0
34 13 7 0
4 2 -13 0
27 26 21 0
-35 13 8 0
-47 18 -14 0
-35 -41 46 0
-29 -45 4 0
14 -26 7 0
-5 11 16 0
-41 -43 4 0
40 -11 37 0
-28 40 -43 0
-24 23 4 0
-10 49 24 0
14 -7 34 0
-8 25 -35 0
15 -47 -50 0
-15 18 36 0
-20 -37 -44 0
-17 -14 40 0
-27 10 17 0
-11 23 14 0
-32 5 -42 0
33 -41 22 0
-19 -11 30 0
35 -16 40 0
24 31 48 0
-8 -27 -45 0
-48 -49 -45 0
19 23 -28 0
-48 -23 13 0
5 -45 5 0
41 -8 -19 0
16 -19 35 0
38 2 -32 0
17 -5 -18 0
-32 -21 40 0
-17 16 -43 0
-38 -42 -50 0
-48 37 -5 0
-50 -38 44 0
42 -17 28 0
-8 49 28 0
8 -50 -40 0
29 -14 -2 0
-50 14 22 0
-33 -35 -12 0
-47 -8 19 0
22 -21 32 0
-6 50 22 0
1 -9 -17 0
28 4 -12 0
-40 37 -1 0
-1 -32 33 0
-19 42 23 0
12 -16 34 0
-45 -15 -12 0
10 14 37 0
-50 14 -22 0
-30 43 28 0
-32 -23 -32 0
36 -40 22 0
-13 -12 -4 0
-10 26 -9 0
5 -48 -36 0
-10 33 -33 0
-22 40 4 0
25 7 19 0
-8 -14 -9 0
24 28 -12 0
45 28 -27 0
-23 -10 32 0
7 -31 -7 0
-23 -2 30 0
-35 50 3 0
-4 42 47 0
-20 26 -29 0
-15 -17 -2 0
-20 -44 -50 0
22 4 24 0
6 -48 -41 0
-45 -27 7 0
7 -29 39 0
29 2 -26 0
-10 5 28 0
46 -6 23 0
41 -5 41 0
7 12 32 0
-29 31 31 0
-10 -33 24 0
-43 -5 14 0
-10 -41 -45 0
10 -47 1 0
-27 16 39 0
42 -10 -15 0
-20 41 35 0
34 -26 1 0
-13 27 26 0
43 8 39 0
-29 -45 -13 0
-37 -45 49 0
-44 17 -36 0
-23 32 21 0
33 -2 -12 0
10 24 48 0
31 6 -2 0
-7 2 -2 0
-37 -16 40 0
24 -11 24 0
15 -32 -41 0
-7 -33 -2 0
-50 -47 9 0
43 -6 45 0
38 -22 17 0
-2 13 -38 0
35 42 -19 0
10 -28 -18 0
-29 2 -35 0
-18 -37 46 0
10 -36 40 0
44 -3 -25 0
41 3 5 0
-18 -50 -36 0
-27 29 7 0
47 -14 -22 0
-46 18 50 0
-28 47 25 0
-20 21 -8 0
-40 34 19 0
28 -45 -8 0
-47 43 21 0
20 7 -29 0
-12 -29 -7 0
25 -36 43 0
