c CNF generator v0.9
p cnf 50 220
17 6 36 0
-26 -32 28 0
49 33 -32 0
-47 -8 -13 0
10 -34 -39 0
-10 3 18 0
16 -44 -43 0
1 -36 -14 0
11 20 -40 0
11 46 34 0
-36 43 -34 0
4 -40 -10 0
26 -14 -40 0
-8 37 -49 0
-34 -24 -36 0
-22 -46 3 0
25 49 20 0
43 34 19 0
-23 -31 -40 0
-17 32 -50 0
-8 -37 -47 0
25 -47 -7 0
4 -36 15 0
12 3 32 0
-6 -28 41 0
-22 -13 42 0
12 44 -19 0
-3 42 8 0
-21 43 44 0
-3 -27 -7 0
10 46 -7 0
-31 -16 -17 0
-40 -33 -36 0
-44 -42 31 0
-19 45 36 0
-5 -2 -25 0
46 -10 9 0
-9 27 25 0
42 -10 40 0
41 -24 3 0
-16 -22 -15 0
31 -7 -29 0
34 -5 -33 0
39 25 36 0
-7 -13 22 0
-2 7 -39 0
-49 21 3 0
-10 3 5 0
-38 -36 30 0
15 -34 9 0
42 -1 7 0
-27 30 38 0
-38 27 -24 0
-20 23 28 0
-13 -33 -35 0
12 8 -1 0
19 -48 -9 0
9 30 10 0
-28 22 37 0
48 -24 -17 0
38 27 -10 0
31 -38 -4 0
25 41 -18 0
-30 10 38 0
25 10 -13 0
-45 44 4 0
-23 18 40 0
-5 19 47 0
28 -36 15 0
-48 9 26 0
34 48 -39 0
-5 -4 47 0
-1 49 -25 0
-28 -36 -32 0
19 21 31 0
-21 -11 24 0
-27 -42 45 0
-9 -25 -28 0
31 28 31 0
13 38 8 0
47 11 -19 0
46 -26 10 0
-11 27 -1 0
28 -23 9 0
38 -20 -17 0
34 31 -13 0
15 47 14 0
37 -2 -26 0
30 -10 17 0
-40 21 -25 0
-29 35 34 0
25 37 -36 0
-49 40 -47 0
-37 -48 43 0
-29 -5 4 0
25 -34 3 0
2 49 15 0
36 14 -39 0
-31 -38 -9 0
25 -34 24 0
33 -20 39 0
1 38 17 0
24 12 33 0
27 28 -22 0
39 -27 18 0
-46 -47 48 0
-45 26 -48 0
-20 25 -27 0
4 -46 9 0
21 7 -42 0
-8 13 -35 0
47 27 -12 0
6 -34 -29 0
18 1 -32 0
4 45 20 0
24 -47 -26 0
-11 43 44 0
37 -11 10 0
-12 -14 -9 0
-5 -47 13 0
-26 -4 -29 0
4 -17 43 0
8 40 31 0
49 4 30 0
-21 25 11 0
-41 -4 -8 0
-15 26 -2 0
-19 -11 -2 0
49 -41 8 0
-41 -45 -50 0
45 23 -50 0
6 -10 -30 0
-35 39 3 0
26 -36 3 0
21 28 -14 0
8 32 -46 0
-4 2 -26 0
46 -14 43 0
21 -12 9 0
-14 -17 20 0
36 -25 12 0
5 27 16 0
-49 11 -39 0
18 -19 -25 0
9 10 38 0
-49 -15 -11 0
-19 -23 -19 0
-4 8 4 0
28 -12 -18 0
-35 31 23 0
-1 -50 -34 0
-48 40 -1 0
23 14 -20 0
42 -34 -1 0
-26 -21 7 0
25 -47 -26 0
-3 2 -32 0
-6 -44 -40 0
11 -42 -10 0
43 8 5 0
-5 -30 -23 0
-6 7 -18 0
6 -41 37 0
50 7 14 0
-28 -36 7 0
-10 -21 26 0
3 26 43 0
50 -34 -10 0
49 18 -47 0
-50 -48 17 0
-13 45 -43 0
47 -37 -41 0
-36 -33 14 0
3 17 -44 0
-20 -47 31 0
4 -9 45 0
-5 -2 -44 0
13 47 13 0
5 -45 -40 0
50 -14 -42 0
-14 36 -29 0
16 -13 42 0
25 39 25 0
43 -26 -44 0
-5 -31 -10 0
20 -20 -22 0
21 -28 -14 0
9 -20 4 0
-32 -25 17 0
-8 -15 35 0
13 -17 32 0
48 -10 36 0
36 -40 3 0
-3 22 -30 0
32 -32 34 0
-35 -47 30 0
-9 35 9 0
-39 -13 -35 0
10 -15 -1 0
-5 20 20 0
-17 -49 -34 0
-2 7 32 0
-1 41 40 0
-4 31 -30 0
11 -44 2 0
3 -39 30 0
23 -8 45 0
-5 2 -6 0
27 36 32 0
-37 -38 -29 0
-38 34 7 0
-14 -17 -30 0
-29 -40 -48 0
25 44 -13 0
-6 -12 6 0
8 -33 20 0
32 -46 -48 0
36 -11 7 0
13 5 39 0
24 6 -6 0
