c CNF generator v0.9
p cnf 50 220
-8 -23 17 0
-15 -12 39 0
-8 -29 40 0
45 16 27 0
-44 -7 34 0
32 15 27 0
45 -13 -50 0
33 -14 9 0
50 41 -11 0
-40 4 -12 0
-19 -28 -32 0
13 -41 38 0
-50 -27 -37 0
-37 -34 5 0
-31 -12 31 0
38 -46 5 0
-11 -5 -26 0
21 12 13 0
-22 -46 15 0
-18 -14 -45 0
7 13 -28 0
1 -6 -5 0
38 22 30 0
-28 41 -23 0
4 12 32 0
6 -35 31 0
-42 41 35 0
6 -32 6 0
-33 8 -50 0
9 13 -14 0
-24 -47 19 0
-20 46 -3 0
-9 18 49 0
27 7 -27 0
-2 35 28 0
5 33 36 0
-39 32 -38 0
-30 39 -4 0
-5 36 20 0
-41 -14 -11 0
40 7 -47 0
-44 -48 29 0
49 9 18 0
-44 -14 -16 0
-8 -21 -46 0
14 31 -2 0
6 23 31 0
25 38 13 0
47 -50 -23 0
14 3 25 0
-15 -24 19 0
20 -13 8 0
22 -4 15 0
3 18 46 0
15 11 11 0
-40 32 -6 0
-1 9 11 0
5 37 26 0
18 -34 23 0
-22 -48 42 0
41 36 -27 0
-4 16 39 0
13 5 -21 0
-45 -16 35 0
-17 -44 8 0
-4 37 -47 0
42 -1 -48 0
-8 -43 34 0
-6 -4 22 0
-40 32 -32 0
26 -3 -5 0
-21 6 -26 0
-5 -10 47 0
-13 -30 5 0
23 32 14 0
-49 37 -44 0
-44 35 -42 0
-10 -33 -45 0
44 -31 20 0
19 -23 -1 0
26 1 -43 0
-27 32 -47 0
-46 -34 5 0
30 3 13 0
-41 -33 18 0
-18 -34 -19 0
3 13 -45 0
-42 1 35 0
-6 -29 22 0
-2 -3 11 0
-3 1 36 0
31 -4 4 0
2 29 -10 0
48 -28 7 0
-23 33 36 0
20 35 17 0
36 15 40 0
43 -34 30 0
23 -20 17 0
14 -44 23 0
-13 -5 29 0
-24 -24 -12 0
-25 32 25 0
-13 -22 36 0
-34 41 -3 0
-19 16 -20 0
45 -39 22 0
-46 -18 16 0
-27 28 50 0
-41 -20 12 0
18 30 -22 0
33 -15 10 0
7 -24 -28 0
-41 19 25 0
14 6 9 0
-49 36 -44 0
1 16 -13 0
50 5 31 0
-39 -8 8 0
-34 -10 -47 0
9 -50 20 0
-20 -27 -15 0
22 -34 40 0
-7 -4 -28 0
-36 -27 43 0
-42 40 -23 0
42 -14 -43 0
-8 -19 -49 0
-11 -26 16 0
12 -43 30 0
-47 2 7 0
-11 4 -29 0
12 47 35 0
-26 46 -46 0
-43 -1 20 0
37 16 27 0
-17 34 38 0
1 46 -23 0
-27 -2 11 0
-19 -49 2 0
-15 9 46 0
-20 -14 -16 0
-44 -7 33 0
-19 -7 -24 0
40 -17 -21 0
40 46 23 0
41 -6 46 0
-17 26 15 0
50 13 -45 0
-45 45 24 0
26 42 -2 0
-19 35 29 0
28 38 -29 0
-6 5 -24 0
-41 -32 32 0
-41 42 17 0
8 -38 8 0
24 12 41 0
6 20 -33 0
41 10 -1 0
-45 49 14 0
21 -32 -11 0
-42 17 18 0
-8 -19 48 0
-12 -40 -23 0
-35 17 -6 0
15 -27 -38 0
-38 17 -29 0
-16 19 32 0
35 24 -16 0
29 46 15 0
-27 49 29 0
-2 -16 14 0
-39 20 10 0
24 -30 12 0
27 28 25 0
18 5 14 0
-38 -11 3 0
-9 26 -28 0
-12 -2 -6 0
13 39 -34 0
10 -45 40 0
1 26 42 0
-3 -49 29 0
34 5 35 0
14 -35 -34 0
17 -14 35 0
-23 -35 50 0
41 -14 -43 0
-48 36 -10 0
-37 -7 8 0
-22 -45 -17 0
-6 42 28 0
43 -16 -44 0
47 -33 44 0
4 20 -15 0
5 -15 26 0
22 21 1 0
22 14 18 0
-9 9 -47 0
-20 -13 -41 0
22 12 7 0
15 7 -36 0
-3 -28 -17 0
20 45 -14 0
-48 42 20 0
37 5 13 0
-10 40 -9 0
-9 50 7 0
12 16 38 0
-35 40 -45 0
-28 -22 -18 0
45 6 48 0
-5 -27 1 0
9 34 -40 0
-28 34 22 0
-19 11 4 0
-39 -15 43 0
6 2 8 0
-46 -9 -12 0
