c CNF generator v0.9
p cnf 50 220
11 -11 -27 0
-34 31 5 0
4 -39 -6 0
41 29 -19 0
44 35 -30 0
-39 -23 2 0
8 -28 -40 0
-2 -29 40 0
27 -16 -37 0
-14 13 -25 0
17 -11 -16 0
-19 39 38 0
-40 -10 19 0
-7 -46 -39 0
39 38 25 0
-12 -9 -12 0
-23 29 -5 0
22 11 7 0
-14 -23 47 0
-23 -25 18 0
47 -17 -20 0
-39 -36 8 0
-24 15 -23 0
-8 -32 40 0
-21 14 -43 0
21 -15 45 0
-31 -39 9 0
-6 -3 46 0
35 31 -14 0
-14 -41 -48 0
-46 48 47 0
-50 -27 -40 0
-20 -3 14 0
-44 -4 -14 0
-11 20 9 0
47 -37 27 0
6 43 -6 0
50 -40 37 0
-38 44 -18 0
3 -12 -39 0
-29 6 -26 0
5 18 -43 0
36 38 -40 0
22 -16 -17 0
41 -2 -33 0
-6 -1 -25 0
-38 44 29 0
-42 -30 44 0
20 -3 32 0
-40 -32 47 0
-36 28 -2 0
-49 12 -11 0
-18 30 -11 0
-21 42 24 0
43 -2 -31 0
-12 -16 10 0
-29 46 26 0
16 -46 -34 0
22 10 36 0
-18 40 46 0
16 35 -10 0
23 -22 -20 0
-6 50 -35 0
-5 -7 33 0
-13 29 15 0
-43 24 -46 0
-24 9 15 0
37 -47 -22 0
-35 35 -30 0
36 46 16 0
2 -14 50 0
7 3 -19 0
-13 44 -36 0
49 -10 10 0
38 -34 3 0
-3 22 -27 0
-4 41 32 0
27 31 -11 0
29 -32 -19 0
4 -44 17 0
1 -33 13 0
-25 46 38 0
8 40 31 0
-5 -23 -44 0
21 36 -4 0
-13 -28 -48 0
50 14 -35 0
9 42 -40 0
11 29 3 0
-10 -12 -48 0
28 35 12 0
-5 4 -13 0
-47 30 -15 0
-48 -39 17 0
13 35 44 0
37 -22 22 0
-14 -12 9 0
46 -17 -22 0
32 -30 -42 0
37 3 38 0
-32 33 -10 0
38 36 -29 0
34 28 -43 0
19 10 -9 0
45 -15 20 0
-22 17 23 0
-14 -18 29 0
6 -41 34 0
-7 28 43 0
3 -4 25 0
-5 6 13 0
39 33 38 0
-27 47 43 0
45 -34 32 0
-27 -19 3 0
11 -40 44 0
-14 -41 36 0
17 -38 30 0
-27 -43 -39 0
19 -10 -28 0
-30 -19 3 0
5 -4 -47 0
21 34 43 0
25 -17 -36 0
-28 19 23 0
39 26 7 0
-19 -33 38 0
29 -32 10 0
-19 -28 11 0
17 33 12 0
21 25 22 0
-17 29 35 0
3 49 19 0
27 20 5 0
30 15 41 0
38 7 9 0
18 28 -38 0
-31 -21 45 0
-30 -6 -4 0
37 37 26 0
34 -43 -16 0
36 -37 15 0
44 -36 20 0
31 -11 8 0
-10 -21 22 0
-36 49 9 0
32 1 3 0
-4 -3 -18 0
-45 35 -39 0
-10 4 1 0
-50 -22 -48 0
30 -27 37 0
34 8 -44 0
19 50 47 0
-1 -10 -28 0
20 -16 -3 0
-23 28 7 0
50 31 30 0
10 6 15 0
-25 49 -30 0
-23 -16 -48 0
8 9 -44 0
-1 25 -24 0
46 18 6 0
-2 -27 3 0
17 -6 -1 0
-26 -1 -14 0
-43 10 48 0
48 35 -12 0
40 -47 36 0
-14 -8 21 0
12 -21 -23 0
27 33 -23 0
8 1 11 0
28 -5 -8 0
36 39 -42 0
32 13 -46 0
-32 43 43 0
24 -41 13 0
48 3 -14 0
31 44 -33 0
36 -50 -13 0
27 -31 -48 0
25 49 26 0
-9 -46 1 0
-20 16 -43 0
26 10 -16 0
-26 -34 18 0
32 -8 31 0
-1 34 -1 0
19 5 -33 0
7 44 8 0
38 8 40 0
-36 -19 -32 0
9 8 -4 0
7 -28 45 0
-18 -7 -16 0
-5 4 -41 0
-26 -6 -10 0
30 16 -42 0
-37 22 34 0
7 -35 18 0
-43 20 -48 0
-29 21 -41 0
13 30 24 0
-21 -2 -16 0
26 -4 41 0
-34 31 38 0
31 46 -45 0
-6 11 -28 0
-37 23 -7 0
13 -42 41 0
16 -43 44 0
43 -41 -48 0
-28 -44 -31 0
-24 26 50 0
-47 39 25 0
-18 -32 31 0
33 -26 43 0
-48 36 -20 0
