c CNF generator v0.9
p cnf 50 220
22 42 7 0
9 -34 39 0
-2 -41 20 0
-3 -42 10 0
17 -19 19 0
-40 -1 34 0
-31 23 -39 0
-6 6 5 0
32 12 42 0
-4 -32 -5 0
-36 -48 44 0
-49 22 -1 0
-41 -36 1 0
36 19 -49 0
15 -17 -8 0
-46 -18 -24 0
-46 -24 -43 0
-41 6 34 0
22 43 -30 0
-44 -45 -48 0
-28 31 -39 0
-26 23 -4 0
-21 -30 37 0
50 7 16 0
-49 -41 -11 0
-8 25 33 0
-32 18 41 0
-16 -13 32 0
-28 -34 -14 0
-48 26 30 0
18 4 36 0
-20 -40 49 0
49 50 27 0
30 39 36 0
-13 37 -12 0
11 -24 31 0
40 -2 12 0
20 -45 30 0
45 -40 5 0
2 -24 20 0
24 -45 -5 0
-36 -7 3 0
-31 5 -11 0
-32 6 -7 0
24 -42 29 0
-27 -8 -29 0
29 42 24 0
-41 -21 -42 0
32 1 -35 0
-22 25 26 0
-31 -33 -12 0
25 22 -20 0
33 -39 12 0
46 29 1 0
-26 -8 31 0
-44 35 24 0
42 -34 46 0
35 38 -14 0
38 36 -40 0
27 33 -39 0
-34 -27 19 0
49 3 -2 0
48 4 32 0
-36 -8 -25 0
29 7 -11 0
25 -14 43 0
-43 -1 -28 0
-12 -5 3 0
-50 -38 -31 0
37 40 -38 0
-9 21 39 0
21 40 -31 0
3 50 17 0
-1 -32 -43 0
-46 31 44 0
-38 21 10 0
32 17 -37 0
32 -16 -13 0
-26 -36 -4 0
21 35 9 0
-2 -21 38 0
-16 46 -28 0
15 -19 4 0
-39 -45 -27 0
35 35 -42 0
10 8 -43 0
-47 -33 -47 0
12 -2 -27 0
29 -42 11 0
20 -15 -21 0
42 16 46 0
14 48 34 0
39 6 10 0
-38 7 50 0
35 12 36 0
23 -50 28 0
-47 -34 6 0
38 16 11 0
34 -41 -7 0
-1 45 42 0
-9 -49 -23 0
-1 34 5 0
-25 30 47 0
47 -15 34 0
42 11 -27 0
-15 -43 29 0
25 -8 -37 0
-47 -7 -20 0
3 -46 -7 0
26 16 -22 0
28 28 46 0
-2 24 -14 0
-40 4 -36 0
11 42 20 0
6 6 -27 0
-44 -37 12 0
38 10 -47 0
22 -31 -6 0
-34 1 45 0
46 43 11 0
30 15 -34 0
-28 35 -5 0
-19 -29 -19 0
13 9 1 0
-36 -1 31 0
-39 -42 12 0
34 37 -14 0
-19 16 -8 0
-27 17 -24 0
41 -3 28 0
-17 37 11 0
-29 -21 -10 0
30 7 46 0
-50 -3 -27 0
-38 -24 47 0
-44 9 30 0
-39 45 37 0
35 -9 -43 0
46 -35 -23 0
11 -33 -35 0
-24 -11 -47 0
7 -1 28 0
32 -30 16 0
-43 -9 -44 0
48 -26 23 0
-41 35 31 0
-40 11 -27 0
19 -36 -40 0
29 -37 25 0
33 25 -48 0
37 -48 44 0
34 -19 41 0
-47 38 -3 0
11 -42 -19 0
-3 21 -48 0
-46 16 -2 0
-29 -19 28 0
-4 -50 -48 0
-6 3 -40 0
6 -2 47 0
13 50 -21 0
-34 19 4 0
10 -15 8 0
32 -10 -13 0
25 -48 -48 0
1 18 -14 0
30 -19 -43 0
-10 12 15 0
-11 -50 -2 0
37 -30 40 0
11 48 -24 0
26 5 9 0
-41 25 -33 0
-33 3 50 0
-46 14 -49 0
46 24 14 0
16 21 49 0
42 -29 -36 0
14 -14 16 0
46 46 23 0
22 37 -36 0
-39 50 22 0
13 29 8 0
37 -40 -35 0
-6 28 33 0
-45 8 -3 0
35 -40 -16 0
45 31 -49 0
12 38 -6 0
-47 -30 12 0
1 -31 10 0
12 8 -6 0
-41 34 24 0
-43 -12 -7 0
37 -6 -2 0
-26 -41 32 0
32 -6 30 0
40 3 -4 0
-32 -3 -34 0
38 22 7 0
-42 -12 42 0
47 -46 35 0
41 49 28 0
22 -48 6 0
28 -47 10 0
-46 -13 -36 0
-14 27 37 0
31 -27 -12 0
9 38 37 0
12 -45 42 0
-50 -4 43 0
-7 32 -31 0
3 -22 -23 0
6 -5 -5 0
31 -43 24 0
-29 20 -17 0
-38 -44 18 0
-12 40 38 0
-10 -8 4 0
-50 6 -18 0
