c CNF generator v0.9
p cnf 50 220
-7 -17 -11 0
12 -45 1 0
21 6 24 0
-14 35 38 0
11 34 -27 0
-48 -41 29 0
-14 49 -7 0
-44 -19 -29 0
-30 2 16 0
-21 29 43 0
9 39 11 0
-38 -50 -28 0
17 23 4 0
-32 19 3 0
40 -47 -17 0
-18 11 7 0
45 -12 -4 0
-35 -35 13 0
-15 -8 28 0
-33 -25 21 0
-2 -19 -12 0
-13 32 -33 0
20 1 33 0
8 -41 -42 0
-17 48 -13 0
-44 -16 -25 0
40 26 -46 0
17 15 -12 0
16 -33 22 0
44 6 34 0
-15 -2 -19 0
-2 -3 9 0
-5 -46 -9 0
14 5 -24 0
14 -37 -36 0
-9 22 -41 0
41 -27 42 0
-7 -25 20 0
27 -42 -48 0
-29 -30 21 0
-4 41 -4 0
-22 19 -1 0
-24 -50 -10 0
1 -10 10 0
-27 14 -47 0
41 -22 -10 0
-33 -32 46 0
12 -13 1 0
20 -23 42 0
2 19 33 0
-2 42 -2 0
-2 43 -32 0
26 28 -37 0
14 -47 -10 0
-50 -33 -46 0
-28 29 23 0
-16 -13 50 0
22 -40 -41 0
33 48 47 0
50 4 -20 0
-7 -15 8 0
27 -33 49 0
-16 29 -8 0
-19 20 21 0
-50 25 -16 0
-13 31 18 0
46 25 -30 0
-50 42 28 0
16 14 21 0
48 -26 -7 0
-1 30 42 0
39 -20 42 0
31 47 27 0
-32 -41 6 0
-4 5 -47 0
3 18 22 0
46 4 -44 0
28 8 22 0
-11 -37 -1 0
-20 25 22 0
44 -11 13 0
-29 33 27 0
14 14 -30 0
46 -4 33 0
-33 15 37 0
-50 47 40 0
-39 -5 12 0
-32 -26 -28 0
-15 1 36 0
37 -9 -21 0
1 -20 8 0
24 -33 9 0
-49 38 46 0
25 -25 -44 0
-31 48 21 0
17 11 -27 0
-20 -16 13 0
-49 -24 17 0
-40 -45 -18 0
17 21 -35 0
-20 -24 29 0
-40 18 -10 0
46 -42 -23 0
4 29 -19 0
50 14 23 0
-31 -13 44 0
37 48 -22 0
2 12 -34 0
-36 33 -14 0
17 21 -25 0
-16 -26 -6 0
-50 19 26 0
8 -36 -21 0
31 17 -31 0
-26 4 -23 0
47 -22 2 0
17 -28 49 0
-46 -32 22 0
47 -40 -39 0
-22 49 42 0
48 17 31 0
-30 39 -20 0
-44 4 -31 0
-6 -20 25 0
40 11 11 0
46 32 -9 0
-8 -43 10 0
30 13 -37 0
14 -46 18 0
-18 50 17 0
44 33 13 0
19 -2 -40 0
-33 -4 28 0
-6 -37 48 0
-12 -46 39 0
12 33 -48 0
-17 48 -22 0
-1 -28 -2 0
-47 32 -28 0
-20 5 16 0
34 -16 -13 0
-44 -29 23 0
-4 -35 -41 0
30 8 37 0
-32 -10 -3 0
19 -50 49 0
-7 -2 -31 0
-28 -40 50 0
-23 6 -11 0
-26 12 34 0
-38 30 35 0
-43 -25 -3 0
-5 16 -5 0
43 4 -10 0
36 10 20 0
27 30 35 0
4 -44 -45 0
14 36 20 0
34 24 -25 0
-42 46 34 0
26 -37 -15 0
6 -21 -40 0
5 -4 -19 0
-24 13 -40 0
-35 -28 -26 0
-4 -6 -43 0
-15 4 12 0
-42 -25 19 0
-4 -5 -12 0
-6 24 -36 0
-42 -46 1 0
13 39 17 0
34 45 -47 0
26 -1 -35 0
34 33 44 0
-32 -18 19 0
-40 46 34 0
39 -40 35 0
2 -27 31 0
-31 -2 -38 0
-5 -1 -5 0
-50 -11 36 0
14 -37 24 0
-29 -39 -35 0
34 47 14 0
-32 44 3 0
20 -50 -12 0
-29 45 39 0
-20 5 42 0
-24 12 8 0
-33 -30 -50 0
49 46 10 0
48 -11 -16 0
-36 -1 28 0
-1 -43 44 0
-34 12 19 0
-45 17 -33 0
30 17 -36 0
-36 41 -3 0
-14 19 43 0
-27 -31 27 0
-38 -13 -26 0
-21 10 19 0
10 2 47 0
-14 16 -35 0
29 -43 -9 0
-13 31 45 0
-48 11 17 0
-19 -1 -22 0
-30 39 32 0
18 27 -48 0
-48 6 -17 0
-37 -49 -2 0
8 42 39 0
16 -22 25 0
-18 -38 21 0
37 14 36 0
-8 45 49 0
30 -20 -4 0
-30 21 -26 0
