c CNF generator v0.9
p cnf 50 220
45 23 -46 0
-50 20 43 0
-34 5 -16 0
29 31 -31 0
-24 35 43 0
14 -28 26 0
29 -36 -40 0
40 -36 -17 0
-26 -6 6 0
-48 17 38 0
39 -47 47 0
-40 -12 2 0
-45 35 16 0
6 22 33 0
41 43 -49 0
-33 -11 4 0
-48 50 36 0
-9 27 -40 0
45 35 -25 0
-37 -25 -22 0
-7 6 -28 0
-28 -26 27 0
-19 -28 -44 0
-43 14 44 0
27 30 -9 0
-48 12 9 0
25 -10 -10 0
-39 -30 -1 0
-48 12 -18 0
-11 -49 7 0
-42 46 -49 0
5 42 -21 0
46 -13 -6 0
-50 -35 50 0
43 -9 -40 0
34 -8 2 0
-25 49 13 0
-24 -2 -30 0
-23 -14 32 0
32 12 -44 0
39 -47 37 0
-25 -13 -49 0
-23 -42 49 0
16 49 -50 0
-11 -10 -15 0
23 26 44 0
19 7 -40 0
-46 -27 -32 0
11 11 -15 0
-4 10 30 0
25 35 -19 0
47 -25 46 0
21 -1 -47 0
-19 -17 -44 0
6 -40 -46 0
40 -29 -10 0
-18 32 44 0
11 48 -48 0
-18 -12 5 0
24 -34 -5 0
2 43 -45 0
15 21 6 0
19 29 12 0
-40 23 -47 0
47 5 22 0
34 -32 31 0
-28 44 -41 0
33 -2 -11 0
-23 -12 12 0
17 4 46 0
-11 -10 42 0
10 18 -10 0
-22 -20 27 0
-41 47 4 0
-19 -10 36 0
-46 49 -47 0
1 -49 25 0
46 17 -49 0
12 21 -1 0
-35 25 47 0
-32 -9 40 0
-28 -31 -8 0
-25 -35 -30 0
4 -7 -13 0
-24 35 41 0
-36 -27 -30 0
27 35 2 0
-26 38 6 0
-49 18 -20 0
47 46 -4 0
9 46 -11 0
-5 31 23 0
-31 33 -12 0
21 -1 3 0
32 -30 -27 0
42 -20 -29 0
-34 41 32 0
24 -31 -41 0
30 -10 50 0
-42 47 45 0
-4 31 -41 0
-12 -46 40 0
2 7 4 0
42 9 -6 0
-11 34 16 0
-33 -13 -31 0
20 47 -50 0
-49 28 -23 0
-42 -34 -18 0
-31 -13 -31 0
-8 -7 2 0
-24 41 15 0
37 8 -43 0
-3 20 17 0
-31 25 -33 0
37 11 30 0
-30 36 -9 0
-15 1 39 0
40 -28 4 0
-11 -48 -31 0
-8 4 -20 0
46 -10 -35 0
-41 -28 36 0
16 43 -11 0
-31 -34 -7 0
-23 41 -32 0
1 -16 -34 0
23 -35 27 0
32 43 26 0
13 -31 29 0
21 34 26 0
13 50 -13 0
32 10 -29 0
-21 -50 40 0
-26 49 -50 0
6 29 -30 0
-17 43 -31 0
14 -29 5 0
-18 33 -23 0
3 42 -48 0
19 -30 -50 0
-47 6 16 0
-2 3 -37 0
16 -39 21 0
-5 -22 -5 0
36 42 -11 0
43 48 17 0
-36 19 25 0
-18 -8 -10 0
14 -18 -21 0
-21 31 50 0
-7 -8 7 0
50 22 35 0
48 17 15 0
16 -26 -35 0
1 -38 20 0
42 25 -13 0
-36 19 -15 0
21 33 49 0
-20 -12 2 0
9 50 18 0
-23 50 7 0
48 -36 -23 0
47 -32 -45 0
6 17 44 0
48 12 -31 0
12 -24 -16 0
-24 -8 38 0
50 39 2 0
39 12 -30 0
-43 -15 38 0
-18 26 5 0
20 9 50 0
-50 2 -29 0
-29 32 8 0
27 23 -43 0
-21 -48 -28 0
11 -49 32 0
35 -40 12 0
30 37 42 0
48 -1 50 0
17 50 47 0
-24 -34 -24 0
-27 49 -43 0
-40 -6 25 0
-27 -39 -15 0
28 -33 -10 0
8 47 50 0
-33 10 -40 0
21 44 -32 0
-6 -36 19 0
37 1 26 0
31 -48 -33 0
-32 -42 -1 0
5 30 44 0
-20 29 -45 0
-28 5 -15 0
11 -31 17 0
7 43 34 0
20 -27 -33 0
8 -40 23 0
26 7 -24 0
7 37 -37 0
-17 -41 18 0
27 15 -21 0
-48 -20 50 0
-42 -2 41 0
7 44 -37 0
-30 -10 47 0
-36 3 43 0
31 24 -40 0
18 42 5 0
-40 30 50 0
-16 46 -8 0
-27 -8 35 0
-31 23 -25 0
-23 2 35 0
-6 2 -37 0
19 -21 7 0
1 50 19 0
