c CNF generator v0.9
p cnf 50 225
-43 14 19 0
-10 30 34 0
44 17 -16 0
-2 -7 -20 0
41 -48 -5 0
-50 18 -44 0
33 -42 -50 0
27 37 -36 0
-26 -6 4 0
7 10 27 0
16 -31 23 0
-45 -21 -48 0
31 10 30 0
5 16 -40 0
-3 21 18 0
35 24 33 0
-38 -6 -30 0
22 48 -47 0
8 33 2 0
-31 47 38 0
50 41 27 0
-10 34 3 0
26 -42 -23 0
-21 -20 28 0
-47 -17 9 0
22 12 -50 0
36 -40 -3 0
-43 10 28 0
-31 -7 -27 0
8 -17 -38 0
-32 -34 26 0
-40 -7 -7 0
34 -37 -21 0
33 -11 -50 0
44 -38 -1 0
40 -5 -42 0
-40 -49 -5 0
-36 16 -9 0
16 6 -49 0
46 -34 46 0
27 38 13 0
7 -29 -43 0
-21 16 -27 0
-8 13 -29 0
49 25 -32 0
34 33 -35 0
25 17 28 0
24 -48 25 0
-36 -4 10 0
28 39 37 0
2 43 37 0
-8 -46 -48 0
-2 2 22 0
41 -14 12 0
-6 14 45 0
-40 47 -42 0
-13 -4 -24 0
-17 36 16 0
23 -47 5 0
-4 10 -47 0
-38 48 23 0
-44 -10 25 0
2 -29 34 0
39 -30 -34 0
33 1 -41 0
-19 -35 -24 0
-47 18 -36 0
-11 -40 6 0
12 42 -8 0
8 38 26 0
36 -25 12 0
30 -47 5 0
33 40 -38 0
-48 22 19 0
27 -11 -10 0
27 16 -48 0
19 -37 20 0
2 49 23 0
47 42 7 0
-40 13 17 0
17 -37 36 0
-24 50 -16 0
-38 46 -39 0
31 -9 -8 0
-36 -3 7 0
5 -5 -36 0
-46 -31 -2 0
15 1 -44 0
29 -9 38 0
-17 -41 -23 0
-28 36 13 0
-6 8 6 0
19 -16 -32 0
-37 15 -17 0
-7 -29 -3 0
-15 7 10 0
44 -34 5 0
-29 9 46 0
-36 33 -41 0
-11 -49 20 0
6 4 20 0
-37 -12 17 0
37 45 19 0
2 -34 -35 0
45 19 -39 0
-9 46 6 0
38 24 -44 0
12 -19 49 0
-1 -31 -31 0
-43 42 21 0
-22 -8 1 0
15 -47 39 0
-50 -15 -5 0
-6 -24 -39 0
-34 39 26 0
-5 -1 12 0
44 5 16 0
42 -7 -28 0
24 33 -22 0
-38 -30 -50 0
-4 -18 7 0
-44 49 6 0
-29 -26 15 0
-32 44 -31 0
11 19 -41 0
4 7 32 0
23 2 1 0
46 -33 38 0
-41 -24 -38 0
-5 -27 45 0
-49 -46 11 0
26 -48 42 0
30 -48 49 0
18 17 -9 0
-29 44 26 0
-34 15 -15 0
21 9 30 0
-48 -28 -2 0
-26 44 -15 0
-21 46 13 0
-12 8 -26 0
26 -42 29 0
-48 35 8 0
3 -35 -15 0
-9 6 4 0
-10 -35 -39 0
-29 -40 50 0
17 50 -46 0
-32 46 -47 0
37 -47 1 0
42 18 -17 0
-43 26 -30 0
39 3 45 0
37 33 -1 0
45 37 -25 0
41 39 16 0
19 -36 40 0
-14 -33 -43 0
3 -42 -25 0
-41 -24 46 0
1 46 -40 0
19 23 -1 0
-20 16 -38 0
-49 3 37 0
-14 36 -21 0
45 -41 24 0
-2 5 -46 0
-25 -3 20 0
-5 -31 -42 0
-31 -44 32 0
-1 -29 -1 0
42 -2 -42 0
-44 34 -11 0
-6 39 5 0
-49 47 26 0
-19 1 -7 0
-23 -27 25 0
-28 37 -50 0
-22 8 -24 0
40 3 3 0
-36 -25 -27 0
45 35 33 0
7 -9 -42 0
7 47 2 0
21 -3 -49 0
6 -15 -42 0
40 47 -22 0
41 49 16 0
33 -33 7 0
41 -47 -15 0
30 14 40 0
-41 -18 49 0
-4 6 -7 0
45 35 18 0
-13 -5 40 0
-10 -19 -9 0
35 19 8 0
31 -46 12 0
-30 41 13 0
1 32 -44 0
31 -22 3 0
-22 7 -13 0
-18 -1 -8 0
18 38 -24 0
49 -46 -15 0
-39 -10 -5 0
27 41 -21 0
-17 -35 41 0
-27 -40 50 0
-22 -41 -32 0
-19 18 -14 0
-44 34 13 0
7 -31 44 0
-32 5 6 0
35 2 5 0
-44 18 19 0
35 -44 -25 0
26 5 16 0
-20 -40 -22 0
30 -38 -8 0
-19 -14 30 0
-22 16 2 0
-11 -24 21 0
10 14 27 0
40 48 -14 0
