c CNF generator v0.9
p cnf 50 225
-15 -50 -35 0
37 -9 -9 0
44 12 13 0
-39 50 48 0
-5 33 36 0
-5 -8 14 0
11 21 50 0
19 -45 -22 0
-9 -33 -6 0
-47 19 35 0
14 31 43 0
-38 20 -28 0
-3 -39 -23 0
-25 -38 -16 0
-19 -8 34 0
-15 9 2 0
-49 -28 -3 0
-48 -34 33 0
-16 -14 -42 0
33 -9 -48 0
-19 28 44 0
-33 -41 47 0
-22 7 -8 0
15 -25 -42 0
10 -20 -35 0
-6 -21 4 0
-49 31 34 0
4 8 29 0
32 42 14 0
-41 -28 41 0
-7 16 -3 0
49 13 -11 0
39 4 -21 0
16 17 -21 0
-11 20 46 0
49 -12 -40 0
-30 15 16 0
5 49 4 0
17 -7 -10 0
-46 34 28 0
9 17 10 0
-7 45 -3 0
-36 -49 -48 0
-1 -26 26 0
-28 33 20 0
-33 19 3 0
-18 -40 -12 0
-2 -29 -18 0
-37 -9 36 0
-22 49 -3 0
-27 43 -46 0
-27 32 49 0
-40 8 -36 0
25 -26 16 0
-32 8 33 0
10 46 33 0
15 -45 7 0
31 -17 10 0
26 29 10 0
-48 -42 26 0
28 43 31 0
42 19 -16 0
-23 9 34 0
-44 49 -50 0
-19 39 11 0
-21 10 5 0
-35 -4 -28 0
37 50 37 0
15 28 39 0
-50 -4 35 0
-45 37 -22 0
8 22 45 0
41 2 -10 0
49 -43 23 0
-11 12 46 0
24 -50 17 0
-29 30 37 0
48 34 -39 0
-32 -26 33 0
5 -24 -49 0
10 19 9 0
36 24 49 0
-34 -2 -40 0
-23 -4 -37 0
4 13 -40 0
41 5 28 0
-16 39 -20 0
-38 -35 -7 0
-32 10 13 0
-26 -1 45 0
20 -20 -50 0
41 38 -41 0
16 45 -30 0
16 43 2 0
5 8 19 0
25 -1 27 0
43 -39 -8 0
-8 -16 -14 0
23 36 33 0
-29 -49 1 0
-13 -48 -47 0
-7 42 -5 0
40 -34 -9 0
13 49 -13 0
35 21 -43 0
-50 -26 -23 0
21 2 -37 0
-3 9 3 0
-26 -36 2 0
35 -19 -30 0
25 44 49 0
22 41 1 0
42 -21 -20 0
4 -38 -19 0
43 1 19 0
-14 11 -7 0
-31 37 -13 0
1 -32 -17 0
-7 11 -17 0
-37 -41 -14 0
-20 49 -5 0
-24 -9 -47 0
32 34 42 0
46 -20 -47 0
31 -50 10 0
-10 40 17 0
-19 29 -48 0
36 -24 50 0
-7 -27 31 0
37 -13 42 0
38 -38 43 0
24 35 50 0
-17 -19 -50 0
6 -31 44 0
48 45 35 0
-2 -3 -27 0
40 30 9 0
-48 -44 -26 0
-42 -11 33 0
49 -34 27 0
45 -6 17 0
17 -14 -22 0
-25 10 24 0
41 26 3 0
19 21 -32 0
40 -7 -30 0
-30 -16 42 0
-42 -40 -7 0
22 47 2 0
1 -2 3 0
6 -15 25 0
25 -10 -33 0
-49 -18 -25 0
-41 33 31 0
-24 -48 -26 0
43 31 -20 0
2 12 -7 0
23 25 27 0
16 -6 -33 0
41 33 -44 0
36 -47 46 0
-6 -26 -49 0
-23 4 -11 0
38 -28 -47 0
35 49 -29 0
47 -27 49 0
-13 39 -5 0
-18 -8 17 0
-47 -33 -1 0
19 -33 -26 0
27 32 -22 0
-38 -37 -46 0
32 -20 4 0
-29 2 28 0
20 -9 6 0
-22 29 10 0
-20 -3 38 0
-20 -37 -4 0
-14 -28 43 0
-8 -33 -1 0
-21 -43 19 0
-1 42 -40 0
-42 45 31 0
-6 26 30 0
-7 7 15 0
-5 -19 50 0
49 27 -41 0
-21 -12 -42 0
12 -8 25 0
14 16 -23 0
42 -29 -19 0
-4 -40 7 0
4 -15 10 0
-15 -3 -17 0
-31 -29 9 0
9 30 10 0
-13 -13 -10 0
10 -14 2 0
45 -34 -26 0
13 -39 -13 0
11 -48 5 0
-50 47 -5 0
40 -27 -28 0
8 47 -16 0
-40 16 41 0
2 -45 -30 0
33 45 -32 0
-37 11 44 0
-39 -35 32 0
30 20 21 0
-45 45 -36 0
-27 -36 -33 0
10 -15 3 0
-23 9 -45 0
-44 -17 -47 0
-1 -23 -47 0
-3 -28 -8 0
35 -17 -31 0
-46 -5 -5 0
49 37 -27 0
-14 38 -9 0
36 7 -19 0
13 47 -4 0
46 26 9 0
29 -16 25 0
