c CNF generator v0.9
p cnf 50 225
39 -17 50 0
30 44 -42 0
14 37 -43 0
48 -41 5 0
3 -18 28 0
-24 44 28 0
-10 20 -7 0
-7 8 -40 0
-14 5 -11 0
-34 -50 30 0
-3 39 -36 0
-16 31 -43 0
-32 39 30 0
-6 6 -44 0
-3 -7 38 0
-17 30 -6 0
-29 -41 12 0
10 -6 27 0
6 -39 -1 0
8 45 -25 0
27 -24 -8 0
-39 21 34 0
-39 35 -49 0
-33 17 41 0
1 -7 -46 0
15 -22 28 0
39 -32 -36 0
-21 -33 42 0
6 24 -19 0
25 -18 -14 0
18 -32 20 0
-31 20 28 0
16 -21 5 0
-4 11 2 0
22 35 22 0
-11 48 32 0
29 -31 41 0
-14 35 -1 0
42 31 -14 0
-38 32 -36 0
21 -7 -48 0
41 17 -39 0
-35 -16 -47 0
47 -21 44 0
-17 49 25 0
-46 47 -33 0
-45 46 36 0
-50 24 16 0
-22 6 -17 0
-9 -28 27 0
38 31 -24 0
-15 -25 12 0
32 -42 35 0
-23 -10 44 0
-45 42 37 0
5 9 -28 0
-11 -35 15 0
-3 9 26 0
-13 29 -38 0
5 -41 -39 0
40 31 46 0
43 42 8 0
-21 1 1 0
45 31 30 0
46 13 14 0
14 42 -31 0
26 29 20 0
41 12 37 0
-39 -49 26 0
29 -49 -10 0
-18 12 -15 0
-27 -34 -31 0
-3 -22 15 0
37 24 23 0
-19 -31 31 0
-40 -14 -40 0
20 37 49 0
-15 -22 42 0
27 1 -2 0
-19 47 6 0
-37 -14 16 0
-19 11 1 0
19 -7 23 0
31 19 20 0
30 -9 -9 0
-20 25 -29 0
-29 5 21 0
-14 -23 -33 0
22 -39 50 0
19 20 37 0
50 -24 15 0
-18 5 21 0
-42 47 45 0
-6 33 -36 0
-49 36 46 0
-31 15 -14 0
27 -41 27 0
24 -3 30 0
-17 9 -25 0
-37 -48 19 0
-43 -41 45 0
-29 35 -28 0
15 19 -21 0
-9 -22 -42 0
-33 -17 -2 0
27 33 -12 0
-43 7 -15 0
-48 -40 -11 0
4 -36 20 0
49 -1 45 0
-11 -40 -1 0
33 34 46 0
-25 -29 5 0
-21 37 -49 0
-45 -15 47 0
-48 6 18 0
43 -40 -22 0
31 19 10 0
27 -14 11 0
-28 -16 -50 0
-40 -10 4 0
30 -41 35 0
-28 -41 33 0
-44 47 -1 0
34 -16 -6 0
26 -49 30 0
-40 -19 17 0
50 -8 -30 0
27 -39 20 0
15 48 -46 0
44 22 -28 0
-40 -32 3 0
-9 35 -31 0
-14 33 32 0
17 44 -11 0
36 -31 -7 0
46 -17 47 0
40 21 6 0
29 -38 -6 0
11 23 -45 0
41 -50 13 0
35 -50 4 0
18 -49 19 0
-30 27 -28 0
44 29 9 0
-20 31 24 0
27 -28 -16 0
33 16 -47 0
21 9 -42 0
-37 6 2 0
-17 -9 -16 0
-34 23 -17 0
31 -43 -50 0
-16 -4 -32 0
-37 -21 -4 0
-12 46 13 0
28 -24 40 0
40 33 -22 0
43 10 42 0
-18 -31 -12 0
-21 25 -2 0
19 34 1 0
-11 18 3 0
30 -30 43 0
18 47 -45 0
-19 -27 28 0
-16 15 -11 0
7 -21 -6 0
31 -39 -28 0
-44 -20 -22 0
-38 25 -22 0
-39 -20 -1 0
-29 31 4 0
31 -46 -17 0
-40 20 1 0
-10 15 -16 0
4 18 23 0
-34 -43 -48 0
27 -28 36 0
30 9 19 0
-29 -33 5 0
2 -31 -7 0
-15 -44 9 0
-38 -29 40 0
11 -23 26 0
-5 -7 25 0
-43 -18 -11 0
29 -27 -5 0
3 26 39 0
-45 -17 -37 0
34 32 -22 0
-39 -12 28 0
-34 -1 45 0
-40 19 24 0
-44 15 -34 0
43 32 39 0
6 30 16 0
-46 -12 20 0
-36 32 -10 0
37 -1 38 0
42 13 -22 0
35 -14 -22 0
46 9 -33 0
-10 -3 13 0
-20 -40 -27 0
25 -49 19 0
13 -2 27 0
-17 -16 -46 0
29 -33 -19 0
-19 -4 25 0
11 -45 -3 0
-49 -15 -43 0
19 -34 -27 0
-1 -32 24 0
-11 -18 -28 0
-28 -28 -19 0
-17 -22 43 0
-6 -32 -26 0
-17 -36 16 0
34 -10 39 0
36 -16 -37 0
8 -3 -11 0
5 -35 43 0
43 -39 35 0
-13 36 17 0
