c CNF generator v0.9
p cnf 50 225
-19 47 41 0
9 -50 21 0
-5 5 -49 0
9 -20 -40 0
39 -10 -18 0
28 -4 -48 0
35 38 6 0
39 41 23 0
10 21 -50 0
-42 14 -49 0
43 -31 33 0
15 41 28 0
-30 -48 -27 0
-44 27 16 0
-3 17 8 0
47 46 -3 0
-4 -24 -45 0
-35 -32 -11 0
-40 -15 28 0
14 -9 9 0
-37 18 18 0
18 -23 -44 0
26 -10 -2 0
42 50 14 0
-5 8 50 0
-19 43 -35 0
-28 -38 38 0
-34 28 -15 0
2 25 -2 0
-9 14 -33 0
-45 11 -36 0
-27 -47 36 0
-10 -40 4 0
-28 -30 4 0
-8 -17 11 0
9 -1 -11 0
-48 29 16 0
36 -42 -4 0
42 -24 10 0
-21 48 -3 0
-29 -48 12 0
44 11 -15 0
-15 -16 46 0
-47 -41 -44 0
-6 -34 49 0
43 41 18 0
-42 -9 -25 0
37 -12 -7 0
-3 50 45 0
-34 -30 -20 0
-15 -13 37 0
-33 50 25 0
-33 17 12 0
-6 -24 39 0
-26 -32 40 0
-49 -18 -23 0
-4 -9 33 0
41 -44 19 0
44 -15 7 0
-22 -43 -15 0
-15 28 -17 0
-26 28 -23 0
-26 -47 -8 0
-35 -5 50 0
-31 -38 35 0
-7 49 -34 0
-29 -35 40 0
-5 -23 -41 0
-12 -6 17 0
38 -10 34 0
33 -30 37 0
-21 -49 -6 0
-28 -36 -49 0
-39 -21 4 0
-3 -31 -26 0
38 -38 -29 0
21 -30 36 0
29 -43 -11 0
44 -1 -17 0
-40 -43 47 0
19 -39 -35 0
-33 21 -12 0
35 -35 39 0
-16 -19 48 0
-17 -41 -38 0
-29 -17 -4 0
-19 -2 -46 0
-13 -23 18 0
48 44 -8 0
26 33 9 0
34 -46 18 0
-29 6 42 0
-14 11 3 0
4 -22 28 0
40 49 19 0
-35 18 50 0
-10 8 10 0
-10 -37 -19 0
-48 -15 27 0
48 -24 12 0
22 -8 -1 0
21 39 44 0
42 8 -31 0
-36 6 7 0
13 -12 -35 0
20 46 -16 0
-34 34 -25 0
-14 41 36 0
47 -36 -8 0
-4 16 -15 0
24 37 -28 0
-3 -18 3 0
18 -42 26 0
9 6 25 0
-28 20 34 0
22 -24 47 0
-42 24 -20 0
-39 -8 33 0
-7 -16 -14 0
-50 11 9 0
-15 5 -44 0
-1 -50 25 0
-9 50 -23 0
34 47 3 0
13 30 27 0
-21 -36 50 0
-29 19 -30 0
9 -10 -4 0
-23 31 -25 0
-48 -45 -28 0
19 26 7 0
42 -34 -5 0
5 3 20 0
26 48 -22 0
30 -48 -50 0
-8 -16 -40 0
21 -34 18 0
2 -7 19 0
-2 7 47 0
-18 30 -15 0
45 22 -37 0
30 -24 -25 0
-20 -1 -33 0
-22 41 11 0
-16 18 -21 0
20 -19 -35 0
-23 10 -29 0
9 -38 -20 0
29 20 7 0
24 -26 -20 0
26 11 18 0
-38 37 26 0
46 -36 25 0
-5 -31 42 0
5 -11 -42 0
9 2 10 0
43 31 12 0
29 -22 39 0
37 -47 29 0
-17 25 -34 0
48 -6 -36 0
48 -32 -12 0
17 -28 -38 0
-29 -7 28 0
38 -39 -28 0
37 11 -35 0
-49 -26 -22 0
37 -9 45 0
-2 -4 13 0
15 30 -48 0
-22 -19 -36 0
-22 33 -8 0
-35 -6 -7 0
-44 23 21 0
-18 48 40 0
-37 -36 -33 0
23 -2 -10 0
4 -28 -13 0
50 -1 -20 0
41 19 25 0
-33 -29 39 0
-47 -28 -44 0
-17 19 -49 0
-49 47 21 0
-1 -35 -9 0
-29 -29 22 0
36 45 -43 0
-16 3 -45 0
-32 9 33 0
-27 -8 -12 0
-39 41 -2 0
-15 28 38 0
-4 3 23 0
-31 9 -21 0
-20 -7 -44 0
41 8 13 0
-32 -5 -2 0
20 -17 -29 0
19 43 12 0
23 31 23 0
-32 27 -7 0
-21 -40 -36 0
7 -27 -48 0
44 22 -27 0
-33 -15 -6 0
28 -30 13 0
-13 -16 -7 0
-10 -36 -40 0
50 -2 -28 0
48 30 47 0
-36 21 -38 0
29 -15 28 0
40 24 2 0
48 34 -35 0
-48 -17 41 0
-41 35 -18 0
-28 -33 -36 0
44 -30 19 0
-32 7 46 0
9 -26 -28 0
48 4 40 0
43 -27 -41 0
-15 -2 37 0
19 37 35 0
23 -2 -37 0
