c CNF generator v0.9
p cnf 50 225
28 -9 47 0
2 44 -2 0
-28 9 23 0
-4 -34 -33 0
-36 25 -43 0
7 8 44 0
34 25 11 0
-8 -29 34 0
14 22 -47 0
25 -38 12 0
-13 -42 -4 0
-35 -11 -8 0
50 -16 39 0
-39 49 -14 0
30 -4 -2 0
-40 4 47 0
17 23 -50 0
-13 -45 -4 0
-9 -25 -20 0
23 2 -46 0
-4 -10 11 0
47 -4 2 0
-45 -38 -1 0
-23 -42 11 0
31 -46 -46 0
-14 11 25 0
9 -33 -37 0
39 -32 -7 0
-36 -37 -30 0
19 27 30 0
-29 -17 -46 0
-35 23 19 0
-6 -26 20 0
-2 -38 29 0
37 10 -19 0
-48 -21 38 0
-19 28 -34 0
33 -30 -6 0
-16 45 -20 0
-45 -46 35 0
1 6 9 0
16 -38 25 0
42 23 -12 0
14 -27 46 0
49 -21 19 0
48 50 -4 0
17 -19 34 0
-4 -11 -32 0
-20 9 -44 0
-27 10 30 0
22 16 22 0
-15 -39 -39 0
-16 -17 41 0
50 38 -7 0
-8 38 -17 0
22 -12 -1 0
-2 11 -6 0
48 41 -13 0
16 35 -13 0
12 3 -23 0
-42 -31 -42 0
30 -7 -12 0
-13 -27 7 0
34 -28 -42 0
4 -41 -42 0
-35 -47 -18 0
6 1 -29 0
49 -12 -42 0
22 15 -13 0
47 -31 -9 0
-17 24 24 0
-44 -38 -15 0
27 22 -31 0
-4 -45 -30 0
32 15 -1 0
-5 -2 -39 0
1 27 -25 0
44 -37 38 0
-11 31 43 0
18 -15 -8 0
41 6 10 0
27 -11 9 0
-24 36 11 0
44 -6 32 0
-30 -15 34 0
-50 45 -20 0
15 32 -48 0
41 20 1 0
44 -35 8 0
35 11 -14 0
44 -29 11 0
43 20 -7 0
-17 3 -42 0
-23 -1 -13 0
-42 -20 -24 0
30 -18 47 0
-40 40 42 0
-15 15 43 0
23 -14 33 0
10 15 -15 0
-27 50 30 0
-12 29 5 0
45 32 -34 0
16 -25 -48 0
16 25 15 0
6 30 29 0
40 -40 -35 0
-43 25 18 0
19 22 20 0
-25 22 23 0
-40 17 23 0
-28 -34 -23 0
20 22 -26 0
11 -48 -14 0
14 25 30 0
-31 30 42 0
10 -42 -1 0
28 -18 7 0
27 -11 47 0
42 23 -38 0
-19 22 46 0
13 -36 -22 0
30 15 -46 0
-2 -18 -22 0
-44 25 -49 0
31 -22 32 0
31 -50 -46 0
35 -37 -13 0
-14 36 5 0
40 -5 1 0
-18 -44 -47 0
-3 25 11 0
-23 34 4 0
-36 1 -8 0
-2 -49 2 0
1 25 24 0
20 -42 21 0
-30 33 -38 0
-14 -2 28 0
-3 41 13 0
-24 -22 12 0
41 -24 22 0
-17 -27 -12 0
-41 49 34 0
-31 -3 -26 0
-27 -12 11 0
31 -32 32 0
18 -5 -42 0
5 -32 -7 0
26 37 -48 0
20 9 37 0
-33 3 -35 0
-26 -34 -14 0
-14 36 31 0
2 -29 3 0
25 49 6 0
-7 -29 47 0
4 12 49 0
-38 -43 -12 0
3 -4 -16 0
-1 -49 1 0
42 14 42 0
17 -47 -27 0
-30 -12 -6 0
-18 -22 -15 0
-49 3 -42 0
49 -28 5 0
-21 13 -19 0
-20 -48 -34 0
40 20 -17 0
17 -44 -28 0
6 13 -50 0
4 -27 -37 0
-25 3 3 0
28 33 -17 0
-25 -4 25 0
-35 50 -45 0
2 -4 36 0
-32 -21 11 0
-24 45 46 0
17 -27 18 0
26 -22 -19 0
47 20 -50 0
-49 -13 -35 0
-31 13 31 0
-34 -47 30 0
1 -47 32 0
14 -31 -11 0
8 18 34 0
42 -5 9 0
49 25 -26 0
-31 -11 -40 0
-3 9 -41 0
7 -11 14 0
-37 45 27 0
15 -38 45 0
2 1 33 0
50 37 31 0
-24 29 49 0
-45 45 14 0
-30 -36 -40 0
-10 39 17 0
3 -50 50 0
-18 30 -49 0
-40 4 3 0
37 -21 15 0
23 -40 40 0
-36 -1 28 0
44 50 25 0
26 -33 -45 0
-27 -26 46 0
2 -5 19 0
22 -23 -42 0
1 -29 -50 0
16 44 45 0
-27 -21 -28 0
-12 -16 -21 0
41 -37 43 0
-19 -48 45 0
12 -31 -18 0
39 -10 -19 0
1 20 -23 0
34 -11 49 0
27 30 17 0
-24 6 -44 0
