c CNF generator v0.9
p cnf 50 225
-21 36 1 0
-24 35 -43 0
37 -45 14 0
-16 3 -26 0
10 33 -37 0
30 50 15 0
17 43 21 0
2 2 -9 0
10 -35 -16 0
36 -28 -18 0
-18 38 44 0
12 -26 8 0
-21 6 35 0
3 -29 -48 0
48 34 25 0
35 20 -3 0
12 -44 -42 0
4 29 24 0
-22 -20 38 0
15 50 26 0
34 30 45 0
-19 -21 -16 0
-50 -27 -16 0
-50 -49 49 0
-18 -1 44 0
-27 36 -41 0
46 -1 10 0
-50 18 11 0
-29 8 23 0
-22 -50 18 0
-47 6 -8 0
-46 10 50 0
16 24 -1 0
44 1 -15 0
-38 -7 19 0
12 1 10 0
-8 7 -13 0
14 -15 -50 0
45 -1 -9 0
50 43 -25 0
20 -42 18 0
-34 35 -10 0
28 43 28 0
-13 -36 16 0
18 -17 20 0
3 12 40 0
23 -27 5 0
-31 47 34 0
-9 -6 33 0
-24 -45 30 0
-50 26 -38 0
-7 20 -4 0
15 19 23 0
-36 32 5 0
-22 34 -49 0
46 -45 -44 0
45 -8 -38 0
-16 -3 4 0
-30 -41 10 0
18 34 -32 0
33 -8 20 0
-3 -6 41 0
23 -1 -24 0
18 23 -29 0
-19 4 -41 0
-18 -46 44 0
30 -24 -50 0
-2 -5 -48 0
-41 -36 32 0
11 49 20 0
7 -45 -23 0
18 -35 -38 0
43 -37 40 0
-9 23 -39 0
-43 -8 17 0
4 38 -36 0
34 37 4 0
-45 37 27 0
10 -7 3 0
45 -26 -39 0
2 2 21 0
13 26 39 0
32 19 49 0
15 21 33 0
2 50 -5 0
-8 43 -16 0
-6 29 17 0
36 31 -37 0
29 -29 20 0
-19 7 -7 0
-38 -19 3 0
-27 -42 -5 0
34 19 21 0
-46 42 13 0
-11 -36 19 0
-2 -43 13 0
9 -40 -3 0
7 -7 -31 0
19 11 47 0
-37 -35 37 0
-1 -17 38 0
35 -2 19 0
17 1 -47 0
24 18 12 0
-44 -12 12 0
40 6 1 0
5 1 -50 0
22 -20 38 0
47 38 8 0
1 -7 -7 0
-25 -3 -33 0
-11 10 22 0
-42 28 39 0
7 -6 29 0
37 21 43 0
-4 -28 35 0
-40 -37 32 0
9 -40 44 0
26 26 -23 0
-8 -33 -35 0
-34 -34 -6 0
-10 20 -13 0
25 33 -3 0
26 44 -16 0
15 40 -37 0
-9 -8 5 0
-45 -5 -29 0
-32 -26 47 0
13 18 40 0
32 -15 37 0
17 15 36 0
21 2 -43 0
40 -18 -37 0
22 -49 -46 0
8 -48 -38 0
-19 -50 -29 0
19 29 -45 0
-14 49 46 0
11 11 -49 0
47 24 6 0
23 -23 -4 0
-5 39 21 0
-44 -9 37 0
20 -26 -39 0
-2 14 -28 0
-47 -43 32 0
-8 -45 9 0
-42 23 -4 0
5 36 33 0
-6 10 -29 0
-20 -8 49 0
-38 42 38 0
35 30 -10 0
-46 -20 -31 0
17 28 10 0
4 -24 -31 0
33 -35 26 0
-49 24 1 0
17 -6 -2 0
-46 -26 25 0
-17 17 20 0
2 4 -5 0
36 28 -3 0
2 -50 44 0
-7 15 -6 0
12 38 49 0
10 -22 -8 0
13 18 -23 0
-37 -30 -3 0
-12 28 -4 0
7 24 46 0
-31 30 -50 0
-4 -8 -2 0
-4 -20 17 0
-42 -27 -4 0
42 1 10 0
28 -21 17 0
-25 24 -32 0
12 -35 33 0
3 2 -18 0
43 -9 12 0
-3 43 50 0
-4 -35 3 0
37 46 40 0
5 19 50 0
35 1 -46 0
18 -41 6 0
12 -35 24 0
29 2 26 0
-28 -41 27 0
-46 19 35 0
27 5 6 0
-34 49 -49 0
-27 26 -19 0
44 -24 23 0
-19 -11 -43 0
-46 -6 -47 0
24 -13 -44 0
-25 -39 1 0
12 -10 30 0
-5 48 -15 0
-17 3 44 0
-1 -46 -20 0
13 23 -45 0
-17 45 -50 0
-14 34 45 0
6 -11 -16 0
27 -38 -1 0
41 31 18 0
1 -47 10 0
9 37 43 0
-24 21 -46 0
26 -30 -46 0
-18 -17 -46 0
-20 -23 44 0
-27 1 -18 0
-29 -25 -22 0
-39 -1 -40 0
-26 21 44 0
-48 7 -28 0
33 -16 17 0
32 -23 -49 0
24 -20 -8 0
-37 18 42 0
-13 22 41 0
