c CNF generator v0.9
p cnf 50 225
-4 36 -13 0
13 -45 -8 0
-9 39 -30 0
-9 48 6 0
46 28 -40 0
25 37 35 0
4 42 -14 0
42 -25 -49 0
23 -46 18 0
3 42 -18 0
-3 -5 -29 0
-45 16 38 0
-42 20 -14 0
7 -22 -14 0
5 3 -42 0
34 25 34 0
17 -43 -2 0
-8 -36 15 0
6 -26 -32 0
8 -29 27 0
-49 34 -32 0
24 -43 23 0
50 11 -43 0
48 -33 20 0
-46 -14 29 0
42 -21 -35 0
-38 49 4 0
-29 12 31 0
-50 -49 -7 0
30 -24 -8 0
38 16 1 0
-41 5 -31 0
-27 -20 -38 0
40 4 -20 0
-44 -48 -11 0
47 -24 42 0
39 46 -35 0
-30 41 50 0
44 -11 -26 0
-11 -28 -23 0
-27 42 31 0
48 -24 -31 0
-16 40 -15 0
-14 -24 21 0
-27 -29 25 0
32 21 41 0
33 -10 -12 0
40 17 15 0
-8 24 44 0
-18 10 -11 0
43 -39 1 0
26 16 -18 0
30 16 -50 0
-5 35 -32 0
-32 -18 20 0
37 -38 -36 0
2 -14 -39 0
48 4 41 0
44 5 32 0
-49 -6 10 0
18 -1 -9 0
-42 5 -9 0
21 -22 22 0
45 -11 -29 0
36 -10 32 0
41 -29 20 0
44 -8 -49 0
-12 2 -39 0
31 -27 -36 0
-34 -41 -27 0
38 -31 3 0
-20 -12 -30 0
1 2 -37 0
44 2 42 0
-9 27 46 0
42 -5 45 0
-31 31 2 0
49 18 48 0
7 42 -36 0
44 -43 32 0
19 -14 -49 0
48 5 -25 0
-48 25 15 0
41 -26 23 0
-44 -45 9 0
-13 -27 -21 0
-43 26 -20 0
26 15 44 0
-11 -44 -41 0
-11 -9 -40 0
-21 25 28 0
26 -38 29 0
14 24 -10 0
-50 -9 -28 0
50 -46 -32 0
-37 -44 -33 0
-15 -13 48 0
2 46 5 0
9 -8 36 0
18 -13 -3 0
-45 7 39 0
27 32 2 0
-8 -6 -37 0
-11 20 -41 0
15 -11 7 0
3 -14 -41 0
40 30 -40 0
-16 -43 37 0
-24 -12 -39 0
-48 10 -35 0
-4 -35 30 0
30 13 -49 0
-8 -38 -35 0
20 -33 30 0
-6 -4 -35 0
-21 -23 50 0
-6 35 5 0
8 -47 -12 0
-47 46 -28 0
1 -6 -31 0
9 -22 18 0
50 -30 7 0
-5 27 -28 0
-34 2 -13 0
-8 -48 -14 0
-50 -50 11 0
-23 -43 -21 0
-25 -25 -3 0
-36 3 -28 0
25 48 -5 0
-36 -15 -35 0
4 -50 -9 0
1 -34 -20 0
-9 6 -43 0
-35 9 -28 0
-30 44 -23 0
-41 21 45 0
23 4 25 0
-31 45 13 0
37 -34 14 0
-4 32 14 0
-49 46 28 0
18 -36 1 0
34 32 46 0
-10 45 -26 0
16 -33 -40 0
49 -15 -25 0
-49 28 -25 0
33 10 -26 0
47 -7 -23 0
21 -28 18 0
-20 49 32 0
-46 -33 -1 0
32 -35 -25 0
-14 -18 -21 0
24 -44 37 0
24 48 -40 0
-22 -8 28 0
18 39 29 0
27 12 23 0
34 18 28 0
-49 -9 33 0
-29 -25 38 0
-1 45 34 0
19 -27 -31 0
39 19 16 0
-17 44 16 0
41 16 23 0
-35 36 -18 0
43 -31 18 0
-3 -33 6 0
35 -14 43 0
45 -10 -4 0
48 46 3 0
-32 -18 21 0
-46 -42 13 0
36 9 -31 0
-21 -31 23 0
-39 20 -23 0
-37 21 -40 0
-32 -49 -28 0
4 5 -44 0
-7 -12 -2 0
-33 -23 -12 0
36 -14 8 0
-31 -49 -12 0
31 -19 44 0
18 36 -10 0
-37 -42 -38 0
39 -38 23 0
-40 -18 29 0
21 13 -8 0
23 -10 -21 0
-42 5 -50 0
-46 38 15 0
37 29 12 0
7 42 20 0
23 3 -5 0
-20 -31 15 0
-6 -13 -49 0
-47 31 7 0
-3 -38 -16 0
8 7 -19 0
13 37 34 0
-48 -12 -47 0
18 25 8 0
-10 6 -12 0
46 -33 -15 0
-10 42 38 0
47 21 5 0
10 -31 33 0
-49 -36 7 0
10 -30 3 0
-3 -15 16 0
-31 28 -15 0
27 -3 -11 0
24 34 43 0
2 -25 16 0
-36 29 23 0
42 -6 -8 0
-31 42 -10 0
23 4 -19 0
-49 3 26 0
-5 27 18 0
47 -13 -37 0
