c CNF generator v0.9
p cnf 50 225
40 -31 -11 0
-6 -42 28 0
38 -30 46 0
47 -12 -31 0
49 44 43 0
-30 18 -37 0
-3 1 -31 0
22 -12 -19 0
20 50 28 0
-17 22 -38 0
38 -42 -42 0
41 -31 50 0
17 1 -10 0
-34 -42 31 0
-24 22 -22 0
-44 18 40 0
33 -17 -30 0
-25 32 26 0
22 -49 -34 0
-16 -48 -48 0
-19 -35 22 0
26 -37 25 0
37 -1 -48 0
-49 -5 24 0
-23 -41 -50 0
10 -35 -22 0
-27 -27 49 0
-32 29 -34 0
-49 -37 36 0
18 -9 -8 0
-49 31 20 0
39 -30 10 0
-10 44 -46 0
-6 -11 30 0
-4 -8 -35 0
-25 23 -33 0
42 -46 -21 0
15 -16 46 0
25 -26 -38 0
-5 -43 -4 0
-25 12 -12 0
12 11 32 0
-23 -38 -42 0
37 46 11 0
-4 5 7 0
46 43 -34 0
-33 -7 -27 0
24 -50 -26 0
41 3 -26 0
5 -3 40 0
-5 -9 9 0
3 27 14 0
-18 -38 3 0
-23 -21 25 0
-19 -36 -21 0
-49 20 40 0
29 -4 -5 0
50 40 47 0
-26 31 4 0
-9 18 -11 0
40 38 -1 0
3 39 -36 0
38 -31 -21 0
42 40 5 0
-2 -15 17 0
47 -26 -7 0
3 46 -23 0
39 -25 17 0
27 13 1 0
46 29 -17 0
33 46 -8 0
31 20 -38 0
27 29 -21 0
-9 -10 -48 0
36 -6 -33 0
-39 -10 48 0
16 25 24 0
33 -13 15 0
-48 -35 23 0
-40 -43 -23 0
18 37 -11 0
-30 -43 39 0
-34 -25 49 0
26 49 -48 0
36 -32 -27 0
-13 13 -10 0
-35 42 -45 0
-22 -25 19 0
29 -37 -36 0
-17 -12 28 0
-43 -13 -7 0
45 5 16 0
9 -37 18 0
19 10 20 0
-36 18 -16 0
-9 -30 22 0
-26 49 14 0
-39 29 -10 0
9 -23 4 0
23 -13 35 0
8 34 13 0
-26 -17 16 0
-9 -44 -39 0
-34 -37 15 0
38 -23 46 0
36 19 -23 0
19 37 -28 0
22 -47 43 0
47 -33 33 0
-1 34 -37 0
-5 -42 -28 0
-10 -27 36 0
-39 14 43 0
50 46 15 0
-4 21 41 0
-23 -47 46 0
-13 38 43 0
32 -9 -30 0
-36 41 9 0
12 14 -34 0
-39 37 30 0
-28 -42 -12 0
-37 -5 6 0
-49 49 49 0
-8 4 -37 0
20 -10 29 0
-45 34 3 0
-2 22 -37 0
-1 30 -7 0
-3 39 9 0
-2 47 -18 0
-43 19 -25 0
38 -6 34 0
14 -6 35 0
12 -49 46 0
24 -31 14 0
4 -3 -25 0
-27 -11 -9 0
5 -21 21 0
43 19 -9 0
19 -50 -6 0
9 -45 -10 0
20 -20 -38 0
-50 -50 -7 0
28 26 -22 0
-26 -29 23 0
13 28 -33 0
29 -47 -33 0
-44 42 31 0
46 -43 48 0
45 -13 -43 0
-11 -44 -31 0
10 18 -1 0
45 -32 35 0
37 8 -4 0
-6 -25 10 0
-33 30 -20 0
6 19 15 0
17 22 40 0
-7 -9 36 0
31 -35 -20 0
-5 -40 20 0
1 45 25 0
17 24 -20 0
-35 31 50 0
36 -24 -38 0
-8 30 -18 0
-49 -33 -8 0
-48 -49 -12 0
26 -21 8 0
9 -4 22 0
49 42 48 0
50 -14 -41 0
-30 50 -46 0
26 10 27 0
-7 39 41 0
-3 -34 19 0
-24 -16 -30 0
38 -28 -5 0
16 -20 9 0
3 50 -21 0
-38 -42 25 0
-40 48 23 0
15 47 49 0
-18 7 -21 0
40 46 -5 0
22 1 -27 0
-34 -40 -20 0
33 3 24 0
4 -13 -28 0
-41 36 36 0
31 15 -8 0
15 15 -8 0
47 -20 -15 0
-12 -12 36 0
-50 -5 -40 0
9 -30 43 0
-32 -42 -43 0
-25 13 -6 0
-12 -30 -25 0
-26 23 -3 0
-15 31 -41 0
-23 -26 -43 0
-44 -46 44 0
37 31 -45 0
-49 -43 28 0
-21 30 -14 0
3 16 6 0
21 41 46 0
-11 -33 -28 0
-2 13 -10 0
-21 46 -4 0
-24 -12 29 0
-36 8 9 0
13 15 -34 0
3 -46 30 0
-27 -50 5 0
-24 -47 27 0
-26 -39 -34 0
-42 -4 -10 0
10 -15 33 0
-50 -48 37 0
-49 -14 -35 0
-44 -28 39 0
-9 13 49 0
