c CNF generator v0.9
p cnf 50 225
41 14 16 0
17 -32 22 0
-41 -42 -48 0
-11 50 2 0
47 -27 -18 0
19 -50 49 0
-42 32 22 0
-17 3 -2 0
-1 -32 -16 0
-25 38 -7 0
48 -32 27 0
45 38 27 0
28 -20 26 0
29 32 43 0
44 -41 -33 0
-5 -4 25 0
26 37 23 0
-46 21 -7 0
-20 21 -3 0
-47 34 35 0
-13 -46 -1 0
45 49 -39 0
-21 35 5 0
23 33 -37 0
38 31 20 0
28 50 46 0
-4 48 50 0
-4 15 -5 0
-25 44 38 0
22 -23 -13 0
15 4 -35 0
-11 44 -34 0
-21 10 -9 0
-35 12 21 0
32 22 -26 0
14 -27 12 0
20 -10 -49 0
20 6 -18 0
-36 -27 10 0
12 -2 9 0
-27 -3 38 0
14 21 -26 0
8 49 7 0
27 -3 -1 0
11 -40 -5 0
44 -38 22 0
-45 -46 8 0
-47 -25 39 0
17 -23 -19 0
-36 49 12 0
-28 7 18 0
7 16 -31 0
49 6 35 0
-18 -33 9 0
5 -4 -24 0
20 -46 -2 0
-32 5 -26 0
-2 -14 -22 0
-14 -45 -11 0
-31 11 -36 0
-18 9 -20 0
-46 18 -47 0
-24 -29 21 0
19 -17 -32 0
-46 -8 28 0
-18 -43 17 0
39 20 -27 0
35 -9 48 0
42 -31 -37 0
26 -42 24 0
-40 -24 -2 0
-42 -49 -14 0
29 19 43 0
-12 -10 -39 0
-5 -13 2 0
-42 8 9 0
-46 23 37 0
-20 -5 34 0
28 -25 -13 0
8 -16 23 0
28 29 35 0
35 -31 47 0
-39 26 -41 0
33 15 3 0
20 22 29 0
-15 13 -1 0
-40 33 -36 0
-31 8 23 0
2 -36 -27 0
39 17 10 0
3 6 -7 0
35 25 -36 0
11 -23 -20 0
-40 22 24 0
-12 -4 -47 0
-36 19 -20 0
42 39 29 0
24 -23 -27 0
-2 -47 23 0
-34 -20 -34 0
-42 50 -14 0
-7 44 -1 0
25 43 30 0
47 -44 -2 0
43 14 -6 0
3 11 -8 0
13 12 31 0
30 -38 35 0
-3 47 -10 0
-44 -48 -28 0
-39 -4 49 0
18 27 21 0
49 -49 -12 0
47 -26 -9 0
-17 -46 44 0
-13 -16 5 0
-2 42 -48 0
50 -30 17 0
9 1 7 0
-28 3 -8 0
39 42 -19 0
-30 39 22 0
-47 16 36 0
42 44 -40 0
-2 2 -30 0
-10 43 -41 0
-15 -26 -27 0
34 34 14 0
41 -46 50 0
-39 49 42 0
33 -4 16 0
5 18 -20 0
-48 -36 24 0
4 -47 -4 0
-48 -31 24 0
41 17 11 0
-16 19 -39 0
-38 -32 5 0
-41 -8 22 0
-45 -27 -9 0
11 -33 36 0
32 -38 -33 0
40 30 -28 0
35 -50 -31 0
35 -18 -31 0
46 24 -8 0
18 -29 -42 0
-45 26 43 0
-33 7 -28 0
31 -10 -29 0
-18 -24 11 0
13 -48 -40 0
-47 32 12 0
-25 29 -48 0
-50 -18 -28 0
-34 27 -3 0
-8 -13 10 0
14 47 27 0
47 47 6 0
-24 12 43 0
47 8 39 0
-34 16 -32 0
4 -24 35 0
-18 -36 20 0
-2 -21 44 0
27 20 26 0
-33 10 -33 0
11 -39 -50 0
25 -34 -16 0
42 -40 -50 0
-29 -26 29 0
10 17 -23 0
-22 -43 21 0
-46 8 -40 0
6 -21 6 0
2 26 -34 0
21 -38 -48 0
-1 3 -32 0
31 24 -19 0
-40 3 -29 0
5 -21 -11 0
22 9 23 0
-45 8 -11 0
-5 7 19 0
-28 -20 18 0
-39 -35 30 0
-48 14 21 0
10 23 -9 0
16 28 3 0
26 7 15 0
18 -9 39 0
-18 -42 -11 0
-17 33 32 0
-13 -49 15 0
44 7 -4 0
6 14 -9 0
49 -37 -18 0
-37 9 47 0
16 -30 21 0
-30 38 38 0
5 -39 -47 0
30 -31 11 0
47 -32 41 0
3 22 48 0
-10 -39 9 0
-18 -2 -35 0
-28 -23 -29 0
-9 -17 -31 0
-21 -25 32 0
24 10 14 0
32 9 37 0
12 -11 -15 0
27 4 25 0
-33 21 21 0
36 3 -7 0
-24 -22 -43 0
20 10 43 0
27 33 -28 0
13 -2 28 0
30 -48 -49 0
-47 35 -38 0
-23 9 3 0
28 27 -49 0
4 16 14 0
5 17 50 0
