c CNF generator v0.9
p cnf 50 225
-6 -50 34 0
-44 -14 40 0
-20 16 14 0
16 15 -8 0
43 -22 -23 0
5 -45 12 0
2 35 -41 0
13 -17 30 0
44 -25 -46 0
-44 -49 26 0
2 -26 -45 0
2 -35 23 0
21 -37 43 0
39 -31 -33 0
-41 -29 17 0
35 -28 27 0
28 -20 2 0
-2 17 46 0
16 -16 -25 0
38 -1 -41 0
43 -32 12 0
17 28 -9 0
-19 -16 20 0
-21 43 -5 0
38 7 41 0
-42 -7 -1 0
33 -17 37 0
-9 37 -24 0
-39 17 22 0
44 -23 -17 0
-48 17 -31 0
23 -25 -20 0
-19 41 42 0
-25 -7 -16 0
-12 45 -2 0
19 35 39 0
-49 39 34 0
6 -15 8 0
6 -21 16 0
31 -49 1 0
22 13 -19 0
44 7 -39 0
-5 5 39 0
-50 10 4 0
-32 -17 -18 0
23 -39 49 0
41 -38 3 0
-16 4 37 0
-26 -40 8 0
41 -23 2 0
-40 -39 44 0
24 -35 -8 0
16 -10 -45 0
44 -28 -40 0
-6 26 40 0
-13 6 48 0
9 13 2 0
-17 -28 -6 0
15 -47 -32 0
30 -49 -15 0
-42 20 -5 0
44 -33 6 0
2 -7 30 0
-3 10 30 0
18 -45 -18 0
45 35 49 0
34 -49 7 0
19 16 -26 0
26 -29 -11 0
38 -8 -14 0
-1 -41 44 0
36 34 -8 0
-17 13 -46 0
-14 -11 44 0
48 -17 18 0
12 46 43 0
-7 43 -4 0
-7 33 31 0
-1 28 -49 0
47 12 -11 0
-45 -3 34 0
-17 6 -4 0
-3 -27 -25 0
49 24 23 0
-43 -29 7 0
-7 12 -1 0
7 8 8 0
10 -15 4 0
-15 8 -44 0
-45 46 18 0
42 -21 45 0
-16 -7 -8 0
9 6 17 0
-50 -17 29 0
-35 8 -32 0
-31 -24 -10 0
14 -14 7 0
20 -14 -2 0
-13 36 -47 0
34 -37 29 0
-5 11 24 0
-43 -44 -37 0
29 -42 45 0
-2 -42 49 0
-29 -47 -23 0
-43 9 24 0
-15 16 44 0
10 -28 40 0
22 26 -34 0
37 -35 39 0
-10 22 40 0
-42 -22 39 0
28 7 14 0
-3 -27 -40 0
28 -50 34 0
-17 46 26 0
-48 30 -38 0
30 -11 -41 0
30 25 36 0
30 -26 -9 0
13 47 -35 0
-17 -35 21 0
-17 12 -36 0
15 18 15 0
-30 31 45 0
-22 50 -24 0
-2 -36 15 0
7 -17 -9 0
-11 -19 -47 0
48 -43 17 0
-7 -27 26 0
-29 -36 -20 0
-12 3 -31 0
41 -13 -1 0
-26 46 20 0
-21 5 31 0
-29 -32 34 0
-13 39 -25 0
-17 22 32 0
14 -30 31 0
-17 12 18 0
37 -44 21 0
16 -11 -15 0
8 11 -4 0
-11 -41 -10 0
-21 -16 -10 0
-17 -7 -3 0
-3 31 13 0
-42 29 -46 0
25 -32 47 0
-13 -45 -28 0
28 -5 -1 0
43 5 -49 0
-19 37 10 0
42 -4 38 0
16 -44 -6 0
-11 -41 -23 0
-28 32 49 0
-1 1 -40 0
38 14 39 0
-21 12 30 0
-12 -20 15 0
2 9 42 0
50 27 48 0
29 17 3 0
-4 -31 18 0
28 -39 41 0
-38 -38 4 0
31 12 44 0
27 -47 33 0
4 48 -6 0
-47 -47 35 0
-39 17 36 0
-45 -39 16 0
23 4 10 0
45 43 34 0
20 -49 38 0
-45 38 27 0
-8 40 44 0
37 -15 5 0
49 -36 -48 0
-50 3 28 0
23 24 -36 0
30 27 36 0
4 25 15 0
-21 -48 20 0
-38 -46 -39 0
50 -27 34 0
29 -48 -29 0
45 -43 46 0
-4 -5 -29 0
-22 -38 36 0
10 15 4 0
2 -31 40 0
-25 -30 -15 0
43 33 -19 0
50 -25 18 0
47 -3 -31 0
31 -50 -2 0
47 21 12 0
-37 -19 37 0
-11 -25 -9 0
20 -16 -36 0
31 12 -4 0
-28 -1 36 0
-34 33 16 0
49 10 -4 0
-35 49 37 0
2 -14 20 0
37 41 23 0
30 -23 -30 0
-43 -30 -40 0
-21 -17 26 0
-16 -1 16 0
14 -3 -11 0
4 -32 4 0
16 26 1 0
-35 3 -21 0
8 10 8 0
47 -17 -23 0
-17 32 29 0
31 12 28 0
8 16 -40 0
21 47 -37 0
-49 39 -32 0
