c CNF generator v0.9
p cnf 50 225
39 -1 -46 0
44 -41 -12 0
-33 -15 4 0
-33 -7 45 0
11 40 10 0
-25 10 42 0
-15 42 46 0
-29 3 50 0
-26 35 -38 0
-24 -31 -31 0
-6 12 21 0
-45 -34 -45 0
8 -26 47 0
45 -39 -6 0
22 44 -19 0
-20 10 39 0
-22 -30 16 0
-13 -11 -35 0
-36 3 47 0
12 -31 -25 0
-31 -43 6 0
8 -37 33 0
-6 31 -29 0
28 42 15 0
8 -14 -22 0
-39 36 42 0
19 -18 14 0
40 33 -25 0
35 23 -32 0
-12 -17 -41 0
-16 11 -39 0
-27 7 -15 0
-43 -9 -13 0
-30 -8 20 0
17 35 -48 0
-47 25 -44 0
14 -34 35 0
20 23 -8 0
-30 -2 -6 0
-28 -27 21 0
-27 -20 -29 0
11 43 38 0
-48 29 -42 0
-3 42 -2 0
-43 -8 45 0
-31 1 -2 0
45 1 -42 0
34 14 33 0
6 36 -34 0
22 -4 -28 0
-9 12 1 0
-39 48 8 0
44 2 -13 0
22 -40 -21 0
3 25 -47 0
15 -26 3 0
13 30 40 0
-7 -40 -29 0
-18 4 18 0
-30 22 29 0
-19 -25 -12 0
-12 -15 46 0
6 20 -4 0
-11 2 46 0
32 33 47 0
5 -14 -13 0
-39 -46 -36 0
-17 33 -44 0
32 -19 27 0
-47 -39 48 0
46 -32 -46 0
21 -47 -15 0
-35 22 7 0
-40 18 41 0
-50 26 38 0
-30 31 39 0
32 16 25 0
32 -50 -8 0
28 -37 47 0
-42 21 42 0
-29 15 -2 0
-33 -8 34 0
-19 35 -15 0
-13 5 -27 0
-26 -36 1 0
30 6 34 0
5 -47 -13 0
-41 21 9 0
39 10 5 0
-45 -15 -1 0
-13 17 30 0
-41 37 20 0
-2 47 -25 0
38 -14 49 0
4 -40 14 0
37 17 -1 0
-32 -39 16 0
-18 39 -24 0
-2 -46 40 0
-42 18 -47 0
50 18 -9 0
-22 46 -10 0
-31 -12 -40 0
-38 -17 -18 0
14 37 -10 0
45 -10 44 0
-24 41 -32 0
-46 -9 -12 0
3 -45 3 0
14 -41 -16 0
7 13 22 0
37 19 43 0
17 29 34 0
-13 13 -21 0
6 18 13 0
6 -4 17 0
48 -29 -40 0
27 33 16 0
49 -31 45 0
34 36 -17 0
12 -9 -25 0
-11 16 -2 0
-26 1 -20 0
36 30 -3 0
7 -40 48 0
22 21 34 0
-20 47 49 0
16 -12 -16 0
-27 50 15 0
-43 -15 -19 0
-25 29 -18 0
-12 24 -13 0
16 -38 -44 0
-19 -29 -23 0
40 6 -49 0
36 40 -48 0
-25 5 -42 0
40 49 16 0
-46 -27 -40 0
45 37 -38 0
22 45 15 0
-6 35 44 0
-9 11 2 0
47 -47 -24 0
40 32 8 0
6 -49 -19 0
20 -25 9 0
21 -9 -9 0
-12 -37 38 0
40 5 14 0
-16 -17 -40 0
-8 -18 -7 0
31 -10 -44 0
8 -10 21 0
7 -32 44 0
-40 -38 48 0
-7 5 -38 0
1 47 -31 0
34 5 -37 0
49 19 33 0
48 -17 37 0
24 -19 2 0
4 -29 10 0
49 -36 -2 0
-46 -10 -49 0
14 35 25 0
11 -16 -45 0
-24 36 46 0
2 -18 38 0
22 -34 -7 0
13 22 7 0
47 4 -21 0
-23 14 -19 0
-38 16 13 0
-20 -15 -25 0
-10 -9 10 0
13 43 20 0
-20 37 20 0
-36 -48 -28 0
-50 42 -14 0
14 43 14 0
17 -24 -43 0
-48 -26 -10 0
4 3 44 0
6 -42 5 0
-40 -7 -8 0
-25 33 -4 0
12 41 45 0
8 36 1 0
-23 -13 47 0
-25 22 48 0
25 -6 -28 0
-45 48 26 0
31 -1 32 0
-35 -6 22 0
-17 -41 46 0
-17 -40 -1 0
-39 -5 8 0
38 -11 44 0
-50 49 -48 0
49 6 -39 0
12 13 -15 0
27 18 -47 0
2 -47 5 0
-29 50 -17 0
20 -46 6 0
-46 -9 1 0
18 43 -18 0
12 26 -33 0
-50 19 19 0
36 -41 38 0
-39 -1 -24 0
37 -3 -6 0
5 -46 12 0
-8 37 37 0
16 -7 -18 0
47 -7 40 0
31 18 7 0
40 38 47 0
10 -19 40 0
-23 45 -48 0
17 -13 26 0
-22 46 22 0
-48 -5 -15 0
-8 -39 -41 0
