c CNF generator v0.9
p cnf 50 225
-43 1 -5 0
-42 -20 34 0
-6 9 -30 0
-2 -41 -18 0
25 -36 40 0
19 31 10 0
14 -22 4 0
35 24 23 0
-4 43 -27 0
26 -6 -40 0
20 30 -40 0
-47 -26 33 0
5 -24 -26 0
33 -43 34 0
-16 25 11 0
-27 -47 10 0
12 -47 25 0
-3 36 34 0
16 -47 -9 0
13 -27 -45 0
-48 -19 -34 0
48 -32 8 0
30 -1 -28 0
-35 -21 -32 0
-9 -28 45 0
17 -44 -46 0
-8 8 -32 0
10 -37 -45 0
37 18 -3 0
15 17 6 0
29 -20 43 0
35 -50 -5 0
15 -35 49 0
-19 24 -40 0
-41 -26 6 0
21 26 24 0
38 -19 15 0
-40 17 1 0
49 17 45 0
43 -39 -1 0
6 30 -42 0
-1 22 -27 0
32 -3 -20 0
32 -36 -7 0
-14 -50 -38 0
-17 -45 46 0
35 -24 -13 0
-27 36 -34 0
8 19 34 0
-4 -8 -25 0
-50 -7 33 0
-23 44 49 0
-8 -39 23 0
49 5 18 0
-45 19 -27 0
-19 14 39 0
44 -50 23 0
-22 28 -26 0
-38 -29 -3 0
-46 22 31 0
16 19 -15 0
29 48 27 0
23 22 -7 0
1 47 21 0
-50 -8 8 0
23 47 -32 0
16 27 -34 0
-25 -24 -42 0
49 -21 -41 0
-1 -7 20 0
-22 -33 32 0
-41 20 -28 0
28 17 7 0
-30 26 14 0
-4 1 -2 0
33 -27 -27 0
31 -28 -37 0
7 -5 39 0
34 44 26 0
-6 -29 -47 0
44 -25 33 0
48 46 -19 0
23 28 11 0
41 28 49 0
-12 46 3 0
-14 -1 8 0
-36 -26 -44 0
10 43 35 0
-50 -46 39 0
39 -21 -20 0
-27 37 -29 0
2 5 7 0
43 50 33 0
-7 -7 49 0
-27 47 -31 0
39 17 -36 0
15 -29 23 0
-50 -10 7 0
5 -3 -22 0
48 21 -29 0
-11 18 -29 0
-15 13 -11 0
-13 8 -25 0
12 -48 -20 0
2 42 50 0
31 -36 37 0
16 5 -20 0
3 1 47 0
-6 48 -2 0
-19 4 -17 0
7 -46 -48 0
-39 15 35 0
-25 -18 2 0
-25 4 -1 0
-8 -13 -6 0
9 -15 39 0
22 12 23 0
7 28 -37 0
14 44 5 0
-47 14 26 0
-2 -44 -2 0
-18 -32 3 0
37 -39 37 0
28 -29 15 0
-50 29 7 0
29 -18 43 0
-48 19 -17 0
23 -33 12 0
-34 27 -38 0
11 30 8 0
9 8 34 0
31 -18 39 0
-1 20 -21 0
50 -41 -47 0
-29 50 11 0
-22 31 -43 0
-48 15 11 0
42 17 -16 0
-44 -33 -10 0
32 -4 48 0
-24 36 16 0
38 -42 16 0
26 -47 25 0
-44 -30 -48 0
41 -3 -48 0
40 28 -47 0
31 -36 -30 0
24 21 -6 0
-41 1 48 0
38 46 -41 0
26 22 -47 0
-15 -29 6 0
-16 -40 17 0
-35 -13 -9 0
32 25 -39 0
-14 21 2 0
-35 34 -39 0
14 -42 20 0
6 25 1 0
-35 41 33 0
-5 -5 -50 0
-30 -46 41 0
10 -1 -26 0
43 -11 37 0
-49 -21 -43 0
37 -9 -46 0
-29 2 -12 0
-33 32 5 0
-5 46 -38 0
11 -29 22 0
-33 7 -41 0
44 -9 10 0
-40 -26 13 0
-48 -17 11 0
18 -25 18 0
9 26 41 0
-24 1 10 0
-44 -35 -11 0
-46 -1 29 0
-1 24 -32 0
28 20 41 0
26 -36 7 0
37 -27 17 0
-8 -15 22 0
-21 46 9 0
26 4 -38 0
-49 -5 33 0
2 33 -4 0
-19 23 -36 0
26 -40 -4 0
-10 -23 -8 0
-11 15 -10 0
36 45 -15 0
-14 36 -36 0
-14 21 -32 0
-41 42 -20 0
-6 45 -10 0
-45 19 -10 0
-47 24 48 0
-50 13 -19 0
-43 -43 46 0
22 -23 45 0
-13 7 -11 0
-41 2 -29 0
-6 38 -40 0
39 -33 -16 0
-31 9 -15 0
-26 27 -43 0
8 -22 -15 0
-29 -26 29 0
12 -10 26 0
3 -18 -41 0
41 -27 -47 0
-38 28 -18 0
-1 -23 6 0
44 -20 20 0
-2 27 -33 0
27 -38 -38 0
-34 -5 47 0
26 36 7 0
-48 -29 28 0
-27 -3 -31 0
39 -49 36 0
33 -41 -47 0
23 47 -18 0
