c CNF generator v0.9
p cnf 50 225
-21 -44 -5 0
4 -26 45 0
-45 -24 48 0
26 22 -18 0
-9 36 28 0
30 -30 30 0
-49 -6 -22 0
-40 -20 9 0
40 -6 49 0
-34 -26 3 0
-41 16 -26 0
-43 -21 -2 0
-49 47 31 0
-39 17 31 0
-22 47 23 0
-15 -40 -37 0
5 -33 50 0
6 -4 -33 0
-40 19 -7 0
7 -39 30 0
49 45 -13 0
-44 -38 -42 0
30 40 -27 0
33 -13 -2 0
47 -40 -18 0
-41 -38 -41 0
-48 -5 36 0
-47 -19 36 0
-24 -10 14 0
7 -21 -11 0
-19 29 -1 0
3 -9 24 0
10 -43 -19 0
-39 -9 -7 0
33 42 40 0
43 -42 36 0
-26 -30 29 0
36 -1 24 0
-10 4 30 0
-12 -23 -1 0
-46 -26 -35 0
-48 -24 -40 0
35 -16 -26 0
-40 46 1 0
-38 5 11 0
29 -34 -2 0
-12 -6 -37 0
35 23 12 0
22 35 29 0
50 -42 -29 0
-33 -25 44 0
-4 -11 21 0
-46 -38 34 0
37 17 -28 0
-38 20 -25 0
-37 -34 -29 0
47 9 14 0
-20 44 -48 0
5 18 -39 0
-44 12 -10 0
28 9 -42 0
-7 -16 -29 0
7 13 -40 0
42 12 29 0
21 39 23 0
-41 -42 1 0
-12 -20 24 0
32 -4 12 0
6 -15 26 0
36 -27 -1 0
-36 29 -41 0
-12 46 -47 0
4 50 17 0
33 34 41 0
-35 38 -20 0
-29 -6 30 0
6 -44 15 0
-18 47 -2 0
21 8 -42 0
2 7 50 0
30 27 -19 0
49 29 -49 0
-25 -50 10 0
-29 -36 -25 0
46 -30 -34 0
38 32 -49 0
16 -25 -41 0
-4 40 18 0
8 -25 49 0
11 -19 -37 0
-6 22 -30 0
-42 17 -44 0
42 -6 24 0
-20 -24 24 0
-41 22 -28 0
-12 -23 45 0
21 -41 -16 0
-21 5 -47 0
-15 -43 43 0
6 16 13 0
-50 -5 39 0
4 42 32 0
38 -40 9 0
7 9 -27 0
-16 48 35 0
43 18 6 0
-34 -12 -10 0
-39 15 -45 0
-15 29 16 0
8 33 -33 0
39 -6 -3 0
-6 -24 -3 0
46 35 -20 0
24 -36 21 0
-38 -22 -39 0
19 48 21 0
-13 2 7 0
19 25 6 0
-17 -27 1 0
16 -25 -5 0
-6 17 30 0
14 33 -32 0
27 -9 30 0
-47 24 -22 0
-3 -42 -31 0
-15 45 -13 0
-5 -37 42 0
2 -46 46 0
28 29 47 0
-36 7 -17 0
22 29 22 0
-11 -25 -30 0
-9 3 -24 0
49 34 26 0
25 8 -28 0
24 -19 -28 0
20 22 13 0
-27 -18 -5 0
46 -32 -27 0
-8 28 -33 0
22 18 -36 0
-44 -48 -22 0
-14 -18 -22 0
10 -26 -21 0
18 23 -35 0
47 48 -37 0
-36 -3 11 0
-42 40 22 0
35 11 7 0
27 -1 18 0
-30 30 -48 0
11 46 -36 0
10 2 2 0
44 42 -31 0
20 -39 -37 0
-15 -31 -25 0
1 29 -48 0
22 50 -8 0
-27 37 44 0
46 -47 -29 0
-26 -14 -24 0
27 -16 -45 0
3 -50 -2 0
43 -1 -31 0
40 4 -13 0
-35 -23 9 0
-32 16 -41 0
-47 -22 -34 0
-1 -40 15 0
-50 27 28 0
47 -2 22 0
32 -15 32 0
-31 14 27 0
-22 -8 31 0
23 17 -35 0
-8 1 27 0
48 -49 18 0
46 -42 33 0
-20 -11 -4 0
-26 -1 46 0
-45 -21 23 0
42 -12 5 0
-4 -29 44 0
8 -35 -30 0
44 26 -48 0
6 -31 12 0
41 2 -27 0
-48 27 29 0
32 -25 -50 0
-49 -6 29 0
2 -36 38 0
-36 7 32 0
-33 -6 3 0
-27 41 11 0
19 -19 -43 0
-38 -42 30 0
-33 -46 37 0
50 46 -15 0
48 -4 30 0
-10 -34 42 0
21 43 4 0
21 45 39 0
37 -8 33 0
24 27 46 0
36 30 -3 0
-16 25 32 0
48 29 -26 0
-6 46 -37 0
-5 -12 41 0
-3 46 18 0
38 -15 -45 0
-38 -20 24 0
-43 46 -23 0
-14 -4 33 0
-35 -44 31 0
17 -36 27 0
22 -23 22 0
-43 9 -4 0
30 -47 -14 0
14 10 -4 0
-2 43 -4 0
12 34 -26 0
-32 -5 27 0
2 8 29 0
-36 5 30 0
