c CNF generator v0.9
p cnf 50 225
-37 31 -12 0
-41 -2 -36 0
-46 -3 16 0
11 -5 -3 0
3 37 -19 0
7 16 47 0
-10 34 28 0
42 -9 -14 0
11 -7 46 0
-34 34 43 0
-18 29 8 0
14 31 -1 0
15 -49 24 0
40 30 44 0
-29 -26 -13 0
-39 18 34 0
-9 -19 40 0
-22 -22 -41 0
-35 49 -49 0
-35 -45 35 0
48 -13 36 0
-48 -25 46 0
-38 13 43 0
-34 37 41 0
18 15 16 0
32 -32 31 0
-26 -47 42 0
33 16 9 0
-21 -38 25 0
-9 -31 28 0
21 1 -4 0
43 15 -22 0
-33 24 -37 0
26 41 -1 0
30 -44 -14 0
-12 35 46 0
42 -6 31 0
-6 49 -21 0
-39 36 49 0
-21 -29 50 0
-47 -6 43 0
-16 31 -13 0
-13 13 -50 0
34 -31 33 0
14 6 21 0
-17 -46 -15 0
-42 48 -23 0
3 4 13 0
33 14 -45 0
-17 -2 33 0
-37 49 46 0
21 -27 4 0
-32 -26 35 0
-9 -35 13 0
16 -44 29 0
-26 12 -1 0
33 26 -45 0
50 -47 -32 0
40 -5 2 0
-12 8 -19 0
23 8 -43 0
-14 40 -39 0
-35 15 48 0
-11 -16 1 0
-1 -6 42 0
-6 -15 -48 0
9 22 23 0
19 -48 34 0
42 19 4 0
20 26 -39 0
46 -1 -47 0
14 23 -47 0
7 -43 -49 0
8 -27 8 0
25 -33 -3 0
44 32 -7 0
-2 -20 8 0
13 22 25 0
-41 -46 -15 0
15 -42 -22 0
50 50 13 0
-7 -50 -7 0
29 -13 -10 0
-41 -36 15 0
-50 38 48 0
45 26 25 0
-21 -37 30 0
22 40 -40 0
45 -20 25 0
5 46 -6 0
-15 35 -15 0
-39 22 47 0
-18 15 -44 0
48 12 39 0
14 2 -30 0
26 -9 -12 0
-6 -33 49 0
-45 19 -33 0
41 8 -24 0
-35 -18 -32 0
-32 -46 38 0
-49 -5 34 0
-13 -50 -19 0
9 -42 -44 0
47 -20 -37 0
1 -9 31 0
-14 45 35 0
20 -18 -33 0
-10 -23 11 0
22 33 8 0
12 -27 49 0
1 16 22 0
40 -31 5 0
-24 -50 1 0
-23 -23 -43 0
2 -26 -48 0
44 1 17 0
-24 7 20 0
-8 -49 12 0
16 -7 -45 0
28 37 -8 0
29 -31 -8 0
-26 -17 -48 0
10 -32 -45 0
-42 -5 -4 0
19 12 39 0
41 -42 20 0
35 -32 14 0
1 -47 -30 0
40 1 36 0
-45 43 36 0
-38 34 13 0
-4 -33 -28 0
25 -40 44 0
29 -22 15 0
12 19 -5 0
-17 45 33 0
-11 -6 6 0
20 14 5 0
32 49 21 0
-3 1 -47 0
30 23 33 0
-14 -25 42 0
-8 17 29 0
43 41 41 0
29 17 10 0
-40 11 27 0
-32 -39 37 0
5 -39 -28 0
12 -16 3 0
-5 -20 21 0
-4 -27 -26 0
23 -37 -12 0
13 24 -22 0
-12 -7 11 0
29 -21 36 0
11 43 -7 0
-27 -1 7 0
-8 -3 25 0
25 -47 7 0
41 -44 34 0
5 -39 -12 0
-19 -25 10 0
-8 -26 18 0
-8 25 21 0
8 -30 -18 0
-30 17 27 0
11 -8 -38 0
-32 24 -27 0
47 -13 -17 0
-43 38 32 0
48 1 -6 0
-25 40 27 0
-37 4 20 0
3 -50 22 0
49 -23 -42 0
1 21 -10 0
12 -27 -48 0
-2 12 -48 0
-21 23 23 0
42 -17 17 0
-22 -49 47 0
-40 -26 -9 0
22 -34 -27 0
-36 39 11 0
47 -16 -34 0
7 30 -28 0
24 42 50 0
38 -47 16 0
-3 -32 37 0
-50 37 -24 0
3 -25 17 0
24 5 21 0
-30 7 -49 0
-25 27 12 0
12 -24 17 0
17 -22 -12 0
10 17 -1 0
-13 37 -34 0
-10 -37 13 0
3 26 30 0
37 -24 34 0
-14 39 -5 0
8 -17 34 0
32 23 -23 0
9 9 19 0
-27 -35 11 0
15 -1 16 0
42 -47 41 0
15 1 9 0
-1 26 5 0
-6 12 16 0
-47 8 -2 0
40 36 -35 0
-34 -20 42 0
29 -38 16 0
15 50 22 0
-3 -30 -38 0
33 16 -22 0
-18 -13 18 0
-41 3 -43 0
49 -13 -35 0
32 32 -24 0
35 9 4 0
34 -34 19 0
