c CNF generator v0.9
p cnf 50 225
36 24 -14 0
8 29 -30 0
34 1 7 0
-12 -41 34 0
48 44 28 0
26 50 -11 0
22 -38 10 0
-12 -24 -40 0
-3 -48 -33 0
-41 -14 20 0
39 27 -38 0
-16 20 25 0
31 -13 11 0
-30 -31 -2 0
-15 -1 44 0
-9 28 -20 0
31 -46 -29 0
-19 -11 -44 0
46 47 12 0
40 39 50 0
6 -41 -13 0
-1 -1 38 0
-32 10 35 0
1 26 -15 0
-14 -1 33 0
-44 45 37 0
-12 12 -18 0
35 35 41 0
32 -9 -29 0
26 -12 -19 0
-38 -26 16 0
18 -42 -19 0
29 -30 -30 0
-40 -21 47 0
15 -46 -35 0
-35 17 34 0
47 49 42 0
17 13 -32 0
44 14 15 0
4 32 -6 0
-43 -30 -10 0
47 -21 11 0
10 -28 -10 0
-39 18 31 0
19 41 -33 0
47 46 41 0
-15 -1 19 0
3 -2 41 0
13 34 9 0
-2 -30 -41 0
-33 -23 3 0
-9 -31 -43 0
-23 -9 -13 0
42 -45 -5 0
50 3 -2 0
23 2 -45 0
1 -47 -7 0
27 -48 -10 0
-25 28 -42 0
-23 20 -3 0
-48 46 34 0
37 -34 6 0
-9 33 28 0
-25 -9 -3 0
30 34 1 0
19 15 -9 0
32 36 -45 0
47 -49 15 0
27 -1 21 0
44 -46 39 0
40 -41 -37 0
-3 -21 4 0
-23 25 24 0
1 -3 10 0
-39 18 -13 0
-9 -21 -31 0
26 17 29 0
-26 -16 10 0
22 -5 6 0
32 -44 -13 0
3 5 -14 0
-23 -23 -34 0
-4 26 4 0
37 -35 -33 0
26 12 -1 0
48 -7 26 0
-45 -33 1 0
-25 32 -26 0
18 38 -40 0
-21 -14 -14 0
26 -28 -38 0
-15 13 -44 0
-15 8 -44 0
4 -37 -42 0
40 -5 -21 0
10 -3 31 0
-6 43 -49 0
-47 19 -26 0
-13 -14 -39 0
37 -23 17 0
-43 50 39 0
-45 -7 39 0
-29 -26 27 0
8 -13 -50 0
-43 6 17 0
35 -40 -20 0
-18 -28 36 0
32 -44 42 0
-20 -49 -36 0
-12 50 11 0
-35 38 28 0
37 46 -34 0
-36 39 8 0
-2 33 -9 0
-9 26 -46 0
46 3 15 0
11 -35 -44 0
38 45 7 0
25 -40 -4 0
47 -24 16 0
9 10 29 0
48 17 -24 0
-27 -45 38 0
41 50 23 0
21 17 27 0
-31 38 -39 0
6 28 3 0
5 41 5 0
22 -8 11 0
25 -41 46 0
-48 3 22 0
-35 7 -13 0
26 -47 -24 0
35 -21 28 0
-19 21 -21 0
-27 -11 -49 0
-45 45 20 0
3 40 -22 0
-27 16 -17 0
42 -36 -9 0
-7 -3 22 0
-29 22 16 0
-3 10 29 0
-9 -27 -50 0
29 45 30 0
-40 26 -41 0
-49 -33 19 0
28 -3 10 0
50 4 29 0
-36 40 -44 0
12 -26 -17 0
26 -12 -14 0
16 -1 -49 0
26 -46 37 0
-4 -40 -30 0
9 27 23 0
-44 35 33 0
-18 37 -6 0
28 -42 12 0
9 1 -16 0
45 43 -39 0
-19 28 18 0
-50 25 -32 0
-9 -47 -49 0
46 37 10 0
-6 -24 44 0
-38 18 -13 0
18 5 -25 0
45 -4 -15 0
-36 2 4 0
-9 -21 8 0
-9 -7 6 0
7 11 35 0
19 -42 -26 0
10 45 -19 0
31 -28 -41 0
16 5 -40 0
41 10 20 0
28 6 3 0
23 28 -21 0
42 47 21 0
9 44 -37 0
-12 1 2 0
45 -14 -16 0
-28 -46 42 0
-4 3 -37 0
-26 13 -38 0
4 -37 -11 0
-37 23 -46 0
-21 48 23 0
25 -24 -15 0
-32 19 21 0
45 11 -45 0
-45 -36 20 0
-47 9 -39 0
3 -30 15 0
28 -23 -11 0
-20 10 -3 0
41 30 -30 0
26 5 -8 0
-10 6 -26 0
-35 -22 -39 0
2 -46 -36 0
-20 -30 -2 0
-11 -46 32 0
9 36 17 0
30 37 25 0
19 -8 46 0
-27 -7 30 0
-45 43 46 0
22 -35 -9 0
37 48 1 0
45 -17 40 0
-38 33 -48 0
-43 32 14 0
-34 -28 36 0
1 -3 -36 0
30 -32 46 0
41 48 -40 0
36 -14 11 0
-42 -17 -29 0
47 31 -46 0
29 -49 23 0
4 45 48 0
-19 21 15 0
