c CNF generator v0.9
p cnf 50 225
46 -41 -15 0
-6 1 -26 0
24 -21 18 0
11 -47 -10 0
-24 15 27 0
-30 48 -45 0
-1 -10 29 0
-20 -11 35 0
39 10 -32 0
-27 -11 -40 0
-38 30 19 0
41 -8 8 0
48 4 -45 0
-15 27 -4 0
31 -44 23 0
-25 -44 23 0
-17 -22 37 0
-48 10 -1 0
4 -34 39 0
-45 29 -24 0
18 6 -28 0
-15 -41 -40 0
-21 -26 28 0
3 -49 -6 0
14 13 17 0
-42 16 20 0
34 15 -9 0
-46 -27 17 0
-38 2 -3 0
32 -36 27 0
12 16 5 0
50 -8 23 0
47 -39 47 0
-26 2 -18 0
23 13 42 0
20 13 5 0
11 35 -5 0
-43 -37 -7 0
-35 -17 12 0
24 43 -22 0
-45 24 31 0
-9 24 35 0
6 24 45 0
24 16 14 0
-33 -32 -22 0
18 39 -3 0
48 50 -42 0
-24 42 -22 0
-41 -27 -35 0
-37 5 -37 0
44 -38 30 0
16 -17 -39 0
-49 1 36 0
-6 -9 9 0
-33 1 -22 0
45 24 -22 0
-32 12 -35 0
40 -29 47 0
1 -23 39 0
-40 -31 49 0
18 -27 -38 0
18 -17 -22 0
35 -6 27 0
-25 2 -38 0
25 -14 1 0
-3 -45 10 0
29 -14 9 0
18 29 -24 0
-1 -19 -23 0
-28 -31 -2 0
-23 1 -8 0
-36 -44 14 0
-38 18 -18 0
23 -16 13 0
-6 -34 -15 0
-41 -50 -40 0
11 6 -32 0
-38 -31 25 0
-30 -44 -14 0
-22 -40 19 0
23 -43 39 0
19 5 -40 0
-23 -44 23 0
-44 -42 26 0
16 -31 -25 0
8 48 -25 0
17 43 -21 0
-46 -37 49 0
-14 -39 39 0
-47 8 -28 0
23 10 -2 0
-6 -36 -37 0
-41 19 41 0
-19 -17 -32 0
40 47 -17 0
21 1 15 0
-42 30 -15 0
-34 -44 -20 0
20 50 -22 0
-11 -8 -24 0
-10 -39 13 0
-16 38 -19 0
1 -20 19 0
-46 -32 17 0
-49 4 47 0
50 21 -49 0
-46 6 -13 0
34 -31 -20 0
-26 39 11 0
20 -21 -21 0
16 39 44 0
-29 37 18 0
-43 12 -29 0
-10 -23 -37 0
36 47 -18 0
23 39 -31 0
5 16 43 0
-17 33 -37 0
-11 36 -16 0
34 -28 30 0
-43 49 33 0
-43 28 -13 0
23 -34 -38 0
16 -4 -40 0
-21 -26 -8 0
33 -44 -1 0
-9 25 -19 0
18 34 44 0
16 -38 -1 0
-15 6 -39 0
44 -48 -29 0
41 -34 37 0
2 -11 -33 0
-28 33 47 0
-49 -46 -43 0
-30 -13 -14 0
30 -43 -30 0
-30 -24 25 0
-1 47 -47 0
-1 -47 9 0
-45 19 -39 0
-27 -43 -3 0
-36 -2 46 0
-1 -13 -1 0
-32 39 24 0
7 -5 -45 0
-6 -3 32 0
-21 -41 -47 0
20 -37 -26 0
19 45 20 0
11 32 -31 0
11 -37 -26 0
-15 30 36 0
-41 -43 -46 0
-37 -23 -31 0
48 12 36 0
16 -43 -14 0
-5 -42 -43 0
5 20 7 0
21 -39 49 0
16 6 -49 0
-8 -20 41 0
49 43 22 0
40 -12 34 0
-11 -24 -41 0
50 -40 15 0
37 36 32 0
-46 -45 -4 0
-49 -5 18 0
5 -33 -41 0
-9 11 35 0
17 50 -37 0
-38 45 -23 0
-45 44 -23 0
-2 -3 -50 0
43 -48 32 0
24 -34 -25 0
21 -31 -43 0
28 -6 35 0
33 -27 34 0
-34 -31 -22 0
27 -37 41 0
-34 -20 -11 0
-36 7 -35 0
41 44 -24 0
-44 41 -27 0
11 -7 37 0
-7 2 -3 0
44 32 3 0
-3 8 12 0
-25 13 9 0
-46 -40 12 0
14 -30 -25 0
49 -50 -24 0
-39 50 -13 0
-29 -32 12 0
24 20 23 0
-26 -39 -20 0
-22 -28 3 0
27 1 43 0
37 -2 40 0
9 -34 -8 0
-8 6 34 0
20 -28 -8 0
-13 5 28 0
49 -18 -28 0
2 39 23 0
43 38 29 0
11 31 -42 0
44 6 16 0
36 -8 -45 0
39 11 12 0
-1 27 32 0
15 -14 -37 0
-7 34 12 0
42 -10 8 0
-5 41 21 0
-38 -40 16 0
-1 48 39 0
-25 -30 11 0
29 -41 26 0
25 28 29 0
49 -14 -26 0
-37 16 2 0
-8 -42 4 0
