c CNF generator v0.9
p cnf 50 225
-1 -27 22 0
-32 -6 23 0
31 -38 49 0
-38 -8 15 0
-28 24 -15 0
-24 -17 47 0
-50 42 -46 0
-13 -49 3 0
-47 37 -44 0
11 -38 48 0
-28 32 -21 0
30 30 24 0
-14 12 30 0
-19 -20 17 0
33 27 23 0
-43 48 -6 0
-37 -4 -40 0
12 16 -46 0
-34 -40 -47 0
-4 -16 -43 0
34 24 6 0
43 22 35 0
27 2 29 0
34 -2 31 0
-26 -26 -14 0
-32 -42 -42 0
-43 -21 41 0
32 21 -28 0
-43 39 -50 0
-34 -24 -3 0
48 16 -9 0
17 2 46 0
16 -8 -47 0
50 1 21 0
9 6 22 0
16 23 49 0
10 -49 -10 0
-5 -28 20 0
7 -16 17 0
37 -43 -9 0
-34 -43 -42 0
-46 -45 -22 0
-18 -6 38 0
-14 48 22 0
2 -13 41 0
21 4 43 0
30 -25 -33 0
17 -47 -34 0
-32 -4 39 0
-27 -46 15 0
-8 -35 -22 0
-3 -7 42 0
14 -5 -44 0
-29 26 -37 0
3 1 33 0
5 -45 -35 0
4 21 47 0
-11 47 23 0
-32 -19 30 0
-3 -9 16 0
-7 41 -25 0
-22 -46 -12 0
-3 40 28 0
-28 27 -19 0
-6 -41 36 0
-44 3 9 0
-7 -7 6 0
47 23 -11 0
23 48 48 0
36 7 24 0
-37 -32 -48 0
44 -2 -42 0
-39 -14 -6 0
43 50 9 0
39 2 44 0
46 13 33 0
-18 6 -13 0
39 24 25 0
20 -24 21 0
-3 -5 -45 0
49 -50 13 0
25 21 8 0
-39 20 47 0
19 16 -36 0
-18 33 -24 0
8 7 -32 0
-32 -29 -32 0
-23 -7 -38 0
-49 25 36 0
13 41 42 0
47 37 21 0
1 -17 -17 0
46 -17 -50 0
19 -23 -41 0
-15 -8 33 0
-43 33 -26 0
33 -29 1 0
-9 7 47 0
-26 -34 43 0
35 -50 30 0
44 -6 43 0
38 -40 -35 0
-25 30 30 0
28 -35 50 0
44 -30 -44 0
29 -1 9 0
48 12 30 0
4 49 39 0
-50 40 28 0
44 6 -27 0
-20 -20 22 0
-2 -17 -22 0
-25 -22 46 0
-28 -45 33 0
-45 -1 -23 0
-34 23 -5 0
49 -13 1 0
-6 21 -18 0
28 37 44 0
-26 9 40 0
-15 48 -12 0
2 11 40 0
-21 47 49 0
-32 -18 -33 0
33 6 -19 0
-7 -50 46 0
22 30 2 0
-26 10 26 0
-45 -40 2 0
-26 -49 29 0
7 44 -50 0
12 12 -3 0
-13 -21 25 0
-39 -14 43 0
-15 -30 -6 0
-3 22 46 0
39 -50 2 0
18 9 -24 0
33 14 8 0
-38 -20 12 0
-23 37 32 0
26 5 -11 0
-30 -24 -2 0
-14 38 -5 0
23 36 -12 0
1 22 22 0
-24 10 32 0
50 47 21 0
-2 -3 -27 0
43 42 -3 0
-30 19 41 0
15 -7 -18 0
4 29 3 0
37 21 -8 0
6 43 33 0
27 23 28 0
-10 -28 -42 0
8 -27 25 0
45 40 -45 0
-1 -14 41 0
21 29 -34 0
-48 39 41 0
24 -45 -25 0
33 -4 -33 0
-42 10 7 0
-21 -2 -10 0
42 -40 22 0
-43 -4 6 0
8 35 -40 0
-28 24 -43 0
-34 -31 24 0
3 22 -21 0
-11 -45 -1 0
5 48 -13 0
-26 -44 -13 0
-42 37 -28 0
-21 -42 -3 0
29 -42 48 0
15 28 -46 0
20 36 -8 0
15 -45 -34 0
-23 6 -7 0
46 25 33 0
20 -15 -26 0
-48 -49 -25 0
13 37 43 0
-20 -14 29 0
-15 -45 43 0
-1 -43 43 0
3 3 12 0
-28 16 -48 0
-27 28 35 0
31 -49 47 0
35 -26 -40 0
40 35 20 0
-18 -24 -34 0
-26 2 23 0
21 21 29 0
-46 -14 -7 0
-21 22 36 0
-11 -8 30 0
41 8 -48 0
28 -47 35 0
25 -29 -24 0
-4 43 50 0
20 -1 -38 0
-21 21 -31 0
27 36 -1 0
-44 -18 24 0
-26 -8 11 0
44 -1 1 0
20 26 -35 0
9 41 -28 0
-7 27 29 0
30 -14 -25 0
-25 33 -31 0
-13 13 30 0
-46 -9 -11 0
16 -19 -26 0
-16 -34 30 0
24 -26 -1 0
25 -49 20 0
-26 -34 35 0
-16 4 -20 0
-13 42 -17 0
