c CNF generator v0.9
p cnf 50 225
-25 18 -29 0
29 42 -6 0
-21 43 34 0
2 36 -3 0
-35 -7 -38 0
39 -11 -8 0
-26 -30 50 0
-32 37 -37 0
16 -24 -32 0
32 -46 -4 0
-11 -18 -15 0
-21 -50 -49 0
39 42 -40 0
-13 -48 2 0
24 -21 -22 0
-15 31 -24 0
-43 -6 -44 0
-41 5 -30 0
-34 -33 41 0
16 -43 -34 0
47 28 17 0
22 -39 -50 0
49 -8 19 0
-45 42 18 0
26 37 33 0
-5 -3 32 0
-34 40 3 0
37 -28 20 0
29 -44 -32 0
-9 10 24 0
-9 -48 46 0
-18 27 20 0
-39 -23 -12 0
-46 42 -2 0
49 -29 -47 0
-8 12 44 0
-31 44 39 0
37 41 49 0
15 -39 -26 0
19 4 -47 0
35 2 19 0
-34 -46 -24 0
-25 34 23 0
-36 -9 15 0
-28 3 42 0
-5 42 4 0
15 -34 -24 0
-5 43 -31 0
38 15 -29 0
-30 -12 -22 0
-25 -1 11 0
18 -7 -46 0
-23 -1 30 0
48 -34 -12 0
33 11 25 0
-34 -13 26 0
37 50 12 0
5 -16 -1 0
-28 50 46 0
11 29 -44 0
-26 17 29 0
2 28 -29 0
-25 6 -33 0
30 30 11 0
-42 45 45 0
39 -39 -44 0
40 43 29 0
15 21 39 0
-8 42 -18 0
-38 -35 47 0
18 -33 -23 0
-14 -28 -6 0
42 -19 33 0
-34 -11 -12 0
-39 38 3 0
-41 -2 3 0
21 -45 7 0
-5 -7 -49 0
-6 -23 -38 0
8 20 -20 0
-41 -29 7 0
-7 17 -9 0
50 30 -17 0
14 -43 -5 0
-15 -21 6 0
50 -10 -29 0
-24 11 -25 0
-23 -50 24 0
-6 -41 21 0
43 -12 -14 0
4 38 -50 0
9 8 -24 0
-39 -6 42 0
-20 19 -38 0
38 -3 1 0
27 41 -44 0
-25 21 36 0
33 15 -9 0
12 23 -2 0
-42 -41 15 0
-46 24 -32 0
-44 -15 -20 0
-25 29 12 0
-42 -19 14 0
25 -43 -38 0
46 -23 22 0
-8 13 -26 0
-1 24 -39 0
3 -9 3 0
38 -30 4 0
30 43 -26 0
8 4 -49 0
-16 10 -16 0
18 30 -29 0
48 -34 1 0
3 -41 -24 0
-4 12 -19 0
35 43 -17 0
-46 -20 -36 0
-47 37 -29 0
-21 24 48 0
-35 29 -15 0
16 -3 9 0
-39 11 45 0
-15 1 -24 0
24 38 -19 0
-28 40 -2 0
30 4 21 0
38 -41 13 0
-7 -42 -35 0
21 12 -33 0
-9 -44 38 0
-41 3 -20 0
-12 -1 -2 0
-43 -28 13 0
32 -23 -21 0
44 -27 11 0
-28 -1 38 0
30 -32 -19 0
28 -23 18 0
-13 29 3 0
-48 21 38 0
-32 14 20 0
-10 -23 -50 0
28 -45 -6 0
-13 34 -10 0
-14 11 14 0
37 -22 28 0
-16 -24 -45 0
-39 41 -10 0
-20 -2 10 0
24 -47 48 0
38 4 14 0
19 39 28 0
18 41 4 0
-6 48 15 0
-15 -32 -25 0
30 49 14 0
-39 9 43 0
34 27 38 0
-43 -33 -2 0
-10 27 42 0
-7 31 -22 0
11 32 44 0
-6 21 40 0
-4 -31 14 0
2 6 32 0
-3 -33 44 0
-38 -40 -38 0
30 50 -34 0
47 16 -26 0
-17 -13 13 0
-28 -47 20 0
-12 -45 34 0
-21 17 49 0
22 -49 -5 0
-13 -10 -19 0
-25 7 46 0
-10 -22 -15 0
25 14 47 0
1 -19 43 0
-43 20 -25 0
8 -48 -15 0
8 -10 -33 0
4 42 15 0
-22 -8 9 0
-2 -32 43 0
-8 -11 46 0
-24 -37 -38 0
42 14 37 0
-37 -30 14 0
50 9 26 0
-32 37 -29 0
11 18 39 0
5 -23 49 0
-23 -2 -29 0
45 50 49 0
-20 49 48 0
-12 -16 19 0
-39 19 -2 0
-41 -47 7 0
9 -21 45 0
5 -7 -36 0
7 -10 37 0
-17 42 11 0
-11 -8 -48 0
39 38 6 0
42 39 -43 0
-49 -34 46 0
46 27 4 0
-27 -28 20 0
21 41 -11 0
41 -33 -1 0
4 -1 12 0
-2 48 -11 0
-11 -12 -47 0
30 20 29 0
-24 8 27 0
-40 33 -26 0
5 -16 19 0
36 -44 -45 0
-20 29 1 0
-39 31 22 0
-27 24 -37 0
3 -20 17 0
