c CNF generator v0.9
p cnf 50 225
16 26 -19 0
31 34 22 0
4 4 13 0
-1 29 -21 0
33 -5 13 0
-12 -33 47 0
-12 -44 9 0
-40 -28 -11 0
-42 15 -20 0
-9 -36 -34 0
-7 -32 -9 0
-25 -11 16 0
-38 7 -25 0
-49 -27 44 0
-13 -6 -45 0
13 32 -38 0
16 8 -16 0
-36 -16 -40 0
31 -39 -44 0
1 -3 41 0
34 -32 -46 0
-20 45 9 0
-31 -43 -14 0
-43 3 -34 0
31 4 -23 0
-3 44 32 0
33 13 43 0
-47 -14 -3 0
-42 -33 -18 0
20 49 -5 0
7 9 45 0
11 -46 3 0
2 38 33 0
37 -24 -16 0
-39 11 -8 0
-24 -6 12 0
27 -45 50 0
-18 -30 9 0
-49 -45 -16 0
40 -24 -24 0
-42 -33 -48 0
-21 -1 -21 0
49 -25 30 0
11 22 -4 0
29 16 47 0
50 -50 35 0
-27 -21 -11 0
-17 -23 -34 0
12 -30 -31 0
-38 -48 18 0
-11 -8 -29 0
6 -42 -7 0
48 -46 -12 0
10 6 11 0
-35 -42 17 0
-33 34 15 0
-25 27 -50 0
-2 9 6 0
-50 -8 14 0
-2 -26 -44 0
-36 7 -11 0
49 42 -35 0
-18 15 28 0
-1 -35 -3 0
8 7 -43 0
9 -8 -38 0
9 -48 41 0
-42 -46 5 0
-47 -41 -34 0
3 -25 15 0
16 -39 46 0
18 -40 37 0
-22 -7 2 0
12 -42 -32 0
39 48 -46 0
-26 18 -11 0
-4 -7 49 0
16 35 -9 0
-5 21 8 0
-4 -7 -37 0
32 7 -16 0
-6 -46 -17 0
-10 32 13 0
4 -20 2 0
14 49 39 0
-17 -46 -46 0
3 -45 -16 0
-33 -16 19 0
11 20 -22 0
-2 -12 32 0
5 -13 -22 0
37 6 37 0
-15 37 -22 0
-20 -1 -7 0
-9 15 20 0
-37 -18 4 0
-22 -24 -3 0
-10 32 16 0
4 -19 -13 0
43 -29 -6 0
2 37 -16 0
22 -43 45 0
-28 42 -47 0
28 6 7 0
-46 -33 -19 0
-38 29 20 0
37 -37 -25 0
19 33 -24 0
30 5 45 0
18 32 -16 0
-3 42 38 0
16 -29 -50 0
-30 -14 -37 0
-34 -40 -8 0
-30 -44 48 0
22 38 22 0
9 -48 -46 0
38 41 7 0
34 16 -22 0
-15 -15 12 0
-50 -34 -35 0
28 12 -8 0
6 18 37 0
-42 31 13 0
-15 25 21 0
-47 -46 -47 0
40 13 -46 0
-37 -4 -18 0
-24 -9 49 0
13 -34 41 0
-10 -48 35 0
-25 -4 26 0
20 -22 9 0
-9 -48 37 0
-14 23 42 0
45 -50 -50 0
-8 27 41 0
-20 -16 29 0
14 7 -11 0
46 -2 -3 0
27 -45 49 0
45 -45 11 0
20 -12 -46 0
-20 -49 22 0
26 17 -14 0
14 28 -31 0
28 41 -16 0
10 34 -8 0
-37 -7 -26 0
27 -26 37 0
-15 -2 5 0
7 10 -31 0
4 -50 -25 0
-46 -13 30 0
32 36 47 0
28 -17 -20 0
20 -3 6 0
50 -21 18 0
7 7 -14 0
25 47 45 0
27 -27 -3 0
49 13 -31 0
3 -43 34 0
-34 -15 -15 0
41 32 -32 0
-33 31 -7 0
2 -2 -19 0
-49 -7 14 0
-3 38 -4 0
-39 9 -9 0
-16 19 -37 0
-16 -12 38 0
7 -11 -45 0
-38 6 -50 0
-10 19 18 0
20 -21 42 0
-47 38 17 0
44 -47 -11 0
5 21 -8 0
-8 -22 26 0
-24 -8 -36 0
35 9 -5 0
-4 -35 42 0
-29 2 4 0
42 -46 -6 0
-50 -42 -2 0
13 -34 -21 0
-43 -22 23 0
2 -20 -21 0
11 -28 32 0
3 -10 -38 0
10 -29 -16 0
39 7 49 0
46 -19 42 0
-36 13 -38 0
35 -18 1 0
14 33 -14 0
-37 -15 50 0
44 -31 48 0
46 26 -9 0
-15 -31 39 0
32 -17 -33 0
42 42 -48 0
6 3 -2 0
31 -40 -27 0
4 5 -21 0
-1 -16 50 0
-50 -43 -14 0
9 20 6 0
-25 -27 21 0
-17 -27 36 0
41 6 -22 0
-21 3 26 0
28 -25 -9 0
23 7 40 0
-29 -38 1 0
-9 29 28 0
-25 6 16 0
15 -2 -1 0
-33 49 -22 0
44 14 -8 0
29 -5 -38 0
38 -18 -42 0
-30 -14 29 0
36 25 -5 0
