c CNF generator v0.9
p cnf 50 225
-37 19 12 0
-9 -33 20 0
42 30 23 0
-32 39 28 0
21 -9 36 0
-25 -33 24 0
-8 48 1 0
-48 13 3 0
36 41 21 0
-32 -17 -37 0
12 31 -5 0
-26 -22 -50 0
-7 34 40 0
-33 -22 -46 0
-44 41 21 0
4 10 -19 0
-39 -19 -19 0
-39 40 -25 0
-8 34 -33 0
9 -24 -49 0
24 -4 -19 0
4 -18 12 0
-4 47 32 0
-26 -43 -8 0
-13 -11 34 0
12 -14 35 0
-31 28 -14 0
20 -26 -33 0
-38 -25 -34 0
13 -8 -19 0
14 31 50 0
-30 -30 -15 0
-39 -42 20 0
7 3 -36 0
-15 -3 -10 0
48 -29 -11 0
10 -38 -5 0
20 -27 -18 0
-32 -3 47 0
34 -49 14 0
37 46 -14 0
-34 -46 5 0
25 -49 30 0
14 -21 28 0
36 -10 -6 0
24 45 -1 0
-44 42 48 0
44 -27 -39 0
-31 31 39 0
-43 -12 45 0
21 23 12 0
-8 -4 14 0
30 -2 -38 0
42 -36 49 0
13 16 -29 0
21 28 47 0
-30 -40 35 0
-34 -32 47 0
37 -48 36 0
-44 35 33 0
-35 12 -18 0
22 1 12 0
20 -42 26 0
14 19 14 0
-25 -40 30 0
45 2 -21 0
-49 20 32 0
38 -9 9 0
-48 27 -42 0
7 -15 -22 0
11 -6 -18 0
40 -50 36 0
-19 -8 21 0
-20 -35 -10 0
-15 -19 -39 0
-4 -31 29 0
25 -4 50 0
-16 -43 -45 0
42 27 -29 0
43 -46 -4 0
7 6 -29 0
-35 -10 18 0
36 -4 -23 0
6 9 28 0
3 -14 -4 0
-7 -6 -8 0
-48 23 39 0
28 43 49 0
-31 -13 15 0
-12 41 23 0
-1 50 41 0
-3 -15 26 0
15 -27 -24 0
36 -8 2 0
24 21 27 0
27 50 5 0
-28 -50 -7 0
-13 8 41 0
50 5 -45 0
-26 -1 -24 0
24 -45 17 0
-29 -25 26 0
-39 35 -17 0
-1 36 12 0
18 -32 40 0
35 -34 29 0
-19 49 -14 0
1 12 45 0
-8 -44 47 0
-29 33 -50 0
27 14 -4 0
33 24 37 0
33 35 5 0
22 23 -16 0
-5 23 24 0
11 -31 20 0
-15 -27 -11 0
45 36 20 0
23 40 -20 0
35 -22 33 0
-23 2 45 0
10 15 -37 0
-19 40 -23 0
16 37 -8 0
46 12 -45 0
-33 -12 -19 0
44 -24 40 0
-29 39 26 0
-44 -19 23 0
-48 -25 -42 0
40 -19 19 0
-12 7 -16 0
24 -38 46 0
41 7 46 0
50 -4 34 0
-25 -29 -4 0
-33 14 -39 0
-39 1 -31 0
-35 24 -40 0
-1 25 -35 0
37 -50 -18 0
41 7 -16 0
-19 -7 35 0
44 23 -16 0
-33 -37 17 0
-28 29 -19 0
-14 -28 -7 0
34 44 -19 0
-12 47 25 0
-21 -31 5 0
6 13 16 0
-7 -29 -15 0
20 -9 43 0
9 -42 -50 0
-46 -11 -34 0
39 -5 -28 0
9 1 -1 0
32 11 4 0
8 1 27 0
-31 42 -39 0
-17 -9 50 0
-4 18 -27 0
3 -18 20 0
47 16 16 0
-50 -34 -34 0
-42 -34 6 0
-24 -5 -39 0
22 40 30 0
14 46 -35 0
-46 -12 -36 0
20 -10 20 0
-7 46 49 0
-6 14 -45 0
46 49 -24 0
30 -2 7 0
45 -19 -27 0
-29 -17 35 0
-23 30 -21 0
-7 -50 -13 0
14 25 31 0
-36 -2 -9 0
48 47 -38 0
-8 34 -5 0
-50 -13 -5 0
-28 -18 37 0
-5 5 -36 0
-13 -1 8 0
22 29 -12 0
6 10 -40 0
19 18 39 0
-16 -20 -24 0
47 20 -46 0
-48 -38 -6 0
-33 40 -36 0
14 -46 -27 0
-23 43 18 0
-29 -14 13 0
-28 13 39 0
50 40 -49 0
-20 -41 -17 0
7 -24 -50 0
-34 -15 20 0
-14 -11 9 0
-37 5 19 0
-24 6 4 0
-21 46 22 0
34 2 -34 0
-3 -3 3 0
40 20 -7 0
44 48 -33 0
37 -24 26 0
-24 4 37 0
1 29 43 0
-46 14 -44 0
17 -10 17 0
4 -20 6 0
13 11 -11 0
-36 26 -27 0
39 10 13 0
35 23 32 0
47 46 -44 0
8 33 -20 0
-24 40 1 0
-15 48 -17 0
35 -15 -20 0
