c CNF generator v0.9
p cnf 50 225
23 9 8 0
-7 -27 -7 0
-22 -45 -34 0
14 -27 40 0
-15 27 -38 0
-41 -37 27 0
1 45 46 0
-21 -21 -19 0
12 8 -48 0
11 18 -46 0
50 18 18 0
-30 38 19 0
-9 -33 9 0
38 3 1 0
-13 18 12 0
-28 28 3 0
-4 36 -14 0
-6 13 -25 0
19 -28 35 0
33 -21 28 0
-13 42 24 0
-46 23 -18 0
19 -48 28 0
8 11 50 0
-47 -49 -12 0
38 4 -38 0
-15 -46 2 0
-17 -17 22 0
-32 44 19 0
-43 -17 -45 0
-38 -21 -34 0
43 -32 47 0
17 13 3 0
46 36 -3 0
-50 16 19 0
-50 -28 42 0
-11 -1 31 0
26 -26 49 0
36 41 16 0
33 -44 44 0
-18 -30 23 0
-20 -33 -50 0
-40 -15 -10 0
-45 -42 -9 0
-28 38 -34 0
-17 -37 24 0
-16 -45 -9 0
16 -30 -9 0
-50 41 -31 0
-35 11 -8 0
-47 -15 20 0
5 -3 -43 0
17 5 40 0
3 -4 45 0
-6 -50 -35 0
-27 29 23 0
11 15 40 0
-27 45 21 0
-13 32 20 0
2 12 19 0
-12 -47 -9 0
-42 -23 27 0
22 -49 -22 0
20 23 31 0
43 -24 46 0
-43 -42 46 0
21 5 -38 0
40 48 -19 0
45 40 36 0
43 32 30 0
2 13 -27 0
-20 -32 32 0
-32 48 25 0
20 -28 -29 0
11 45 -49 0
12 22 20 0
13 -9 8 0
-44 46 21 0
3 26 1 0
36 7 -38 0
-4 1 39 0
-33 9 15 0
16 -22 -19 0
-44 44 -40 0
-45 3 -49 0
49 42 -7 0
10 -41 -29 0
-17 39 9 0
-21 46 33 0
15 8 27 0
-29 29 -29 0
25 -15 -26 0
5 -37 25 0
23 48 45 0
-5 -50 14 0
20 3 35 0
-15 39 40 0
24 -41 46 0
21 4 -22 0
25 38 -24 0
-18 -29 -16 0
-1 -17 21 0
1 -46 12 0
-20 -31 -19 0
-50 -38 -40 0
-6 19 10 0
39 -44 -19 0
-3 -32 -24 0
-29 -32 -47 0
-17 31 39 0
-16 37 -11 0
32 16 2 0
-35 -5 9 0
4 42 50 0
14 21 -29 0
32 23 6 0
8 50 43 0
-14 9 -42 0
-19 43 -38 0
-29 -25 40 0
2 -10 49 0
50 -19 -22 0
43 34 -9 0
-22 39 27 0
11 -46 35 0
48 -21 -15 0
3 24 -20 0
22 23 -29 0
-15 44 44 0
47 -5 17 0
20 -45 -25 0
26 44 27 0
-26 46 -31 0
16 -50 -15 0
30 -22 33 0
4 -44 -48 0
6 11 8 0
18 1 50 0
-4 -28 -10 0
-21 -15 39 0
-20 -47 23 0
30 -10 36 0
-47 2 -11 0
-34 -47 40 0
-31 -38 13 0
19 24 -16 0
45 -14 -1 0
15 20 -25 0
1 30 6 0
-39 50 -22 0
25 47 31 0
2 -6 16 0
16 -10 14 0
46 -24 -4 0
-1 24 27 0
47 -2 12 0
-24 34 -23 0
31 2 -5 0
43 1 50 0
-26 15 8 0
-22 29 35 0
-31 -31 32 0
-22 -21 17 0
48 -48 41 0
-13 17 -5 0
-36 23 -38 0
-16 -21 34 0
9 -26 1 0
-45 23 2 0
-50 46 42 0
-31 5 -6 0
2 -15 -1 0
32 -50 -40 0
-31 -7 -10 0
43 39 11 0
35 -50 -12 0
-39 -5 -42 0
8 48 31 0
34 36 -31 0
-1 -41 27 0
1 -43 -23 0
-40 50 5 0
-7 34 34 0
-23 -5 -49 0
-35 -16 47 0
49 -50 -20 0
34 -26 -3 0
-18 38 16 0
30 -48 7 0
-41 -50 21 0
-38 44 6 0
39 -41 30 0
10 -19 -34 0
20 22 39 0
-12 -47 -33 0
-47 32 -19 0
-18 10 -23 0
17 -45 48 0
-18 9 11 0
30 16 42 0
-38 12 45 0
1 44 42 0
7 47 -44 0
-40 -40 -15 0
4 50 -37 0
-25 -39 -3 0
30 -11 45 0
37 -49 36 0
-8 -13 30 0
-41 41 11 0
-39 41 29 0
37 12 -20 0
34 19 46 0
-13 -33 -28 0
-35 -9 42 0
43 -31 3 0
-43 -50 30 0
43 41 -42 0
-49 -4 -11 0
45 16 13 0
-24 26 -6 0
19 31 19 0
-4 45 32 0
30 -48 17 0
-43 -20 44 0
