c CNF generator v0.9
p cnf 50 225
-34 -35 13 0
3 8 -4 0
-14 22 12 0
34 -8 -46 0
42 -48 -49 0
7 1 -43 0
-49 -40 35 0
9 -8 -8 0
-32 17 -50 0
2 -33 -45 0
42 5 24 0
2 22 -12 0
-17 -12 -19 0
-12 21 -7 0
24 -49 -50 0
-42 38 -21 0
-8 8 42 0
-18 6 -15 0
17 -10 21 0
17 -16 13 0
-4 5 40 0
42 29 -47 0
-33 -10 21 0
-19 -7 -16 0
-24 42 13 0
41 28 -17 0
9 22 -2 0
34 40 33 0
-37 -5 -14 0
2 -43 15 0
-5 45 38 0
-32 43 -35 0
-22 -3 33 0
-37 31 50 0
-44 -6 -19 0
-32 50 40 0
28 -36 -30 0
41 -23 -18 0
3 22 15 0
9 36 1 0
-10 -23 7 0
20 15 -28 0
5 -19 -23 0
-2 -23 -15 0
-49 -33 40 0
-49 18 -30 0
35 9 -50 0
-8 -44 7 0
-25 -37 -43 0
-28 -30 -37 0
-28 31 46 0
39 -40 1 0
3 9 -5 0
-11 46 -24 0
-3 24 2 0
26 -29 -11 0
-43 -21 46 0
-30 17 32 0
15 34 -22 0
20 23 -3 0
18 3 -11 0
4 -32 -27 0
34 -20 6 0
44 -1 12 0
35 26 -20 0
-15 -47 -46 0
21 6 -19 0
32 -28 27 0
-48 -21 -13 0
-8 50 16 0
-48 44 35 0
18 -44 -13 0
-8 -41 2 0
-1 -19 37 0
35 36 -42 0
12 17 -4 0
-33 27 -48 0
-43 -5 -43 0
-5 50 11 0
-19 2 38 0
-32 -41 31 0
15 -9 -44 0
-41 -29 -10 0
30 -36 10 0
-6 -8 -4 0
-32 46 48 0
-8 -2 -32 0
-15 -1 -32 0
-5 7 49 0
-29 14 -39 0
-34 14 -10 0
-34 20 -37 0
-35 13 -45 0
33 -45 -23 0
2 -9 -37 0
-29 -31 36 0
41 6 11 0
-47 20 -6 0
-3 -11 26 0
39 30 -40 0
39 22 15 0
46 40 8 0
40 -2 -15 0
5 15 -32 0
-41 19 -27 0
-23 35 -48 0
22 32 -32 0
-42 -44 -2 0
-39 24 15 0
-32 19 14 0
45 20 -1 0
-44 -26 42 0
-45 41 40 0
-8 -21 -34 0
-41 11 -2 0
50 1 28 0
-40 35 -8 0
17 5 24 0
-29 -18 9 0
16 31 -12 0
-50 -32 44 0
9 21 38 0
-18 -23 46 0
-8 4 49 0
10 9 42 0
28 -40 -41 0
-44 -32 30 0
-41 -30 -27 0
3 39 -9 0
-46 -48 -16 0
-18 33 33 0
-42 -41 -7 0
41 -43 -48 0
-9 27 -40 0
-35 7 -13 0
-48 -15 40 0
1 -44 44 0
48 -5 17 0
-48 -4 7 0
-36 42 -29 0
23 22 32 0
-33 13 21 0
-13 -27 -37 0
50 8 40 0
-42 30 -44 0
35 28 -6 0
-48 -28 -22 0
30 -33 48 0
45 -40 -7 0
-28 -44 12 0
34 -1 -38 0
20 27 23 0
-24 35 -32 0
-21 8 -8 0
-37 19 13 0
20 -35 -23 0
-29 19 -7 0
43 -23 -45 0
-10 -2 15 0
20 26 -9 0
41 37 -5 0
40 -15 43 0
-10 -50 -50 0
43 40 -27 0
-46 -15 -9 0
46 9 34 0
-42 -43 32 0
-50 11 -3 0
-50 -30 -35 0
22 -35 44 0
-30 -4 -8 0
-50 -1 40 0
-7 21 -11 0
4 17 -24 0
-15 5 -25 0
-38 43 -15 0
-21 -30 -40 0
-45 -38 -22 0
2 -21 -50 0
-50 38 12 0
23 -8 13 0
-23 29 -27 0
35 -2 40 0
16 -14 -38 0
-16 9 7 0
-12 35 32 0
-1 2 2 0
-24 -37 -46 0
-20 -28 -48 0
-30 15 -32 0
-30 -47 46 0
35 4 -32 0
-46 39 25 0
-27 -26 43 0
-22 9 -17 0
41 36 18 0
-43 39 -27 0
41 -31 -8 0
25 18 35 0
32 -26 -14 0
-47 28 29 0
45 -24 33 0
4 -20 -40 0
-40 -5 23 0
11 -32 31 0
15 38 24 0
-11 -3 -1 0
24 -19 40 0
-36 39 47 0
-23 -46 25 0
8 -38 -32 0
32 -19 -14 0
3 -39 18 0
43 -2 26 0
-46 -30 18 0
25 45 -28 0
14 9 -33 0
44 -41 -8 0
45 32 -14 0
1 -21 -28 0
-49 38 24 0
39 22 8 0
26 9 -3 0
12 15 7 0
-12 -17 32 0
