c CNF generator v0.9
p cnf 50 50
48 -43 5 0
13 27 21 0
6 19 42 0
-4 -12 -48 0
-43 -39 -39 0
36 -43 -8 0
-35 -39 10 0
18 -50 -32 0
16 7 -5 0
29 10 -43 0
4 -25 37 0
14 -9 43 0
26 47 22 0
-25 -46 44 0
-35 45 -23 0
-34 1 -33 0
-32 42 -11 0
-1 29 13 0
-16 48 26 0
31 -11 -27 0
5 44 -5 0
-11 -18 -14 0
-5 28 -41 0
36 -19 -38 0
46 -41 21 0
38 3 32 0
6 4 38 0
-1 8 -32 0
-40 31 30 0
31 -11 -39 0
45 -21 20 0
-26 35 -17 0
4 22 -45 0
16 -39 4 0
19 -24 -30 0
45 -46 -40 0
37 -16 -43 0
25 15 11 0
50 50 25 0
12 -38 50 0
17 19 -37 0
12 -17 47 0
10 -48 -15 0
-32 50 -35 0
14 31 27 0
-10 48 -3 0
-42 49 -30 0
-23 -48 23 0
26 -15 44 0
14 -22 -7 0
