c CNF generator v0.9
p cnf 50 50
-27 4 44 0
-44 49 -25 0
19 -30 -45 0
-42 -34 5 0
-47 -28 -21 0
-23 27 13 0
-11 16 -28 0
-19 11 -4 0
-50 -31 37 0
-27 49 -27 0
12 -32 -22 0
16 10 42 0
-36 -7 -12 0
-6 50 50 0
42 -21 -30 0
1 -20 30 0
-50 -34 49 0
10 -9 48 0
44 -11 32 0
10 33 -26 0
-17 30 -2 0
10 33 -22 0
30 -41 -28 0
29 -43 29 0
-40 29 39 0
24 19 39 0
3 24 -39 0
15 -37 -19 0
-44 -32 11 0
23 -28 -29 0
8 12 16 0
-8 -18 3 0
-49 -20 8 0
41 41 13 0
9 3 31 0
-35 -3 23 0
28 2 20 0
19 -45 28 0
35 1 44 0
-22 -40 6 0
12 35 -3 0
37 42 13 0
42 6 14 0
-46 -4 30 0
-42 41 23 0
-4 13 4 0
-36 23 15 0
-28 -4 -10 0
49 49 -5 0
-48 19 -25 0
