c CNF generator v0.9
p cnf 50 50
20 19 -17 0
29 33 -49 0
-35 3 27 0
4 21 -30 0
-39 24 -9 0
-40 -27 -21 0
37 1 42 0
4 -39 11 0
40 22 -47 0
35 -2 2 0
11 -27 -27 0
-31 -49 -10 0
44 12 -38 0
-12 -27 16 0
-16 30 -38 0
-27 16 30 0
4 25 22 0
-22 -11 4 0
-18 -37 -9 0
15 23 12 0
-6 14 -19 0
6 31 47 0
16 -50 -46 0
-48 -27 14 0
-32 26 -9 0
10 10 -43 0
22 -6 26 0
-8 -26 -25 0
-13 -47 20 0
-24 -44 -13 0
48 48 30 0
-45 19 -37 0
-28 49 -28 0
-33 -42 41 0
-26 5 48 0
48 16 37 0
-45 -40 -29 0
29 27 48 0
-9 -22 12 0
22 -29 -36 0
43 -39 32 0
-49 29 -35 0
9 -40 -9 0
-47 42 -37 0
38 -20 -30 0
46 23 -12 0
-31 9 -1 0
-48 -1 -49 0
-33 27 -45 0
15 -44 -42 0
