c CNF generator v0.9
p cnf 50 50
-38 37 -17 0
25 -30 5 0
-36 25 -24 0
-11 46 -26 0
-37 26 33 0
-20 39 23 0
42 7 47 0
44 38 17 0
50 -4 40 0
6 14 -35 0
29 -40 -13 0
-6 -12 -34 0
-46 36 42 0
-9 28 -4 0
-36 -27 -31 0
-29 -41 -18 0
-30 -1 -13 0
36 19 -5 0
43 44 4 0
37 -40 12 0
-41 26 -36 0
-9 -19 21 0
-24 47 48 0
-25 -2 -43 0
50 -40 -2 0
-43 27 -24 0
8 40 -42 0
32 14 -4 0
1 44 -36 0
-27 46 -39 0
-35 -4 5 0
45 11 -17 0
5 36 -17 0
-41 -47 24 0
25 -23 -10 0
8 -37 -14 0
13 -1 -9 0
23 11 37 0
-45 -2 31 0
-19 -23 -16 0
-20 17 -9 0
42 19 38 0
48 -38 -13 0
-11 -27 -50 0
-13 41 2 0
-27 -44 24 0
-24 37 10 0
30 30 -29 0
-47 40 -48 0
-35 19 2 0
