c CNF generator v0.9
p cnf 50 50
6 24 -33 0
-17 -23 38 0
-50 15 -50 0
1 48 -15 0
48 47 16 0
8 -24 49 0
2 -32 14 0
-30 -33 -33 0
-30 38 12 0
12 20 48 0
-35 42 -32 0
39 41 -6 0
-18 34 -22 0
-2 -13 -48 0
33 -31 36 0
26 -18 -7 0
-27 -3 19 0
43 -38 45 0
26 46 13 0
50 -25 -38 0
-35 -39 5 0
-36 -27 39 0
29 24 -48 0
25 -17 -6 0
9 -4 -21 0
30 -45 39 0
-28 4 23 0
50 -9 -11 0
38 32 -28 0
-16 7 8 0
-27 47 36 0
2 16 30 0
-17 26 -37 0
42 -28 -42 0
26 45 19 0
16 -29 2 0
-25 -40 14 0
-48 33 13 0
-12 48 -31 0
7 41 -6 0
-8 -16 45 0
-42 28 -5 0
-50 -15 27 0
-47 -19 3 0
-36 -30 26 0
16 8 36 0
-23 2 -16 0
47 -23 25 0
7 -34 -36 0
-6 -9 -41 0
