c CNF generator v0.9
p cnf 50 50
-6 -37 -7 0
-29 -44 -26 0
40 -34 -50 0
-24 -30 -5 0
4 -5 7 0
39 -3 -11 0
-45 -23 31 0
39 -6 7 0
-33 33 -3 0
5 14 -11 0
-10 11 23 0
25 -37 -35 0
1 41 45 0
-30 30 -29 0
-16 32 -4 0
10 9 -49 0
-39 45 -43 0
-50 10 28 0
-8 40 43 0
-30 -26 -40 0
-39 -8 -6 0
32 -33 -15 0
1 -13 -36 0
16 41 20 0
-50 -14 -15 0
48 24 26 0
10 17 -27 0
-41 15 41 0
34 37 -4 0
-37 -42 -19 0
-44 19 24 0
6 50 -35 0
-14 -46 45 0
-13 -43 -16 0
-24 -11 -19 0
20 46 50 0
-26 23 -10 0
-31 -29 28 0
-36 28 -43 0
17 -26 -9 0
-34 30 -45 0
7 34 -17 0
-25 25 -32 0
-48 12 22 0
4 -11 36 0
-9 2 27 0
-18 -38 -48 0
-3 -36 -20 0
47 -22 -46 0
-18 -45 7 0
