c CNF generator v0.9
p cnf 50 50
-31 -13 -5 0
3 3 23 0
-50 -17 31 0
-3 12 46 0
-42 37 -21 0
4 -12 -34 0
25 27 25 0
23 5 -32 0
-32 -31 27 0
24 27 -27 0
19 38 -36 0
14 12 -40 0
-37 35 -6 0
20 49 12 0
-34 47 -8 0
30 -13 33 0
-6 20 -26 0
25 49 8 0
32 28 7 0
-20 43 26 0
-13 -6 46 0
-30 8 2 0
-27 -37 44 0
10 11 38 0
26 -7 -32 0
15 13 14 0
-36 43 46 0
29 -40 20 0
16 48 9 0
28 -50 7 0
32 -31 3 0
20 20 6 0
45 -31 -34 0
44 -36 -25 0
-3 -37 -14 0
44 8 15 0
47 8 2 0
12 -24 -28 0
-42 28 3 0
41 2 -22 0
5 -8 -25 0
-20 7 12 0
-43 4 -9 0
-6 50 -19 0
13 28 -28 0
36 -7 27 0
9 -45 -10 0
2 -2 37 0
-4 -36 -24 0
-18 -40 42 0
