c CNF generator v0.9
p cnf 50 50
5 37 8 0
-24 34 42 0
-25 7 -43 0
-14 46 -3 0
19 16 -23 0
7 6 -19 0
-10 -22 -49 0
-43 -39 -13 0
9 23 25 0
29 26 8 0
29 31 26 0
-39 -25 1 0
-1 43 6 0
25 13 -6 0
-23 22 -1 0
28 -1 8 0
-28 -41 -46 0
19 37 44 0
11 -13 4 0
21 30 -39 0
-20 -30 7 0
-37 -10 -7 0
-23 -49 -20 0
-19 -36 39 0
35 -17 25 0
-18 11 -15 0
-15 11 1 0
11 -20 41 0
5 -23 21 0
44 10 49 0
33 -16 -49 0
7 -28 11 0
-11 -19 -22 0
34 35 -34 0
38 -48 21 0
17 -11 19 0
24 -33 -33 0
32 6 -13 0
-11 35 -1 0
47 49 21 0
-33 35 -6 0
30 30 -15 0
2 -40 19 0
7 -22 -5 0
28 -1 -34 0
-6 -24 50 0
18 28 -20 0
-5 -3 48 0
19 -45 -40 0
-15 27 -40 0
