c CNF generator v0.9
p cnf 50 50
-41 -28 46 0
-21 -11 -13 0
-45 -27 41 0
-47 -44 39 0
-2 -2 29 0
-49 34 3 0
-33 -11 -49 0
26 -49 -27 0
-19 -16 -24 0
42 47 -5 0
-8 37 13 0
13 21 13 0
-18 -6 12 0
39 14 21 0
29 -2 -27 0
40 9 43 0
30 -8 -43 0
16 46 19 0
-22 28 -26 0
-21 21 -11 0
-46 8 -25 0
-38 45 21 0
-47 -28 21 0
50 11 -26 0
1 -18 30 0
-5 -4 -47 0
45 39 45 0
-12 -17 -13 0
32 16 -40 0
6 2 18 0
43 17 14 0
-46 -9 -47 0
48 -25 -46 0
6 -25 -7 0
42 -30 -48 0
-35 -50 -14 0
39 -13 -28 0
29 10 22 0
9 -36 10 0
-21 7 -21 0
11 23 -20 0
-15 -49 16 0
40 26 -41 0
-44 36 42 0
-39 -32 23 0
21 -41 -45 0
24 5 32 0
25 -18 27 0
-17 17 -6 0
38 20 -50 0
