c CNF generator v0.9
p cnf 50 50
13 -27 -21 0
13 -38 -23 0
10 -40 15 0
-17 34 -25 0
12 37 50 0
37 42 -9 0
-32 42 7 0
6 -24 13 0
-25 -27 23 0
38 16 -6 0
4 7 -34 0
-8 34 -38 0
21 32 39 0
-34 -25 -22 0
-8 -36 34 0
-36 25 -20 0
42 -4 41 0
-23 -18 3 0
-23 5 15 0
27 -25 -32 0
29 -49 26 0
14 -33 -30 0
42 -46 -40 0
8 30 50 0
19 -15 -24 0
22 6 15 0
43 -12 33 0
7 49 -13 0
9 -16 -31 0
-6 19 -8 0
34 11 19 0
-3 -2 11 0
-25 -4 36 0
-23 -27 26 0
19 21 31 0
-45 -28 6 0
-21 -42 -32 0
31 -17 -40 0
20 -7 -29 0
24 -40 20 0
9 -32 -30 0
25 26 -27 0
1 19 9 0
2 -24 37 0
-12 -9 -32 0
-37 -50 -30 0
-33 -35 15 0
29 -31 -44 0
-25 15 32 0
28 -21 -13 0
