c CNF generator v0.9
p cnf 50 50
17 -38 -10 0
-1 5 8 0
27 -3 -26 0
37 40 -25 0
10 -29 29 0
25 -23 4 0
30 18 35 0
-22 -40 22 0
-14 1 -32 0
-50 -22 -20 0
-12 -7 44 0
30 43 -3 0
42 40 40 0
20 -20 -19 0
-43 -24 -39 0
-45 21 2 0
16 -39 27 0
-38 -48 -28 0
43 -37 -37 0
30 -32 -21 0
-2 29 -8 0
6 29 15 0
-13 -15 30 0
31 -27 49 0
-11 -23 8 0
22 -36 -42 0
38 -31 39 0
4 -30 -33 0
3 -5 -21 0
2 -40 -8 0
5 -32 45 0
-21 27 29 0
50 -43 24 0
32 -25 12 0
17 43 -12 0
-2 -13 -49 0
5 -44 47 0
2 -6 -33 0
-41 19 -33 0
29 48 34 0
-41 9 8 0
-49 -31 38 0
-33 29 -3 0
-1 34 34 0
48 -31 12 0
36 25 46 0
49 44 32 0
45 -19 42 0
9 -36 39 0
3 40 34 0
