c CNF generator v0.9
p cnf 50 50
-41 -11 43 0
-23 29 -30 0
46 40 20 0
30 -28 -22 0
16 35 40 0
-10 28 -37 0
48 -15 -24 0
-38 22 -12 0
-32 19 -27 0
-7 -10 -48 0
-42 30 4 0
-18 40 -39 0
-18 -49 -19 0
-38 -5 5 0
36 48 -38 0
-47 12 34 0
3 -27 -15 0
26 3 -41 0
11 28 11 0
39 -24 2 0
-26 -32 -38 0
-36 41 -8 0
33 -42 18 0
5 1 -12 0
44 23 -10 0
50 46 5 0
-20 -25 -43 0
22 28 -11 0
-32 2 -41 0
-31 9 -24 0
36 -10 33 0
48 30 -39 0
17 -28 44 0
-29 19 28 0
-33 40 -3 0
-31 -46 25 0
-15 16 41 0
11 -20 -14 0
-40 -32 11 0
24 1 19 0
27 30 49 0
-4 15 37 0
-24 31 -46 0
40 -28 -19 0
49 -50 3 0
-24 40 31 0
36 38 13 0
-42 23 27 0
41 48 -47 0
-9 -40 -44 0
