c CNF generator v0.9
p cnf 50 50
-5 -50 -50 0
-11 11 -15 0
21 46 24 0
4 31 -4 0
44 49 24 0
-2 -34 46 0
-32 29 -34 0
49 -33 25 0
50 32 -48 0
-14 43 -44 0
-7 -3 49 0
-24 -23 5 0
32 -1 -28 0
-29 -9 24 0
-21 -22 26 0
20 12 -10 0
34 10 25 0
44 -40 -44 0
9 47 25 0
-32 -25 -34 0
-42 23 27 0
-47 -32 -34 0
-24 -20 43 0
-14 11 -35 0
17 22 -17 0
1 -21 50 0
-25 6 -30 0
-34 -40 13 0
-19 12 38 0
41 -28 -14 0
-35 27 27 0
-37 13 -12 0
39 2 -11 0
46 40 -21 0
1 -38 20 0
32 38 43 0
-4 28 27 0
24 -39 20 0
-22 -49 9 0
39 43 -29 0
-33 32 -2 0
20 -17 -15 0
-41 7 -40 0
-20 12 -24 0
-42 28 20 0
17 36 46 0
-39 -35 39 0
18 -33 3 0
-16 30 2 0
25 47 22 0
