c CNF generator v0.9
p cnf 50 50
28 -1 5 0
46 -35 32 0
-14 15 3 0
47 19 -13 0
-12 46 44 0
-17 -20 19 0
2 37 20 0
28 2 36 0
-29 18 4 0
-8 -36 28 0
-29 39 29 0
-33 12 -10 0
-28 -36 6 0
45 -44 49 0
13 5 -44 0
-11 -36 18 0
29 -20 22 0
19 14 -13 0
40 -32 -50 0
36 -25 -43 0
21 -21 -34 0
49 7 -19 0
10 29 -19 0
16 -50 -9 0
-30 -31 -20 0
2 12 -43 0
31 -23 -17 0
21 -26 -44 0
-4 -22 -12 0
45 27 -31 0
44 16 48 0
-23 13 28 0
34 2 22 0
-26 11 14 0
8 16 -19 0
45 -10 -32 0
-9 24 20 0
-13 21 -39 0
39 30 -4 0
45 -36 -1 0
23 46 35 0
-44 -43 42 0
35 -6 12 0
32 44 16 0
48 -40 -4 0
36 -40 41 0
-13 -9 4 0
-38 -9 -12 0
30 -8 -9 0
-3 -44 42 0
