c CNF generator v0.9
p cnf 50 50
-48 4 -24 0
38 -28 1 0
-2 -30 10 0
13 -19 27 0
-1 -47 22 0
-16 38 -43 0
-47 17 -5 0
42 35 35 0
3 42 -43 0
-14 12 -28 0
-26 -39 -16 0
-50 -42 -25 0
-46 28 4 0
42 -46 5 0
-23 -8 -44 0
8 23 -4 0
12 44 28 0
-31 -9 23 0
-35 -34 35 0
40 26 20 0
48 27 40 0
-15 -35 -5 0
31 50 -21 0
-41 23 -16 0
-1 25 -44 0
29 6 -41 0
17 19 21 0
49 -23 8 0
-23 -18 41 0
21 -48 48 0
-34 12 20 0
7 29 -16 0
-20 32 15 0
-8 17 13 0
9 12 27 0
-5 -37 36 0
-41 -17 21 0
37 7 22 0
-14 -22 39 0
28 36 42 0
18 -2 -11 0
-14 -12 28 0
45 38 -3 0
45 32 20 0
16 -42 -28 0
-4 -35 15 0
-41 31 -49 0
30 -3 -36 0
-26 23 18 0
1 36 -47 0
