c CNF generator v0.9
p cnf 50 50
26 49 -47 0
-36 27 -25 0
21 -21 -47 0
-40 15 5 0
38 -13 39 0
-4 -40 1 0
2 19 -37 0
31 32 10 0
-2 -25 -42 0
-20 15 32 0
-22 47 39 0
-5 28 -27 0
-9 -47 -1 0
48 44 6 0
-38 -19 -32 0
22 -30 -13 0
39 41 42 0
33 -22 -31 0
-18 -17 17 0
-47 -1 11 0
-10 -23 34 0
25 -5 27 0
-48 -13 -38 0
-43 -49 48 0
43 -25 -40 0
-43 -3 -43 0
18 -22 -46 0
-17 5 14 0
23 -29 -48 0
13 -45 -25 0
37 -38 -28 0
1 6 47 0
-48 6 -32 0
14 12 23 0
-34 -6 49 0
-19 23 42 0
19 -34 44 0
1 -11 -22 0
-43 2 -46 0
-39 -25 2 0
28 26 -18 0
15 -48 38 0
-48 -46 48 0
-26 21 24 0
43 23 -44 0
-47 40 -48 0
37 20 -16 0
-37 48 37 0
-17 -42 -40 0
-1 1 -41 0
