c CNF generator v0.9
p cnf 50 50
10 -27 31 0
-6 -7 21 0
13 3 -27 0
-38 -17 -43 0
-7 -48 40 0
-50 -19 -13 0
-50 -42 4 0
3 46 15 0
-47 14 -21 0
31 -39 -24 0
-1 -30 -4 0
44 41 13 0
17 -38 32 0
41 1 41 0
-22 8 -7 0
-42 -19 8 0
32 38 -27 0
-15 2 31 0
-27 -44 -18 0
-32 21 -44 0
34 26 22 0
-48 -35 15 0
-21 -46 27 0
8 -43 -28 0
-16 -29 19 0
3 21 16 0
18 -23 31 0
40 43 -34 0
15 -24 -22 0
28 -50 21 0
9 35 21 0
31 19 -15 0
15 -47 1 0
29 -21 36 0
37 -34 9 0
-12 -12 -2 0
23 1 20 0
-36 6 32 0
-37 45 50 0
-35 9 -10 0
7 29 -23 0
-12 -15 -38 0
-12 34 6 0
-6 -36 6 0
-16 -28 42 0
-50 -26 27 0
-6 31 -41 0
29 1 -12 0
-11 37 -39 0
18 49 48 0
