c CNF generator v0.9
p cnf 50 50
22 -17 -24 0
-44 -5 43 0
-48 13 -47 0
-30 -6 -46 0
-5 43 -18 0
11 -36 25 0
47 -3 44 0
-12 31 -8 0
50 34 26 0
-7 -23 33 0
-30 -50 -44 0
16 -12 11 0
-30 -39 40 0
-6 -6 -9 0
-18 45 22 0
44 -11 -21 0
-14 12 -42 0
13 -11 -39 0
38 -42 -10 0
-23 -20 -14 0
-13 13 -4 0
-33 -24 32 0
50 6 1 0
-4 25 -35 0
-13 -17 48 0
21 -34 46 0
-26 -40 27 0
-26 10 9 0
28 9 16 0
-18 1 -24 0
2 28 25 0
-22 -27 2 0
5 32 -40 0
47 -37 -26 0
-36 1 12 0
-6 39 -29 0
-50 -11 38 0
42 -3 -18 0
-45 31 -16 0
-40 31 13 0
-12 -38 23 0
43 2 21 0
-40 9 5 0
-3 -6 12 0
15 37 -48 0
8 -38 15 0
-49 -22 20 0
-2 26 -37 0
-9 -35 4 0
13 4 33 0
