c CNF generator v0.9
p cnf 50 50
29 -18 -25 0
35 28 25 0
10 30 -15 0
46 -32 29 0
-21 -39 -10 0
24 -18 -26 0
-33 -17 -4 0
-17 -8 14 0
-25 9 2 0
-48 -45 27 0
12 -42 42 0
50 -49 17 0
-48 -21 41 0
-16 50 35 0
8 -32 -27 0
16 46 -5 0
-44 -42 -21 0
-29 1 -13 0
-50 -44 30 0
-49 -19 -46 0
2 -45 15 0
-5 1 -29 0
35 27 -19 0
3 -7 -12 0
-42 -19 48 0
-11 -36 47 0
-45 -16 31 0
46 -40 45 0
20 50 -22 0
-33 -18 -20 0
-16 -47 -45 0
50 50 -44 0
50 -46 20 0
41 -9 -3 0
-23 -23 -5 0
-24 4 -14 0
-22 -25 15 0
-9 17 8 0
48 -17 -21 0
39 -9 18 0
31 12 14 0
-6 20 -13 0
48 11 -49 0
15 45 7 0
-46 -35 -31 0
32 21 42 0
-34 -49 -2 0
-19 -26 -21 0
23 -38 -32 0
-19 20 -45 0
