c CNF generator v0.9
p cnf 50 229
10 -45 -27 0
-30 -47 -1 0
38 1 -7 0
25 -32 28 0
27 -4 20 0
-32 -1 -6 0
24 -5 49 0
-29 29 -37 0
-1 47 -35 0
22 2 -28 0
-13 37 -23 0
26 6 -37 0
-15 25 37 0
10 28 8 0
-28 11 -22 0
25 37 -3 0
-41 -32 40 0
-13 -3 43 0
-45 -19 10 0
8 -42 -44 0
50 -40 19 0
23 -1 -13 0
-1 -33 -32 0
-23 20 38 0
31 -7 45 0
-5 4 -45 0
-1 36 -34 0
7 -42 5 0
16 -31 17 0
-44 44 -15 0
-14 -42 1 0
-36 -28 5 0
24 -22 20 0
-12 14 -24 0
45 20 -27 0
26 17 -16 0
47 6 10 0
49 49 29 0
-5 -10 23 0
4 37 -2 0
-47 -6 -7 0
-16 3 -2 0
-30 -23 39 0
-37 -45 48 0
27 6 -22 0
-2 32 38 0
-39 46 3 0
-45 -1 -42 0
-16 40 -49 0
45 -49 -21 0
-46 42 -16 0
2 -20 -24 0
-11 15 -16 0
11 -28 12 0
-26 -12 -44 0
5 18 -41 0
-6 7 5 0
-15 13 26 0
-32 6 -43 0
-47 19 46 0
-12 17 34 0
-32 -50 -32 0
21 17 -37 0
7 -50 4 0
-21 -13 -44 0
-20 45 -45 0
-35 27 -33 0
11 -37 -25 0
-49 -17 41 0
-4 -47 -4 0
-28 30 41 0
-29 39 -48 0
49 -5 -50 0
-6 -35 -16 0
10 -25 41 0
-47 -32 4 0
4 -33 1 0
29 -10 50 0
39 9 23 0
30 -4 -9 0
-38 9 47 0
-8 11 -1 0
22 11 40 0
-24 21 23 0
-11 22 -16 0
-28 40 -16 0
-11 -18 -13 0
-5 -7 29 0
6 -31 15 0
17 47 -39 0
-21 -48 -27 0
-12 46 2 0
18 -46 -37 0
-35 8 -41 0
-39 1 -47 0
27 17 -11 0
14 -35 35 0
36 -37 -47 0
33 48 49 0
4 34 47 0
-6 35 47 0
24 -41 35 0
47 -5 9 0
11 -42 8 0
34 31 38 0
27 34 -16 0
27 29 25 0
4 -11 -37 0
20 26 11 0
-7 -41 -31 0
30 39 50 0
18 -50 -41 0
-49 5 40 0
-16 27 10 0
31 10 3 0
-29 -26 33 0
-6 48 48 0
-28 -39 -4 0
-7 -23 -18 0
21 19 15 0
-47 31 -45 0
-5 -49 -38 0
28 40 -7 0
-4 -11 -14 0
2 32 -26 0
-5 29 -25 0
-34 -26 17 0
12 25 42 0
11 -42 50 0
33 25 44 0
29 -24 43 0
36 -46 -32 0
-48 2 24 0
50 3 22 0
36 34 46 0
-44 37 6 0
29 38 44 0
-21 44 40 0
-42 -3 -9 0
19 -14 -31 0
-23 -37 -12 0
-32 39 8 0
49 -39 6 0
-40 34 -4 0
31 26 32 0
10 44 -13 0
-21 -27 -20 0
21 -14 19 0
-31 21 -15 0
-3 -26 -9 0
-41 4 1 0
-12 -20 5 0
35 23 -6 0
8 -23 39 0
44 18 -21 0
-2 23 23 0
-36 -42 -22 0
-28 24 -15 0
-34 30 28 0
-3 -42 -35 0
14 40 -49 0
23 -17 -36 0
27 23 -32 0
7 13 -10 0
-3 44 4 0
-21 18 44 0
-27 16 38 0
-21 8 38 0
-38 36 16 0
32 49 36 0
43 -30 -42 0
10 -32 1 0
44 46 -10 0
-17 -4 -44 0
-12 30 6 0
-2 -1 -13 0
42 12 39 0
29 37 -27 0
-32 31 -17 0
-40 -32 1 0
1 -33 -22 0
-21 -41 -39 0
-49 -46 -10 0
-46 -33 -35 0
-47 47 30 0
-38 -35 39 0
-1 -27 -11 0
6 -33 -29 0
-47 7 -40 0
25 12 49 0
31 13 6 0
-4 -30 -12 0
40 1 36 0
-42 16 4 0
6 -15 12 0
31 5 10 0
21 41 50 0
5 -4 -49 0
-37 23 -24 0
-7 16 -22 0
34 -39 41 0
42 50 -37 0
16 8 -33 0
15 -33 17 0
9 -33 -23 0
-17 -28 -13 0
-43 -25 -20 0
46 38 39 0
13 29 -7 0
20 48 18 0
8 40 -17 0
-32 -26 -31 0
-41 46 43 0
-9 -46 -43 0
-11 -13 8 0
49 -22 -25 0
-33 15 -35 0
45 -36 6 0
31 15 -44 0
-14 -17 47 0
-9 -45 -3 0
34 2 -9 0
5 -20 37 0
45 -35 -23 0
31 -9 -24 0
18 -19 -30 0
-36 -10 43 0
24 19 4 0
-46 -48 -8 0
