c CNF generator v0.9
p cnf 50 229
-39 -11 -41 0
-29 -41 16 0
8 32 23 0
8 4 7 0
-46 40 11 0
-38 15 -28 0
-10 -50 31 0
49 42 11 0
-10 -40 13 0
-10 40 28 0
-5 -49 20 0
-44 -45 -5 0
-48 -1 -15 0
-18 -23 31 0
-8 -22 12 0
-39 17 -35 0
-7 15 42 0
-8 -26 14 0
-2 25 -5 0
-24 15 -9 0
8 37 10 0
22 -30 3 0
31 -3 18 0
31 37 12 0
7 -21 2 0
31 -5 -7 0
38 5 -36 0
-12 -46 -1 0
43 -11 36 0
-35 -48 43 0
25 -26 -24 0
26 -38 3 0
3 16 6 0
19 -20 46 0
17 -47 15 0
3 28 -14 0
22 8 -37 0
-36 20 47 0
-44 -17 -30 0
36 31 43 0
-7 -42 9 0
25 32 45 0
17 11 20 0
-25 9 5 0
-36 27 -48 0
-9 16 -19 0
-32 -40 -29 0
2 4 -7 0
-34 -32 38 0
-38 -46 42 0
29 23 19 0
-37 -7 -34 0
-32 50 6 0
48 13 7 0
-17 11 31 0
42 -6 27 0
-20 -1 -20 0
9 -48 -40 0
39 26 -16 0
18 -26 31 0
29 7 -33 0
49 15 -8 0
-31 -25 8 0
25 -41 -34 0
-20 5 -45 0
10 -22 -13 0
-2 -49 -27 0
3 17 -50 0
-13 -26 16 0
23 38 -47 0
-45 -42 25 0
-35 -50 -2 0
32 30 36 0
-26 -2 39 0
40 19 -13 0
-17 32 -8 0
16 -29 31 0
-10 16 8 0
41 11 23 0
-41 35 -49 0
27 47 27 0
-5 25 -47 0
-22 20 -2 0
27 4 -16 0
-20 32 36 0
-33 -25 -21 0
4 -8 -5 0
35 9 39 0
15 33 44 0
-38 -26 -32 0
4 -5 7 0
50 14 -5 0
-25 -11 -36 0
-29 -24 47 0
31 -15 -23 0
9 -37 15 0
44 20 3 0
-28 -28 27 0
50 -41 18 0
-48 -13 1 0
8 8 -32 0
-24 2 -13 0
37 -26 -35 0
-5 45 24 0
50 40 -42 0
-6 20 -36 0
43 -7 34 0
-48 10 -7 0
41 -10 22 0
36 27 21 0
26 40 37 0
11 22 -5 0
-48 -12 -2 0
-30 17 17 0
-36 13 18 0
-38 -5 43 0
-20 28 44 0
-49 40 -49 0
43 44 9 0
25 -47 -12 0
-50 -13 -33 0
-14 31 25 0
41 -25 -29 0
-41 1 -33 0
-24 39 34 0
-34 21 28 0
-12 11 5 0
-14 42 40 0
-33 -43 28 0
16 40 20 0
44 -45 12 0
-34 -42 23 0
37 -32 43 0
16 2 -25 0
16 7 -42 0
2 3 21 0
-9 2 23 0
-49 18 -29 0
-30 18 8 0
-44 -11 7 0
14 15 -35 0
-29 27 -16 0
-19 -41 -7 0
-44 -15 33 0
-15 -46 -11 0
-29 27 -20 0
-10 44 -36 0
46 24 34 0
-43 35 -46 0
47 24 -37 0
40 45 -39 0
-42 -26 6 0
43 -7 -48 0
-2 -17 34 0
-19 9 -11 0
32 -15 -15 0
-19 19 -11 0
-2 39 27 0
-46 -31 27 0
25 -20 -13 0
-50 -33 22 0
4 47 -35 0
43 -33 -29 0
-16 12 -7 0
18 -38 -14 0
-5 -10 15 0
-24 41 36 0
-1 33 31 0
-50 -5 -39 0
10 -44 -10 0
-7 -49 -36 0
17 25 -18 0
-33 47 26 0
37 -49 -11 0
-23 -46 -6 0
14 -26 33 0
-47 29 -20 0
-50 33 -3 0
-42 35 17 0
-40 -31 12 0
-22 13 -5 0
39 5 -25 0
-1 15 25 0
10 38 3 0
-27 -14 -29 0
21 31 27 0
43 36 29 0
3 48 43 0
-14 25 -48 0
15 -26 -24 0
19 40 -45 0
19 -18 -35 0
-19 22 -23 0
48 1 -34 0
48 9 37 0
-20 23 -45 0
-27 14 -15 0
34 45 -39 0
7 -25 -12 0
17 -45 -15 0
5 -29 -47 0
-2 7 7 0
-43 25 -50 0
-50 -29 47 0
20 -35 -7 0
32 7 47 0
-19 44 38 0
-17 18 28 0
40 -21 1 0
11 27 -48 0
47 33 18 0
8 -29 33 0
33 9 11 0
27 13 31 0
-33 42 -30 0
-18 5 -10 0
-24 5 35 0
-26 39 -12 0
27 18 20 0
16 -10 46 0
-40 44 41 0
-45 -44 -3 0
5 -12 7 0
27 8 38 0
4 44 -47 0
-28 18 -19 0
23 -30 -8 0
14 -3 11 0
-26 5 8 0
