c CNF generator v0.9
p cnf 50 229
-35 -6 -17 0
47 33 -50 0
17 12 -48 0
-48 -42 10 0
-19 13 34 0
-8 -37 7 0
20 -33 -24 0
23 -40 19 0
33 4 35 0
-17 40 -11 0
-38 48 34 0
14 9 -27 0
-50 29 45 0
-49 -46 -50 0
4 -1 -22 0
30 -23 21 0
-50 -35 -23 0
-8 -37 -32 0
-44 5 -9 0
-16 -47 48 0
-19 -2 -39 0
-8 17 20 0
-11 35 1 0
-44 15 -2 0
-30 28 -31 0
-5 -36 -38 0
-17 19 18 0
-49 -41 -15 0
37 -15 -14 0
31 -4 46 0
-36 11 -37 0
26 40 -27 0
40 -27 -23 0
43 -38 -11 0
-4 3 26 0
-42 -48 35 0
10 46 36 0
6 35 -35 0
-46 42 29 0
36 12 -9 0
-26 -19 -17 0
7 36 -12 0
14 -31 13 0
-49 -31 37 0
-7 -36 -16 0
-38 33 -26 0
-45 -40 -16 0
26 33 -20 0
15 -44 12 0
-9 37 45 0
28 -29 -17 0
-35 12 21 0
-8 49 -49 0
47 41 -37 0
6 37 -13 0
25 -37 -25 0
2 -33 22 0
27 -14 -39 0
4 37 44 0
-10 30 -37 0
42 34 34 0
50 3 36 0
-19 -11 27 0
33 -49 48 0
-32 6 6 0
-10 -2 2 0
48 50 46 0
37 7 -22 0
-41 39 47 0
-28 -39 -37 0
-10 -16 5 0
22 -11 -18 0
-6 6 -23 0
-23 45 19 0
14 -38 -2 0
29 -9 -46 0
3 -50 -47 0
-8 17 -20 0
41 21 -7 0
38 45 -39 0
-15 3 30 0
4 -25 37 0
25 -43 -23 0
9 -32 37 0
31 42 20 0
15 19 43 0
45 15 36 0
-45 40 -16 0
-31 39 -7 0
-20 2 20 0
6 -20 -33 0
-24 15 -21 0
50 -17 22 0
-39 -14 -32 0
-30 17 -2 0
-34 22 -21 0
-33 18 -48 0
-15 -30 -19 0
-44 29 -18 0
-40 31 43 0
20 -35 -14 0
-36 43 -23 0
43 -13 -46 0
-35 34 -28 0
-7 23 21 0
-41 38 -37 0
-2 49 39 0
39 -13 -46 0
-4 -35 38 0
-33 26 -3 0
7 47 -42 0
46 1 13 0
34 -20 -20 0
-25 -45 -11 0
6 -5 -49 0
-26 15 -4 0
-28 -36 4 0
-12 39 3 0
25 41 -9 0
-11 6 -29 0
39 -22 -16 0
-24 28 35 0
-21 29 24 0
34 -4 1 0
33 9 12 0
6 -48 47 0
-1 42 25 0
-43 -17 -16 0
21 16 -39 0
-8 37 -21 0
9 1 22 0
40 16 -32 0
38 -32 38 0
-34 -38 43 0
-3 -17 -21 0
43 -18 -17 0
4 49 43 0
5 -8 18 0
-15 15 -2 0
19 -37 -40 0
-35 3 48 0
32 -45 37 0
-47 22 38 0
-3 41 -18 0
-2 -11 21 0
-14 13 29 0
-23 -3 -7 0
2 1 -48 0
6 12 18 0
6 -38 -23 0
-32 35 -38 0
27 -17 -40 0
14 -5 45 0
46 -48 36 0
44 6 8 0
-26 37 -4 0
-1 -23 -35 0
46 9 50 0
30 39 47 0
-23 -24 -49 0
-27 43 -44 0
-25 15 28 0
34 -25 18 0
-50 -19 -6 0
-29 -20 33 0
-38 -38 46 0
26 25 -6 0
-2 2 2 0
-42 44 -34 0
26 -6 -17 0
-35 2 3 0
-8 41 -22 0
19 -2 25 0
-23 -29 48 0
-31 -34 45 0
1 -35 -14 0
-48 14 3 0
29 -45 23 0
-8 -9 -15 0
26 47 7 0
-20 -50 -4 0
-11 23 -34 0
32 -30 15 0
19 -34 36 0
43 24 19 0
24 39 -33 0
-46 29 -17 0
-40 38 10 0
8 29 -29 0
23 7 34 0
-1 37 -14 0
16 1 -17 0
-13 -50 27 0
8 -45 -30 0
22 5 -26 0
-18 -39 33 0
-7 13 -28 0
43 7 -22 0
8 -13 37 0
-32 48 -49 0
35 -18 -40 0
-14 -48 -50 0
28 18 -47 0
-46 22 48 0
-43 15 3 0
12 -5 14 0
7 39 7 0
-7 -45 -6 0
34 -14 -39 0
-32 32 -1 0
39 -47 33 0
22 -13 10 0
15 46 -10 0
-10 21 -29 0
-21 -36 -20 0
20 25 -39 0
26 -11 36 0
-10 5 -7 0
-6 42 6 0
29 -44 15 0
-14 -10 -18 0
2 34 -20 0
-2 39 -2 0
32 39 -23 0
45 -29 -44 0
42 46 15 0
-26 -38 -23 0
-29 26 49 0
-11 -27 13 0
