c CNF generator v0.9
p cnf 50 229
44 34 16 0
12 40 -22 0
41 13 -41 0
43 -40 -37 0
-46 -21 22 0
19 -40 -23 0
49 -16 -15 0
43 24 -13 0
-4 -5 34 0
-20 19 -13 0
-5 -23 14 0
5 -17 -26 0
16 -8 11 0
-15 -18 -19 0
10 -32 21 0
31 42 -45 0
-46 33 42 0
-8 -27 10 0
-23 35 41 0
-32 25 34 0
32 -1 -45 0
-38 32 47 0
25 -19 -13 0
2 22 -22 0
42 -7 27 0
-18 18 -26 0
-49 -14 6 0
-50 50 -39 0
-12 27 -16 0
50 48 -39 0
50 25 13 0
-48 11 -2 0
45 -11 -10 0
-15 8 -16 0
-47 -24 21 0
1 41 -1 0
-36 -8 9 0
-19 -37 37 0
12 27 -25 0
8 46 32 0
-16 -32 43 0
-2 23 16 0
7 41 37 0
42 -1 -26 0
5 -50 48 0
1 -36 -33 0
28 -6 18 0
-41 -4 -13 0
20 13 8 0
40 -14 -5 0
-5 47 7 0
17 10 -25 0
27 -9 -48 0
49 -26 27 0
-50 49 -23 0
12 -7 45 0
47 15 14 0
-1 -11 -5 0
-1 -15 -30 0
-27 3 35 0
23 32 18 0
32 -15 36 0
-10 24 49 0
-1 4 -11 0
12 -38 9 0
4 9 12 0
-49 18 44 0
-42 50 -38 0
24 -20 26 0
-32 23 31 0
4 20 -5 0
-22 -15 50 0
18 -46 31 0
-35 26 47 0
23 28 -2 0
-19 21 17 0
5 -17 -24 0
-35 21 14 0
12 27 -3 0
-17 -15 44 0
-37 -45 -27 0
29 -1 -29 0
-37 -43 -24 0
23 -49 4 0
6 35 38 0
-6 -34 -32 0
13 37 -38 0
17 -24 46 0
16 -17 -38 0
14 16 46 0
-11 -42 4 0
-45 40 47 0
35 9 -39 0
17 -49 21 0
-25 49 26 0
27 -25 -1 0
-34 27 25 0
-26 -9 2 0
-35 -15 -50 0
-11 -21 -35 0
50 26 44 0
-45 -30 49 0
-47 -20 49 0
-49 12 12 0
-28 -49 -43 0
35 -28 -26 0
31 -45 -15 0
24 19 -26 0
1 -7 -27 0
-8 -47 -44 0
7 3 25 0
-13 50 11 0
19 46 -50 0
4 -37 -19 0
18 -17 -24 0
-3 -34 6 0
-16 -4 11 0
-11 41 -38 0
-29 3 5 0
-12 33 -46 0
49 9 22 0
47 17 41 0
-23 -27 2 0
-36 -20 44 0
-10 -27 -43 0
23 12 25 0
35 -44 48 0
37 -26 10 0
20 49 -2 0
43 5 11 0
-5 -29 49 0
-32 -40 -29 0
-48 2 -21 0
-6 9 -49 0
-27 49 -41 0
-49 39 40 0
22 47 31 0
28 18 -5 0
-2 -42 40 0
7 35 -39 0
-10 44 39 0
-9 -45 14 0
33 -46 26 0
-18 -23 -35 0
-38 12 -35 0
3 -10 7 0
18 50 -35 0
-39 -4 -4 0
19 10 -13 0
-3 -31 -5 0
-15 35 -30 0
28 -40 37 0
-49 37 20 0
31 16 4 0
28 4 4 0
26 -14 9 0
31 20 -18 0
-38 5 -22 0
44 -30 -5 0
47 -11 22 0
30 33 43 0
-3 34 25 0
-16 -15 49 0
27 39 31 0
8 -44 31 0
39 21 27 0
2 -24 -13 0
14 6 -14 0
-37 42 -17 0
-22 24 46 0
-26 -43 -11 0
19 7 -17 0
38 -45 -33 0
-15 -13 -42 0
-22 19 -8 0
-48 -40 -38 0
41 -29 46 0
-34 16 -47 0
37 -32 -25 0
1 7 19 0
8 -17 39 0
26 38 -45 0
-20 40 -2 0
-36 -29 9 0
-18 -12 40 0
19 -29 -2 0
42 -41 48 0
-4 -42 -6 0
40 41 28 0
-26 -8 -14 0
8 3 36 0
-27 -36 -17 0
12 -29 26 0
28 -34 -18 0
-46 -7 16 0
-36 -5 22 0
-11 -35 -31 0
-42 -32 -13 0
40 49 -45 0
28 -39 14 0
39 18 -43 0
44 -40 4 0
15 19 -49 0
-16 4 9 0
18 40 11 0
18 -11 -20 0
35 47 42 0
7 -1 30 0
-2 -3 -23 0
-28 30 15 0
-19 -49 3 0
48 -27 43 0
-42 -48 25 0
-32 49 -22 0
-2 38 37 0
48 -46 12 0
-40 -34 -40 0
36 40 50 0
13 -19 -28 0
-16 -29 7 0
-17 5 18 0
50 24 -17 0
-5 49 49 0
15 30 -14 0
8 -3 -28 0
-7 -27 -10 0
33 -3 17 0
-26 -10 22 0
-7 28 43 0
