c CNF generator v0.9
p cnf 50 229
32 -42 49 0
31 -1 -39 0
-16 -50 -14 0
7 -10 -38 0
35 2 26 0
30 36 50 0
-5 -24 19 0
-15 1 -20 0
-48 16 -12 0
37 32 37 0
31 25 -6 0
-29 15 40 0
19 -44 25 0
-35 18 -5 0
16 -22 -44 0
-48 28 2 0
-14 -1 22 0
24 -38 -43 0
-41 -13 -10 0
9 14 -48 0
25 29 45 0
-48 20 6 0
-30 1 -14 0
49 3 -21 0
16 39 25 0
-25 20 -5 0
22 36 24 0
-12 -33 -29 0
-36 8 1 0
28 -16 17 0
-15 41 43 0
-13 -10 47 0
-26 35 8 0
2 13 -11 0
26 -6 32 0
32 11 -8 0
12 17 -40 0
19 -50 32 0
25 21 5 0
-17 1 1 0
-6 -20 -20 0
-33 25 47 0
-33 -10 -8 0
50 16 2 0
-32 38 -23 0
22 40 47 0
-37 -33 -46 0
-27 21 -24 0
-46 50 47 0
-29 12 6 0
-33 -19 -22 0
35 -18 18 0
39 49 27 0
-39 27 38 0
18 42 17 0
-6 39 -24 0
5 40 26 0
-14 -2 -9 0
-44 12 -38 0
-26 8 -41 0
-39 37 21 0
-18 10 -8 0
-10 24 7 0
48 11 -39 0
-43 -42 -37 0
2 10 -27 0
-50 -34 21 0
44 43 46 0
-40 20 20 0
25 3 13 0
-47 28 -11 0
-5 -7 -24 0
-11 33 -50 0
2 -45 -40 0
-1 26 48 0
-18 23 -43 0
11 -1 -3 0
2 32 6 0
48 28 -9 0
-25 -23 44 0
10 -8 5 0
-35 14 -12 0
34 22 34 0
19 -8 8 0
20 -13 47 0
-40 -10 -17 0
-32 -44 17 0
45 -17 17 0
42 38 3 0
-24 -1 19 0
-44 11 -12 0
39 16 -29 0
-38 36 -48 0
30 26 -16 0
16 8 18 0
26 1 27 0
25 -12 -22 0
-5 -12 32 0
-26 1 11 0
-32 -42 8 0
26 14 -42 0
24 17 12 0
6 -4 31 0
-43 25 41 0
31 22 22 0
44 -21 -15 0
9 -29 40 0
-47 -15 27 0
-28 -37 16 0
-40 -42 40 0
-13 -46 48 0
-8 -35 -24 0
-8 -10 4 0
-16 -3 27 0
-26 24 18 0
-35 12 14 0
-4 48 27 0
41 -37 -9 0
-6 33 18 0
-6 -44 -10 0
45 -8 -21 0
23 39 -31 0
-12 11 35 0
-11 22 -15 0
13 -38 -9 0
30 15 -19 0
-25 -5 31 0
45 -28 -25 0
-16 43 -9 0
-10 -32 30 0
-50 -26 -11 0
37 -40 46 0
30 -41 18 0
17 7 -21 0
-44 49 7 0
13 20 -27 0
35 -1 -9 0
-1 -32 18 0
-40 -45 14 0
38 -38 26 0
-20 25 -6 0
-42 40 33 0
-36 45 39 0
4 26 -44 0
10 14 -20 0
-15 -13 21 0
7 -39 -6 0
-3 -18 -50 0
29 -14 35 0
46 -15 27 0
21 35 -30 0
47 32 38 0
-45 -4 -46 0
-4 -13 -3 0
39 -3 37 0
41 36 -49 0
7 -11 4 0
40 36 -11 0
31 -41 22 0
29 -34 24 0
35 8 -25 0
-21 40 -43 0
-47 -24 -9 0
-22 38 -34 0
16 49 -19 0
-34 15 -42 0
41 1 50 0
47 18 22 0
-23 32 20 0
-38 -10 27 0
-31 -33 14 0
1 20 -28 0
35 27 -43 0
18 -1 11 0
8 -33 47 0
-15 35 -27 0
13 -33 25 0
-42 -12 -22 0
27 24 -35 0
46 19 -41 0
37 -27 14 0
17 -26 -46 0
-48 -26 -49 0
-27 18 27 0
21 24 -12 0
31 13 -27 0
20 5 -49 0
-39 34 -20 0
33 -18 -3 0
16 49 33 0
-40 44 -37 0
-45 17 2 0
46 -46 -9 0
30 28 26 0
21 33 -36 0
-50 -48 20 0
-11 14 6 0
22 -19 -8 0
23 41 -31 0
-2 31 -50 0
5 -45 -28 0
23 -23 -13 0
21 1 24 0
37 -41 -16 0
-1 31 8 0
14 -3 -30 0
-5 39 27 0
-22 2 -26 0
37 -28 -30 0
49 -40 50 0
-5 -29 23 0
-20 -3 -15 0
37 41 20 0
30 -42 2 0
-3 -40 -10 0
44 29 3 0
23 -36 17 0
-14 7 -2 0
-3 -35 25 0
1 -29 -38 0
-35 -24 31 0
27 29 18 0
35 -26 25 0
13 -10 -35 0
-13 10 13 0
17 -3 -4 0
-28 -24 43 0
49 -48 -25 0
13 42 -31 0
