c CNF generator v0.9
p cnf 50 229
34 46 19 0
-15 -48 46 0
6 -11 16 0
32 37 46 0
25 -29 -15 0
-26 -31 -45 0
26 -33 -29 0
-37 -16 2 0
41 -8 -20 0
-23 -46 -8 0
36 25 33 0
-12 -1 -31 0
47 40 -19 0
44 4 -19 0
-1 -12 45 0
42 -9 -43 0
22 28 34 0
46 -16 45 0
27 9 24 0
3 -24 5 0
-40 38 -11 0
24 -41 17 0
10 -18 -1 0
7 -24 -34 0
18 -29 27 0
18 -49 -9 0
-19 -45 49 0
44 -34 24 0
-27 4 6 0
23 26 39 0
16 50 19 0
-45 -40 -23 0
8 -25 -32 0
32 28 33 0
38 28 38 0
46 34 -6 0
12 17 40 0
-1 -8 40 0
5 41 -42 0
30 30 -45 0
-16 9 26 0
-18 50 49 0
39 -28 48 0
-3 -19 27 0
-47 40 -38 0
-13 15 -8 0
-31 6 20 0
26 19 -34 0
14 39 -40 0
1 -50 25 0
50 -6 -18 0
29 -45 -49 0
26 -22 -31 0
31 -43 -29 0
-2 -19 48 0
-14 13 22 0
5 -30 18 0
-43 -4 10 0
22 -8 39 0
-1 13 18 0
23 36 -17 0
-48 28 1 0
-33 8 -44 0
-38 9 -19 0
-42 35 33 0
-1 25 45 0
-27 -35 38 0
32 1 13 0
18 48 31 0
50 -31 24 0
-37 35 9 0
41 47 -8 0
-13 17 -45 0
24 -2 12 0
-44 -26 -19 0
-43 28 -23 0
-12 6 49 0
-16 -33 7 0
13 -16 -36 0
-42 -34 23 0
-30 32 44 0
14 24 26 0
-43 28 -49 0
-49 -11 -23 0
41 32 -37 0
36 16 -23 0
-41 -45 49 0
41 38 -25 0
24 47 18 0
6 -8 32 0
-16 -8 10 0
46 -37 -35 0
-21 47 -4 0
-18 50 32 0
33 -45 18 0
30 8 -4 0
28 -16 22 0
-37 -45 32 0
39 36 21 0
-3 -44 45 0
40 38 12 0
-4 -29 -7 0
36 -11 6 0
42 17 27 0
22 16 39 0
39 -31 26 0
6 32 7 0
8 -16 -50 0
-4 14 3 0
26 1 -36 0
-17 -38 23 0
11 16 1 0
26 9 49 0
16 -35 3 0
38 43 37 0
-37 13 -23 0
-7 39 -34 0
20 -31 29 0
47 46 28 0
7 9 15 0
-35 39 -22 0
-1 -25 -33 0
-18 36 -9 0
8 50 -16 0
9 -19 -18 0
34 -39 -44 0
-18 -41 13 0
37 -28 4 0
32 8 8 0
3 20 -19 0
-1 29 23 0
24 -47 -28 0
-10 4 43 0
-43 36 25 0
27 -29 34 0
23 47 -24 0
5 -36 -48 0
-47 12 -42 0
13 -4 -40 0
45 -43 6 0
50 -44 -45 0
-17 36 14 0
-44 29 48 0
18 -3 -47 0
-8 -26 -31 0
-33 48 -16 0
-12 15 -26 0
20 -33 -45 0
43 3 6 0
18 34 32 0
23 -28 32 0
-38 -30 42 0
-23 -18 31 0
-33 -9 17 0
12 28 35 0
13 -48 -43 0
-11 32 15 0
24 37 25 0
-16 46 -20 0
-2 40 -49 0
8 -11 21 0
-11 -31 4 0
4 -20 30 0
-29 28 -34 0
8 50 -20 0
-46 7 14 0
-24 47 49 0
-36 10 43 0
-32 -26 27 0
-30 18 33 0
-50 -31 -10 0
-20 -34 7 0
-2 30 7 0
-31 35 -26 0
40 30 -8 0
-45 -46 19 0
33 -8 17 0
11 -18 -20 0
37 46 10 0
39 34 -27 0
6 -22 -20 0
28 21 16 0
-47 -34 23 0
-1 25 37 0
-46 -18 13 0
-46 -42 -47 0
-40 -41 -33 0
35 -40 -42 0
-35 -19 38 0
22 -22 -29 0
49 -12 -12 0
21 39 27 0
15 1 38 0
3 -17 23 0
-46 -25 -47 0
-47 46 38 0
10 -18 -42 0
-19 -2 -1 0
37 -6 5 0
37 -22 -11 0
34 13 8 0
49 19 13 0
-34 -24 -28 0
-27 -50 41 0
-47 -47 47 0
44 -35 -17 0
23 4 -7 0
-41 15 -19 0
39 -12 12 0
-29 -23 -42 0
-49 9 -11 0
-48 36 20 0
18 -30 41 0
-35 34 -43 0
-30 40 23 0
28 16 14 0
32 23 -43 0
-50 43 7 0
34 45 15 0
50 18 -39 0
-47 -4 19 0
-35 44 18 0
11 -43 22 0
-36 9 8 0
39 -11 -30 0
18 22 -13 0
19 7 -2 0
1 -33 30 0
17 33 -43 0
