c CNF generator v0.9
p cnf 50 229
-28 -44 -37 0
-11 -43 -6 0
-40 -20 -47 0
-46 20 29 0
43 20 7 0
4 10 -30 0
-30 -23 -40 0
-39 45 25 0
-41 -40 -5 0
28 -34 -32 0
-22 7 -28 0
-2 -31 -14 0
-27 -8 30 0
15 -42 8 0
12 -19 28 0
35 14 15 0
-48 -2 37 0
-33 18 -2 0
-43 34 22 0
23 1 16 0
33 -30 -44 0
-21 42 -43 0
15 18 -32 0
-27 -47 36 0
-8 -1 37 0
2 -27 -46 0
33 43 -23 0
-6 -8 -49 0
15 22 6 0
46 -33 -31 0
14 -44 24 0
8 -21 5 0
-25 4 19 0
-20 43 13 0
10 11 -23 0
-2 9 -12 0
-48 -19 28 0
-40 -29 45 0
25 16 2 0
-14 -28 47 0
-11 24 5 0
44 -42 9 0
-9 -16 10 0
-25 -19 10 0
2 8 -10 0
35 -3 20 0
-27 -9 -44 0
18 47 16 0
2 -41 -30 0
20 33 -32 0
20 1 -35 0
-25 31 22 0
-18 -28 -25 0
-31 2 18 0
31 25 37 0
43 41 -3 0
3 -23 -5 0
-23 -32 38 0
-5 34 3 0
-40 21 5 0
-32 35 -44 0
-44 7 50 0
-24 -22 33 0
50 4 -48 0
-27 -35 -38 0
24 -2 -24 0
-16 -2 7 0
9 -33 -37 0
-9 -5 -8 0
-38 -36 -42 0
-45 -49 -37 0
-15 48 -26 0
-45 33 47 0
-45 8 21 0
-10 30 -2 0
-2 -15 -8 0
-39 11 27 0
9 29 -38 0
-17 9 -40 0
49 18 26 0
-25 -48 -19 0
34 -21 -3 0
12 24 35 0
-24 -13 -45 0
39 2 -23 0
30 -15 16 0
-21 -10 -41 0
21 43 22 0
15 -38 15 0
-29 6 20 0
-34 -20 -46 0
-4 -34 -17 0
-8 5 -24 0
22 35 -1 0
-2 26 -5 0
16 22 6 0
-13 5 12 0
14 -36 -36 0
30 35 -11 0
19 -13 -7 0
-5 -40 1 0
46 -25 -28 0
24 20 -18 0
-35 -45 46 0
-14 -23 17 0
11 23 -32 0
39 -23 16 0
-5 -1 -5 0
34 28 -39 0
28 50 50 0
-24 17 -37 0
41 17 -31 0
49 30 -26 0
-13 -11 -35 0
-47 11 34 0
30 23 12 0
36 -40 -38 0
-2 -24 -37 0
-42 12 -30 0
-1 -47 -30 0
50 -33 41 0
10 27 -48 0
46 -15 -41 0
-6 -35 50 0
7 -27 22 0
32 -5 -26 0
-13 20 -6 0
-47 -23 -32 0
-5 11 -22 0
37 22 -31 0
-11 30 -15 0
-22 17 20 0
-29 27 12 0
19 -48 43 0
35 -13 -5 0
8 -39 -11 0
43 39 41 0
14 8 -42 0
4 50 33 0
33 -17 17 0
-42 29 41 0
12 -10 28 0
46 16 -29 0
12 2 33 0
-32 -33 -23 0
25 21 -26 0
-18 -8 -6 0
38 13 -9 0
-44 5 28 0
34 -41 23 0
14 -45 -4 0
-23 -31 -4 0
-41 -39 -1 0
22 -23 -22 0
13 10 42 0
-3 -28 -26 0
-40 7 27 0
-43 -27 -21 0
29 -47 -39 0
49 -9 -49 0
-39 11 34 0
-40 4 35 0
7 -21 -6 0
17 -6 7 0
-3 3 32 0
-23 -24 -3 0
3 -3 -26 0
-43 26 23 0
15 -50 -9 0
-32 9 21 0
-5 24 3 0
24 28 39 0
47 -32 -29 0
43 43 -44 0
-46 -22 44 0
-29 18 -41 0
-22 15 -11 0
-36 5 -7 0
-29 -1 -22 0
16 -15 -26 0
30 -41 -7 0
15 4 48 0
36 -16 19 0
44 -13 -44 0
-10 -35 -7 0
6 -22 -20 0
-9 -12 15 0
11 -6 23 0
39 -11 37 0
15 -19 3 0
-44 -15 46 0
43 -45 -5 0
16 5 50 0
-27 -40 -25 0
-14 34 -16 0
14 -19 15 0
35 19 -20 0
6 29 -45 0
45 34 40 0
-43 -20 -49 0
35 23 -24 0
42 -3 50 0
1 7 39 0
34 48 8 0
11 -5 -17 0
13 -9 1 0
16 -45 -34 0
-22 -19 -27 0
20 -28 25 0
-11 19 -8 0
-20 30 6 0
4 -35 -37 0
32 -16 -43 0
-22 -27 33 0
-34 -4 40 0
-26 45 50 0
-43 16 6 0
-34 -19 -47 0
23 -37 47 0
40 34 9 0
24 -26 12 0
-14 -46 8 0
-38 18 11 0
-39 -14 -27 0
28 34 -50 0
31 23 11 0
40 -45 43 0
35 8 -16 0
-8 28 24 0
