c CNF generator v0.9
p cnf 50 229
-31 -22 1 0
-4 4 6 0
47 -15 -26 0
21 29 -42 0
23 -19 -38 0
50 -42 -29 0
41 26 43 0
47 37 21 0
-28 -43 31 0
26 -10 -10 0
50 1 44 0
-36 15 -41 0
13 -34 48 0
30 -29 -29 0
4 -45 -2 0
-16 -44 -20 0
25 -46 -10 0
-5 11 -31 0
-35 17 -50 0
-50 -9 -35 0
-25 -40 28 0
40 -40 27 0
4 25 33 0
-5 29 -38 0
38 50 -36 0
-50 1 23 0
10 43 50 0
-15 -37 -41 0
38 -1 -26 0
38 -31 -31 0
17 48 45 0
-43 -46 -14 0
16 -9 8 0
-38 8 12 0
33 17 30 0
10 23 27 0
-46 -14 30 0
-44 -4 -27 0
25 -30 44 0
18 30 -20 0
-8 46 -41 0
-39 -24 33 0
46 31 -16 0
9 -6 -43 0
-49 35 -11 0
19 -29 -20 0
-21 -14 21 0
-24 -45 3 0
-45 44 -18 0
-26 19 -22 0
37 -46 -47 0
-1 -39 -32 0
-13 -30 41 0
50 -28 28 0
-10 -33 2 0
-10 -6 47 0
29 -14 13 0
27 4 5 0
50 -16 30 0
-36 -16 -9 0
15 28 5 0
38 35 42 0
4 45 -48 0
-16 -11 37 0
3 -14 18 0
-36 41 -43 0
-14 49 38 0
18 39 -46 0
-50 -11 -35 0
25 -3 3 0
-21 34 26 0
-23 -35 -6 0
9 -25 12 0
10 -43 -27 0
34 -10 -9 0
-27 -43 -29 0
9 46 1 0
-39 -20 -14 0
-1 20 -45 0
-16 30 40 0
-6 -39 -22 0
14 48 -33 0
31 -12 -26 0
40 25 -2 0
-48 -38 3 0
20 34 -18 0
19 29 -38 0
-25 35 -4 0
13 25 -7 0
13 24 30 0
14 -5 -35 0
-29 11 -49 0
2 45 1 0
5 -26 8 0
-43 26 23 0
13 -16 -9 0
20 -19 18 0
-27 -14 1 0
30 40 4 0
9 3 -39 0
39 44 31 0
45 32 41 0
12 39 6 0
2 -38 43 0
-13 -17 -49 0
-15 15 28 0
-35 -31 35 0
10 30 50 0
21 2 -2 0
1 15 26 0
46 -37 9 0
13 41 44 0
-8 -41 8 0
-31 -20 -41 0
6 -10 3 0
9 25 -19 0
12 49 48 0
28 32 15 0
9 28 40 0
-36 32 3 0
-8 -49 2 0
23 -19 -33 0
40 -38 -13 0
-16 43 7 0
3 -17 -43 0
-27 -30 41 0
-27 -1 46 0
16 45 20 0
47 -15 20 0
-28 1 42 0
4 -48 -42 0
3 -10 49 0
24 -47 -47 0
-50 -47 -16 0
-35 -13 -31 0
32 -9 20 0
-11 29 26 0
3 14 14 0
9 16 32 0
50 -7 -43 0
-16 32 -44 0
-5 1 -15 0
-38 -23 -46 0
48 50 -12 0
-32 37 -42 0
-19 -22 -11 0
38 -21 -30 0
3 50 34 0
-8 15 -24 0
24 -34 -20 0
30 49 13 0
38 -29 -50 0
31 8 29 0
-45 -43 6 0
-17 -32 13 0
-7 4 16 0
39 13 -44 0
-10 39 -21 0
19 44 26 0
29 -32 38 0
-43 -11 -50 0
-29 -34 -8 0
5 -35 -46 0
39 46 2 0
25 -3 -10 0
34 50 40 0
37 8 32 0
-34 -46 35 0
49 -47 -43 0
-49 4 37 0
18 -24 1 0
9 29 -50 0
-44 41 -12 0
-3 -35 -26 0
-12 30 -16 0
-28 31 5 0
1 -35 -4 0
-35 -14 49 0
7 -40 -18 0
-36 36 -23 0
14 39 44 0
33 26 13 0
9 7 -15 0
-49 -34 -14 0
-34 44 -3 0
-33 20 39 0
9 -9 34 0
16 16 -35 0
40 -37 36 0
-46 16 42 0
1 -46 29 0
31 8 -5 0
-2 25 -32 0
-27 45 -26 0
9 50 -25 0
-25 10 22 0
-32 38 10 0
-2 23 3 0
-40 2 1 0
-29 -47 8 0
31 31 2 0
33 27 -27 0
2 -12 12 0
-32 -36 50 0
27 33 -34 0
21 -28 -1 0
-6 5 14 0
-50 13 -24 0
-9 27 -40 0
-3 23 38 0
-31 -29 17 0
10 31 42 0
46 -6 50 0
41 -14 12 0
-10 -41 41 0
30 5 35 0
-17 13 -30 0
4 34 29 0
-42 5 -6 0
28 29 28 0
42 22 -2 0
41 -24 -11 0
13 -35 -6 0
-6 -37 6 0
50 14 2 0
49 -43 -3 0
-14 23 41 0
23 -21 -23 0
-23 9 9 0
