c CNF generator v0.9
p cnf 50 229
33 17 -38 0
-45 -39 -46 0
27 41 1 0
-33 13 36 0
24 36 10 0
-17 -20 33 0
-27 15 29 0
-14 -47 34 0
-48 49 -6 0
-42 -30 9 0
9 30 42 0
-45 14 -44 0
45 32 -4 0
-24 -35 -22 0
-12 8 14 0
40 -14 19 0
24 36 -3 0
41 -34 -17 0
-10 -6 -43 0
9 -6 48 0
17 1 24 0
16 9 -42 0
-29 38 -10 0
33 -48 3 0
26 -42 8 0
49 28 -5 0
43 27 -8 0
-39 39 -11 0
18 6 26 0
27 33 26 0
6 2 -13 0
15 6 -26 0
-36 -40 31 0
-35 -40 30 0
-5 34 28 0
-33 -30 -8 0
-2 23 -29 0
-31 30 9 0
-5 -35 27 0
-14 37 -33 0
46 -39 15 0
-19 -24 13 0
-28 42 49 0
23 -17 -37 0
24 -35 -15 0
37 -49 33 0
30 -49 31 0
-50 20 26 0
45 -18 -47 0
-30 -32 -23 0
42 -8 -14 0
-43 -9 20 0
39 -20 -13 0
-18 21 -28 0
17 9 49 0
-34 -18 9 0
30 44 -42 0
24 5 26 0
36 -36 11 0
50 -27 -24 0
7 49 23 0
45 -14 45 0
-40 -37 1 0
-30 49 -46 0
-16 -15 39 0
-45 -35 -17 0
45 4 45 0
-44 6 -38 0
-38 26 -22 0
46 -20 -27 0
-25 1 14 0
48 -38 40 0
18 -5 -12 0
-13 2 -41 0
-45 -44 -42 0
50 -22 15 0
24 42 16 0
-16 10 -24 0
49 49 -22 0
21 20 28 0
-24 -37 43 0
-35 -7 23 0
13 -25 -17 0
-6 40 -37 0
-36 37 16 0
-1 29 -38 0
4 2 44 0
-2 -37 31 0
-5 -29 -37 0
-17 -21 -46 0
-17 -15 47 0
43 42 49 0
-42 -48 18 0
-33 37 -21 0
31 -1 -16 0
-4 -26 -39 0
45 33 11 0
18 26 1 0
-35 -43 3 0
-18 30 16 0
-24 -37 -29 0
-2 40 37 0
-18 29 6 0
13 -39 8 0
33 -12 13 0
31 46 -27 0
-40 -34 7 0
-5 -37 -29 0
35 5 -26 0
-25 -16 37 0
-4 -15 -39 0
-27 22 -30 0
7 9 9 0
-5 -1 11 0
-15 -50 46 0
22 -8 10 0
-32 36 41 0
5 -11 22 0
18 -47 13 0
49 -18 -20 0
-16 43 -37 0
-8 36 -6 0
32 27 38 0
45 -10 50 0
3 -12 -41 0
47 13 4 0
27 28 8 0
31 -15 50 0
32 -28 35 0
14 -42 -39 0
23 -35 -40 0
-6 -8 35 0
-15 -35 3 0
11 -14 13 0
37 -26 17 0
30 -30 -33 0
-41 22 -16 0
41 -32 -1 0
-34 23 -22 0
20 2 -29 0
-9 7 17 0
20 28 16 0
1 24 13 0
40 -30 -4 0
17 28 24 0
3 -3 17 0
48 16 -10 0
-22 29 38 0
-35 20 21 0
38 -33 -43 0
15 -10 36 0
-33 -35 22 0
28 2 -32 0
-35 -12 4 0
-23 -16 -49 0
30 -27 -49 0
25 -1 40 0
-3 12 45 0
-3 31 -41 0
-46 10 -19 0
43 -30 -45 0
-39 33 -19 0
-1 37 44 0
-10 32 41 0
-12 28 -36 0
-29 26 -12 0
-19 8 -35 0
-16 44 -43 0
15 -31 -48 0
46 -48 37 0
-27 37 -6 0
49 20 7 0
-46 40 1 0
11 -12 -8 0
41 -32 -14 0
-1 -45 -10 0
28 -18 -36 0
18 3 -9 0
-47 35 -6 0
10 -50 -27 0
-11 -31 37 0
-26 1 43 0
-48 22 -30 0
36 44 43 0
-33 29 -23 0
-31 -22 29 0
50 16 50 0
14 -48 22 0
-30 -35 15 0
-5 -18 19 0
41 -16 8 0
35 40 -2 0
-2 8 -17 0
42 -31 -8 0
-50 19 -23 0
6 31 -18 0
50 -44 -38 0
28 38 46 0
-18 -44 -46 0
-7 -29 -20 0
-29 -30 19 0
-34 43 25 0
-50 -2 7 0
-22 43 -1 0
-37 -12 45 0
49 -10 -49 0
44 -24 -42 0
-50 47 46 0
22 -40 -14 0
-42 3 -11 0
-44 -3 -41 0
-37 49 17 0
40 17 -9 0
-22 36 28 0
-49 -16 19 0
37 -7 -10 0
18 -34 24 0
-26 16 1 0
17 -35 -10 0
-39 32 9 0
42 -24 47 0
-22 -47 50 0
7 41 -18 0
-40 -49 -38 0
33 48 -39 0
-43 20 -34 0
-10 23 47 0
-17 -8 19 0
3 -41 -27 0
