c CNF generator v0.9
p cnf 50 229
-22 -26 48 0
-23 -33 -26 0
-29 -19 31 0
-25 28 30 0
-11 -4 6 0
-20 17 48 0
13 14 33 0
-19 -11 -45 0
14 41 16 0
-45 43 -4 0
-13 38 -21 0
-50 28 26 0
-22 45 42 0
-25 42 45 0
-4 28 15 0
-23 50 8 0
23 33 33 0
6 39 -39 0
42 7 -47 0
24 -26 -1 0
-44 -16 -50 0
36 49 32 0
-40 19 -25 0
-11 -22 7 0
37 13 -49 0
-30 -48 -1 0
9 18 -40 0
24 48 5 0
24 49 17 0
-5 39 -27 0
-47 -19 37 0
-41 29 -50 0
21 -40 44 0
33 -33 50 0
-49 -9 24 0
-33 13 -46 0
-34 -5 -35 0
-16 -18 -23 0
-20 26 41 0
-3 -50 41 0
-1 37 -47 0
15 32 -48 0
42 25 -13 0
-14 -48 -30 0
20 3 -21 0
-4 -50 4 0
-21 40 35 0
-6 -46 8 0
-35 48 -33 0
41 -20 29 0
-24 -49 25 0
32 40 -9 0
-42 18 -17 0
-23 -5 -48 0
-47 35 -38 0
-35 -25 36 0
43 37 -17 0
12 44 -31 0
14 15 -47 0
-45 50 -28 0
-17 5 -39 0
46 41 -8 0
48 -11 -35 0
42 7 37 0
-26 -50 13 0
45 -9 50 0
-35 -22 17 0
-47 45 -30 0
-31 49 -11 0
-37 37 41 0
-35 -39 -12 0
27 -11 -34 0
-7 24 -29 0
-11 -43 -22 0
42 28 16 0
10 4 2 0
-41 -31 19 0
3 -26 -4 0
-28 24 -20 0
-44 -22 48 0
27 24 46 0
-15 -39 -50 0
-33 -9 47 0
-8 26 28 0
34 -46 2 0
7 47 -37 0
-26 -27 -7 0
-35 -14 14 0
-4 -33 -22 0
-11 4 -25 0
-10 44 -27 0
32 -33 -38 0
7 46 47 0
-46 -26 -18 0
3 32 -44 0
16 -39 3 0
-17 -50 26 0
11 -29 -2 0
-48 26 -48 0
46 -11 3 0
1 -29 16 0
-5 -9 5 0
-48 -28 -49 0
13 49 36 0
48 -22 26 0
-27 28 36 0
-25 30 40 0
34 -16 -31 0
29 22 49 0
-41 16 22 0
45 50 -45 0
10 -46 -18 0
21 -43 -22 0
4 29 8 0
-17 47 -5 0
47 -34 38 0
-22 24 -3 0
13 -15 -15 0
-6 -5 44 0
-22 -37 3 0
50 1 13 0
-39 -12 3 0
-31 -21 2 0
-35 2 13 0
8 29 -49 0
23 -20 -21 0
27 -14 -8 0
-27 1 33 0
42 -32 40 0
-42 -44 14 0
-9 12 49 0
-5 43 -6 0
42 -47 9 0
-45 14 -3 0
44 22 -37 0
24 22 28 0
3 48 25 0
8 -7 -1 0
-23 -40 -15 0
43 -8 29 0
-35 -50 -7 0
-13 5 4 0
-9 -1 -29 0
-29 -5 30 0
-32 39 37 0
-12 -30 -5 0
-34 -33 -15 0
32 28 35 0
-15 6 26 0
-9 21 25 0
15 -39 -43 0
-42 -27 1 0
12 50 -8 0
-40 32 -20 0
23 -4 -4 0
36 22 -2 0
43 -22 -11 0
13 25 -25 0
48 34 28 0
-9 32 41 0
-42 46 5 0
1 37 7 0
-15 12 26 0
-28 -35 -34 0
-33 50 18 0
15 -12 46 0
-27 -18 29 0
-10 15 19 0
-22 24 44 0
13 50 -6 0
-47 33 -44 0
-46 16 -36 0
-1 -43 43 0
20 44 16 0
44 -17 22 0
-26 19 33 0
4 -31 -16 0
-37 -24 31 0
25 2 -2 0
41 -28 -21 0
-41 49 33 0
-2 1 -33 0
23 48 25 0
-6 -42 -44 0
38 6 -39 0
9 36 18 0
-49 13 -44 0
-9 -8 31 0
42 -49 21 0
-12 -21 -31 0
-36 -25 -2 0
38 -8 -48 0
45 -39 12 0
-39 47 -21 0
-42 14 16 0
37 6 6 0
7 -9 40 0
19 -5 20 0
45 44 -32 0
-47 35 36 0
41 32 41 0
46 -41 -34 0
47 -36 39 0
39 17 20 0
-27 22 -34 0
-28 -33 -47 0
-50 -26 -37 0
11 38 -11 0
49 -47 31 0
3 -44 29 0
22 32 -10 0
23 -9 -30 0
46 13 44 0
37 -35 37 0
50 1 18 0
-41 40 -14 0
-10 -37 34 0
28 -20 30 0
23 -47 44 0
-6 -35 -22 0
14 -15 -28 0
-39 -45 -39 0
-42 48 -16 0
-13 1 35 0
-17 -3 25 0
30 50 -24 0
-39 -26 39 0
-30 -40 20 0
-41 -16 -47 0
