c CNF generator v0.9
p cnf 50 229
-41 7 13 0
-45 -16 -2 0
37 10 -8 0
-14 -6 -33 0
-13 2 -41 0
-44 -49 -8 0
41 -17 -7 0
-45 40 1 0
-18 -6 7 0
29 -29 -43 0
1 48 32 0
-20 -18 15 0
-41 -39 -8 0
47 38 32 0
45 26 -34 0
-14 -26 -37 0
29 20 -48 0
31 -7 17 0
-2 -32 -6 0
34 -23 -18 0
45 -2 33 0
39 -34 41 0
8 -15 19 0
-9 41 20 0
-7 -44 -6 0
-18 -12 -47 0
36 21 -22 0
-30 -12 16 0
-7 -45 -2 0
30 -43 -44 0
-26 16 29 0
14 24 -5 0
-19 34 15 0
17 -47 -32 0
28 -1 13 0
2 -20 39 0
-14 -45 -32 0
39 -10 -11 0
9 20 -1 0
13 24 23 0
-43 3 -2 0
-41 31 -21 0
-43 -40 44 0
9 7 -41 0
-41 6 -8 0
8 29 40 0
21 -24 -50 0
41 23 -15 0
-15 -20 30 0
-40 27 -15 0
-7 -46 -17 0
-17 -20 -13 0
25 -17 -8 0
-42 45 -1 0
19 14 -15 0
-29 7 -34 0
35 -26 24 0
13 -22 31 0
-1 -11 -42 0
-25 -17 -42 0
-39 37 47 0
-37 -43 3 0
-3 38 13 0
22 29 -11 0
-14 -47 7 0
-6 2 -32 0
15 49 17 0
-20 -8 50 0
25 -13 -30 0
12 -7 42 0
-32 49 -43 0
-40 30 -48 0
41 -27 -14 0
-28 -39 -32 0
6 -19 -1 0
-26 17 3 0
-38 27 6 0
25 5 -3 0
-48 -14 -15 0
-30 6 -12 0
16 31 -23 0
34 42 24 0
11 -12 49 0
17 -2 14 0
6 -22 41 0
-27 40 -23 0
8 25 32 0
8 38 7 0
11 -45 26 0
-25 42 40 0
32 -35 20 0
19 5 26 0
46 30 -12 0
30 29 -15 0
27 48 -21 0
8 -15 20 0
-9 48 36 0
-30 17 36 0
2 -3 40 0
-28 50 -7 0
48 -29 41 0
33 -49 -15 0
-12 29 45 0
22 -35 -20 0
30 25 -22 0
-26 45 36 0
22 -15 33 0
6 27 -39 0
-32 -5 40 0
41 46 -29 0
38 -24 -13 0
9 45 -40 0
-19 1 -2 0
5 -40 -29 0
-30 22 3 0
-32 -32 -26 0
2 -16 -32 0
-20 -26 -11 0
15 -30 17 0
1 -25 -27 0
-29 12 4 0
22 38 -8 0
-42 -41 -26 0
39 -28 -24 0
45 -44 35 0
-20 43 24 0
-13 10 7 0
36 -42 -6 0
-12 22 42 0
-39 -10 2 0
45 33 -8 0
47 12 28 0
11 35 33 0
-3 22 24 0
-23 -16 -42 0
40 24 -27 0
40 -47 50 0
23 2 -21 0
-2 45 46 0
-27 -35 21 0
-19 6 -19 0
-26 37 -30 0
9 -17 -12 0
-6 -10 17 0
-4 -16 48 0
-41 5 -45 0
14 -34 33 0
-37 24 -31 0
-4 -22 -16 0
12 -6 18 0
-10 24 -44 0
-7 -8 32 0
24 -13 -31 0
-46 -14 -23 0
45 7 -48 0
-25 -44 24 0
-36 -31 34 0
-13 38 17 0
-50 45 23 0
-47 -30 -43 0
46 -35 44 0
-38 24 46 0
-37 41 -5 0
-7 24 45 0
-5 -35 -48 0
-44 22 15 0
-10 49 -8 0
-20 -21 -44 0
-31 -33 29 0
-23 30 -29 0
46 -18 7 0
-28 -41 29 0
-31 18 46 0
44 34 -36 0
27 -17 19 0
34 -40 30 0
-11 -8 -36 0
18 28 -48 0
-11 -48 3 0
-45 -11 31 0
-4 -35 9 0
-39 47 -20 0
32 23 47 0
39 -45 -11 0
46 -12 48 0
-8 20 -42 0
29 -45 39 0
27 -45 16 0
-5 37 -47 0
-31 -10 -31 0
-13 -15 22 0
47 33 -32 0
25 -43 -26 0
-17 -35 -36 0
-20 14 19 0
28 -49 38 0
28 41 13 0
-44 30 -10 0
1 -47 39 0
38 6 45 0
-8 -49 -11 0
-43 -26 9 0
-6 12 -8 0
-29 18 19 0
29 35 -21 0
15 -7 -38 0
-32 42 20 0
25 25 -29 0
-48 31 42 0
33 15 31 0
-34 -6 30 0
-26 -36 -40 0
2 30 7 0
5 -35 -16 0
19 13 43 0
-30 50 22 0
23 32 2 0
18 18 -9 0
-19 34 -31 0
-5 45 -14 0
15 -50 -42 0
41 -41 28 0
40 8 -8 0
48 28 39 0
-34 27 5 0
4 -31 39 0
-18 8 8 0
50 25 2 0
-34 -49 -33 0
