c CNF generator v0.9
p cnf 50 229
25 36 -25 0
-46 23 -10 0
43 -40 -4 0
43 -5 7 0
-23 -6 43 0
33 -30 22 0
-31 -6 21 0
41 -28 -12 0
36 11 18 0
41 -13 -17 0
-21 47 49 0
1 42 -25 0
26 -16 -18 0
-44 18 10 0
-35 3 -19 0
-18 -44 -32 0
-6 -4 35 0
22 1 -22 0
-35 26 12 0
18 35 -13 0
-35 -1 36 0
13 -23 49 0
-46 -42 27 0
38 37 31 0
17 -32 32 0
-1 43 34 0
-41 8 31 0
-10 -15 -35 0
-1 10 -48 0
-48 -5 -5 0
25 44 36 0
18 35 -48 0
-3 -10 18 0
-23 -12 24 0
-34 -31 1 0
5 45 -19 0
-8 26 42 0
30 20 40 0
47 25 25 0
28 33 -39 0
13 -19 50 0
3 32 20 0
10 24 -39 0
-22 -20 -17 0
35 -1 21 0
25 10 -33 0
32 -50 -2 0
-28 35 49 0
-21 -28 41 0
-46 37 36 0
21 47 48 0
-41 9 10 0
-41 34 21 0
-17 -25 -33 0
44 -39 -22 0
-7 -29 17 0
-48 42 43 0
-14 -33 25 0
-7 -44 17 0
15 -19 -14 0
-25 -42 48 0
-10 -22 -10 0
-29 -30 45 0
-12 -37 20 0
13 -42 40 0
28 -9 -48 0
14 -17 -35 0
6 -12 -11 0
-30 -1 -20 0
-43 -42 -21 0
-21 29 -44 0
41 22 -18 0
42 -12 -46 0
6 -43 44 0
-9 -43 38 0
22 -25 -10 0
29 9 26 0
-42 48 46 0
-6 -45 15 0
20 -16 -33 0
-25 1 -44 0
-46 4 -46 0
-31 -43 30 0
-21 -40 -17 0
27 28 -24 0
-12 -2 24 0
-35 39 -8 0
24 -26 -16 0
49 -22 45 0
12 36 40 0
12 -9 -27 0
35 -33 11 0
-29 -19 -49 0
28 -28 15 0
-35 33 -17 0
-10 26 -6 0
35 -46 18 0
37 40 -29 0
-36 1 7 0
2 -43 -45 0
-1 -16 -26 0
-17 47 12 0
-47 24 -36 0
11 -15 38 0
-4 -36 -3 0
12 -18 29 0
28 -1 50 0
-49 7 -48 0
6 -48 42 0
-15 38 -41 0
27 -20 -45 0
46 -6 -12 0
-41 1 -22 0
32 -9 -27 0
47 20 29 0
-38 -7 22 0
-20 25 8 0
1 -23 45 0
37 13 22 0
-17 4 48 0
-15 25 -11 0
-39 -38 46 0
22 43 15 0
47 -5 -23 0
-4 41 -17 0
42 -7 22 0
-1 -15 -31 0
-20 -7 16 0
28 3 -43 0
46 32 5 0
38 -48 37 0
-14 -9 -1 0
-22 24 -26 0
25 49 -29 0
50 49 47 0
29 36 -19 0
-30 2 23 0
-17 -11 -44 0
-41 -50 -39 0
3 -2 29 0
-28 8 -8 0
-14 43 16 0
11 12 -47 0
-24 17 2 0
-27 25 -31 0
-38 18 13 0
-44 23 -25 0
26 -13 -39 0
-22 -40 -25 0
-5 -46 15 0
-7 25 -32 0
-44 -25 -11 0
-17 11 -25 0
-34 41 27 0
25 -44 41 0
-47 -1 50 0
25 25 -29 0
-48 50 -1 0
-27 -28 39 0
22 18 10 0
-30 -37 36 0
36 29 -19 0
-16 -26 41 0
44 36 -17 0
9 23 -6 0
-37 30 27 0
38 10 3 0
18 38 -31 0
47 -7 -34 0
-13 22 -50 0
-11 -36 -44 0
45 50 50 0
-13 -6 -50 0
-19 5 19 0
22 -27 -27 0
-36 -43 3 0
17 -32 -30 0
-33 -21 2 0
-22 48 -26 0
-36 1 -38 0
11 -13 44 0
44 27 -50 0
-31 17 24 0
27 -35 -7 0
-41 30 -29 0
49 -30 -19 0
-18 -10 -29 0
31 -35 -36 0
-6 43 29 0
-11 -39 -30 0
17 -16 15 0
24 -41 2 0
-9 28 -9 0
-21 -3 -16 0
-6 29 11 0
-24 22 -35 0
-16 4 49 0
-35 2 14 0
11 47 -28 0
-13 -10 -37 0
37 6 -4 0
39 28 -41 0
28 31 -31 0
5 31 -42 0
-42 18 11 0
-7 -16 -49 0
-31 45 23 0
-27 18 -22 0
27 -3 -31 0
31 42 18 0
-44 -18 -20 0
-6 23 22 0
-4 34 -5 0
5 -1 9 0
-5 -39 -35 0
-27 23 44 0
-8 -3 24 0
-12 -45 46 0
49 39 -34 0
-47 47 -26 0
-48 -23 23 0
21 -24 2 0
-42 -25 -45 0
13 -42 -33 0
-25 25 47 0
41 -42 -19 0
-36 -5 -19 0
4 -31 -8 0
36 43 -5 0
