c CNF generator v0.9
p cnf 50 229
-13 4 -42 0
35 -44 13 0
50 46 33 0
40 -25 -31 0
-23 -49 41 0
-10 11 36 0
31 -50 11 0
22 -4 -24 0
35 -4 -12 0
48 -39 17 0
25 -36 46 0
-33 14 -18 0
42 -1 41 0
-34 -19 -26 0
40 -5 -13 0
-17 35 20 0
1 -10 27 0
4 9 -13 0
40 -43 27 0
47 28 24 0
-23 -32 36 0
16 40 -24 0
11 6 -28 0
-28 17 -46 0
-18 -8 -49 0
-34 -48 37 0
41 -19 5 0
-11 32 -42 0
28 39 -12 0
25 -3 -22 0
30 45 26 0
37 44 46 0
29 -26 -7 0
29 22 10 0
-20 18 17 0
4 2 -22 0
-16 -11 -19 0
9 5 -31 0
-8 -39 30 0
28 16 9 0
-10 -27 -12 0
-5 11 -50 0
-28 -28 -31 0
40 -27 -7 0
-38 -43 50 0
2 -50 12 0
-7 38 13 0
-14 -42 -15 0
-22 22 23 0
-24 16 -40 0
-12 43 39 0
24 41 47 0
36 37 -32 0
-46 15 38 0
17 -14 -12 0
-28 -31 38 0
29 -8 -25 0
15 -43 42 0
-10 23 -30 0
-1 -41 -11 0
32 46 -41 0
-9 -22 42 0
7 -22 49 0
-49 -38 8 0
-11 46 -3 0
-9 -15 27 0
26 14 -9 0
-5 17 17 0
-50 2 -13 0
42 -45 -4 0
30 -30 -10 0
42 -45 -41 0
40 42 -26 0
10 -45 43 0
-36 -2 -7 0
46 -30 40 0
-45 10 -17 0
-10 28 -24 0
45 -4 18 0
-41 -29 -44 0
-5 -29 10 0
-41 -4 12 0
8 -22 10 0
1 50 -37 0
-38 -28 26 0
-17 -48 18 0
-40 37 -35 0
39 8 -37 0
-14 26 -47 0
20 12 42 0
15 -14 35 0
-1 -40 38 0
8 -1 -14 0
30 -32 49 0
1 -29 -4 0
-16 -11 21 0
42 25 -1 0
-3 49 45 0
23 -1 43 0
-25 24 -46 0
-3 41 17 0
21 5 -46 0
1 29 15 0
7 1 -17 0
30 23 8 0
11 11 50 0
-23 8 37 0
33 3 -26 0
-26 16 -34 0
-22 24 26 0
-34 -9 -38 0
50 -47 20 0
-27 -36 -38 0
27 -1 -32 0
43 -22 -19 0
-35 -11 -28 0
3 -20 -50 0
3 -7 14 0
12 -38 9 0
-26 36 25 0
29 20 -1 0
1 45 -43 0
-16 21 26 0
31 35 43 0
20 5 -35 0
-21 9 -7 0
24 21 47 0
-21 29 -32 0
-48 48 31 0
-18 43 34 0
-3 -26 -8 0
-47 -37 24 0
19 6 -30 0
-12 11 49 0
-35 -14 15 0
-45 46 -32 0
8 46 14 0
-19 -41 -45 0
-40 49 49 0
-49 -47 11 0
44 36 32 0
-1 -35 16 0
27 -27 6 0
4 11 39 0
-39 39 20 0
-20 30 -14 0
-33 17 49 0
-14 -43 50 0
-39 15 -39 0
-36 2 -34 0
-5 -17 18 0
-44 19 -4 0
-6 46 21 0
-28 -15 -37 0
-3 16 39 0
19 23 -26 0
46 -11 22 0
26 18 -41 0
-19 -1 34 0
46 -30 -3 0
49 -31 35 0
-29 5 -12 0
-47 3 12 0
-3 1 -27 0
20 3 22 0
-35 10 29 0
-26 -30 24 0
-47 -36 34 0
1 -44 -12 0
-50 -6 -7 0
1 -13 27 0
-35 -2 -44 0
25 -44 -23 0
-23 -49 25 0
-46 6 8 0
-25 50 37 0
30 -40 1 0
-33 -13 -2 0
-6 35 -44 0
-34 30 -10 0
-33 -10 -39 0
10 -26 -14 0
-44 34 -48 0
-34 40 8 0
-30 -27 15 0
11 4 27 0
42 -2 16 0
34 -30 13 0
13 -43 24 0
-15 23 5 0
-13 -31 7 0
-39 38 -12 0
22 -10 -21 0
-26 11 11 0
-40 50 11 0
-5 2 -27 0
-33 -47 2 0
-50 4 -43 0
23 12 20 0
5 -35 -35 0
25 -14 32 0
-23 30 -28 0
-34 20 -5 0
-19 -14 7 0
-4 -46 -11 0
-6 39 -15 0
-36 -39 -29 0
-37 -22 4 0
50 45 9 0
40 -4 -11 0
10 -8 -50 0
-48 -6 24 0
-5 -5 46 0
30 32 -7 0
-39 -18 -35 0
24 -13 14 0
-39 -2 -8 0
-30 26 49 0
19 -12 -27 0
-32 -34 39 0
-29 -2 9 0
17 8 25 0
29 6 -38 0
40 24 -28 0
-33 23 -44 0
28 27 -29 0
-2 42 42 0
4 2 24 0
30 -8 -13 0
