c CNF generator v0.9
p cnf 50 229
39 9 4 0
-16 30 -13 0
4 10 32 0
-39 22 25 0
9 -4 -29 0
-13 33 43 0
13 4 -33 0
18 17 -15 0
-33 -12 -10 0
-47 34 44 0
48 -1 42 0
-19 -39 -38 0
25 -29 -48 0
-48 50 -34 0
-45 33 -2 0
-39 5 -45 0
30 -49 -46 0
19 30 -28 0
-2 -15 20 0
21 -19 15 0
40 -40 20 0
42 23 -14 0
-1 47 18 0
-10 -31 -11 0
45 5 36 0
17 -48 -19 0
-46 26 -24 0
25 -12 -40 0
44 -14 9 0
46 -48 27 0
-47 45 -19 0
-25 -49 20 0
-2 -27 -22 0
-36 46 8 0
30 -11 -43 0
-28 49 -38 0
7 -17 -38 0
-26 39 -10 0
-29 23 11 0
37 10 47 0
-45 -36 -12 0
-13 48 -25 0
-47 -14 43 0
46 6 35 0
-27 -43 -14 0
-38 -4 -5 0
19 24 -16 0
47 49 45 0
-41 18 34 0
-36 22 49 0
19 -22 -47 0
34 -14 43 0
26 10 -41 0
17 38 -21 0
-20 -5 -35 0
-2 -22 27 0
44 -12 -40 0
29 -40 -25 0
6 39 -32 0
-7 47 50 0
-6 -47 -20 0
12 -21 -35 0
-18 10 -15 0
8 3 -17 0
-8 -20 -2 0
3 32 1 0
-34 49 10 0
30 15 -44 0
43 40 11 0
-15 13 45 0
37 -19 -18 0
6 -32 44 0
43 -22 11 0
7 35 -41 0
-25 8 9 0
-15 46 -47 0
34 -28 -5 0
-11 23 11 0
-49 11 -11 0
-38 50 -23 0
-43 42 1 0
-5 49 5 0
-18 34 50 0
-25 45 -34 0
-27 48 33 0
-36 -9 -25 0
28 15 -6 0
20 16 19 0
23 -41 -15 0
36 -45 -9 0
-21 31 -19 0
-7 6 15 0
1 -31 37 0
5 41 -28 0
-18 -41 -11 0
-4 -25 21 0
20 10 -8 0
-24 -44 -29 0
-45 -50 -36 0
-28 -32 13 0
15 -7 -34 0
4 -22 48 0
-1 -13 5 0
45 -11 -24 0
50 -28 11 0
30 -49 -20 0
21 -49 -8 0
-42 -1 -8 0
20 -41 -31 0
-38 3 -35 0
-8 -10 21 0
-16 -6 -32 0
22 -1 29 0
-33 -26 -47 0
-15 32 35 0
-7 -22 -34 0
-3 34 14 0
-15 36 43 0
33 33 18 0
44 29 30 0
14 6 40 0
-30 -28 -33 0
30 -47 40 0
11 -4 -5 0
12 -21 -11 0
19 -10 29 0
33 44 35 0
-39 -7 -21 0
-4 -8 -48 0
35 -9 -36 0
40 42 -17 0
-11 -27 13 0
-4 -10 -9 0
29 -33 30 0
16 5 -20 0
22 -14 -23 0
-15 36 -33 0
50 -44 -39 0
-35 23 -27 0
-21 41 13 0
-15 -15 -41 0
-36 24 -49 0
-1 21 21 0
-21 -43 -40 0
35 28 24 0
-2 43 -50 0
4 24 32 0
7 42 -12 0
-28 -19 -20 0
-34 31 -20 0
-32 49 8 0
-12 7 6 0
42 -26 15 0
16 -17 27 0
27 7 11 0
-15 -34 -26 0
2 -19 17 0
-32 -20 36 0
21 -13 7 0
7 -33 48 0
-21 21 -29 0
-21 48 10 0
40 30 13 0
-26 44 -33 0
-42 -3 -29 0
-32 -20 27 0
-24 -5 2 0
-43 -31 -47 0
-49 -29 -19 0
-5 -6 32 0
-9 31 2 0
-14 -24 46 0
9 -34 -36 0
33 13 -17 0
5 12 25 0
-4 13 7 0
6 19 32 0
46 -13 -32 0
-32 -20 -27 0
-36 45 -44 0
5 -17 34 0
-47 9 -12 0
39 -25 -40 0
24 -34 -3 0
-17 45 26 0
5 -40 -47 0
34 -31 27 0
-29 -29 45 0
30 -9 -19 0
-43 -9 -35 0
-11 -8 40 0
-39 -3 1 0
16 19 -37 0
-5 17 -31 0
48 -40 -27 0
-14 43 -43 0
25 -1 -32 0
14 -20 49 0
-15 2 37 0
30 -4 34 0
-23 35 17 0
9 39 14 0
-15 -21 -37 0
-14 -44 -49 0
27 11 4 0
50 -7 11 0
-4 -50 -48 0
-16 13 24 0
13 -10 -16 0
3 49 23 0
-47 -48 -35 0
-34 19 24 0
-43 -34 6 0
27 -10 -27 0
-44 24 46 0
13 -46 -6 0
39 1 25 0
44 12 -15 0
16 49 8 0
30 -16 12 0
38 -35 -8 0
-45 -39 -12 0
-39 -50 8 0
-15 34 50 0
21 14 16 0
-50 3 33 0
-38 20 39 0
39 -22 -37 0
47 -49 -8 0
