c CNF generator v0.9
p cnf 50 229
27 42 49 0
17 24 -8 0
33 -35 24 0
-49 2 -8 0
33 40 -43 0
10 16 16 0
-16 26 -9 0
-4 -7 44 0
32 36 -34 0
-43 -22 -32 0
47 -9 14 0
32 -2 12 0
2 10 -24 0
6 -37 8 0
-33 -49 46 0
-13 41 12 0
-50 -29 -15 0
30 29 30 0
-34 -24 -14 0
50 -3 -3 0
23 -7 -20 0
-22 -32 -5 0
48 49 44 0
7 -35 -40 0
31 4 11 0
-27 -19 -2 0
48 34 24 0
-11 3 -42 0
-48 17 11 0
41 -8 41 0
22 50 -23 0
-40 49 -9 0
43 9 40 0
-46 -37 -8 0
-50 33 -7 0
-5 18 12 0
-42 -15 -6 0
6 -8 -32 0
31 -4 -17 0
18 10 23 0
34 49 -35 0
-16 40 -49 0
-4 -16 39 0
-46 14 39 0
38 19 -14 0
-19 -15 7 0
-24 23 41 0
28 -39 -32 0
-22 -1 29 0
-17 -50 1 0
12 -22 30 0
-23 -18 -24 0
46 26 -17 0
36 -24 13 0
-46 -7 -33 0
-34 47 3 0
-37 41 4 0
-28 -1 -35 0
18 -9 17 0
-11 -45 15 0
1 22 46 0
27 -38 -15 0
-32 26 -17 0
-19 6 -17 0
13 -24 40 0
24 50 31 0
-25 41 45 0
-25 26 49 0
-34 -40 -49 0
27 -37 24 0
14 -2 -32 0
50 -7 -22 0
-24 -19 -33 0
26 36 -8 0
-24 31 -36 0
-27 -13 18 0
-49 43 16 0
-43 -6 7 0
-40 22 -22 0
-42 -14 -8 0
20 38 -10 0
-27 -21 21 0
20 40 29 0
-31 10 36 0
25 -8 -5 0
-9 -21 42 0
-6 12 -25 0
18 1 44 0
15 -37 -39 0
-23 -21 -33 0
41 49 -47 0
-25 15 3 0
-45 -25 41 0
-31 13 22 0
49 -23 10 0
23 -30 45 0
13 6 -41 0
-28 -17 26 0
24 18 20 0
38 25 17 0
-19 25 8 0
-16 -8 4 0
-27 24 -16 0
-4 -43 -43 0
-48 14 -11 0
43 34 27 0
1 -1 -30 0
-39 4 22 0
-25 -42 -37 0
-27 -35 -42 0
40 -44 -11 0
-16 38 19 0
-25 -42 -6 0
-45 48 48 0
-35 22 11 0
-29 19 10 0
45 33 -33 0
31 -24 15 0
-38 -16 -1 0
-18 -27 13 0
-41 1 -12 0
-4 45 -42 0
-45 42 -6 0
40 17 -19 0
-4 24 29 0
16 20 -47 0
-12 -7 41 0
-5 13 -15 0
-45 44 -45 0
-50 -46 -4 0
-38 16 -16 0
-48 15 18 0
-19 -24 33 0
-26 -27 -21 0
-34 -6 2 0
4 -36 40 0
-3 34 -50 0
-30 -24 -11 0
-48 12 26 0
-34 -45 -39 0
-22 -38 24 0
3 -26 15 0
-31 26 -44 0
29 -27 29 0
21 -45 -25 0
-50 26 -4 0
3 -14 -43 0
7 45 27 0
19 -45 8 0
-10 -39 34 0
-20 -3 -21 0
-48 -41 -46 0
16 34 37 0
36 22 -11 0
47 47 32 0
15 -29 -39 0
-12 49 39 0
-8 -37 44 0
49 10 14 0
-12 7 -9 0
40 18 41 0
46 5 4 0
-29 -37 -26 0
-35 48 -42 0
33 39 13 0
26 28 -12 0
2 23 -36 0
31 -22 -44 0
-17 -41 -2 0
-23 -47 -24 0
-7 -50 -6 0
25 -24 17 0
1 9 -28 0
37 -15 -2 0
-19 -50 -39 0
-8 47 -28 0
32 34 -28 0
-47 -15 4 0
-2 21 -22 0
23 -50 30 0
-16 -11 -32 0
18 48 -39 0
7 8 13 0
-23 35 -10 0
-8 -13 -26 0
-19 44 50 0
47 12 -4 0
-4 47 -37 0
-33 -12 33 0
-43 47 36 0
-12 -10 -3 0
43 -46 -45 0
36 27 -13 0
41 47 -20 0
43 14 -24 0
-19 -32 -7 0
-24 -19 -14 0
14 12 -43 0
-31 -17 14 0
9 -3 16 0
2 -38 -22 0
7 -1 -14 0
44 39 -30 0
40 -49 44 0
-42 -47 -23 0
41 -11 50 0
-47 -48 14 0
-22 -8 -23 0
24 29 37 0
11 15 -22 0
-40 5 20 0
11 38 -19 0
6 -35 -50 0
-14 -20 -9 0
-13 9 -22 0
6 -43 -45 0
7 30 20 0
13 -5 -31 0
-1 19 -4 0
-20 17 -41 0
-26 31 -17 0
-47 -4 -23 0
-37 -13 41 0
-50 34 45 0
49 38 5 0
-50 5 29 0
28 3 -28 0
-46 -21 -20 0
-18 40 41 0
