c CNF generator v0.9
p cnf 50 229
23 8 -50 0
24 -8 39 0
-49 3 7 0
-29 -8 23 0
15 27 16 0
39 7 31 0
-38 -19 -3 0
-40 -32 -18 0
-8 -30 -27 0
-8 11 37 0
-42 36 -45 0
6 -49 6 0
-5 -6 44 0
39 32 8 0
-45 2 -40 0
10 44 -21 0
-35 -39 -3 0
13 8 14 0
18 -14 19 0
-2 -18 32 0
21 -10 -12 0
38 35 -29 0
-11 26 29 0
14 -18 20 0
46 21 39 0
-35 -36 -14 0
-25 15 -8 0
-44 -7 27 0
-47 25 -2 0
-34 30 24 0
-33 -15 26 0
-19 -8 6 0
31 27 -1 0
24 38 17 0
-45 -30 -1 0
-46 -22 44 0
48 -36 45 0
50 44 14 0
28 31 -41 0
35 25 -10 0
31 -36 -50 0
-1 8 50 0
-21 20 26 0
-40 14 16 0
-47 29 -16 0
8 48 -8 0
3 -49 25 0
35 6 20 0
30 -4 -22 0
23 46 37 0
-6 1 -40 0
4 -10 50 0
-49 2 32 0
21 28 25 0
-45 -28 -32 0
-28 -21 -19 0
49 -27 -4 0
-28 -22 -3 0
30 47 13 0
-45 25 21 0
-14 50 3 0
-23 -14 3 0
11 -7 45 0
-15 -20 -13 0
-23 2 -34 0
-50 -45 -21 0
-22 -39 -39 0
4 43 4 0
-23 -19 -27 0
-45 28 9 0
-16 20 7 0
46 21 -44 0
27 -33 -39 0
40 -37 24 0
-35 -50 50 0
29 -42 33 0
49 16 -11 0
12 -15 -8 0
-35 23 -23 0
36 8 -44 0
43 9 -1 0
2 43 -27 0
43 -29 -3 0
-26 41 -30 0
-43 -10 33 0
3 -39 2 0
-25 31 -49 0
5 14 3 0
18 22 -2 0
15 14 -5 0
-39 35 29 0
-44 -42 -31 0
-35 -17 27 0
-30 -17 -49 0
-19 -28 15 0
-24 -8 20 0
16 -13 -6 0
20 7 19 0
-24 32 -42 0
9 46 49 0
7 50 -32 0
24 45 -28 0
26 32 3 0
-19 10 -43 0
1 -20 -37 0
-30 -44 -20 0
-18 -29 16 0
32 -1 -11 0
47 -38 -19 0
7 5 45 0
41 -15 -34 0
7 12 -39 0
-35 50 -11 0
-43 49 -34 0
17 -24 27 0
-49 43 10 0
-42 -6 -41 0
8 15 -22 0
19 46 39 0
14 -33 24 0
-25 45 -35 0
17 45 26 0
-43 -24 -36 0
43 -23 50 0
36 34 47 0
31 -33 -22 0
43 -6 27 0
44 -12 -32 0
10 -14 23 0
39 44 9 0
-44 -36 -18 0
18 48 -17 0
38 -39 -19 0
-12 -49 -8 0
-30 45 -44 0
21 -18 45 0
37 15 -2 0
46 -23 30 0
-15 -49 -30 0
35 2 44 0
-9 -45 -17 0
15 -43 -36 0
19 49 -29 0
-36 8 41 0
-17 5 -10 0
38 19 -16 0
11 8 -26 0
-12 -40 48 0
-24 -19 50 0
-11 -42 21 0
48 18 -38 0
11 -18 1 0
32 4 -19 0
3 -11 6 0
26 -13 29 0
-10 -48 -45 0
-3 -33 47 0
-8 50 -38 0
-12 17 -23 0
-27 -42 30 0
-35 -7 -11 0
-23 21 45 0
-41 48 -11 0
-1 -15 12 0
-42 -29 8 0
25 -23 31 0
-36 -19 -20 0
-16 -7 40 0
-49 -49 28 0
31 41 -40 0
-29 24 -12 0
-18 -5 -3 0
23 15 32 0
-36 44 30 0
33 44 -36 0
-13 40 -9 0
12 -38 -36 0
19 -17 -21 0
-34 28 6 0
47 -9 12 0
-35 33 3 0
2 29 -36 0
26 -19 40 0
-20 3 -48 0
-47 -24 -30 0
31 22 -47 0
28 37 -3 0
47 -17 4 0
-26 -27 30 0
46 -3 -39 0
-26 29 7 0
1 26 34 0
-22 -20 44 0
-50 12 -50 0
27 -4 39 0
43 22 -32 0
-8 -7 41 0
29 18 -39 0
31 -2 -41 0
8 26 24 0
-50 -31 36 0
-44 34 12 0
39 -19 -30 0
-45 40 -2 0
-1 -15 23 0
-17 -41 36 0
-50 -35 -19 0
-3 -48 43 0
20 6 -30 0
2 -45 -4 0
-7 -48 -18 0
15 47 1 0
-2 -8 50 0
19 35 -37 0
-24 -30 -42 0
23 -31 -49 0
-1 -12 28 0
-44 42 -41 0
11 8 -20 0
4 24 7 0
-16 -21 13 0
27 38 23 0
-30 40 -5 0
33 33 3 0
7 -4 -48 0
25 27 46 0
-22 -40 10 0
37 32 8 0
-22 9 30 0
