c CNF generator v0.9
p cnf 50 229
-12 7 -16 0
-9 17 44 0
36 -2 -20 0
-18 -38 23 0
-46 47 -31 0
-49 37 -18 0
48 47 -16 0
-14 16 43 0
-46 -21 -46 0
13 -28 36 0
-40 30 48 0
5 9 1 0
21 -4 -33 0
13 -45 -33 0
-15 -26 9 0
11 -7 43 0
22 10 -27 0
-36 -45 22 0
15 11 -5 0
45 19 38 0
38 -1 -32 0
48 -20 24 0
15 43 15 0
11 6 33 0
-19 21 26 0
21 -40 32 0
41 3 39 0
-20 -23 -39 0
3 19 19 0
4 -1 -8 0
15 46 44 0
16 21 13 0
-24 36 8 0
20 -40 45 0
-38 49 24 0
1 -6 -29 0
-15 -42 -16 0
15 14 22 0
50 36 28 0
-10 4 -30 0
26 -46 20 0
-1 -28 1 0
-29 44 22 0
-3 -43 25 0
34 -38 49 0
18 20 -1 0
47 -11 -42 0
19 28 -24 0
41 -11 -23 0
17 -8 -11 0
6 -7 46 0
48 1 41 0
-32 42 -32 0
-15 26 -10 0
-24 -4 -7 0
47 15 39 0
13 50 -36 0
29 48 1 0
35 -22 22 0
-9 32 25 0
-36 -27 -30 0
15 33 7 0
24 34 -45 0
48 -45 6 0
1 17 -45 0
16 44 -29 0
33 6 45 0
-29 23 9 0
-9 -31 -2 0
-23 42 26 0
-43 -30 40 0
29 30 16 0
42 -28 1 0
40 -9 1 0
-30 37 39 0
-38 -24 -12 0
-49 35 49 0
-34 31 50 0
-38 14 33 0
45 -9 -39 0
35 30 -32 0
6 -18 17 0
50 -39 -29 0
13 -40 12 0
-36 -11 19 0
38 40 7 0
13 -13 34 0
23 13 47 0
23 -37 32 0
40 18 41 0
26 29 -23 0
35 -10 -23 0
48 18 22 0
-17 2 41 0
16 24 30 0
-22 -34 -10 0
45 28 -25 0
-13 27 -22 0
31 -31 -38 0
14 9 -7 0
42 -34 5 0
-33 -11 -49 0
-39 -6 -42 0
31 30 -49 0
-10 -25 35 0
-40 -43 2 0
-33 -25 7 0
26 -44 -43 0
43 8 35 0
-43 26 -25 0
-5 -39 10 0
-9 19 -11 0
-11 31 -25 0
45 23 -38 0
-36 23 -23 0
-21 -49 -35 0
10 22 22 0
5 44 15 0
-46 46 -14 0
3 20 -37 0
29 37 44 0
-30 14 6 0
-24 3 49 0
18 -15 38 0
-17 27 -29 0
-34 43 -12 0
31 -17 -35 0
16 12 -1 0
-33 -28 -32 0
3 -32 -36 0
-32 -7 33 0
-38 -32 -35 0
4 -31 42 0
37 -17 -13 0
12 20 -2 0
-41 10 -47 0
8 41 -19 0
-38 4 44 0
-48 45 41 0
7 10 41 0
-14 43 39 0
-32 -44 26 0
-2 23 -32 0
-26 -38 14 0
15 -24 50 0
27 -19 -4 0
-18 -34 -36 0
10 -11 42 0
-38 19 -13 0
7 38 11 0
22 47 -10 0
-24 -32 41 0
-19 13 18 0
-43 35 -8 0
21 -40 10 0
34 -27 7 0
-6 -14 3 0
10 -48 -47 0
-47 39 35 0
46 23 -21 0
-12 25 38 0
-29 -48 11 0
-29 -38 8 0
1 -3 -1 0
5 18 -5 0
-48 20 -21 0
-13 8 23 0
-37 -18 6 0
28 37 -17 0
-40 -1 32 0
-47 -15 -1 0
-48 -14 19 0
18 44 4 0
-40 21 13 0
19 -48 -14 0
-12 -34 -34 0
39 -38 3 0
-14 14 20 0
13 10 41 0
48 20 45 0
-15 42 34 0
-10 -37 -29 0
11 8 -30 0
-24 3 -28 0
46 33 21 0
28 41 10 0
14 24 48 0
-21 2 -3 0
-19 -21 -9 0
-36 1 -48 0
2 14 -32 0
31 -12 -32 0
-45 -30 -19 0
14 42 7 0
-12 8 26 0
21 -10 -1 0
-24 5 -16 0
-24 -15 -41 0
-4 -16 -43 0
-36 -16 31 0
25 4 33 0
24 -28 35 0
34 31 -23 0
30 12 5 0
33 36 -42 0
-41 17 26 0
3 -16 -23 0
21 -33 10 0
-28 -35 47 0
30 -50 -10 0
-29 11 -18 0
-18 32 -16 0
25 -25 5 0
20 9 -14 0
47 33 4 0
5 -17 26 0
-39 -22 24 0
49 34 -28 0
-9 -19 -31 0
-32 -28 12 0
14 -41 23 0
8 -3 -12 0
2 -31 7 0
16 2 17 0
35 -6 -36 0
-40 30 -21 0
-47 -2 -43 0
7 -48 6 0
35 -48 20 0
