c CNF generator v0.9
p cnf 50 229
-33 -43 32 0
-46 -2 30 0
5 23 37 0
34 49 21 0
-35 13 -46 0
-32 15 38 0
-36 -21 -27 0
15 -15 -47 0
-37 36 -31 0
-7 -33 -27 0
-8 5 6 0
-25 10 -15 0
-27 36 -23 0
-35 -28 -18 0
-8 -31 41 0
50 -23 27 0
-6 -19 -29 0
38 -47 50 0
47 44 -1 0
-21 2 12 0
-6 18 42 0
39 -18 -27 0
-25 -26 -1 0
17 -15 -13 0
31 -35 49 0
19 29 -16 0
-21 23 44 0
32 -8 1 0
-23 -23 -23 0
-4 34 38 0
27 40 -47 0
-9 38 -6 0
-11 9 36 0
-10 -48 35 0
-18 45 -38 0
-36 36 -42 0
-21 9 -3 0
25 5 21 0
-14 6 50 0
-45 -5 -40 0
-22 22 -50 0
29 -49 12 0
23 24 40 0
-43 -20 6 0
11 -44 -4 0
50 35 29 0
24 -5 -37 0
-19 48 25 0
39 -26 -40 0
36 -24 -48 0
-14 28 34 0
-13 -27 -25 0
-8 -22 -36 0
-1 -9 -36 0
-50 16 26 0
-43 1 -41 0
-17 -34 -27 0
-40 42 -10 0
28 25 -11 0
26 -20 28 0
50 38 17 0
27 21 49 0
-3 9 -26 0
-30 -10 -22 0
-36 38 -39 0
50 -35 -43 0
-4 -2 36 0
-16 11 26 0
-34 -31 33 0
-14 25 -42 0
-15 -12 -24 0
37 35 10 0
-33 -27 16 0
33 11 -14 0
5 27 29 0
-45 -17 -1 0
-36 -21 -30 0
39 44 -5 0
-48 -39 -29 0
-4 -12 12 0
-48 -49 26 0
15 -26 17 0
16 -19 -4 0
-17 -2 -23 0
9 -28 -48 0
-30 16 -19 0
-20 -9 21 0
49 1 -23 0
-14 19 26 0
-8 -18 -39 0
-25 -41 4 0
-6 42 -10 0
31 -9 -13 0
31 -1 45 0
8 -42 -25 0
-8 49 9 0
-47 27 -33 0
24 47 -16 0
-27 20 10 0
2 30 33 0
-25 35 -10 0
32 34 47 0
1 -40 -17 0
15 -27 19 0
-22 36 38 0
16 33 -47 0
18 -6 49 0
33 -8 -36 0
-50 48 -2 0
-14 -28 22 0
26 -24 46 0
11 14 -15 0
-49 35 -48 0
-10 -4 -41 0
-14 -46 -23 0
-17 36 15 0
-19 28 -4 0
-4 -3 -13 0
-33 -12 42 0
46 21 49 0
-46 -36 16 0
31 19 48 0
-23 -18 -18 0
23 -22 -30 0
41 -42 5 0
-17 44 42 0
-4 13 -19 0
13 -43 -31 0
-28 13 -18 0
-4 2 22 0
-11 -40 -38 0
-10 4 -14 0
50 31 -30 0
-11 11 -31 0
-41 -23 -16 0
16 -39 -36 0
16 14 -12 0
48 36 4 0
9 30 28 0
5 -42 -12 0
-42 -31 6 0
-33 1 -12 0
-17 -6 -12 0
-19 -42 46 0
-46 42 -14 0
48 25 29 0
1 26 41 0
-36 43 43 0
50 16 42 0
27 -6 14 0
21 15 -34 0
28 6 42 0
39 8 45 0
43 27 24 0
4 -28 -11 0
5 6 -37 0
-46 45 -30 0
26 -3 -16 0
27 -1 21 0
-49 38 27 0
-30 -32 -23 0
8 38 2 0
38 -38 16 0
22 2 15 0
5 -45 -2 0
11 38 -43 0
-9 -41 37 0
-14 -44 28 0
-5 29 -4 0
-43 4 -49 0
32 -15 -23 0
46 10 -13 0
-12 37 26 0
-5 23 17 0
25 17 5 0
19 6 -11 0
-5 33 -3 0
41 -40 27 0
16 -47 1 0
-6 47 41 0
-45 -2 -18 0
18 9 16 0
-32 38 15 0
13 -38 -5 0
50 -28 13 0
17 -25 35 0
-40 -27 -25 0
-7 -39 -18 0
-4 -34 -17 0
-42 27 22 0
-40 -26 -18 0
-10 -23 -32 0
26 -25 -44 0
-9 -33 -34 0
26 16 -21 0
-9 10 46 0
-17 -15 -8 0
-15 24 -38 0
27 -35 -3 0
-23 -21 -4 0
-39 7 -23 0
32 -37 20 0
-27 -19 40 0
32 -20 7 0
-24 -6 45 0
14 6 1 0
10 -31 -39 0
-50 39 -47 0
12 -17 47 0
-50 -45 -13 0
-33 49 29 0
5 -6 -47 0
26 25 25 0
-47 -47 -4 0
3 31 3 0
-46 29 37 0
-21 5 15 0
-9 -42 -42 0
29 11 -34 0
26 4 2 0
-13 -2 10 0
-35 35 -16 0
36 26 -3 0
-12 -32 -14 0
-50 35 33 0
-49 18 32 0
-20 44 13 0
15 -20 -48 0
-48 -36 28 0
