c CNF generator v0.9
p cnf 50 229
-23 -10 9 0
10 15 20 0
39 -6 48 0
19 -8 36 0
16 11 -42 0
9 -4 40 0
50 18 -50 0
32 9 49 0
25 -50 49 0
38 3 2 0
40 32 -47 0
-50 50 -7 0
-39 -9 40 0
43 -47 41 0
-31 50 29 0
-9 9 -1 0
-30 5 18 0
-40 -34 -43 0
-41 -13 50 0
22 -1 21 0
13 26 20 0
24 -12 -22 0
-12 -33 33 0
1 3 14 0
48 -15 30 0
12 20 -28 0
10 -17 42 0
13 39 -5 0
13 -20 -28 0
-39 3 8 0
-41 49 12 0
-3 -8 -31 0
35 -46 12 0
-37 17 -10 0
9 36 49 0
-45 -41 22 0
-18 12 -15 0
9 -50 26 0
-21 32 31 0
26 -27 13 0
50 -41 12 0
-46 -19 -7 0
9 -45 46 0
-36 -32 -13 0
-7 -9 38 0
-29 27 -9 0
47 -9 22 0
2 40 28 0
-42 -34 -50 0
-43 18 -19 0
24 39 30 0
21 48 16 0
5 49 50 0
-18 25 -3 0
26 1 28 0
22 -6 -19 0
-5 -33 -22 0
-50 14 -4 0
-42 -5 -12 0
24 8 20 0
-36 43 43 0
43 11 19 0
-28 -9 13 0
11 19 36 0
27 27 -45 0
-37 -28 27 0
-3 4 -1 0
2 -34 -12 0
-38 23 20 0
-48 23 47 0
-6 12 -14 0
42 -45 9 0
33 20 -21 0
-31 -26 -38 0
-27 40 -2 0
33 -17 -30 0
-15 -39 -26 0
47 -45 -5 0
-1 -49 -23 0
-21 -28 18 0
-2 17 14 0
-9 33 -47 0
44 -18 -22 0
-40 -20 35 0
-20 -46 31 0
-34 -2 -42 0
12 30 -39 0
24 33 23 0
-32 -21 32 0
4 -39 -21 0
-4 38 -23 0
48 -40 45 0
22 -9 -48 0
-46 23 -11 0
15 -39 14 0
-33 15 24 0
-13 17 32 0
43 -12 12 0
50 18 -20 0
-40 -3 -40 0
-50 30 21 0
-39 34 -23 0
-13 -30 23 0
46 45 33 0
28 10 49 0
-7 -21 -13 0
42 -48 5 0
42 8 17 0
-17 -45 -7 0
4 17 21 0
-20 25 36 0
-27 -23 50 0
-18 -22 5 0
22 19 -20 0
-11 -8 -37 0
-25 -17 -44 0
-48 6 13 0
-48 -21 1 0
10 28 38 0
5 -8 30 0
41 -44 24 0
22 36 12 0
-8 25 43 0
3 32 6 0
14 48 39 0
-35 13 10 0
37 44 -21 0
-43 -39 27 0
5 18 -24 0
-3 -13 -33 0
-8 -6 36 0
-33 -22 10 0
-26 -19 -44 0
-1 33 6 0
44 -30 -37 0
50 3 2 0
18 24 -44 0
-9 41 -38 0
23 30 29 0
-13 -36 18 0
31 -41 47 0
20 -11 1 0
-30 -49 -48 0
30 -22 41 0
16 18 -17 0
48 2 -2 0
-17 49 42 0
-9 23 -28 0
3 9 -11 0
-42 -34 -27 0
-34 -8 2 0
9 48 11 0
-31 -24 24 0
15 18 -25 0
46 40 11 0
-39 -1 47 0
37 -46 -36 0
44 13 2 0
-23 16 19 0
-29 -2 -41 0
-34 48 -19 0
23 40 -10 0
-39 43 21 0
-26 -46 3 0
-20 -20 8 0
28 -44 29 0
49 13 16 0
17 23 -14 0
3 50 -27 0
-23 -10 22 0
-13 16 -33 0
6 -21 31 0
-5 40 17 0
-7 -47 -33 0
37 33 39 0
30 19 44 0
17 -5 -34 0
20 13 35 0
41 6 -11 0
34 41 -1 0
-11 -38 -26 0
-43 -5 32 0
-44 -42 12 0
15 1 -34 0
38 19 38 0
-27 -37 45 0
38 -31 -49 0
48 3 38 0
9 2 29 0
45 -43 -12 0
28 -18 35 0
31 24 38 0
-36 -18 -19 0
34 41 27 0
12 -7 32 0
-43 15 38 0
9 -17 -39 0
-25 -20 -40 0
-26 37 22 0
21 -24 21 0
25 -26 -24 0
23 -49 45 0
8 -6 -29 0
14 46 -8 0
-30 -24 -6 0
-50 -39 -13 0
2 -50 27 0
1 20 25 0
-32 -41 18 0
20 -40 -20 0
30 -19 8 0
-10 8 33 0
-15 31 -21 0
-5 -16 4 0
-45 24 -7 0
-23 -36 25 0
-10 14 10 0
-43 -35 25 0
31 16 -33 0
41 -11 -9 0
-25 39 38 0
-27 -44 22 0
34 2 -44 0
-49 18 39 0
47 26 14 0
-48 6 26 0
-47 -38 9 0
-26 -23 7 0
1 -11 -19 0
