c CNF generator v0.9
p cnf 50 229
-24 19 -46 0
-28 1 38 0
-12 36 3 0
31 41 -29 0
18 26 -16 0
-37 14 19 0
-34 11 16 0
26 -27 47 0
-14 33 -18 0
-44 -36 5 0
7 30 -5 0
6 36 15 0
-32 13 -38 0
-1 -27 -4 0
-4 27 11 0
-40 -32 -41 0
-4 -18 4 0
-3 -23 -30 0
13 39 20 0
10 17 7 0
-27 16 -25 0
25 -31 6 0
-4 -11 -47 0
45 -3 -25 0
-13 -50 26 0
46 -14 41 0
33 7 -14 0
-2 29 17 0
-46 15 -5 0
28 5 -21 0
35 -15 -20 0
-48 18 18 0
3 -28 14 0
4 -30 26 0
4 10 -18 0
-27 -8 -22 0
-49 -39 40 0
3 -16 -8 0
24 44 -32 0
16 -11 -42 0
-1 15 43 0
-24 -21 -29 0
-11 9 13 0
41 -22 15 0
27 -28 -45 0
36 -39 -14 0
38 -45 17 0
-30 -49 45 0
14 -9 42 0
-39 -24 44 0
49 -49 -34 0
-48 19 -16 0
-45 32 26 0
-6 -29 49 0
-15 22 32 0
13 -46 43 0
-36 -8 44 0
27 35 35 0
33 -35 -50 0
34 -15 -1 0
-6 -47 48 0
49 -41 -40 0
17 17 -38 0
15 -39 -47 0
-33 -26 -13 0
-28 -28 10 0
-38 -7 -42 0
42 46 38 0
41 -2 -1 0
-41 50 22 0
22 -37 -15 0
40 -7 -50 0
11 -38 -6 0
-43 14 -34 0
-43 11 -48 0
11 38 49 0
-3 1 -25 0
-15 -4 4 0
27 -31 13 0
-23 17 14 0
1 -19 -50 0
-30 -4 12 0
-14 49 -17 0
10 -12 27 0
-36 7 -31 0
-22 39 -24 0
41 -11 25 0
21 31 47 0
-36 -34 16 0
-4 30 -8 0
30 -42 -7 0
-50 31 -12 0
12 -11 41 0
27 -29 34 0
-3 44 42 0
15 -25 20 0
16 -39 -40 0
-22 -24 -24 0
29 -33 -33 0
-26 30 9 0
-26 36 29 0
43 6 -43 0
50 23 -19 0
36 41 2 0
-34 -2 35 0
26 46 -30 0
-41 2 -13 0
-12 -34 32 0
-43 4 45 0
18 40 32 0
28 -41 33 0
45 40 -40 0
47 29 -44 0
44 44 50 0
50 -7 8 0
4 -19 44 0
-43 -38 37 0
-12 -17 45 0
4 30 42 0
33 -38 -26 0
41 5 -40 0
10 -50 5 0
-5 27 -28 0
-36 26 -35 0
-12 36 24 0
15 -17 -43 0
41 5 -22 0
-1 4 -10 0
-14 31 -7 0
34 31 13 0
-19 13 12 0
17 -39 10 0
11 -49 -15 0
34 1 -18 0
23 -2 34 0
-43 19 34 0
22 47 -9 0
-13 -15 -3 0
-7 -36 50 0
35 3 -20 0
45 39 49 0
-5 -28 -34 0
-35 24 32 0
-5 -46 47 0
-36 -27 21 0
1 49 15 0
-35 18 45 0
16 43 40 0
22 -35 -16 0
-2 -3 -34 0
-16 -21 3 0
19 40 28 0
39 -10 -43 0
5 -7 -7 0
-30 15 5 0
9 31 37 0
-32 13 -43 0
34 2 45 0
1 -7 37 0
11 -1 37 0
-20 6 4 0
-39 11 -19 0
-26 -11 9 0
25 -37 17 0
-28 7 20 0
38 11 5 0
46 28 -1 0
-18 37 44 0
-41 -8 38 0
-28 -49 -43 0
33 47 -1 0
48 29 -22 0
-39 -7 43 0
44 -20 -24 0
45 31 4 0
-3 20 42 0
-48 23 42 0
46 4 -26 0
39 -50 12 0
1 -8 29 0
49 14 36 0
-38 -26 -48 0
-1 48 49 0
-20 -23 -19 0
21 -11 31 0
-2 49 -30 0
-40 11 18 0
13 -16 -3 0
-16 30 -40 0
2 -18 -8 0
-8 8 -45 0
36 40 49 0
11 -18 -33 0
-29 -4 -34 0
-41 49 16 0
-21 11 30 0
-45 -16 -40 0
17 2 -14 0
7 9 -25 0
-43 10 -15 0
3 9 38 0
20 47 5 0
-39 5 -2 0
47 -10 -14 0
25 -7 -45 0
36 43 -42 0
24 18 40 0
-45 20 39 0
-6 -2 -46 0
37 23 -36 0
25 -5 -2 0
23 37 33 0
-20 26 -21 0
25 14 -7 0
-9 -21 8 0
-21 -27 20 0
-31 4 -50 0
-9 -39 -34 0
-31 15 11 0
-19 16 -7 0
12 -12 -5 0
30 -35 44 0
-10 -25 24 0
38 -11 40 0
-1 -34 -48 0
20 -19 10 0
16 -15 2 0
-37 -17 -8 0
-28 24 -43 0
