c CNF generator v0.9
p cnf 50 229
28 -13 46 0
8 21 36 0
-9 22 -17 0
37 -30 -41 0
-8 10 -3 0
-18 14 21 0
30 44 23 0
-47 43 3 0
-10 45 31 0
-7 2 44 0
-48 -33 -15 0
-34 -36 20 0
8 -12 15 0
11 -9 9 0
-42 -22 4 0
-12 -20 -32 0
-27 -43 48 0
-6 -14 6 0
-11 -4 -16 0
4 -24 -5 0
44 -48 -29 0
-16 -27 42 0
-31 48 -50 0
16 -23 -19 0
-2 -45 11 0
-19 26 28 0
-17 1 45 0
24 -26 -30 0
-19 23 2 0
20 -6 37 0
-22 -42 19 0
27 -37 20 0
-48 15 25 0
34 27 23 0
42 42 48 0
7 -40 -3 0
-30 -30 34 0
43 -37 40 0
-48 -33 -21 0
39 -35 -22 0
-33 -2 -26 0
43 -8 42 0
-38 5 -14 0
27 16 19 0
28 41 -43 0
36 -19 15 0
3 -20 -33 0
-16 -27 -33 0
-17 47 -1 0
-39 -42 -28 0
-26 -19 34 0
39 -50 -23 0
-45 -9 -44 0
35 5 42 0
4 38 -1 0
34 46 46 0
44 -27 -44 0
-20 50 38 0
-39 8 -35 0
-31 -35 32 0
-30 -6 47 0
45 26 -6 0
-50 -29 -15 0
-39 -9 -37 0
-31 18 22 0
-28 2 -31 0
13 12 -5 0
-25 49 27 0
47 18 11 0
8 36 14 0
40 -19 25 0
8 -50 17 0
20 -16 -33 0
22 11 -42 0
34 37 9 0
-26 -4 -45 0
4 -9 2 0
16 16 -1 0
-39 9 12 0
-40 35 49 0
22 -39 -36 0
7 -16 -32 0
-9 44 -33 0
41 -14 44 0
2 4 -35 0
3 29 36 0
-42 -8 -25 0
48 -42 -10 0
-38 -36 9 0
17 -23 41 0
-31 21 39 0
2 -19 42 0
-33 40 -19 0
-4 -25 -31 0
8 22 -27 0
3 -18 -4 0
-37 -10 27 0
-27 -13 34 0
18 8 -17 0
-7 35 -25 0
1 -36 29 0
-21 -15 7 0
23 10 40 0
-22 6 50 0
-3 -36 50 0
-4 -42 -17 0
26 16 -40 0
10 -29 -26 0
6 -27 4 0
19 -49 -25 0
-9 -10 9 0
-25 -18 -4 0
-15 25 -49 0
-47 -30 18 0
-16 45 -10 0
8 25 7 0
-16 21 35 0
26 16 -11 0
-24 -8 -35 0
2 38 -12 0
-30 -44 -2 0
-46 11 45 0
-13 -32 -7 0
22 -44 -30 0
9 -23 -35 0
33 15 -50 0
49 -7 -24 0
5 -35 3 0
-39 -41 34 0
-35 -46 -42 0
21 44 -45 0
5 30 -22 0
-15 -15 14 0
29 -1 50 0
9 -46 25 0
21 14 26 0
-40 26 -35 0
-22 -10 7 0
46 18 -9 0
28 39 -25 0
-5 -41 21 0
39 44 -19 0
1 -15 2 0
-42 -9 -34 0
-30 -45 -6 0
-9 4 -14 0
-1 -33 46 0
-2 46 -32 0
-5 5 -14 0
11 -7 -44 0
44 -16 -30 0
37 -50 -30 0
-11 -50 43 0
18 34 47 0
11 27 -14 0
41 -36 -19 0
12 -43 -4 0
18 -8 -27 0
29 25 -22 0
-25 -18 -18 0
7 37 -3 0
28 17 37 0
34 -29 -11 0
13 37 -1 0
-19 14 -16 0
20 -21 43 0
-25 37 26 0
-30 48 17 0
-22 43 8 0
48 -34 -6 0
-34 15 47 0
-8 -22 44 0
-5 11 27 0
-40 29 33 0
3 12 43 0
20 36 -11 0
-3 21 20 0
25 -14 23 0
-47 17 -43 0
-4 -26 33 0
-8 29 18 0
-28 11 -5 0
-10 -22 -24 0
11 -44 -50 0
-7 16 31 0
3 -5 -14 0
27 -39 -36 0
3 7 -1 0
-26 -28 -1 0
-38 -40 43 0
-24 -12 4 0
-13 43 6 0
41 35 47 0
28 -37 32 0
-8 -23 47 0
-40 -31 16 0
-27 -25 -46 0
8 -22 2 0
-34 -47 5 0
-17 -42 -49 0
-34 -23 -10 0
28 35 -22 0
-1 35 36 0
-24 19 -31 0
8 50 50 0
-5 15 -44 0
-29 -35 -15 0
15 45 -34 0
-16 20 -41 0
-42 4 31 0
4 -23 34 0
48 -49 19 0
-34 29 34 0
5 -30 -12 0
2 -15 -28 0
18 46 6 0
-34 -2 -10 0
-47 -40 -15 0
14 -34 -41 0
-13 -28 46 0
24 -25 -42 0
23 24 -8 0
22 5 -41 0
-48 46 47 0
29 -31 35 0
42 -48 25 0
-27 26 13 0
-26 -24 2 0
-27 50 50 0
