c CNF generator v0.9
p cnf 50 234
-44 -36 30 0
-20 19 -27 0
-22 -9 39 0
-2 29 20 0
34 7 36 0
29 6 -27 0
27 -26 34 0
-45 23 -35 0
26 9 43 0
9 -31 28 0
2 -42 -24 0
-22 33 -31 0
-2 -22 18 0
-46 -45 13 0
25 -1 -42 0
-43 -8 42 0
36 -10 37 0
-17 -23 -41 0
24 -33 -40 0
-1 12 -34 0
15 39 -49 0
47 45 38 0
-1 10 -38 0
44 -13 -19 0
-40 -2 -22 0
30 -9 47 0
-35 50 25 0
35 7 42 0
5 38 29 0
-16 30 -32 0
19 -31 15 0
48 26 17 0
-31 -18 -37 0
19 -33 -23 0
-18 48 -12 0
-38 -46 33 0
21 17 -8 0
4 -48 -6 0
12 -21 -10 0
-4 3 43 0
45 -19 -48 0
38 -5 -1 0
-20 -43 -42 0
6 -25 12 0
49 7 -24 0
-23 -21 -4 0
-44 48 -38 0
-43 25 -24 0
-7 13 36 0
-31 21 -37 0
29 -43 27 0
-1 -21 30 0
-7 -28 13 0
8 20 31 0
37 -34 -8 0
49 26 34 0
-40 -39 32 0
-38 -47 29 0
-21 -1 -6 0
2 15 44 0
-35 46 35 0
4 -12 -4 0
-11 35 50 0
-28 -13 -40 0
-7 -31 20 0
-23 -46 -3 0
6 22 27 0
9 2 34 0
26 22 -1 0
37 -48 -26 0
12 -8 29 0
7 28 -31 0
-12 41 -50 0
35 50 -35 0
-50 4 -24 0
17 -39 -37 0
-1 35 23 0
35 -8 -29 0
-50 33 37 0
38 -42 -26 0
-29 -37 -35 0
-16 49 34 0
-7 -15 49 0
-10 -18 25 0
-39 -27 -24 0
3 -42 -16 0
-42 39 -2 0
47 37 15 0
8 -50 12 0
19 1 -23 0
-4 8 -33 0
-3 24 48 0
-48 49 -12 0
-10 -42 25 0
28 -25 -24 0
22 -38 16 0
-2 -45 21 0
-41 -7 11 0
15 -12 -9 0
2 5 23 0
15 -14 -9 0
31 -33 41 0
-13 -28 3 0
-35 21 -26 0
-27 27 -32 0
17 -35 6 0
-10 -42 18 0
2 48 -17 0
40 -16 21 0
-8 19 14 0
-41 -21 -19 0
13 -17 34 0
13 1 -32 0
-32 32 -30 0
27 -32 -32 0
50 -38 -33 0
12 6 -38 0
17 -3 -7 0
16 -23 46 0
32 14 -4 0
-50 37 10 0
32 23 26 0
38 25 -1 0
21 -40 -28 0
24 48 -44 0
26 -46 -4 0
40 17 -34 0
46 -33 14 0
-9 -4 12 0
30 -43 -25 0
-9 14 3 0
-24 46 30 0
-45 17 37 0
-42 -11 -41 0
9 -4 -40 0
9 -24 14 0
-35 -18 -12 0
-44 16 -45 0
-7 2 -26 0
-49 8 -22 0
-25 50 -39 0
-33 -30 38 0
-46 -16 -30 0
14 14 -17 0
1 -32 31 0
-29 18 27 0
-36 -1 -39 0
-38 -3 -44 0
-28 -37 40 0
15 49 27 0
30 -7 -18 0
-46 -4 1 0
-41 9 12 0
17 -5 -46 0
35 -45 40 0
-34 28 -20 0
46 -19 -50 0
-45 50 -8 0
-17 -3 -13 0
12 36 -34 0
42 -4 15 0
-35 17 47 0
48 1 -45 0
8 -38 18 0
-10 -15 33 0
-32 44 7 0
31 10 43 0
-11 -50 28 0
-46 -38 -34 0
18 -26 -44 0
-16 -38 43 0
-44 5 40 0
14 -49 41 0
-46 -24 -35 0
-39 41 49 0
19 23 -40 0
-15 -3 8 0
-1 5 32 0
-34 -34 36 0
4 -1 -13 0
29 -19 44 0
4 -49 14 0
-32 29 -11 0
-4 -29 1 0
4 -23 48 0
-10 -39 -43 0
31 2 -1 0
-32 -35 -8 0
14 44 -10 0
37 -22 -6 0
-44 22 9 0
40 -8 -30 0
-35 -29 -32 0
44 -26 9 0
-32 -42 -9 0
-36 -33 41 0
26 -47 -19 0
-4 17 -11 0
41 33 13 0
48 -23 16 0
-26 -25 27 0
35 -45 -7 0
10 20 37 0
-47 15 34 0
-31 -29 35 0
-7 47 8 0
-14 -46 -20 0
-7 -39 20 0
17 18 -46 0
33 28 7 0
-13 7 -9 0
-17 -32 48 0
-50 26 -26 0
-30 22 28 0
44 43 -25 0
3 -50 36 0
-44 -25 49 0
-43 35 5 0
-4 10 -5 0
-43 -44 -20 0
25 -14 -28 0
-48 -41 44 0
-7 42 16 0
-3 19 18 0
-11 -46 -31 0
-50 -2 40 0
33 -35 3 0
-21 -37 27 0
-46 -1 -5 0
40 -24 -37 0
-3 8 -14 0
44 -7 16 0
38 41 -17 0
49 24 -21 0
