c CNF generator v0.9
p cnf 50 234
8 -23 -45 0
-1 37 -46 0
-25 1 36 0
-3 20 49 0
-50 -32 -9 0
-50 28 -17 0
39 -19 -32 0
40 12 10 0
15 -31 -3 0
-50 29 -32 0
7 -8 -25 0
15 -2 35 0
-34 -29 29 0
-42 -8 27 0
13 7 -4 0
47 -2 6 0
9 -32 3 0
-27 30 24 0
16 -35 27 0
-50 38 32 0
36 -8 18 0
-6 43 23 0
18 -50 -16 0
-16 -9 3 0
-24 -9 30 0
39 49 -31 0
-48 50 14 0
-33 41 13 0
42 8 6 0
-24 10 -35 0
-4 31 45 0
47 -5 26 0
-14 -28 43 0
-4 -27 -19 0
-2 2 -25 0
49 -48 13 0
-48 42 -9 0
10 -50 47 0
-5 -16 -40 0
-30 43 -29 0
-8 -30 6 0
19 -6 27 0
-46 30 -35 0
-39 14 6 0
37 26 -38 0
25 50 -19 0
49 -16 -49 0
-22 19 -16 0
9 35 7 0
38 37 -48 0
13 -39 -15 0
9 -12 25 0
-46 -32 -25 0
16 -10 39 0
5 43 -37 0
-18 6 -2 0
-38 -44 -11 0
10 28 26 0
10 44 15 0
9 22 41 0
-11 -5 -10 0
-10 -34 45 0
28 48 42 0
1 -18 11 0
17 4 -31 0
-11 -15 33 0
1 18 -49 0
-36 31 47 0
26 26 -5 0
19 50 35 0
4 33 -16 0
-13 -26 39 0
1 12 -7 0
23 36 38 0
-42 -41 -29 0
-15 37 -22 0
-31 -21 -18 0
-15 41 -49 0
-39 -48 -17 0
-36 12 -31 0
40 -25 -24 0
-32 -28 4 0
13 9 -28 0
-50 -33 14 0
38 -29 7 0
50 -9 13 0
12 -13 -12 0
-28 15 -39 0
26 -47 47 0
-39 -15 28 0
-47 22 -4 0
-23 -50 -27 0
45 23 44 0
-5 -45 28 0
-20 3 12 0
-38 42 29 0
19 24 6 0
-22 11 -26 0
-37 50 -14 0
-28 -47 -10 0
22 -40 13 0
17 8 17 0
-7 -14 -34 0
13 45 22 0
22 33 16 0
-6 -10 -46 0
-27 -31 29 0
43 29 -23 0
15 22 -10 0
-8 38 13 0
23 31 -12 0
-17 32 38 0
-42 -2 -50 0
33 -25 38 0
48 16 -38 0
-10 22 -39 0
33 13 48 0
-14 -41 3 0
-27 -30 33 0
-6 -29 -2 0
-32 50 30 0
-26 2 -25 0
8 17 5 0
8 28 -34 0
30 -32 -32 0
-28 25 24 0
28 4 27 0
7 -37 29 0
46 -47 -22 0
-8 -36 -6 0
-24 10 36 0
32 -30 15 0
4 -48 -33 0
30 47 -3 0
42 44 -4 0
47 3 7 0
-14 38 -10 0
-40 34 -25 0
16 -49 13 0
46 4 -47 0
-12 39 49 0
-5 39 -15 0
43 -17 32 0
9 23 31 0
36 38 38 0
-39 49 -36 0
19 25 -43 0
-32 -28 -29 0
6 9 -16 0
10 12 4 0
44 3 36 0
-43 -42 39 0
1 22 17 0
19 -21 -36 0
49 17 -26 0
19 -33 -49 0
-43 28 38 0
9 43 13 0
-2 19 33 0
-41 -27 -44 0
-41 -30 -21 0
39 44 24 0
-49 -30 46 0
-30 45 50 0
-15 -23 -47 0
-32 -45 44 0
36 -5 -18 0
21 17 40 0
-27 13 1 0
-3 36 -21 0
13 -25 -15 0
24 -46 48 0
32 40 27 0
-8 -42 -50 0
9 22 6 0
-14 -37 -12 0
-36 -33 -43 0
19 23 41 0
-36 -9 22 0
20 -23 27 0
8 9 -24 0
31 24 -33 0
-27 28 -11 0
25 12 39 0
13 37 -35 0
36 46 -42 0
-36 18 21 0
43 -41 5 0
-20 13 -31 0
35 6 7 0
-17 -39 40 0
-10 -34 -21 0
-44 -3 15 0
-11 -19 16 0
-16 46 -13 0
-49 46 46 0
-23 -27 -12 0
-42 30 -34 0
29 -23 -19 0
43 -28 48 0
13 20 43 0
15 46 42 0
-44 11 19 0
14 34 -15 0
6 -35 -27 0
45 -3 -37 0
-46 -37 31 0
3 33 -24 0
-20 -50 -40 0
45 -10 7 0
11 44 -37 0
-1 6 47 0
43 -13 29 0
-35 2 8 0
15 -13 25 0
-45 -14 2 0
-40 -12 -9 0
15 31 -43 0
31 -36 -37 0
6 -41 -16 0
11 15 -29 0
-27 22 5 0
-13 -34 15 0
-42 18 47 0
-9 45 -44 0
-8 -38 6 0
3 45 43 0
-20 -27 10 0
-44 -42 26 0
16 21 -5 0
28 -34 -29 0
-32 36 -40 0
-28 -22 7 0
-42 -24 -21 0
