c CNF generator v0.9
p cnf 50 234
-14 18 -25 0
48 -5 33 0
-36 -9 6 0
-36 13 -11 0
20 -2 15 0
17 -48 -42 0
13 -42 -43 0
-6 -26 -6 0
-5 25 -50 0
12 43 47 0
19 -50 -22 0
33 25 -5 0
-45 -18 -20 0
-28 -27 18 0
3 -14 -12 0
7 22 -2 0
17 -18 19 0
-45 22 31 0
29 -20 -14 0
50 -29 43 0
-37 -15 -6 0
-34 -15 -44 0
-35 5 -34 0
26 -19 -35 0
4 38 -41 0
-21 15 -49 0
28 36 13 0
22 -14 -39 0
25 28 39 0
5 -18 -7 0
13 16 23 0
-23 -18 -6 0
-6 16 -17 0
5 45 26 0
8 -47 13 0
-46 -48 16 0
-16 -40 48 0
16 42 -34 0
38 23 -31 0
16 7 -40 0
27 -34 -24 0
5 -12 -11 0
-9 -14 -47 0
43 -21 -20 0
37 1 29 0
-12 16 -13 0
15 5 -21 0
-23 33 22 0
36 -50 -30 0
24 -36 43 0
-27 45 -7 0
14 20 8 0
-4 45 -47 0
14 14 48 0
-8 47 36 0
-13 39 -9 0
-5 46 -21 0
-36 40 8 0
34 -4 47 0
40 -6 33 0
-50 -23 -43 0
12 21 44 0
-23 -46 -22 0
33 33 -34 0
47 -6 -38 0
-14 -23 38 0
-37 -44 41 0
44 39 -6 0
42 -38 -23 0
-50 -43 20 0
10 9 -47 0
-3 -17 -31 0
-29 -5 -14 0
-3 -28 33 0
-19 -24 8 0
9 25 -24 0
3 1 -25 0
34 -16 -47 0
-31 47 -11 0
-5 -6 -50 0
-22 38 -14 0
36 29 -26 0
23 -48 13 0
15 -3 -1 0
36 28 3 0
47 -50 18 0
-46 -30 -19 0
38 -16 13 0
28 50 -14 0
27 19 -30 0
-39 -31 37 0
17 -46 36 0
-50 -34 34 0
14 47 49 0
40 4 -40 0
-16 -16 -5 0
-45 6 -21 0
-3 37 -5 0
21 49 -14 0
-47 -1 -41 0
22 -12 15 0
49 -36 -12 0
-17 18 11 0
45 -32 -24 0
39 -36 13 0
38 12 -11 0
-47 -48 41 0
-32 -1 -31 0
40 -10 -27 0
26 -46 -9 0
-24 -39 44 0
34 49 2 0
-7 34 -17 0
-12 8 31 0
36 33 -42 0
44 -34 -4 0
-1 4 -14 0
36 2 10 0
-17 -17 43 0
-5 -15 -32 0
42 48 8 0
-13 4 26 0
-43 -45 -1 0
-39 23 38 0
49 21 28 0
-29 8 -8 0
-14 -22 7 0
-39 -49 -19 0
39 -50 48 0
-1 50 39 0
9 22 -40 0
-35 22 -29 0
24 -10 43 0
30 44 12 0
-17 18 -29 0
14 -7 -21 0
32 41 17 0
-35 -4 8 0
44 -20 34 0
20 -40 26 0
8 24 -18 0
22 32 -29 0
-19 -37 32 0
-30 -36 -39 0
38 -33 24 0
22 18 -43 0
42 -27 24 0
30 18 -9 0
38 41 22 0
44 41 48 0
-3 -46 30 0
-16 17 22 0
7 15 24 0
-46 -43 22 0
22 8 1 0
3 -3 7 0
-22 -21 -46 0
-3 32 -28 0
-31 -22 32 0
30 6 29 0
-39 4 9 0
13 20 -2 0
4 -9 15 0
-17 35 -48 0
39 24 43 0
-37 40 16 0
-1 -27 -33 0
-26 -11 46 0
-44 -21 30 0
44 2 -46 0
-8 -42 50 0
49 2 -49 0
36 12 -10 0
-29 44 15 0
46 -15 28 0
13 29 23 0
-15 -12 -28 0
8 18 -25 0
3 -2 -20 0
2 -23 -39 0
-34 29 30 0
2 24 -19 0
31 -32 -25 0
24 -42 -46 0
-43 23 23 0
-4 -38 48 0
4 8 38 0
35 44 -33 0
5 -38 22 0
41 -41 6 0
30 -22 -33 0
-49 -17 37 0
31 -10 32 0
-21 -19 -6 0
47 -28 26 0
-31 -45 29 0
11 28 -1 0
40 -15 5 0
39 32 -34 0
-20 24 -40 0
1 -3 -44 0
-49 -25 -3 0
47 1 17 0
35 -33 -22 0
-42 -47 42 0
43 -39 -13 0
-10 -34 26 0
-11 -44 -32 0
-12 -3 5 0
49 -17 -21 0
49 -34 30 0
-24 -23 -34 0
22 -1 -6 0
49 28 -34 0
-19 47 35 0
15 13 48 0
18 -46 -3 0
-49 1 -48 0
47 8 -34 0
-7 -2 -10 0
-28 -35 -30 0
-33 20 -24 0
33 17 8 0
-9 -43 -19 0
-35 11 -4 0
48 -30 26 0
-49 25 -31 0
34 -23 36 0
-4 -21 -7 0
-42 -5 15 0
35 12 -28 0
-26 38 31 0
-16 24 16 0
17 -25 -33 0
