c CNF generator v0.9
p cnf 50 234
4 25 -5 0
17 47 2 0
-9 42 18 0
22 8 31 0
29 -25 5 0
-7 -10 30 0
25 18 -21 0
-14 20 -6 0
-37 2 49 0
27 14 38 0
-28 15 -40 0
38 -5 17 0
15 8 27 0
-37 -27 17 0
-6 2 -31 0
-35 28 -2 0
29 -3 -9 0
-3 13 48 0
-42 -33 25 0
-47 13 11 0
5 27 32 0
-12 -19 -32 0
3 42 -49 0
40 -11 16 0
-38 26 -28 0
4 -18 -19 0
-50 -33 38 0
-25 40 -48 0
24 3 -47 0
3 34 5 0
-50 -7 -18 0
24 42 19 0
-20 23 -6 0
-15 -49 31 0
-11 -28 -1 0
17 35 -30 0
24 27 -18 0
-46 -41 -48 0
-5 -17 -29 0
-29 -19 44 0
-14 -15 -42 0
25 26 39 0
-9 28 -3 0
-45 -40 24 0
-28 -25 -3 0
-3 38 12 0
45 -24 -43 0
-43 -26 5 0
-19 -20 -46 0
16 -32 -16 0
38 17 13 0
40 -8 -21 0
-8 -36 17 0
5 8 -32 0
29 1 18 0
-6 32 -24 0
-46 3 42 0
40 -29 7 0
-34 33 -36 0
-17 -27 25 0
-41 -42 -27 0
-41 -29 22 0
-22 -47 -9 0
17 -34 -1 0
-13 1 -8 0
13 -23 -19 0
-16 -10 -7 0
10 16 3 0
-8 6 8 0
-24 -49 -47 0
33 -4 -16 0
-32 14 -22 0
-33 -28 8 0
42 -7 -9 0
22 1 -2 0
-20 -23 20 0
47 -28 -9 0
-10 -11 -34 0
1 -5 7 0
8 48 24 0
-40 -45 -46 0
46 -7 30 0
-3 8 -39 0
17 -35 8 0
46 -18 16 0
18 50 -11 0
-32 44 -22 0
47 35 -3 0
40 -25 -31 0
42 -34 -33 0
23 -48 -4 0
18 22 -1 0
49 -46 9 0
-6 -17 -6 0
33 -21 28 0
42 8 -32 0
21 -36 -11 0
41 15 38 0
28 23 27 0
-11 7 18 0
-43 14 5 0
46 -48 8 0
-1 21 -48 0
-49 -10 -48 0
-22 20 -12 0
-40 27 -48 0
-8 -32 23 0
-39 -2 49 0
-26 16 37 0
-43 -2 7 0
-33 -31 -29 0
38 37 -44 0
-11 -6 -2 0
45 -18 -23 0
4 40 -32 0
33 -2 -39 0
-50 14 -49 0
42 -27 47 0
32 45 -19 0
-9 40 6 0
-29 49 -7 0
40 16 38 0
-1 32 31 0
-5 3 -21 0
47 -4 31 0
50 17 46 0
-7 -36 -19 0
32 -15 1 0
-5 -32 -27 0
-3 5 49 0
25 -48 38 0
37 26 13 0
38 -5 -44 0
-40 2 -21 0
18 27 44 0
4 17 -27 0
-40 -36 -7 0
7 -22 18 0
34 37 -27 0
4 25 33 0
38 -10 -37 0
4 -21 -47 0
2 44 49 0
2 33 -31 0
4 -36 -5 0
5 31 -21 0
10 29 -1 0
29 45 40 0
14 48 -20 0
-44 -9 -38 0
-7 19 -24 0
-14 -24 -45 0
-47 48 47 0
-16 26 -9 0
5 -23 37 0
35 -10 -6 0
-32 -40 -1 0
50 17 -18 0
4 19 -37 0
-37 -1 -26 0
-47 -38 29 0
26 47 44 0
6 -20 -32 0
-30 -19 33 0
43 -9 -38 0
-50 -37 26 0
-6 -8 23 0
19 39 -32 0
-45 4 9 0
-11 -1 49 0
-28 -45 -42 0
-42 -33 14 0
49 -38 -9 0
-12 -36 3 0
-18 19 -22 0
48 -35 1 0
-17 7 -5 0
37 50 -18 0
19 19 24 0
48 -48 9 0
32 12 -31 0
-42 46 16 0
-9 21 35 0
19 -5 -11 0
-44 -4 17 0
24 19 -14 0
-21 14 -23 0
-5 -34 -3 0
-12 50 39 0
-42 -32 29 0
-32 10 28 0
-41 6 -7 0
25 35 -23 0
2 17 -49 0
-11 40 40 0
19 30 46 0
-48 -14 47 0
-39 -43 -16 0
-5 -48 -37 0
-41 -46 39 0
5 -29 43 0
36 19 -30 0
-36 28 -21 0
35 -6 35 0
7 -15 11 0
2 34 -4 0
17 -14 -50 0
18 -8 8 0
-40 26 -32 0
3 -12 -11 0
-18 25 -15 0
11 -28 18 0
-16 -7 15 0
41 1 -42 0
-8 42 40 0
42 -39 33 0
34 -45 31 0
-28 31 -26 0
-35 -24 34 0
-27 -21 22 0
-15 -48 -48 0
40 -16 -32 0
15 -6 -36 0
46 -43 -49 0
-33 -36 17 0
11 18 37 0
10 -22 -12 0
6 44 23 0
-15 -27 -26 0
45 -13 5 0
-6 6 -30 0
-26 -42 -34 0
-41 -42 -38 0
27 -24 42 0
