c CNF generator v0.9
p cnf 50 234
-31 47 11 0
32 12 5 0
10 5 -28 0
-33 3 -11 0
36 26 -19 0
-22 -45 38 0
-24 8 -44 0
-40 -41 -2 0
49 27 43 0
38 -28 34 0
-18 22 -4 0
-30 -38 19 0
-41 -47 11 0
-9 27 -44 0
1 1 2 0
19 27 37 0
42 7 16 0
23 32 -30 0
-3 21 -36 0
13 -38 -26 0
-36 -37 34 0
20 48 -10 0
-43 3 14 0
41 -23 -41 0
-32 -6 11 0
-22 21 30 0
33 34 14 0
23 -10 45 0
-35 -33 -30 0
-40 29 -12 0
-9 13 12 0
-27 47 49 0
-23 23 -7 0
45 -2 -10 0
30 -17 -46 0
-13 44 32 0
-33 -22 2 0
16 -15 50 0
12 -27 -45 0
-43 -45 -37 0
26 29 -14 0
-23 2 8 0
-25 -11 12 0
50 -30 3 0
22 34 8 0
-37 -12 46 0
17 17 40 0
41 -23 -40 0
25 -47 8 0
6 10 -24 0
-10 -30 -19 0
-30 -49 -46 0
-23 -42 26 0
-8 5 11 0
18 22 11 0
-7 -16 23 0
-8 31 -18 0
-2 27 41 0
3 25 32 0
28 -24 -21 0
-6 -46 24 0
-25 25 5 0
5 10 -35 0
10 -7 -9 0
-14 12 -37 0
10 -40 -50 0
-12 28 3 0
-32 2 18 0
48 -37 -30 0
-7 40 -11 0
-28 40 -21 0
33 47 -24 0
-20 -12 -28 0
44 -38 38 0
44 2 22 0
-17 43 8 0
21 41 18 0
2 -28 37 0
-38 31 7 0
1 50 15 0
45 -50 19 0
24 -48 26 0
-16 12 -44 0
19 -12 24 0
13 -40 -12 0
-43 -17 18 0
-11 47 -47 0
18 17 -27 0
-46 18 -7 0
-43 25 -5 0
5 45 12 0
-3 -11 4 0
46 -3 49 0
-24 43 -32 0
27 -28 -36 0
18 34 -16 0
27 40 27 0
-26 -13 -7 0
37 1 -1 0
-50 50 44 0
-4 19 33 0
18 -21 -1 0
-28 -11 -12 0
19 -41 -16 0
22 2 38 0
41 -4 24 0
-29 -18 -26 0
25 7 11 0
41 -28 -20 0
6 14 33 0
-33 33 8 0
47 30 -22 0
30 -36 36 0
33 -22 2 0
35 7 45 0
-21 -11 33 0
22 -40 37 0
43 44 -13 0
-2 -34 24 0
34 -40 15 0
-18 -7 10 0
-1 7 46 0
27 9 36 0
-50 1 13 0
11 -15 46 0
-20 18 27 0
-2 -4 3 0
-15 -4 33 0
42 16 -44 0
7 25 39 0
39 -28 -12 0
31 -19 26 0
-33 32 26 0
-47 -11 -8 0
44 27 49 0
-29 -6 6 0
-16 -9 44 0
-20 -27 -16 0
-16 -2 -6 0
2 39 6 0
44 -43 -24 0
-14 -23 26 0
25 28 1 0
29 7 46 0
3 48 -34 0
24 -48 9 0
-9 50 -42 0
31 -3 45 0
20 44 15 0
6 -44 -10 0
23 9 49 0
27 -25 -13 0
2 43 -41 0
38 29 -44 0
29 43 34 0
-48 -50 -16 0
-11 -11 43 0
-34 24 27 0
47 6 40 0
-11 -14 -32 0
47 -7 30 0
-7 -9 -1 0
24 14 41 0
-7 35 32 0
49 3 14 0
42 25 -34 0
-20 41 -14 0
-49 -4 -7 0
2 45 26 0
27 21 26 0
-33 -4 -24 0
-15 -39 4 0
-50 31 -32 0
22 6 29 0
39 -30 46 0
38 -36 -29 0
28 25 49 0
39 27 7 0
40 -20 -50 0
14 -18 -40 0
-48 -47 32 0
-50 35 9 0
-44 18 24 0
-13 41 -14 0
-24 -21 22 0
42 38 1 0
13 36 25 0
-27 -27 -32 0
29 -37 -14 0
-32 -35 -12 0
-23 -46 -15 0
3 -34 21 0
-42 -20 -45 0
-4 -34 -15 0
-31 32 -41 0
-32 -24 47 0
1 34 -33 0
-38 -20 44 0
38 25 42 0
3 5 17 0
-26 -11 44 0
-35 -28 6 0
27 -39 -19 0
-36 -37 18 0
20 -35 40 0
-12 33 31 0
17 23 13 0
-50 -17 -29 0
33 -42 -49 0
18 -26 40 0
48 -40 9 0
-26 -10 -31 0
-44 2 -13 0
-48 41 3 0
17 -32 20 0
14 -12 8 0
-48 -24 -47 0
-38 -17 27 0
10 -49 -13 0
-45 -32 19 0
-1 28 25 0
44 30 -20 0
-16 -38 -34 0
-21 36 -24 0
9 -48 -21 0
-6 30 17 0
-28 40 -34 0
-22 -28 -11 0
25 -21 35 0
49 40 26 0
-29 -47 -47 0
31 -9 49 0
44 -41 -40 0
-6 18 -37 0
