c CNF generator v0.9
p cnf 50 234
20 29 -46 0
-16 -11 -41 0
-29 20 -31 0
2 -28 -3 0
-36 -48 -9 0
-40 -33 -26 0
-8 38 30 0
44 -27 -40 0
14 -36 -6 0
12 2 -43 0
-9 -43 49 0
-15 -6 33 0
-7 -40 14 0
23 11 35 0
13 9 -35 0
49 -43 -32 0
23 50 41 0
-16 -26 -2 0
48 42 42 0
-12 5 48 0
-1 17 -39 0
-25 -45 25 0
-12 -37 -25 0
8 -25 42 0
-47 12 -21 0
23 33 11 0
36 48 23 0
36 -11 26 0
43 21 -26 0
42 -43 21 0
48 -15 -41 0
-44 -24 -4 0
49 -25 -42 0
-12 39 43 0
-13 -46 37 0
16 -44 -42 0
40 22 34 0
38 -35 -2 0
-43 36 -3 0
10 -7 5 0
-14 44 -9 0
-33 19 21 0
17 1 -31 0
48 -2 23 0
7 5 -3 0
3 23 -11 0
-44 -18 16 0
28 12 -22 0
39 21 23 0
14 -42 -32 0
45 -48 33 0
-32 -14 42 0
-29 -13 -24 0
-12 -37 -24 0
3 -45 48 0
34 24 -23 0
38 47 -5 0
-31 6 -45 0
-34 28 5 0
-26 -6 -30 0
15 -35 17 0
-2 -45 -6 0
28 38 46 0
-16 -9 42 0
17 -15 -25 0
-14 -46 -23 0
30 25 36 0
-11 27 -4 0
-45 50 -50 0
35 23 29 0
-15 -6 36 0
-16 -19 27 0
-29 31 24 0
-38 -43 -9 0
15 11 6 0
-14 26 45 0
3 -4 9 0
-5 -33 18 0
13 3 18 0
-2 22 -11 0
34 7 -15 0
-43 -1 -30 0
-49 -48 48 0
3 8 -40 0
-50 23 -32 0
7 -21 1 0
-30 -3 -19 0
2 13 -35 0
3 -42 31 0
36 -43 -11 0
5 6 44 0
-26 1 -37 0
22 -35 37 0
-45 -2 -39 0
-5 26 48 0
26 -42 6 0
20 22 2 0
36 26 -39 0
-2 11 41 0
21 -29 -13 0
-47 46 44 0
-2 35 -20 0
-45 -42 -13 0
-18 3 15 0
-47 -38 16 0
36 10 -32 0
17 -22 -29 0
23 -18 32 0
34 25 5 0
9 33 -17 0
-20 -36 -35 0
22 -34 31 0
-40 35 -4 0
3 -45 -24 0
8 -38 -27 0
-44 -19 1 0
-3 -39 39 0
-32 -13 -1 0
-26 -18 -40 0
24 26 22 0
-7 -45 22 0
-24 33 21 0
-32 6 39 0
-32 -43 44 0
-14 -49 32 0
-9 -18 -42 0
5 31 -17 0
21 18 -10 0
-36 -6 -15 0
4 11 -28 0
29 35 12 0
-18 21 -23 0
32 -25 4 0
7 6 50 0
18 -33 18 0
47 15 -37 0
32 -45 -13 0
-40 -38 1 0
-47 30 -16 0
30 20 46 0
2 50 38 0
-41 50 -36 0
-29 27 19 0
-1 11 45 0
-27 46 -28 0
-38 8 1 0
50 49 36 0
-50 28 1 0
-50 3 -34 0
14 -41 -27 0
21 19 -25 0
6 33 -44 0
-37 -13 34 0
41 -28 -3 0
-22 12 -30 0
-27 -22 22 0
-26 45 -45 0
7 -32 13 0
-46 -40 43 0
5 31 -25 0
-8 -23 -4 0
5 -43 6 0
-19 -37 47 0
-44 -24 -31 0
-7 43 -29 0
29 22 11 0
-19 17 -36 0
-25 -48 43 0
-4 30 1 0
-27 -27 19 0
11 -25 -23 0
17 -41 44 0
-50 -48 11 0
40 -12 -47 0
-12 -25 37 0
16 -33 19 0
39 -43 -46 0
-1 1 36 0
-36 -5 -19 0
33 -49 -36 0
-17 23 44 0
-4 -50 -19 0
-37 40 -7 0
-36 19 -3 0
-30 22 -35 0
-25 30 -42 0
49 -35 -19 0
19 39 -45 0
14 8 8 0
-13 -49 -46 0
20 -19 33 0
2 -16 11 0
-41 18 -35 0
-43 -40 -3 0
-10 -21 40 0
-49 -6 -39 0
-24 -17 -45 0
43 -27 -42 0
-41 16 21 0
21 2 23 0
-50 -9 34 0
36 49 -18 0
-31 46 18 0
44 -13 30 0
-46 -46 -23 0
-48 13 -33 0
45 -14 50 0
-29 -35 -39 0
41 -8 -35 0
-44 19 -15 0
-17 -20 -8 0
-9 20 50 0
-20 -23 -48 0
-33 -20 -22 0
-39 3 -22 0
28 -50 -6 0
50 30 -41 0
-47 4 -40 0
-38 -1 6 0
43 -25 8 0
-1 32 -46 0
-5 39 -22 0
12 42 -8 0
46 9 -36 0
7 5 -44 0
14 -49 43 0
27 13 41 0
-2 19 41 0
44 -23 -48 0
-31 -9 -11 0
34 19 33 0
-45 -31 47 0
-18 26 -44 0
21 -35 -39 0
