c CNF generator v0.9
p cnf 50 234
-2 -39 38 0
42 -32 -14 0
-37 -36 -39 0
-17 45 -34 0
25 -42 26 0
-18 -27 -41 0
-41 32 15 0
35 20 36 0
19 -22 -43 0
-20 13 -25 0
-33 -44 -19 0
-7 3 47 0
-43 -19 40 0
-45 42 -7 0
-24 -10 14 0
-17 -42 -39 0
-26 -6 -50 0
11 -21 -24 0
21 -33 41 0
-21 -2 -6 0
-5 -47 -19 0
-1 32 26 0
-20 44 -41 0
-37 24 -3 0
-32 5 -43 0
-48 15 20 0
-17 16 -27 0
-28 -34 -26 0
35 -48 25 0
-33 42 10 0
4 -32 -34 0
9 25 46 0
-42 4 -35 0
-49 37 -40 0
-7 -36 -3 0
21 28 4 0
-40 -43 -21 0
28 -32 -27 0
17 -43 35 0
-3 -39 -50 0
35 -36 15 0
4 46 -26 0
41 2 19 0
24 -16 8 0
-13 -34 -11 0
-9 46 14 0
-3 -40 31 0
7 10 3 0
-23 -14 -17 0
-15 -30 -24 0
3 14 8 0
-37 33 6 0
23 -42 -27 0
34 -22 -18 0
-8 -35 -21 0
6 9 3 0
3 18 -12 0
42 31 -40 0
-42 -39 32 0
-11 43 -38 0
1 7 -2 0
-1 -9 37 0
28 -31 -16 0
-23 33 -27 0
27 -16 -5 0
-33 -26 -4 0
-10 9 24 0
-27 31 23 0
-18 -40 -50 0
33 24 -8 0
43 -16 -24 0
36 43 -3 0
-12 30 -3 0
25 28 19 0
-26 -23 -13 0
-14 -43 12 0
32 -20 -39 0
-3 36 -1 0
23 -4 48 0
27 34 15 0
-49 -49 23 0
-37 28 -25 0
-42 -35 36 0
-42 -14 48 0
18 -38 -40 0
-11 -23 20 0
-26 30 -1 0
47 44 15 0
-7 -26 -12 0
48 -14 35 0
-14 -9 -37 0
-14 22 23 0
46 30 -46 0
-23 -46 4 0
41 45 16 0
19 34 -37 0
-16 46 14 0
36 -5 27 0
-40 9 19 0
43 -24 29 0
-8 -41 39 0
45 33 -38 0
4 -33 -39 0
-10 -32 41 0
-30 22 -44 0
-24 -37 42 0
-2 31 -48 0
-19 14 32 0
-20 42 -49 0
3 36 30 0
41 -14 9 0
23 -17 33 0
21 8 -11 0
19 -34 8 0
-45 -28 34 0
-36 11 -5 0
-37 23 21 0
40 -17 -2 0
45 50 48 0
38 26 -9 0
8 11 48 0
27 -32 -23 0
50 15 25 0
5 -27 -23 0
19 49 34 0
-46 -9 20 0
-25 -30 -46 0
-48 38 -18 0
-11 -28 -48 0
36 38 -31 0
-5 24 21 0
15 -23 -9 0
18 -22 -40 0
8 -11 47 0
-6 -7 -5 0
-45 -15 23 0
-29 1 -4 0
-27 45 46 0
24 -49 -24 0
7 -37 47 0
42 16 -22 0
11 14 50 0
20 34 21 0
-34 47 19 0
15 35 13 0
-16 -45 -5 0
-33 29 -6 0
39 34 1 0
-24 39 -1 0
1 -26 26 0
29 -13 50 0
43 25 -45 0
10 -42 -14 0
-18 -31 -9 0
22 33 22 0
-21 24 36 0
-17 -23 -39 0
2 36 30 0
32 -18 -45 0
-5 -15 32 0
-16 -28 -18 0
14 19 48 0
-16 -40 8 0
43 -13 -1 0
16 42 -41 0
44 14 43 0
49 -31 -32 0
-24 -33 -5 0
37 8 -10 0
28 15 41 0
44 13 8 0
37 -31 -6 0
-47 -13 -48 0
5 44 -35 0
-43 27 38 0
4 -4 13 0
25 -8 49 0
-32 -33 6 0
-22 12 -22 0
9 -12 -20 0
23 -5 48 0
-10 -14 20 0
-26 -35 16 0
19 -35 46 0
47 9 -22 0
-7 12 -39 0
8 34 -15 0
-4 -36 -43 0
-17 -26 35 0
47 13 -14 0
-47 16 49 0
-5 35 -38 0
-1 42 -30 0
34 -40 -22 0
27 12 29 0
-5 -20 -17 0
42 -48 -11 0
-6 -1 -13 0
18 8 -31 0
-13 -49 43 0
-34 -37 -4 0
-10 8 -15 0
2 -7 45 0
29 -50 -1 0
-42 42 42 0
3 27 11 0
-15 -1 18 0
26 -31 -35 0
-3 -36 19 0
43 -5 -28 0
-38 16 -6 0
31 -23 -28 0
1 33 25 0
14 -28 21 0
49 39 18 0
10 -17 -50 0
-47 -30 20 0
-23 -21 -21 0
42 -27 -5 0
38 -7 -22 0
26 -1 -17 0
38 11 -10 0
-11 2 26 0
-33 18 -4 0
-4 -3 -21 0
46 46 -32 0
16 -6 1 0
48 -18 12 0
-33 34 38 0
-4 -26 -7 0
33 -38 -49 0
-16 21 -31 0
-11 -36 1 0
49 -6 -50 0
