c CNF generator v0.9
p cnf 50 234
50 -50 12 0
13 -15 -39 0
-8 -41 43 0
44 23 15 0
38 -13 19 0
12 -15 -36 0
6 10 -11 0
-43 -36 43 0
16 -33 -19 0
-24 43 -9 0
40 40 1 0
31 4 -15 0
-12 -26 -20 0
-30 -31 47 0
34 -24 -37 0
-41 -25 38 0
-44 -1 29 0
-30 -7 20 0
48 41 -6 0
8 16 -32 0
-3 -11 47 0
35 -42 -15 0
-4 26 2 0
-35 36 36 0
1 -22 -13 0
-13 -35 -50 0
-4 25 40 0
11 -49 11 0
-7 -20 48 0
-28 -13 39 0
13 -40 17 0
20 -16 -6 0
30 46 32 0
-5 -33 -42 0
-10 33 -8 0
-20 35 16 0
-42 26 26 0
21 -28 -50 0
-14 -1 -10 0
-15 20 20 0
42 13 -13 0
8 21 -48 0
49 40 37 0
18 -2 -37 0
-33 7 33 0
8 22 -41 0
10 38 36 0
-32 13 25 0
-27 50 -14 0
-9 45 -48 0
32 -38 -43 0
34 39 41 0
5 -42 -3 0
5 28 41 0
-33 -32 -3 0
27 32 -25 0
35 -37 8 0
29 3 -36 0
6 28 -29 0
-6 -19 -11 0
-12 -48 17 0
-36 -24 14 0
15 23 22 0
1 32 -7 0
-21 15 -35 0
42 -15 46 0
27 -6 49 0
-15 41 37 0
37 -3 12 0
24 31 -9 0
10 -27 -37 0
-41 -8 -30 0
-50 44 -9 0
28 -48 45 0
-18 -50 36 0
23 -12 35 0
-33 48 9 0
29 -12 1 0
20 -10 25 0
-8 -48 -35 0
-30 47 30 0
2 -50 -47 0
-3 7 -30 0
10 -38 -23 0
3 -24 42 0
-16 43 35 0
-4 -44 -36 0
-42 21 27 0
27 29 -9 0
18 -7 5 0
8 38 -21 0
-11 4 -8 0
16 25 24 0
-25 38 38 0
-34 -2 -41 0
41 -42 2 0
-28 -21 -25 0
22 12 10 0
-2 8 14 0
-25 -6 -36 0
-39 8 39 0
-15 -31 -20 0
16 -1 -32 0
33 37 -6 0
-28 -38 27 0
-15 48 44 0
5 26 14 0
29 -35 45 0
-7 40 5 0
-40 -45 29 0
21 -33 30 0
37 23 -12 0
-45 4 -41 0
43 -36 1 0
-11 46 18 0
-25 36 28 0
-10 -29 2 0
45 -5 32 0
-43 11 -45 0
42 -10 -39 0
27 44 32 0
33 -30 -30 0
-34 -9 -49 0
-49 5 44 0
32 19 -13 0
-43 -47 -33 0
21 35 -30 0
-4 -46 15 0
-35 22 -8 0
11 -50 46 0
22 25 18 0
-34 -40 -41 0
-43 -7 -47 0
-1 -39 9 0
48 -1 17 0
33 -17 36 0
-34 -10 11 0
-25 15 12 0
-19 -9 -33 0
33 -13 1 0
45 9 -50 0
-41 36 9 0
-1 12 -33 0
9 -14 -48 0
-44 -30 -45 0
-10 -29 12 0
45 39 37 0
-15 -21 -32 0
32 19 -43 0
-46 43 16 0
-6 7 40 0
25 32 -35 0
39 -34 5 0
-50 22 32 0
-7 36 -4 0
27 6 -47 0
-16 -11 -50 0
30 -14 38 0
2 -32 21 0
-29 -32 -11 0
-26 -27 30 0
3 -17 10 0
49 2 17 0
42 -29 -29 0
19 -6 -6 0
-38 -17 38 0
17 40 -40 0
-19 22 -46 0
-42 11 -44 0
-46 -9 29 0
46 -43 -49 0
-36 44 13 0
37 47 -22 0
-34 1 34 0
-43 -38 -35 0
-40 -29 -12 0
47 -31 13 0
-32 -32 -48 0
-7 -47 3 0
8 -49 -36 0
-6 -29 -10 0
12 49 -41 0
38 -6 -49 0
32 -36 -50 0
-21 -41 47 0
33 -37 -24 0
41 -34 42 0
-26 -47 21 0
16 -47 -27 0
37 43 37 0
-1 -24 -3 0
-45 -42 -31 0
-22 -44 19 0
14 -32 -47 0
26 -15 -49 0
-14 35 -20 0
-7 14 6 0
10 23 -27 0
41 -3 -38 0
-28 -31 -4 0
-8 12 -18 0
-6 -34 3 0
10 -11 -44 0
39 -6 13 0
9 44 28 0
-38 22 -21 0
-21 23 2 0
50 -27 8 0
17 -27 -27 0
-49 -26 -1 0
41 20 49 0
-14 -1 -8 0
-49 -3 -23 0
46 35 -25 0
36 -16 -33 0
27 -33 29 0
16 -35 -28 0
-41 34 12 0
12 24 25 0
4 -13 -49 0
-24 19 25 0
48 26 43 0
2 -13 4 0
45 -5 5 0
-19 -11 -36 0
-21 18 13 0
-14 -16 47 0
-29 20 -38 0
-27 17 2 0
41 -37 -6 0
18 -25 -49 0
-40 18 20 0
37 -11 15 0
1 9 -20 0
