c CNF generator v0.9
p cnf 50 234
6 15 3 0
29 -40 12 0
-14 -26 34 0
12 -26 25 0
5 7 28 0
-27 13 -17 0
-29 6 -38 0
23 -2 1 0
-27 -27 7 0
25 13 -24 0
-11 -16 -41 0
-48 -33 -45 0
40 -44 13 0
-26 -49 -12 0
-39 17 -2 0
-2 35 32 0
30 31 29 0
22 28 -32 0
-25 11 -3 0
-10 1 -7 0
28 -50 5 0
27 29 -31 0
26 -5 41 0
-12 -21 -38 0
28 -19 49 0
-23 -44 29 0
-41 29 -33 0
-25 -36 -37 0
-39 -12 39 0
-13 35 46 0
35 11 -17 0
10 29 -30 0
-2 2 -33 0
-13 -41 -9 0
-1 26 -49 0
41 26 47 0
31 12 -26 0
16 -2 -27 0
-6 -25 -38 0
13 -34 11 0
-3 5 -48 0
8 47 30 0
10 21 -8 0
25 22 20 0
4 6 7 0
-12 -13 46 0
17 37 29 0
1 15 -35 0
43 -21 -29 0
29 9 23 0
24 -37 -36 0
-27 -23 38 0
-33 4 -18 0
-48 19 18 0
19 -30 -30 0
36 -15 26 0
-5 3 32 0
-4 -30 -42 0
-12 -29 29 0
20 -29 6 0
-28 43 -41 0
-25 16 19 0
44 -35 -3 0
-20 35 -39 0
32 34 9 0
-7 -9 37 0
-50 -45 -41 0
2 20 -18 0
-17 -50 -29 0
-14 -32 -48 0
-26 -42 -18 0
1 2 34 0
-15 29 -14 0
23 5 -41 0
3 -33 9 0
5 -20 -43 0
-47 -18 34 0
-3 -23 23 0
30 49 -48 0
-43 -41 -31 0
46 -11 19 0
37 43 -15 0
37 50 16 0
29 28 -26 0
9 48 -35 0
-18 -2 5 0
43 -50 15 0
27 47 28 0
-6 -24 -3 0
-38 39 3 0
45 45 33 0
-45 -18 -36 0
-1 -25 -34 0
-29 -13 1 0
-20 33 48 0
-42 -23 -6 0
9 15 33 0
1 39 -39 0
47 -8 16 0
41 -17 -15 0
-31 -25 -41 0
-45 -31 -48 0
-49 -39 30 0
-28 28 24 0
-28 50 -15 0
24 -33 27 0
25 30 -40 0
-14 15 -40 0
23 -50 -7 0
5 11 47 0
-2 -38 50 0
9 11 -37 0
29 29 17 0
18 -30 34 0
37 5 -23 0
-14 -2 25 0
-24 30 11 0
-2 38 -22 0
-4 9 -22 0
-46 5 12 0
7 -32 -4 0
-1 -38 37 0
-21 29 31 0
-44 -32 40 0
46 43 -21 0
14 -46 3 0
-2 9 23 0
-49 15 -34 0
-17 7 37 0
-23 34 -9 0
43 19 -29 0
-34 35 37 0
48 -25 -38 0
-25 -21 -25 0
-42 9 -18 0
5 32 -7 0
20 32 20 0
10 -11 -13 0
50 -18 14 0
-3 -18 -24 0
-49 27 4 0
13 1 40 0
-6 -40 50 0
42 -49 49 0
-8 -1 -47 0
-21 30 28 0
-14 -34 -5 0
-38 -42 16 0
22 -48 48 0
28 49 5 0
31 44 19 0
-17 50 12 0
-25 -50 -47 0
-20 43 -32 0
-48 17 47 0
38 -3 -28 0
-39 -23 24 0
50 -19 -41 0
-7 47 6 0
9 45 -15 0
9 8 47 0
-14 29 49 0
17 -37 48 0
46 -28 -34 0
42 -49 -41 0
24 20 46 0
-48 -20 7 0
-24 44 31 0
-29 -23 -38 0
-29 -23 -31 0
-42 -49 -25 0
-6 20 -11 0
-37 -15 11 0
-31 -9 -38 0
39 -10 -14 0
-15 -5 1 0
37 34 -47 0
-8 -42 18 0
-44 5 -39 0
28 25 -49 0
41 25 -21 0
22 -26 37 0
-24 49 31 0
15 -48 39 0
-48 2 -2 0
14 39 -28 0
8 -21 -28 0
-49 39 -36 0
-12 29 -11 0
47 7 11 0
39 -41 45 0
7 -30 -27 0
-10 42 -15 0
39 -35 8 0
22 23 -11 0
-3 -14 46 0
-27 -43 -10 0
-42 -30 9 0
49 40 -13 0
-32 -37 21 0
-13 9 41 0
-29 -9 -25 0
14 34 -4 0
25 -45 14 0
1 -8 -12 0
3 34 -5 0
35 -38 38 0
4 -42 -21 0
6 7 -17 0
-26 -50 14 0
-26 15 1 0
-18 18 40 0
-37 -9 40 0
-37 -21 -10 0
-5 -6 30 0
-33 -36 47 0
34 -28 -14 0
8 -44 -45 0
38 40 45 0
26 -38 23 0
-37 -2 -6 0
9 -12 44 0
21 10 -12 0
21 50 14 0
-38 -8 -6 0
2 -34 -8 0
24 -45 16 0
-23 39 47 0
18 -13 50 0
4 12 -14 0
-13 -13 -4 0
-10 3 -17 0
-14 -48 20 0
-25 48 -28 0
