c CNF generator v0.9
p cnf 50 234
-21 -18 4 0
-31 -12 -42 0
-22 -7 37 0
-35 22 -48 0
48 21 48 0
-11 24 16 0
45 27 3 0
19 19 11 0
26 -9 22 0
-22 -44 9 0
31 -48 1 0
-50 -36 -19 0
-40 -28 27 0
30 -39 26 0
25 14 43 0
2 24 31 0
4 33 -39 0
1 -21 22 0
-41 -8 3 0
-7 12 33 0
25 25 -6 0
43 -32 -49 0
36 -42 47 0
-10 -21 27 0
-42 2 4 0
47 -11 2 0
-50 -7 -19 0
3 -28 -31 0
-15 18 -45 0
20 40 -27 0
-7 -37 26 0
48 -14 8 0
-47 -21 -35 0
14 -47 44 0
20 -11 -33 0
-9 -25 21 0
-12 12 34 0
29 -5 6 0
-18 43 1 0
-28 11 -43 0
-18 40 -49 0
-5 45 -16 0
15 -20 13 0
38 -47 29 0
-31 23 44 0
-3 -26 -47 0
6 -18 34 0
34 -22 25 0
43 -46 -49 0
-3 -18 38 0
-18 16 -17 0
-37 -4 -14 0
-50 20 -31 0
13 -7 44 0
37 20 -11 0
12 -30 43 0
45 -32 20 0
-47 29 36 0
-37 -44 45 0
14 27 34 0
-30 -34 -22 0
-3 -43 2 0
-37 38 -45 0
17 -50 42 0
-15 48 -42 0
18 -37 -34 0
46 33 18 0
27 -27 -2 0
-7 32 21 0
24 2 -32 0
40 38 9 0
10 35 36 0
-32 7 -34 0
44 47 5 0
29 -2 -22 0
-46 50 -39 0
33 36 42 0
21 33 48 0
-7 -17 -3 0
6 -21 15 0
-43 -42 -4 0
-33 13 -17 0
13 -11 -15 0
10 -13 13 0
-18 17 18 0
-42 45 -2 0
4 31 33 0
48 -41 -11 0
1 14 18 0
-41 -23 19 0
-44 -12 -5 0
28 -20 4 0
39 -47 -19 0
47 -34 19 0
-7 13 28 0
34 -41 22 0
-36 -41 13 0
19 -34 25 0
-45 -39 44 0
13 48 10 0
11 -14 -11 0
1 18 -27 0
28 11 33 0
-26 -37 -24 0
35 17 -5 0
43 -8 26 0
-43 12 -48 0
-49 18 29 0
24 -28 24 0
-48 36 -48 0
-50 -9 6 0
-32 -47 22 0
-2 -33 2 0
16 -11 -47 0
-49 8 -23 0
6 -21 -34 0
-30 9 44 0
2 -24 43 0
26 17 -43 0
45 -38 29 0
8 -22 24 0
19 36 -13 0
-13 43 21 0
22 31 21 0
-42 49 -32 0
-13 8 -8 0
-43 13 47 0
12 -24 44 0
-13 -6 21 0
19 46 43 0
40 -41 -14 0
-46 -24 43 0
5 26 7 0
40 -17 -37 0
-21 14 8 0
-36 8 -3 0
-48 19 37 0
28 -46 45 0
-33 -30 -44 0
19 -6 -42 0
-35 19 42 0
-20 -20 -17 0
9 -39 -7 0
31 35 -50 0
-30 -37 -18 0
32 49 10 0
-19 33 25 0
3 20 42 0
-4 -10 11 0
5 35 20 0
-34 46 -48 0
-24 36 -13 0
-38 45 35 0
-11 37 -14 0
34 29 -3 0
-10 34 -39 0
-47 29 -3 0
-21 -47 -15 0
-39 38 21 0
28 23 29 0
19 -27 45 0
-17 17 -35 0
-26 -26 38 0
47 -24 31 0
35 6 -8 0
-27 -35 -43 0
34 -3 6 0
14 32 7 0
12 14 13 0
-25 -9 25 0
-5 6 31 0
-8 -10 9 0
-32 -12 34 0
32 13 12 0
-36 -45 -21 0
37 -39 13 0
-9 13 44 0
-9 2 -28 0
-30 -22 -31 0
16 47 18 0
36 -50 21 0
33 -23 29 0
-38 -10 26 0
38 7 -27 0
-13 8 10 0
16 7 43 0
-39 -41 -25 0
28 -16 -7 0
48 -5 -24 0
-50 -15 -36 0
43 -38 -2 0
26 -34 40 0
12 13 -6 0
47 3 10 0
43 -35 39 0
32 6 12 0
17 -44 -45 0
43 40 -46 0
-7 47 8 0
17 41 -27 0
23 -11 -38 0
1 4 -36 0
-40 -17 -27 0
-42 -35 22 0
-9 -39 24 0
30 -37 47 0
34 31 -20 0
22 -33 -13 0
34 43 17 0
9 40 19 0
-32 -37 33 0
11 -40 41 0
-26 8 13 0
-44 28 -8 0
-47 6 39 0
-35 21 10 0
40 -32 8 0
-50 -22 16 0
-1 -31 29 0
3 50 -5 0
39 -29 47 0
32 -4 50 0
46 33 48 0
-24 9 -21 0
35 36 -15 0
-45 -19 -17 0
-46 -10 -23 0
16 -12 -24 0
-23 -40 3 0
25 -26 9 0
-18 -43 3 0
25 39 47 0
-22 17 4 0
-35 -1 -32 0
