c CNF generator v0.9
p cnf 50 234
30 16 22 0
-36 40 24 0
25 -36 -25 0
21 17 15 0
49 23 9 0
-37 -20 -18 0
-20 25 -17 0
5 39 3 0
4 -27 -46 0
3 -16 8 0
-27 31 -15 0
-49 -32 45 0
-35 -49 -45 0
-35 -37 -12 0
-46 31 -10 0
-39 -31 -23 0
-18 -40 36 0
-44 -36 -38 0
-8 -40 -21 0
29 28 11 0
-18 -9 -42 0
50 -11 5 0
-33 35 35 0
14 -46 -24 0
2 -2 -34 0
-20 -33 40 0
6 -10 -44 0
13 -46 43 0
-33 17 -46 0
28 14 14 0
4 25 39 0
25 -18 10 0
42 30 -37 0
41 -30 -24 0
-38 -44 -25 0
3 31 -45 0
-12 -4 17 0
-41 -8 -7 0
-34 17 24 0
14 17 42 0
43 6 26 0
-25 -22 35 0
-21 24 -50 0
-46 18 -34 0
16 37 -6 0
29 -48 39 0
34 48 -38 0
-7 -45 -10 0
-22 -38 38 0
-24 42 -4 0
-27 -43 -47 0
-29 -5 -49 0
5 36 6 0
-30 -19 9 0
32 -12 10 0
47 7 -11 0
-24 -38 17 0
-27 -7 45 0
-8 -1 42 0
21 27 -42 0
35 20 -34 0
-30 -25 40 0
7 9 -50 0
18 15 47 0
21 -26 -29 0
13 6 48 0
-18 47 17 0
-27 42 -12 0
-44 24 12 0
41 8 -48 0
-15 30 -5 0
11 -38 34 0
-33 -33 -16 0
-45 50 -23 0
-38 15 -19 0
37 6 -26 0
14 8 45 0
49 -15 -38 0
17 -22 29 0
-1 21 50 0
7 -29 30 0
10 -30 29 0
7 -45 15 0
16 -47 -16 0
37 30 31 0
-32 -30 -8 0
35 29 -2 0
44 5 27 0
43 -37 -30 0
17 -3 -48 0
-31 24 45 0
-36 36 42 0
-30 -5 -16 0
-27 -10 -20 0
40 -30 29 0
35 -6 -20 0
-7 36 -2 0
38 50 -18 0
8 -5 -39 0
5 -28 -29 0
27 31 18 0
-25 37 24 0
33 40 -15 0
13 -26 18 0
-50 -5 45 0
9 -44 -26 0
24 -23 -40 0
21 44 3 0
21 2 -14 0
37 -19 -26 0
29 -39 -46 0
34 -35 19 0
-1 47 9 0
-26 -18 28 0
-2 17 13 0
-7 -36 44 0
24 -30 7 0
-12 40 -47 0
27 -35 -37 0
-45 36 -44 0
-12 -18 34 0
27 28 -21 0
-29 47 -21 0
3 7 9 0
30 -50 -32 0
-27 34 -4 0
33 39 36 0
7 -13 -5 0
29 24 7 0
36 29 -47 0
-22 2 49 0
30 -47 -41 0
-9 -39 21 0
1 15 27 0
5 19 -42 0
50 1 -46 0
25 -48 -29 0
-32 -14 31 0
15 -42 49 0
44 -20 -46 0
-39 -22 2 0
13 -30 -43 0
-29 5 -3 0
-40 1 -45 0
29 -13 15 0
-18 28 17 0
-46 40 -28 0
48 44 -23 0
-34 -10 -3 0
37 17 2 0
-39 -46 40 0
40 -15 17 0
31 -15 33 0
-17 -24 22 0
22 -37 28 0
25 -26 49 0
43 -20 47 0
-22 1 30 0
24 15 33 0
-34 -39 -26 0
27 24 -20 0
-27 13 -3 0
-42 -30 2 0
-31 -32 36 0
20 28 26 0
-26 -8 1 0
36 26 31 0
45 13 -36 0
-44 50 -22 0
18 -3 20 0
33 34 13 0
16 37 31 0
-47 -34 29 0
-37 -42 -36 0
38 -2 16 0
50 -18 22 0
25 41 19 0
-13 15 18 0
-9 -8 -16 0
24 -20 -16 0
42 -44 -33 0
16 27 -17 0
-16 -36 40 0
7 17 5 0
-38 12 45 0
-3 -28 10 0
50 1 -19 0
25 -26 28 0
9 -23 -41 0
-22 -31 17 0
-38 47 28 0
-8 8 -33 0
-43 15 -33 0
14 17 27 0
43 -46 -40 0
-30 29 -8 0
32 -44 43 0
-38 27 34 0
-33 -7 -45 0
-4 -23 -36 0
-5 -41 26 0
41 -31 -43 0
22 27 44 0
32 -27 6 0
-17 -26 -13 0
11 -40 9 0
18 25 -49 0
47 -36 -25 0
-27 -44 21 0
-27 -13 -50 0
42 -27 -18 0
-34 4 29 0
-18 49 -49 0
-27 50 -18 0
18 -3 -29 0
-13 -16 -33 0
-33 32 -8 0
48 37 -37 0
-20 -44 25 0
19 41 -46 0
-7 -25 -38 0
-41 47 27 0
25 5 -47 0
-29 10 -25 0
-49 7 -4 0
-31 -48 19 0
21 -26 47 0
-33 18 -41 0
-10 -28 27 0
-5 -36 26 0
20 8 -32 0
-29 -5 -12 0
46 36 37 0
-8 -40 8 0
