c CNF generator v0.9
p cnf 50 234
-27 -35 43 0
-17 27 -17 0
-26 -46 -31 0
-47 4 15 0
47 -46 -26 0
-16 -32 -13 0
-24 -31 4 0
-21 -39 32 0
21 -26 30 0
-48 -11 -43 0
49 -18 12 0
46 -2 45 0
-34 32 -32 0
-45 -31 -36 0
-16 42 44 0
-28 -3 6 0
8 17 -7 0
-19 15 23 0
-1 37 -30 0
-18 -6 -38 0
-50 -16 44 0
30 24 -49 0
-14 -30 4 0
-29 -46 24 0
-13 -28 -38 0
-42 24 -1 0
36 27 -9 0
17 20 36 0
38 -35 20 0
21 -30 -31 0
-13 -17 -19 0
24 12 -43 0
-28 -28 17 0
-50 -23 -13 0
5 20 -36 0
9 -13 -23 0
-15 11 -15 0
20 -3 -23 0
-33 13 -13 0
-11 31 -38 0
-44 -36 -40 0
-43 -25 -12 0
19 -12 -42 0
9 -17 7 0
-23 -10 40 0
3 -22 -3 0
-27 37 -49 0
22 8 -7 0
44 15 47 0
43 -26 -15 0
-22 23 20 0
16 -25 13 0
-2 11 -9 0
-41 -18 11 0
21 -24 40 0
29 49 -45 0
39 -49 -38 0
-47 -29 35 0
20 -8 -2 0
12 32 -36 0
-35 44 1 0
-29 -4 3 0
6 43 -46 0
-37 32 -12 0
-49 2 -25 0
-13 -48 -31 0
14 -28 -13 0
41 -24 23 0
3 -2 23 0
-25 -42 -30 0
-32 33 2 0
50 28 34 0
-32 -17 -18 0
-19 -3 -46 0
-19 20 -29 0
28 -39 44 0
-43 -28 -29 0
-11 -34 -27 0
48 43 19 0
41 -47 25 0
14 -13 33 0
-45 -38 -43 0
-5 -15 -24 0
-20 -19 -1 0
-9 8 34 0
7 -40 -46 0
42 -29 8 0
16 13 49 0
5 20 -30 0
-3 -24 -13 0
-22 -50 -24 0
-26 33 -24 0
-15 -42 27 0
31 45 -49 0
17 47 12 0
42 21 -37 0
18 12 -25 0
27 -16 -50 0
13 -30 -12 0
30 -38 -4 0
-36 -2 -8 0
24 43 -5 0
43 45 -45 0
-43 6 -3 0
-29 -31 -12 0
-40 1 -9 0
39 8 -42 0
-12 40 -46 0
14 -12 19 0
-30 49 43 0
35 26 -29 0
-32 -4 -42 0
-43 -30 -29 0
-3 5 -48 0
42 34 22 0
-42 -6 38 0
30 19 30 0
-42 8 -12 0
3 -30 22 0
2 -17 24 0
18 -35 41 0
-43 -17 -24 0
-42 2 -50 0
45 -31 50 0
-33 -13 22 0
24 -21 -4 0
20 29 29 0
12 22 28 0
44 8 10 0
-29 -23 31 0
22 -4 -31 0
22 6 28 0
24 -23 -50 0
10 42 -7 0
-50 38 3 0
-49 -22 -2 0
-42 12 -22 0
-8 -15 -25 0
33 34 -8 0
-21 42 5 0
37 37 -48 0
28 -25 -43 0
-6 36 -45 0
-43 -47 48 0
27 40 20 0
-24 -27 38 0
24 13 41 0
-10 26 49 0
-18 -4 -48 0
-27 40 -3 0
-36 -1 49 0
10 -25 14 0
46 -46 29 0
39 -26 -11 0
33 -6 22 0
-44 -29 -30 0
7 22 -40 0
35 48 38 0
41 -10 16 0
7 -41 7 0
-25 -14 -14 0
-47 -47 -24 0
39 1 41 0
45 -1 -31 0
17 40 18 0
-11 3 -29 0
-23 38 -24 0
40 14 39 0
29 42 -47 0
33 39 -21 0
-24 9 -13 0
-3 44 11 0
-30 -45 27 0
25 8 -21 0
-47 38 15 0
4 36 37 0
8 13 -34 0
13 44 31 0
17 26 -27 0
41 18 -22 0
29 48 11 0
-8 -27 -8 0
-25 42 21 0
34 37 -12 0
27 -10 -42 0
43 -50 -26 0
-43 -28 -10 0
-13 31 -23 0
-3 -7 -23 0
-19 -50 7 0
-22 -22 -17 0
9 26 37 0
39 21 -37 0
26 -45 -23 0
7 18 18 0
32 45 41 0
-4 29 7 0
-9 -3 17 0
8 -50 30 0
37 24 13 0
-5 10 23 0
14 9 -39 0
-48 32 11 0
2 -46 -25 0
-20 6 44 0
5 -7 -1 0
32 12 9 0
-8 37 -45 0
47 18 11 0
-18 47 -26 0
43 -10 46 0
-31 -4 19 0
-41 19 45 0
18 -47 -19 0
-34 40 -18 0
36 -24 -2 0
-17 29 48 0
18 5 1 0
40 -29 18 0
-46 9 41 0
-34 34 -14 0
-33 -30 24 0
37 -31 -38 0
5 -40 -28 0
-11 -44 18 0
-31 17 -35 0
5 -49 -38 0
-7 9 -50 0
8 28 31 0
8 -44 -32 0
35 -24 -43 0
-43 23 -27 0
-4 3 42 0
37 38 -21 0
