c CNF generator v0.9
p cnf 50 234
-17 22 25 0
-11 1 3 0
-15 33 23 0
15 49 24 0
28 -48 33 0
-38 41 1 0
13 -22 -21 0
13 -38 42 0
-1 34 29 0
39 16 21 0
-35 29 21 0
-47 9 2 0
15 17 -34 0
39 4 -24 0
44 -19 -30 0
-24 47 31 0
-24 -24 17 0
19 26 8 0
26 42 -46 0
-3 25 35 0
38 43 -45 0
1 -34 -31 0
-24 42 -17 0
26 -17 -1 0
9 -3 12 0
13 40 49 0
4 -42 -6 0
25 14 -33 0
44 17 9 0
36 12 13 0
13 -32 17 0
15 -36 -30 0
47 -49 -7 0
-5 -9 50 0
-30 -5 -42 0
5 -41 46 0
-44 -2 26 0
-49 -37 19 0
18 -46 33 0
-36 -35 23 0
37 -21 21 0
44 47 9 0
-41 -23 -26 0
21 -24 29 0
-23 -24 -23 0
-44 -48 -50 0
-43 34 -35 0
-11 -33 -1 0
-27 42 -27 0
-2 -27 36 0
-30 -29 -18 0
-24 49 45 0
3 -21 46 0
47 -31 39 0
13 -16 47 0
35 30 -48 0
45 40 -43 0
-40 19 -12 0
-42 24 -24 0
28 -37 42 0
12 44 -15 0
18 -50 -2 0
-42 13 -37 0
17 28 -46 0
-17 7 5 0
-50 31 -20 0
28 45 27 0
-16 13 -4 0
44 -21 -30 0
10 -25 -7 0
-38 -42 36 0
5 -2 -36 0
-22 11 -44 0
25 -23 47 0
-42 44 28 0
31 30 -14 0
28 -25 -13 0
-20 -17 35 0
-23 18 12 0
40 13 -4 0
-18 -8 -29 0
34 4 3 0
-5 37 -40 0
50 3 19 0
-24 9 4 0
22 -22 -42 0
-26 -34 20 0
-39 39 -43 0
25 -15 50 0
-18 7 -2 0
-40 6 -21 0
28 16 -50 0
-14 -43 6 0
-18 43 19 0
42 9 23 0
50 32 44 0
-43 -8 -9 0
-29 -47 33 0
-12 -6 2 0
39 -16 32 0
20 -35 40 0
-50 -3 5 0
-9 32 46 0
-41 -27 7 0
-43 -18 -33 0
-28 10 39 0
6 28 12 0
33 -9 -17 0
-43 -46 11 0
-31 17 -10 0
15 -8 -49 0
-49 -40 -20 0
38 -31 -1 0
-49 49 -38 0
43 -28 28 0
26 -4 16 0
-26 -7 50 0
24 -37 -48 0
26 -47 -5 0
-21 -50 -24 0
13 -34 17 0
25 2 19 0
45 50 -20 0
-33 -32 25 0
-7 -12 -16 0
-22 -23 -27 0
42 39 46 0
-42 45 -28 0
22 23 -33 0
38 -41 -10 0
-35 11 40 0
12 -42 -48 0
-28 -47 25 0
29 -25 5 0
46 42 -24 0
-16 31 -19 0
14 14 -8 0
4 32 -49 0
-47 -23 50 0
50 -43 17 0
23 26 37 0
25 -22 -43 0
-19 -20 39 0
-23 -17 -9 0
1 -41 -33 0
37 40 21 0
-8 47 -41 0
-42 -28 44 0
-46 22 32 0
22 20 17 0
9 48 8 0
36 -32 -48 0
-9 -34 38 0
-43 -13 3 0
46 4 13 0
-15 -9 -20 0
-49 22 -26 0
-32 -43 2 0
-32 -21 34 0
36 -28 36 0
9 -18 -19 0
41 10 -32 0
2 -42 37 0
27 -45 -36 0
-48 12 -45 0
-7 9 2 0
25 -19 48 0
-9 40 24 0
25 2 10 0
-24 4 27 0
-36 39 24 0
-6 -42 2 0
-5 -45 -39 0
12 -35 46 0
-11 50 -36 0
26 2 -18 0
-33 34 35 0
-4 -15 46 0
35 -20 31 0
-16 -39 -6 0
41 -25 -42 0
18 -44 -27 0
22 29 -19 0
50 35 -48 0
19 -43 -48 0
35 -46 13 0
-10 45 20 0
35 -27 13 0
50 -21 26 0
18 -32 -40 0
-10 3 5 0
-14 12 -3 0
5 -47 50 0
22 -22 -48 0
-1 -36 29 0
-16 -12 4 0
-18 -44 28 0
44 -32 -15 0
4 -5 12 0
-48 35 -22 0
27 -18 -23 0
-42 -32 14 0
-20 44 4 0
7 -12 -10 0
22 44 29 0
7 -40 -33 0
41 16 20 0
40 20 -3 0
29 26 6 0
-50 45 -40 0
10 -17 -6 0
19 -50 -44 0
40 -40 -38 0
22 15 -35 0
-8 38 -50 0
-19 -49 23 0
-24 -29 29 0
47 -23 33 0
-31 5 -31 0
-27 9 -18 0
-39 37 -25 0
41 -24 37 0
-50 -4 23 0
50 19 47 0
18 17 20 0
-17 18 -9 0
-13 15 45 0
48 -40 -25 0
31 20 4 0
38 -14 16 0
21 42 24 0
7 39 -42 0
-46 50 -45 0
12 -22 30 0
