c CNF generator v0.9
p cnf 50 234
7 10 44 0
23 -14 -39 0
31 30 -47 0
37 33 -49 0
-26 -1 22 0
49 -1 -24 0
26 27 -33 0
9 -36 -47 0
42 13 19 0
-15 -4 -29 0
-35 -38 36 0
-15 -36 27 0
8 -8 -44 0
-12 34 -7 0
26 -23 -39 0
-1 9 35 0
-50 50 10 0
-20 -34 33 0
16 -4 26 0
-22 39 -16 0
5 -32 29 0
-9 -19 -26 0
-38 16 -36 0
42 -28 27 0
46 -46 -19 0
18 -48 -31 0
34 -24 -46 0
18 -6 5 0
32 -28 12 0
2 10 36 0
45 29 -26 0
10 -22 39 0
38 -13 -47 0
9 -9 -29 0
-4 -15 -49 0
-49 48 47 0
-46 22 -9 0
9 -16 23 0
44 18 16 0
13 -26 -48 0
-12 -50 49 0
-14 -5 23 0
20 34 -8 0
-21 21 -12 0
-29 -41 16 0
45 -4 27 0
37 -24 -42 0
-8 -3 -31 0
-32 -23 15 0
45 -20 -49 0
50 27 21 0
-46 11 5 0
27 -8 22 0
17 3 -28 0
-42 5 8 0
31 14 44 0
39 38 11 0
-25 24 38 0
-48 42 38 0
-11 44 -6 0
-4 28 4 0
-47 37 48 0
-2 -20 -45 0
34 4 36 0
-28 -28 -34 0
2 -48 41 0
-2 36 -32 0
46 17 28 0
5 -43 28 0
-21 23 2 0
-14 -15 34 0
2 -48 13 0
-2 22 39 0
-12 -37 18 0
32 37 -13 0
-5 47 -2 0
31 45 9 0
45 5 27 0
-26 -38 8 0
4 11 -45 0
31 5 -8 0
49 38 5 0
43 4 -4 0
-2 -22 45 0
38 -19 -33 0
-4 -14 -45 0
-15 13 29 0
-14 -2 -7 0
24 -8 19 0
-1 -23 1 0
5 -40 12 0
-4 -20 -28 0
7 12 37 0
32 -33 27 0
7 -23 15 0
-33 -28 10 0
-31 39 -7 0
5 17 34 0
33 -45 -30 0
-46 -7 19 0
-40 -23 23 0
-33 2 -9 0
-13 12 29 0
28 10 32 0
-22 27 9 0
48 -46 -49 0
37 -13 -40 0
13 2 40 0
50 -13 36 0
12 -9 37 0
10 19 -20 0
23 9 -19 0
-45 -40 -4 0
50 -20 29 0
-23 -1 -13 0
44 -50 18 0
49 -29 26 0
-3 26 11 0
25 50 17 0
-11 -32 42 0
-45 31 45 0
9 43 -2 0
-33 43 10 0
27 7 10 0
-27 -19 44 0
-12 -28 40 0
36 -6 -46 0
-42 -29 -14 0
43 41 -4 0
-6 36 20 0
-13 -13 -20 0
7 21 -15 0
-21 49 38 0
-34 29 6 0
-29 48 32 0
-1 -23 -27 0
-18 -43 -35 0
-38 -21 -50 0
47 -38 29 0
2 10 -2 0
24 27 27 0
-22 -37 11 0
7 -11 19 0
3 -6 -24 0
-34 44 49 0
14 -35 -11 0
-41 38 -49 0
-36 -33 -50 0
-45 37 27 0
-34 32 -32 0
-5 13 -33 0
8 -25 -27 0
-4 -13 -15 0
-33 -29 -4 0
45 -4 -40 0
-14 36 46 0
-30 7 -9 0
-7 27 -14 0
17 -33 26 0
15 -31 -46 0
3 27 6 0
-1 34 33 0
21 46 -23 0
19 26 35 0
-27 -38 11 0
-2 37 -43 0
47 1 17 0
-29 43 28 0
-12 13 -26 0
25 44 22 0
3 39 -48 0
12 47 43 0
-23 23 26 0
-25 -45 1 0
-50 -30 -23 0
14 36 -39 0
-3 13 -32 0
-23 -1 -22 0
-42 41 -23 0
-36 5 -18 0
33 -13 6 0
7 1 -17 0
34 20 48 0
-24 -27 -11 0
2 32 34 0
-11 -39 32 0
-11 19 -24 0
-35 -46 -50 0
24 -14 -29 0
21 14 -6 0
28 -35 -47 0
16 16 23 0
36 50 -17 0
-13 27 -4 0
37 -40 20 0
-40 -46 -27 0
-34 40 -2 0
2 36 -23 0
-34 13 -46 0
-9 -12 18 0
15 15 -24 0
-15 -3 -19 0
-37 18 -31 0
31 -32 -20 0
-2 47 10 0
-46 29 33 0
-4 26 -10 0
12 -1 -34 0
-12 39 18 0
4 -48 48 0
-50 -24 -30 0
-5 29 -2 0
-32 37 -13 0
17 -1 -44 0
44 -23 34 0
19 -18 14 0
13 -8 -34 0
-7 -5 50 0
-13 -45 32 0
-4 3 -11 0
40 28 32 0
32 -49 -47 0
-39 17 -45 0
-24 -17 32 0
-26 -46 -1 0
-36 25 -43 0
-29 16 27 0
5 -34 35 0
-36 25 -46 0
40 -46 -6 0
-50 10 38 0
33 23 22 0
31 35 33 0
-17 -10 29 0
