c CNF generator v0.9
p cnf 50 234
-11 3 46 0
-5 -28 21 0
20 -33 26 0
-38 -17 19 0
20 1 -11 0
-21 29 -13 0
-49 -33 -33 0
5 15 33 0
-32 -35 -36 0
-50 -1 -13 0
-16 -24 14 0
-17 -31 -32 0
21 15 48 0
30 50 -29 0
28 17 -45 0
-36 -16 -44 0
44 -31 -36 0
-3 -4 -5 0
-49 -36 42 0
-13 35 17 0
14 -3 -13 0
27 -27 40 0
-10 -30 4 0
20 -5 23 0
-44 31 -50 0
-46 31 3 0
24 33 36 0
-1 38 -19 0
26 28 14 0
5 35 -46 0
-15 26 -43 0
-24 -34 10 0
11 -29 12 0
36 -13 42 0
-38 -44 8 0
-18 -24 -37 0
6 -25 29 0
-4 -27 23 0
-48 -29 -3 0
-45 -23 -34 0
-3 20 -2 0
7 12 2 0
25 49 -19 0
-14 -6 42 0
-47 4 -11 0
49 35 48 0
28 -38 44 0
-18 -33 -43 0
-39 21 34 0
17 -48 -20 0
-38 9 -25 0
-45 -2 6 0
-19 -21 4 0
2 20 -25 0
24 36 22 0
-24 -6 -19 0
43 15 2 0
37 -14 -40 0
28 -9 46 0
43 -49 -5 0
-36 -21 42 0
35 49 27 0
-7 13 -27 0
-12 -5 -28 0
12 -18 9 0
16 -10 21 0
7 -40 -34 0
-45 -11 50 0
-26 34 -8 0
20 -23 -23 0
4 19 4 0
-9 -6 -46 0
17 12 23 0
-6 24 6 0
39 25 28 0
-28 11 -8 0
-10 11 8 0
-24 2 -41 0
32 -16 50 0
-44 -14 -40 0
-12 -10 -7 0
-19 28 12 0
-48 26 -28 0
39 23 1 0
-44 -17 -50 0
-17 -7 9 0
24 49 -12 0
46 -44 25 0
21 -43 1 0
11 -42 34 0
-17 -16 -13 0
-2 12 28 0
-41 -44 -5 0
26 -18 4 0
-31 -31 -2 0
-48 3 11 0
-36 -31 -39 0
25 2 -22 0
-3 31 -20 0
-1 -18 25 0
-40 32 46 0
7 -9 1 0
32 -43 48 0
5 24 -12 0
15 -43 3 0
-7 42 6 0
-24 -21 -44 0
29 20 46 0
-43 -5 43 0
-1 46 13 0
21 35 13 0
-22 -1 -1 0
38 20 -15 0
-45 -11 -21 0
19 -12 -37 0
-23 -48 -28 0
-2 -45 -50 0
-41 16 -31 0
-33 47 -6 0
12 -32 27 0
-24 -16 -25 0
-18 29 7 0
-39 4 2 0
19 -23 24 0
29 -25 -26 0
-44 24 -46 0
17 26 24 0
41 -6 47 0
12 -33 30 0
36 -33 -7 0
34 -16 34 0
48 7 -8 0
-31 41 24 0
32 49 32 0
-48 23 25 0
-13 34 -32 0
9 -10 -11 0
38 -4 -14 0
-17 -47 -16 0
49 -23 27 0
29 -6 24 0
6 3 29 0
27 -13 35 0
-2 41 -42 0
-13 -29 3 0
40 -27 -8 0
-21 -49 20 0
46 37 31 0
-25 34 20 0
8 19 15 0
31 10 15 0
11 -44 -32 0
5 38 45 0
-5 27 9 0
-10 39 -22 0
-18 16 -32 0
35 -36 -9 0
-23 43 -5 0
-48 47 27 0
14 5 24 0
41 11 28 0
13 -33 25 0
-12 23 -22 0
-11 -50 -25 0
25 -14 -32 0
23 -21 28 0
5 3 -34 0
-22 -29 -2 0
35 -11 24 0
-7 24 30 0
-33 25 -50 0
-38 31 -37 0
36 14 -37 0
-30 33 -2 0
-12 -32 -25 0
41 -26 -38 0
37 49 -35 0
-40 -34 37 0
-33 -35 7 0
-34 -32 34 0
-43 14 -21 0
-20 2 21 0
2 -2 -9 0
6 49 -3 0
-38 11 43 0
-34 -20 -18 0
7 31 37 0
-29 -20 10 0
49 10 7 0
-5 28 8 0
31 -21 14 0
-26 -33 27 0
-35 5 20 0
4 -31 16 0
50 -45 -19 0
8 -15 -27 0
20 -27 -31 0
28 -27 -31 0
10 32 -24 0
-10 -49 39 0
23 30 -10 0
-29 -39 32 0
24 42 -40 0
38 12 36 0
32 -32 -20 0
-27 5 48 0
43 -32 -11 0
12 -16 -27 0
16 -25 -23 0
44 35 43 0
-47 -18 -5 0
17 23 2 0
8 5 25 0
-47 -17 39 0
-45 -22 22 0
6 38 40 0
42 7 -31 0
-17 33 -8 0
6 44 4 0
-13 -41 2 0
34 -38 -50 0
-13 -44 13 0
43 -13 35 0
-8 -7 -6 0
32 -6 -36 0
-10 -29 16 0
-6 -49 44 0
-33 -37 -18 0
27 -26 -9 0
20 18 31 0
-27 -24 35 0
-22 8 18 0
-27 28 31 0
12 11 50 0
