c CNF generator v0.9
p cnf 50 234
13 -37 36 0
12 -6 -22 0
46 -24 -28 0
-14 46 -13 0
47 -17 45 0
41 6 -31 0
50 25 -49 0
21 -20 -38 0
-45 29 -6 0
13 -37 2 0
41 -19 -16 0
-4 -7 19 0
45 -14 12 0
-31 15 -20 0
-8 13 -31 0
-18 -23 -5 0
17 25 49 0
18 3 32 0
10 -14 -12 0
-30 -10 -15 0
-10 47 10 0
-9 25 -48 0
-24 49 39 0
-48 -12 -2 0
-44 -2 -42 0
-20 -37 14 0
13 3 -25 0
12 -35 -16 0
-20 -23 -35 0
3 -10 -19 0
-3 23 50 0
35 -11 26 0
-40 41 -50 0
18 3 -20 0
-45 10 -23 0
-24 42 -2 0
40 37 26 0
-2 -8 20 0
-4 22 6 0
36 14 3 0
-19 24 33 0
-26 -25 -26 0
-39 -44 9 0
-41 -17 10 0
-5 -10 -19 0
-37 13 6 0
-32 -12 -11 0
37 17 -39 0
-24 9 31 0
42 49 -17 0
22 -2 22 0
-13 19 46 0
-50 18 -49 0
-17 -6 -18 0
35 6 29 0
10 13 -15 0
34 -15 1 0
-14 -20 -2 0
16 -39 29 0
-1 -9 20 0
-33 15 -22 0
-30 11 45 0
7 26 35 0
16 25 -34 0
-18 35 -40 0
-12 -37 -21 0
-17 31 -26 0
-33 27 20 0
-48 23 -7 0
-2 -32 -25 0
-21 -18 -6 0
-24 18 -4 0
22 42 35 0
-8 30 10 0
-37 -5 35 0
-46 17 -12 0
47 15 25 0
-29 29 28 0
-42 40 21 0
-42 28 -29 0
35 -13 -13 0
-34 15 14 0
37 -50 -50 0
-22 -11 -11 0
37 -30 -38 0
8 37 -5 0
-32 17 -20 0
-10 45 -35 0
32 48 20 0
43 -4 1 0
42 -26 30 0
-20 -34 -2 0
48 45 -12 0
-36 -21 31 0
9 23 -36 0
-42 36 -1 0
-38 -34 -31 0
-9 16 -1 0
-25 3 11 0
13 -24 -37 0
7 -49 50 0
-26 47 -44 0
-37 -39 -1 0
-23 47 -5 0
25 -15 26 0
-14 18 27 0
27 -30 2 0
-10 38 -42 0
2 -11 28 0
-46 -14 26 0
-18 -48 -46 0
-24 -36 5 0
32 -26 -42 0
10 35 41 0
-17 -37 14 0
-19 34 50 0
33 5 33 0
-28 -26 7 0
39 25 38 0
-48 -38 12 0
24 -1 -38 0
-30 29 -44 0
14 -31 20 0
-43 -12 6 0
26 1 17 0
-11 -18 -35 0
29 -21 -11 0
32 -12 -47 0
-12 -11 49 0
-47 7 -32 0
-13 1 -3 0
-2 -31 21 0
-50 45 41 0
-8 38 -28 0
-44 47 -44 0
49 -22 -48 0
50 -36 -12 0
44 -19 15 0
27 23 34 0
37 16 36 0
-24 27 9 0
-2 -7 -38 0
-48 -18 -38 0
-13 -39 -44 0
6 46 14 0
14 -25 -6 0
23 31 14 0
30 -37 -7 0
-15 -15 -20 0
41 39 -11 0
-30 -3 46 0
36 -10 -42 0
34 -23 13 0
21 27 -43 0
38 -28 5 0
-37 4 32 0
-31 -26 -18 0
28 -30 32 0
46 -6 -31 0
46 -15 25 0
25 -19 40 0
-27 -5 -22 0
-33 -43 -18 0
-7 36 23 0
-39 -33 -19 0
-16 -16 14 0
11 39 -46 0
-15 -2 3 0
17 49 31 0
50 3 -12 0
-19 31 40 0
-15 28 32 0
39 18 27 0
-6 -13 -6 0
5 -30 -24 0
43 -26 34 0
-5 26 -47 0
34 -5 -8 0
-50 46 -39 0
8 38 -35 0
23 11 -38 0
-45 12 -45 0
-26 -35 -2 0
-15 3 -34 0
48 -8 31 0
35 21 -44 0
-3 -44 38 0
43 -38 -22 0
-17 -8 -26 0
-11 16 29 0
-10 -25 48 0
-10 -14 23 0
32 23 -45 0
9 -22 21 0
13 -37 -39 0
-26 13 -5 0
8 -6 14 0
-21 -44 40 0
-41 31 27 0
47 43 -35 0
-48 -30 17 0
36 20 26 0
-15 -4 -16 0
38 -23 -3 0
-35 -5 48 0
-45 -28 30 0
-5 27 -7 0
-27 -1 33 0
-1 2 -6 0
1 3 -41 0
50 -30 -47 0
17 21 -6 0
18 -17 38 0
-16 -50 49 0
33 -23 16 0
31 -48 -26 0
-8 30 7 0
-29 7 -41 0
-1 8 25 0
40 37 -7 0
-34 -32 6 0
-42 36 18 0
35 -8 -36 0
45 -31 -37 0
34 17 48 0
-33 37 38 0
18 26 45 0
-30 -12 -47 0
27 -30 8 0
37 35 12 0
-20 29 -31 0
-21 -2 22 0
5 -47 -5 0
-26 -7 41 0
