c CNF generator v0.9
p cnf 50 234
42 -47 -29 0
45 26 -10 0
-5 -45 42 0
-42 -3 -31 0
32 16 19 0
-26 -33 8 0
-9 1 50 0
43 -16 -35 0
-4 -34 -28 0
8 -30 7 0
-2 44 -1 0
8 35 13 0
-47 -1 40 0
-27 6 -48 0
-28 -21 1 0
33 12 -4 0
-20 8 16 0
-33 9 -28 0
25 -24 -9 0
6 49 26 0
-19 -34 -31 0
36 16 -42 0
-25 27 -18 0
-26 -43 28 0
47 12 31 0
-38 42 -43 0
2 4 46 0
-20 -28 -6 0
-39 2 43 0
24 -46 -12 0
-36 -19 -13 0
48 4 37 0
31 29 7 0
25 6 13 0
50 -17 -15 0
3 -27 16 0
1 -49 7 0
27 -9 -28 0
-3 35 41 0
-23 -27 12 0
30 -20 44 0
49 6 18 0
8 31 -36 0
35 29 -47 0
30 -30 -4 0
-30 -9 21 0
46 49 10 0
11 8 21 0
19 -39 -1 0
-9 45 19 0
-41 -15 -3 0
43 -40 -41 0
8 -26 -17 0
-1 -48 -35 0
20 39 -36 0
-43 4 42 0
-21 -17 -30 0
32 6 28 0
-47 22 -46 0
-17 -45 -40 0
5 -14 -9 0
-13 25 -43 0
8 32 26 0
1 -47 -44 0
25 28 -4 0
-34 25 23 0
16 -47 49 0
-30 -5 -3 0
12 -34 2 0
23 25 18 0
-39 -3 13 0
47 40 -5 0
-47 8 32 0
-20 50 25 0
-38 32 29 0
-1 17 -16 0
38 -46 -3 0
-15 -12 21 0
50 10 -36 0
12 3 48 0
34 -39 43 0
19 19 -11 0
-48 -40 -29 0
-21 -13 -24 0
-12 50 -32 0
45 2 -15 0
3 35 29 0
30 14 36 0
-36 -4 -43 0
23 -38 -23 0
-40 -33 -35 0
31 -20 -45 0
30 10 -9 0
47 -31 -50 0
-29 31 44 0
-32 -20 15 0
16 44 12 0
-48 15 -39 0
-26 2 41 0
43 10 -30 0
32 -24 50 0
33 7 28 0
42 -6 -36 0
20 10 50 0
-19 -7 -32 0
-15 16 17 0
6 -29 -18 0
37 -3 43 0
-23 13 17 0
34 13 12 0
-37 -28 -43 0
35 -41 22 0
22 -28 3 0
6 -7 -10 0
-21 17 -21 0
-8 27 12 0
-9 48 -24 0
4 4 -29 0
-26 28 26 0
45 -31 -36 0
11 -17 -2 0
-37 -36 46 0
24 -34 8 0
45 -1 -24 0
-29 -46 -25 0
-12 12 5 0
48 18 39 0
-37 27 -4 0
-48 -34 3 0
17 42 27 0
26 46 -3 0
26 14 -23 0
-33 -33 -45 0
-35 39 24 0
-36 13 -29 0
22 17 -3 0
-44 26 -13 0
-35 6 38 0
-35 49 35 0
21 31 -42 0
15 -5 18 0
6 -15 28 0
-9 24 -34 0
-48 -44 29 0
32 -20 6 0
9 -39 -46 0
2 -46 3 0
28 24 48 0
-29 -40 -40 0
-8 27 43 0
-42 -17 -43 0
-8 -49 -7 0
33 25 26 0
14 -2 -21 0
23 -23 -7 0
19 -32 -19 0
-37 -47 22 0
-20 19 -10 0
-41 -37 -34 0
-27 34 -25 0
-26 33 28 0
-29 14 22 0
6 -21 -31 0
23 -15 48 0
3 -19 22 0
-41 14 -11 0
30 -42 -2 0
-27 -33 -35 0
-49 43 13 0
44 -11 -41 0
-35 44 46 0
4 21 22 0
18 39 13 0
-20 38 -47 0
49 -45 23 0
-16 6 -19 0
-14 33 -18 0
37 -16 12 0
3 41 -1 0
-15 -32 -43 0
-20 -10 -50 0
3 -17 28 0
2 -16 -16 0
15 34 -45 0
-50 3 11 0
-15 38 32 0
27 -4 25 0
5 -3 -21 0
47 -7 -16 0
13 9 29 0
-28 -48 -31 0
48 -13 47 0
32 -10 3 0
-14 18 40 0
-26 -31 32 0
33 14 13 0
41 -34 -33 0
-10 43 15 0
13 -6 -35 0
28 -43 29 0
20 15 2 0
-48 -5 -48 0
34 32 -11 0
31 -42 46 0
-26 21 29 0
19 -30 -31 0
26 2 48 0
38 -50 -1 0
-50 15 -18 0
35 -36 -49 0
18 33 -40 0
22 48 -35 0
50 -12 -4 0
20 -40 7 0
43 2 45 0
-26 39 -48 0
13 39 9 0
10 -1 46 0
23 -15 -18 0
-44 33 29 0
-42 -36 -43 0
49 -13 -40 0
10 -31 -36 0
-20 -17 9 0
-6 11 -4 0
48 43 -47 0
22 41 -18 0
-34 23 37 0
42 20 -18 0
32 -37 -36 0
8 2 -48 0
27 -35 1 0
-29 19 -34 0
31 -22 -30 0
