c CNF generator v0.9
p cnf 50 234
21 24 40 0
-39 -19 44 0
11 -8 -47 0
-11 -20 -50 0
2 22 20 0
-8 -5 28 0
6 28 39 0
32 -7 6 0
20 49 -38 0
20 47 -44 0
-12 -40 -38 0
-25 -10 27 0
9 -33 31 0
4 41 -17 0
-45 -21 8 0
-43 -7 -36 0
39 1 -41 0
-12 36 -37 0
-9 3 43 0
39 41 44 0
-29 43 -37 0
-38 33 -6 0
-21 -38 14 0
-28 -50 6 0
24 -6 -42 0
24 -26 10 0
18 29 2 0
40 -26 44 0
-7 -8 -15 0
-16 4 26 0
-37 -50 -31 0
2 28 -15 0
-9 24 27 0
-33 -46 35 0
-8 -24 17 0
27 -19 17 0
7 -25 -33 0
17 -20 -43 0
41 35 -28 0
-6 -42 39 0
-16 33 -48 0
8 45 21 0
-28 45 -37 0
-14 -31 -39 0
-5 -3 11 0
-40 44 49 0
34 38 21 0
25 2 -36 0
31 -38 33 0
-24 39 -7 0
19 31 -29 0
-19 -20 21 0
9 29 -43 0
-31 -40 21 0
-29 43 -29 0
48 4 18 0
-2 31 -25 0
-40 20 -40 0
-29 5 -9 0
25 -30 23 0
-43 -37 -38 0
34 -19 -13 0
21 -7 -21 0
-36 9 -48 0
-12 -2 -35 0
5 5 -36 0
-33 -37 -12 0
5 -17 19 0
36 8 16 0
38 1 -37 0
16 -46 22 0
6 28 -9 0
16 40 28 0
45 -3 -12 0
-9 12 31 0
-42 -8 -29 0
34 40 22 0
25 1 -2 0
6 -27 -24 0
-48 -32 -5 0
-33 50 -10 0
27 -21 -26 0
44 29 -26 0
-18 -5 -40 0
-32 -10 23 0
-47 3 15 0
-37 -11 -27 0
-2 -20 16 0
-25 -12 -2 0
32 -38 -1 0
17 14 -29 0
14 -10 -26 0
-40 -24 18 0
-35 40 15 0
10 -31 -42 0
-26 23 21 0
-44 35 6 0
-21 -46 -50 0
-3 -1 44 0
49 -39 -50 0
-40 -43 -31 0
7 28 -46 0
20 -23 -34 0
18 -13 7 0
-14 -18 -8 0
-38 -25 2 0
-44 43 -10 0
41 45 -30 0
20 -44 -45 0
14 -50 20 0
-44 24 7 0
-40 -36 5 0
38 -42 50 0
-45 34 20 0
8 43 -22 0
19 -41 49 0
-4 -50 2 0
-26 -44 15 0
22 26 -13 0
24 44 -23 0
-29 -27 11 0
-40 13 -28 0
17 -26 -27 0
28 18 -38 0
21 -39 -22 0
11 -47 10 0
25 36 -13 0
-31 -43 -7 0
32 -7 -28 0
-5 14 22 0
22 -16 14 0
-50 10 -34 0
-20 8 -42 0
-24 43 6 0
-41 -20 24 0
47 22 45 0
-15 35 40 0
-15 -46 -7 0
-39 -33 -30 0
-15 -32 16 0
-27 -35 17 0
33 11 -34 0
-26 -19 -16 0
-47 5 -16 0
-46 -36 -43 0
-28 -23 14 0
-30 25 14 0
22 -49 -47 0
-14 6 -6 0
12 -45 -40 0
42 -27 -45 0
15 14 -29 0
44 45 -43 0
29 45 -41 0
-9 -46 39 0
-47 -28 -38 0
-13 50 -48 0
-4 46 6 0
-26 14 7 0
-26 28 15 0
-31 -40 46 0
44 11 20 0
19 -10 42 0
-18 19 18 0
-24 -48 -42 0
-50 28 -47 0
-17 2 -33 0
11 48 3 0
-28 23 -35 0
-44 -36 41 0
48 -6 -48 0
11 35 5 0
12 23 -2 0
2 12 12 0
30 26 31 0
27 -28 28 0
39 16 46 0
-28 -11 -22 0
-11 19 8 0
-29 38 -26 0
28 34 -18 0
-28 40 17 0
-25 -26 -22 0
40 -2 -44 0
6 20 26 0
-9 -14 -34 0
-27 -49 35 0
27 23 -49 0
20 -47 48 0
42 4 -11 0
9 37 -26 0
7 18 -43 0
-10 40 10 0
-6 7 -15 0
-43 20 -14 0
-42 6 24 0
-44 -3 -19 0
37 18 -24 0
-48 -33 -37 0
-50 23 -41 0
-38 -21 1 0
5 13 -10 0
-29 1 -14 0
-47 -48 -15 0
-17 24 -23 0
-8 -10 32 0
42 35 -47 0
9 25 -8 0
-24 23 -9 0
-18 31 -34 0
36 6 4 0
25 -42 46 0
46 -22 -23 0
6 38 -48 0
-48 19 2 0
36 45 14 0
-17 44 28 0
-24 49 16 0
-3 -26 45 0
48 11 -1 0
-47 -21 -18 0
6 21 -5 0
-33 4 1 0
45 -18 4 0
-49 6 -22 0
-35 19 -31 0
23 -47 28 0
48 37 26 0
-14 -32 21 0
-19 -1 -23 0
8 41 21 0
-33 -3 -9 0
-27 37 -6 0
-22 26 15 0
