c CNF generator v0.9
p cnf 50 234
-40 12 49 0
4 -41 20 0
-49 34 42 0
28 -40 23 0
38 44 21 0
3 6 31 0
20 37 -10 0
10 23 15 0
41 46 -21 0
25 33 -13 0
-9 -49 23 0
-39 22 4 0
-33 -34 -38 0
-33 25 -45 0
-25 -24 -35 0
-35 -34 50 0
28 -1 -36 0
47 -48 13 0
-45 46 -47 0
36 -18 25 0
-4 -18 45 0
-35 -42 -16 0
-11 -20 29 0
10 26 16 0
-40 -22 -3 0
-34 -15 -9 0
47 -6 21 0
-30 -19 49 0
35 -38 5 0
33 3 -36 0
12 27 46 0
22 -14 -3 0
44 -20 12 0
-48 5 14 0
-33 31 -15 0
-47 -17 -40 0
10 36 24 0
10 34 -15 0
-49 -40 -11 0
-2 -41 -44 0
-16 -26 -37 0
-30 36 -28 0
-8 22 25 0
-44 -22 47 0
-24 -31 16 0
36 2 -5 0
7 37 -26 0
3 40 -7 0
39 -9 -20 0
-26 -43 11 0
-25 47 15 0
10 -17 -50 0
-33 22 -34 0
-24 -35 -4 0
-31 25 6 0
33 48 -8 0
-32 -16 -39 0
17 -19 -46 0
-19 41 2 0
36 15 -27 0
39 -44 -33 0
46 -30 -13 0
19 -37 48 0
3 40 4 0
-14 8 -47 0
-32 -3 -23 0
14 39 -42 0
-36 4 14 0
-6 25 -41 0
14 -12 -5 0
-17 12 -29 0
34 5 -8 0
8 29 37 0
48 -33 18 0
-30 45 -12 0
34 -30 -9 0
35 20 -11 0
-29 18 5 0
20 23 -15 0
40 -34 18 0
-18 -11 49 0
-15 4 24 0
4 -22 -19 0
42 27 41 0
-23 28 22 0
-37 -46 18 0
20 -20 35 0
15 24 -34 0
-42 29 -9 0
50 -42 -15 0
14 -9 -42 0
-14 -27 18 0
32 25 -44 0
9 8 -47 0
-9 -24 -41 0
-8 28 32 0
-50 -26 -2 0
21 -9 50 0
3 -50 49 0
3 -19 27 0
48 -3 -1 0
18 34 -27 0
8 29 -9 0
-1 21 9 0
-11 -44 39 0
31 -23 49 0
-45 -37 12 0
-3 20 -8 0
-25 39 -8 0
-36 15 -17 0
39 28 50 0
-32 -30 -49 0
-4 -19 -30 0
34 -7 -46 0
17 1 -50 0
-33 -18 38 0
-4 -21 -5 0
-40 -41 11 0
8 27 -23 0
-20 -8 14 0
-34 7 21 0
-7 8 -46 0
49 14 19 0
10 34 -15 0
48 38 15 0
-23 -5 46 0
-44 10 9 0
2 46 -33 0
-29 32 27 0
37 43 9 0
11 -26 22 0
33 49 41 0
30 22 2 0
-13 46 -20 0
-14 -19 -30 0
-12 15 -30 0
-46 1 -15 0
5 -10 -27 0
-33 -11 -6 0
3 25 46 0
-12 22 37 0
1 35 -4 0
17 -44 22 0
-36 -50 32 0
-29 32 36 0
-48 -26 22 0
-29 -10 30 0
13 -28 -33 0
-1 30 4 0
-20 10 -2 0
48 50 -34 0
4 12 -47 0
36 32 -29 0
36 31 -6 0
-29 -10 10 0
-8 50 10 0
-23 41 -26 0
45 -49 -32 0
-23 44 29 0
-25 15 -30 0
-21 -19 -26 0
44 -19 24 0
-28 34 37 0
-41 2 -30 0
-32 -28 -1 0
3 22 42 0
-38 -28 14 0
2 46 39 0
13 18 5 0
14 42 22 0
-16 7 -16 0
-6 11 -40 0
-30 -35 -8 0
9 -2 -30 0
36 -22 -21 0
-48 -32 -27 0
47 45 -47 0
-20 5 17 0
-29 50 -14 0
-8 -15 -40 0
-42 21 -21 0
-17 -19 24 0
30 -42 3 0
39 36 21 0
-6 -13 -6 0
10 -38 -28 0
21 -7 23 0
5 -13 -34 0
-27 49 -41 0
7 -41 16 0
-20 25 14 0
-25 -1 -21 0
30 -17 -5 0
-4 -12 27 0
-2 -42 -7 0
-12 36 -12 0
42 37 -48 0
33 -32 -30 0
-28 -44 20 0
11 -34 -4 0
-12 -30 -10 0
-33 48 47 0
36 -43 -6 0
41 -30 16 0
11 -13 11 0
21 45 23 0
37 47 -49 0
38 -33 35 0
-33 -10 -24 0
-21 -25 2 0
-7 47 23 0
26 23 49 0
46 38 30 0
7 15 7 0
-16 -44 30 0
-48 -45 41 0
-36 26 -44 0
-35 -31 10 0
9 -25 22 0
39 26 1 0
38 -27 22 0
22 -47 -50 0
7 22 -26 0
38 -42 18 0
-33 34 41 0
47 -36 38 0
-48 36 -29 0
-25 26 8 0
-42 13 5 0
36 -45 12 0
-8 -30 31 0
28 -5 -24 0
8 3 22 0
-34 40 20 0
