c CNF generator v0.9
p cnf 50 234
18 -20 18 0
-19 -11 7 0
37 48 44 0
4 -2 -6 0
-34 15 -20 0
-42 25 -31 0
-21 -44 -25 0
28 35 -46 0
-20 -6 -45 0
-41 -2 -1 0
14 -30 -22 0
30 49 15 0
12 -7 46 0
9 -6 -33 0
15 27 25 0
50 49 38 0
7 43 31 0
-40 12 -41 0
-34 27 28 0
12 -11 8 0
-36 35 -4 0
-16 -17 10 0
-35 -46 -31 0
-25 -22 40 0
16 28 -6 0
19 -5 33 0
17 -42 33 0
26 -44 47 0
-33 33 -3 0
2 42 -31 0
21 32 46 0
7 4 10 0
-31 21 -28 0
-4 -15 34 0
-17 12 48 0
-47 -47 -14 0
-42 18 2 0
-10 -17 -21 0
45 7 -37 0
44 -40 45 0
-29 -27 -30 0
-15 4 19 0
32 29 34 0
-19 38 -5 0
-28 -12 -15 0
-21 -45 -37 0
40 -17 8 0
3 8 -25 0
13 12 -16 0
-4 39 48 0
-20 -13 1 0
42 -10 9 0
5 47 22 0
37 -15 32 0
-21 -6 36 0
-33 -37 37 0
-2 -33 6 0
-37 20 -6 0
-11 -16 -40 0
-19 31 -29 0
-42 7 12 0
47 -40 50 0
50 -8 11 0
-9 50 -28 0
-38 -48 11 0
-17 2 -19 0
9 -2 22 0
36 17 36 0
-34 -47 -37 0
50 -46 35 0
-43 10 6 0
29 9 38 0
15 -45 43 0
-43 -10 13 0
4 -19 -3 0
-32 39 -34 0
-48 -24 -45 0
-10 19 40 0
18 -37 24 0
-49 -50 29 0
-17 -48 -2 0
-35 -13 -49 0
4 -50 -48 0
26 4 -11 0
30 14 -29 0
-44 4 43 0
29 -33 -32 0
45 37 -36 0
-5 -36 33 0
-1 -41 42 0
43 44 11 0
12 -30 -20 0
45 -9 2 0
-18 -49 1 0
9 -40 -36 0
-14 31 37 0
-31 -49 3 0
32 -32 -38 0
15 -30 20 0
-16 -13 2 0
15 46 42 0
9 -47 31 0
45 -11 24 0
-21 25 -38 0
2 -48 15 0
41 12 -13 0
30 -48 11 0
-40 -48 -48 0
50 8 10 0
28 36 -41 0
-17 33 -4 0
-44 39 40 0
7 -15 -24 0
7 -27 20 0
-36 39 -31 0
-48 -22 3 0
-28 36 -11 0
-47 10 23 0
-36 -37 -9 0
39 42 -21 0
-19 31 -28 0
11 -6 42 0
-23 -8 7 0
33 1 7 0
42 44 -32 0
5 13 -23 0
-39 12 9 0
41 36 21 0
-20 -38 37 0
37 45 -25 0
-6 -37 6 0
-10 16 47 0
40 -18 20 0
-43 -15 45 0
50 50 -7 0
27 -34 21 0
-16 -35 46 0
28 13 34 0
-21 38 34 0
47 49 19 0
35 -4 30 0
-38 37 -10 0
-29 -35 30 0
2 -8 17 0
9 33 -12 0
36 -45 33 0
-10 -14 34 0
-4 3 -30 0
32 -3 38 0
38 38 18 0
-32 -17 -39 0
-32 -3 24 0
-18 47 -33 0
-49 16 10 0
-35 19 -12 0
-8 1 -46 0
-23 -46 -45 0
29 49 40 0
34 10 -50 0
3 49 20 0
40 40 29 0
-45 24 -42 0
40 9 -16 0
-4 14 45 0
9 38 -8 0
-15 -18 10 0
-7 30 27 0
21 -25 44 0
-6 -22 -49 0
-50 -15 -12 0
-41 39 -22 0
27 -12 49 0
33 -26 -34 0
2 -1 23 0
14 -45 18 0
27 -33 -2 0
28 -43 -28 0
7 -27 34 0
41 -17 33 0
-8 -19 -39 0
18 2 -28 0
-38 36 17 0
29 15 -17 0
-32 -12 1 0
25 -20 -44 0
11 -3 -36 0
-34 -31 18 0
-5 42 -33 0
-31 -31 -49 0
40 -42 50 0
-14 23 -39 0
11 30 -14 0
49 -46 39 0
-34 37 -22 0
-6 49 -24 0
49 -44 44 0
10 16 -8 0
47 -22 -46 0
25 15 34 0
47 -47 -39 0
-36 19 -6 0
1 -10 39 0
30 20 -3 0
24 -14 30 0
-33 39 27 0
8 35 45 0
34 50 45 0
-29 -26 -35 0
-20 17 -40 0
10 -43 -18 0
5 -21 -25 0
41 -32 -2 0
32 49 -28 0
-12 -34 -30 0
8 13 -32 0
41 10 -41 0
12 8 -31 0
-1 -49 -34 0
-22 30 -38 0
-2 25 -17 0
-46 32 -29 0
-42 9 12 0
-12 43 7 0
37 44 25 0
13 12 37 0
30 -49 48 0
25 -7 -27 0
26 41 32 0
39 -32 2 0
-44 -29 -9 0
-24 -48 17 0
27 -8 -28 0
-26 -49 6 0
-42 -39 -9 0
