c CNF generator v0.9
p cnf 50 234
-2 -41 -46 0
-2 40 -18 0
9 45 11 0
2 -6 -12 0
12 22 -33 0
50 -14 -6 0
31 27 12 0
37 26 20 0
-49 26 -33 0
-20 17 -36 0
-35 14 -37 0
-21 -39 32 0
20 -16 -24 0
17 -28 10 0
39 2 -15 0
22 1 11 0
41 6 44 0
2 4 -38 0
-2 45 -22 0
32 40 -41 0
-11 -39 20 0
13 45 -22 0
-4 11 39 0
42 8 -40 0
22 -1 45 0
44 35 -22 0
-27 -14 -1 0
-15 -30 -44 0
-46 -24 47 0
24 39 -27 0
3 -22 -38 0
-21 -25 -17 0
43 48 -13 0
30 11 10 0
-16 44 47 0
19 -14 15 0
38 26 -20 0
-20 14 -36 0
35 -34 38 0
-2 17 31 0
50 47 50 0
34 -35 -17 0
32 -23 -47 0
-39 -41 -32 0
19 24 -39 0
-48 34 -1 0
34 5 6 0
-6 8 -31 0
-28 -35 -42 0
2 47 -18 0
37 27 46 0
7 -23 -15 0
22 48 11 0
-47 17 46 0
36 -10 31 0
36 17 -27 0
23 37 -17 0
-8 23 2 0
15 -30 -5 0
-30 1 -46 0
-49 25 27 0
18 -19 -29 0
-7 -1 23 0
12 -34 23 0
-14 37 -12 0
7 -32 50 0
42 31 -44 0
1 46 -42 0
49 -33 -48 0
-32 -43 37 0
-26 44 8 0
-27 9 -44 0
17 -19 -30 0
24 -21 -18 0
-49 9 14 0
48 45 -48 0
27 47 -50 0
-24 17 25 0
27 -13 -20 0
21 -13 -37 0
-45 42 -46 0
-24 -28 -36 0
-1 -12 -37 0
5 26 -14 0
2 3 25 0
-6 43 6 0
-36 15 -43 0
15 -35 21 0
-2 10 -48 0
14 -19 38 0
-27 -22 10 0
-19 -27 13 0
-21 -24 -49 0
8 47 -44 0
-3 12 -26 0
40 30 -32 0
21 7 39 0
1 -44 -6 0
39 -14 -36 0
-28 21 -9 0
31 38 -45 0
-24 -25 33 0
11 27 34 0
-21 4 -2 0
-3 42 -33 0
-8 7 -28 0
22 37 10 0
-25 -48 12 0
25 -31 23 0
33 -41 49 0
-12 -16 -39 0
-43 -10 34 0
-40 21 -44 0
-4 27 42 0
18 44 -5 0
31 39 -37 0
3 27 -38 0
-34 -49 2 0
-49 40 47 0
44 -35 -35 0
-10 25 48 0
-2 31 42 0
-50 11 30 0
-24 50 17 0
40 41 -9 0
37 37 -12 0
15 -19 -23 0
-32 14 41 0
-14 -32 30 0
-46 47 19 0
-13 -50 19 0
-44 33 -1 0
40 3 -1 0
21 41 -8 0
-39 16 42 0
-32 23 5 0
-42 5 1 0
-43 -37 -12 0
8 -50 -29 0
34 8 -12 0
-12 6 -22 0
46 -42 -33 0
28 -43 -32 0
-5 -35 -11 0
-34 2 44 0
33 -17 -15 0
-23 -50 -32 0
-28 -50 42 0
17 -25 -34 0
-27 9 -6 0
11 -40 -9 0
26 32 -47 0
-1 38 -39 0
20 42 10 0
8 16 49 0
-44 -12 2 0
-49 -13 -29 0
-38 -7 -15 0
44 -33 16 0
28 -8 -16 0
38 -29 45 0
33 26 7 0
-31 19 -42 0
-6 -26 14 0
10 36 -5 0
-18 32 11 0
-8 -26 24 0
32 -33 -37 0
-29 12 -49 0
28 -32 -22 0
15 11 -46 0
-33 -39 19 0
-37 -7 -33 0
-17 12 -35 0
-9 -34 -6 0
43 -14 32 0
-19 -25 48 0
19 -42 22 0
20 18 11 0
36 -29 45 0
19 30 33 0
37 49 -37 0
-25 6 -17 0
-26 7 1 0
17 36 -10 0
-4 40 -33 0
-9 29 38 0
12 11 -21 0
47 -6 -40 0
33 -19 -35 0
42 -48 -23 0
-9 14 45 0
12 -44 -35 0
-30 -20 -46 0
-19 -1 17 0
-6 -32 -46 0
-10 -17 -35 0
-4 16 -38 0
48 -42 -14 0
18 19 25 0
45 -23 31 0
-27 14 25 0
-37 -18 -13 0
45 42 -43 0
-38 22 -27 0
5 -8 12 0
21 -28 -43 0
35 -19 -22 0
-15 -35 33 0
10 -44 12 0
7 38 -24 0
-21 32 -22 0
1 31 -16 0
-44 -24 35 0
25 28 45 0
-44 50 -10 0
5 40 27 0
-29 1 -43 0
33 11 3 0
-18 -31 44 0
38 26 50 0
11 -30 11 0
-3 -18 40 0
2 29 44 0
3 8 44 0
-7 -21 -15 0
49 26 32 0
8 36 -11 0
-20 -17 33 0
-34 18 27 0
37 16 18 0
8 29 45 0
33 3 -5 0
47 -17 -4 0
