c CNF generator v0.9
p cnf 50 234
35 15 24 0
-31 4 -17 0
13 37 38 0
-19 -35 14 0
-41 23 6 0
-26 -32 19 0
-30 24 -25 0
-11 -17 41 0
-37 -6 -23 0
48 29 -41 0
-33 21 -7 0
-27 43 -20 0
6 14 -41 0
50 18 -21 0
-21 -37 38 0
-11 -46 26 0
17 19 -32 0
-5 5 9 0
-6 29 18 0
35 22 38 0
-31 -36 11 0
-32 10 -50 0
-26 -48 -36 0
-34 -37 49 0
38 -10 14 0
4 -36 19 0
45 39 -5 0
-14 -8 -5 0
-20 21 -45 0
23 -14 1 0
32 -20 -13 0
-40 31 -32 0
-48 24 -9 0
17 50 -14 0
10 10 -12 0
-50 -27 -5 0
2 -3 -11 0
-45 -23 47 0
1 -2 -36 0
-9 36 3 0
19 49 1 0
7 46 -34 0
6 5 -49 0
13 26 27 0
-32 12 23 0
-36 -47 22 0
-34 7 30 0
5 13 15 0
-31 31 -34 0
43 9 -21 0
-23 -46 35 0
-5 -1 45 0
-30 -28 22 0
-22 -49 26 0
18 -49 -5 0
-28 44 5 0
-29 -28 -3 0
14 16 -7 0
45 -31 -33 0
-30 -35 -50 0
40 -31 49 0
20 29 -37 0
10 50 -31 0
-5 11 -31 0
46 3 -30 0
-49 -11 33 0
6 1 38 0
-50 -21 -48 0
25 -37 25 0
-41 -12 -49 0
18 13 17 0
1 -8 -21 0
-29 23 -5 0
44 6 -33 0
45 6 -13 0
-20 -38 -34 0
-48 -3 -30 0
-26 50 -46 0
-48 -49 -44 0
34 32 -11 0
-16 3 -37 0
26 10 50 0
46 -48 -7 0
35 8 45 0
-5 -6 45 0
-8 12 5 0
18 38 16 0
-32 -47 50 0
-25 22 26 0
-23 29 -24 0
30 46 27 0
-26 7 16 0
-20 46 19 0
-4 4 47 0
-5 -40 -35 0
-4 43 17 0
45 -11 -9 0
-12 43 -34 0
12 -18 40 0
-4 45 17 0
-27 31 -27 0
-18 11 9 0
17 31 12 0
-41 28 11 0
36 40 30 0
3 -25 19 0
-13 15 -45 0
6 -49 25 0
-48 -39 41 0
-6 -45 47 0
-39 -39 49 0
14 -25 -21 0
23 -1 -19 0
-15 -38 44 0
49 29 41 0
22 -1 30 0
20 4 20 0
-38 39 26 0
14 -28 35 0
20 -3 -11 0
30 -14 -25 0
-14 -19 -47 0
15 -14 21 0
5 45 -9 0
34 31 50 0
36 17 -25 0
-23 -46 -20 0
-49 -14 -44 0
27 38 31 0
-32 50 47 0
-31 -35 -48 0
22 -11 28 0
20 50 27 0
2 5 4 0
-46 -5 -24 0
-38 36 33 0
-39 -40 -6 0
7 -1 24 0
-11 -28 -17 0
-15 40 -3 0
-36 -12 43 0
43 13 -45 0
-29 -6 25 0
-27 -25 -15 0
-49 48 34 0
-25 -1 49 0
40 5 -11 0
-39 -43 35 0
-29 19 11 0
-26 -21 -31 0
-33 -3 -10 0
-45 -24 -30 0
-41 30 10 0
35 -7 28 0
25 1 -21 0
48 13 41 0
2 23 -14 0
37 -37 -40 0
50 -46 -4 0
23 48 48 0
20 -6 -38 0
-16 -9 -17 0
-21 43 28 0
-30 30 -10 0
-45 14 1 0
-28 38 23 0
35 43 45 0
34 17 -50 0
22 3 25 0
50 -50 -30 0
42 -7 43 0
-22 45 21 0
36 -30 4 0
32 -20 41 0
31 37 27 0
39 -50 -17 0
-6 37 6 0
22 6 -48 0
44 10 21 0
17 4 -18 0
-30 -42 -16 0
-37 46 48 0
49 27 -22 0
-46 33 -46 0
-4 14 -33 0
-6 -12 -49 0
8 -13 -11 0
-19 15 -10 0
20 27 -45 0
20 32 -16 0
1 6 17 0
-5 -33 28 0
-17 -41 -2 0
-38 -3 -4 0
49 8 -14 0
-18 -24 19 0
11 -27 43 0
32 -22 14 0
-24 -1 -25 0
-25 16 -10 0
5 12 37 0
32 34 39 0
26 -36 -39 0
-25 50 4 0
-18 -20 -4 0
33 42 16 0
-5 -30 28 0
27 50 20 0
-11 43 13 0
15 -49 29 0
-5 -11 8 0
9 -8 -40 0
-47 47 -17 0
-41 -8 -28 0
39 -6 -42 0
32 -38 30 0
-21 13 48 0
5 18 41 0
11 22 38 0
16 1 32 0
28 -21 18 0
-5 20 27 0
-38 1 -29 0
9 25 24 0
-28 -45 38 0
48 18 -20 0
40 48 -11 0
-13 23 43 0
2 -49 28 0
12 36 -23 0
10 -35 14 0
49 -6 40 0
22 -39 -11 0
-35 -26 34 0
