c CNF generator v0.9
p cnf 50 234
-26 -7 -3 0
29 11 6 0
-11 2 -48 0
19 -21 -50 0
-44 44 -9 0
-35 38 27 0
-28 7 -34 0
-50 41 12 0
26 -23 7 0
19 -23 7 0
-1 -9 25 0
-40 39 46 0
25 -16 47 0
29 -29 -47 0
-31 41 -25 0
6 -36 33 0
-18 -35 12 0
32 -4 31 0
-1 15 32 0
-35 46 -7 0
6 50 24 0
20 48 -26 0
44 46 -20 0
31 -45 22 0
21 23 20 0
-19 -48 12 0
44 -12 8 0
-26 42 42 0
50 -33 26 0
-28 33 4 0
-10 20 48 0
13 26 -47 0
28 32 -28 0
12 29 -30 0
22 49 -42 0
46 -31 50 0
41 43 -20 0
-5 -28 11 0
26 -32 -33 0
43 15 -13 0
-10 45 -41 0
5 47 -1 0
49 -26 21 0
-10 7 -14 0
-50 -5 27 0
-50 -19 -8 0
-22 27 -36 0
21 12 -33 0
46 -16 6 0
-30 -13 47 0
48 -20 -39 0
-39 -22 16 0
27 36 7 0
-14 47 -30 0
-11 -42 -17 0
14 14 -49 0
-12 21 10 0
38 -17 -50 0
10 -6 -1 0
17 20 -4 0
40 39 40 0
30 25 6 0
-28 -31 25 0
-8 26 -7 0
18 -34 2 0
-12 4 -43 0
38 -9 11 0
38 -49 7 0
9 -47 -37 0
-3 8 -8 0
-11 -2 46 0
-41 -18 37 0
10 42 2 0
32 1 -8 0
37 15 -9 0
-42 -29 22 0
23 -34 -48 0
-32 -46 -48 0
44 25 -38 0
-7 -1 41 0
-25 -12 17 0
-44 21 42 0
-43 25 -32 0
18 -40 19 0
3 2 -42 0
-2 8 -41 0
-39 -37 3 0
-30 -48 18 0
-7 27 1 0
2 -50 20 0
-14 -21 13 0
17 11 39 0
22 -34 17 0
22 -4 -36 0
31 7 -45 0
46 37 -28 0
-13 -3 -7 0
-21 -10 17 0
-39 -50 -29 0
-11 24 -2 0
10 -47 24 0
-46 -37 -19 0
-3 -35 -27 0
29 -28 -50 0
2 4 -25 0
-2 -43 -28 0
39 20 -13 0
10 -11 46 0
-2 -49 42 0
36 34 18 0
37 1 30 0
-17 49 -22 0
1 -27 -14 0
26 -24 -28 0
-32 -12 22 0
25 50 -42 0
-26 18 48 0
42 1 -1 0
-50 50 29 0
-19 -7 -4 0
42 41 -4 0
-47 -44 26 0
-40 -4 -24 0
-40 -11 -27 0
30 -3 -25 0
8 41 37 0
43 -44 -50 0
27 -44 -32 0
36 50 -32 0
-19 -4 3 0
22 -24 39 0
5 26 1 0
-24 18 41 0
-31 -3 -24 0
-33 -2 15 0
46 -47 46 0
41 -26 -50 0
10 26 -31 0
-17 -8 -25 0
-7 30 -18 0
-35 -9 44 0
-34 -18 -30 0
-35 15 16 0
-1 26 35 0
-3 5 17 0
-9 35 -21 0
31 -45 -1 0
4 39 -8 0
4 10 5 0
27 13 -2 0
30 -49 24 0
43 -35 37 0
-13 -12 -19 0
5 -33 -1 0
30 15 -5 0
-25 3 -12 0
42 48 29 0
11 8 -41 0
-13 50 -42 0
45 36 5 0
48 3 24 0
21 -8 41 0
-13 41 -18 0
16 -49 -46 0
23 9 -13 0
6 19 19 0
25 49 -41 0
-25 43 10 0
1 6 50 0
-49 8 -32 0
45 -12 35 0
-43 30 8 0
-1 50 21 0
36 -48 24 0
7 24 -36 0
5 -25 -37 0
9 44 -41 0
13 12 25 0
22 39 -21 0
-35 -46 -25 0
-16 5 37 0
-20 -24 -6 0
4 -6 5 0
-38 39 -16 0
-33 8 -9 0
-9 9 -37 0
30 27 23 0
-16 -2 -50 0
-11 -11 -10 0
-3 33 6 0
29 -24 -13 0
24 -33 13 0
-3 38 49 0
-29 -16 -3 0
45 -27 -3 0
-4 45 27 0
14 15 4 0
-6 48 -29 0
19 -18 2 0
-50 -29 -18 0
37 17 25 0
-17 37 23 0
17 18 -1 0
-46 -33 -17 0
28 8 43 0
-10 -4 8 0
-37 -10 -19 0
10 40 3 0
-22 -16 30 0
2 35 -8 0
3 23 31 0
-33 -46 35 0
28 -20 40 0
-33 4 34 0
36 -25 -4 0
-11 -43 -24 0
16 -29 50 0
47 -8 -30 0
2 -26 4 0
-37 -15 -2 0
-13 -32 -9 0
-45 34 -6 0
33 -36 -12 0
-46 -46 -37 0
-40 36 -40 0
-47 50 -26 0
-32 -23 38 0
-47 14 46 0
-19 -1 24 0
38 -11 -16 0
-31 -28 -38 0
14 -23 32 0
-32 -38 16 0
32 36 26 0
