c CNF generator v0.9
p cnf 50 234
41 -6 7 0
-15 -38 -48 0
45 -27 -48 0
25 -47 -14 0
-47 20 -16 0
46 28 11 0
-19 -2 1 0
10 -42 -11 0
-47 24 -9 0
14 44 27 0
47 -41 1 0
-27 27 32 0
-46 26 -26 0
-25 5 -7 0
1 28 -19 0
-11 -46 19 0
-31 -39 14 0
21 8 27 0
48 33 -21 0
-19 47 6 0
38 -26 -4 0
23 8 38 0
-8 -17 38 0
46 50 18 0
-45 34 -40 0
20 -47 -9 0
36 -31 -33 0
-39 15 -46 0
-48 9 -34 0
13 20 19 0
47 42 -18 0
-32 -11 34 0
-12 16 -41 0
-44 -20 30 0
-23 -34 -21 0
46 -35 10 0
-2 -24 36 0
25 -6 -49 0
41 -39 44 0
-46 36 38 0
8 -10 -45 0
48 -33 -49 0
22 -4 43 0
27 10 -1 0
-14 46 37 0
-3 26 46 0
36 42 8 0
-12 41 -24 0
48 -4 -2 0
-7 -30 33 0
-16 30 5 0
-27 8 -11 0
-8 18 -18 0
-7 -40 -46 0
-1 -12 23 0
1 -37 -15 0
25 -2 20 0
-31 -1 34 0
-15 19 45 0
-48 -44 -10 0
47 -17 -19 0
33 20 20 0
-24 27 -30 0
47 42 -45 0
24 -4 25 0
-22 -11 41 0
39 -4 -38 0
-24 40 33 0
32 -44 21 0
-33 -15 45 0
-4 -32 10 0
-48 -5 -32 0
25 23 -13 0
-40 41 -34 0
23 26 -46 0
34 50 -10 0
48 24 -23 0
-39 24 32 0
-41 -22 41 0
29 -5 36 0
-6 24 -32 0
-23 22 -18 0
-4 -9 -20 0
41 1 20 0
-33 25 -29 0
-31 -40 29 0
-12 41 -25 0
33 -39 -16 0
50 1 38 0
-37 42 -11 0
12 -25 -3 0
-7 16 -23 0
33 -18 -10 0
-50 -46 -46 0
1 -13 -20 0
-33 -30 -46 0
-39 -33 13 0
1 6 -32 0
-13 -39 10 0
-17 -5 32 0
-21 23 -43 0
25 8 32 0
31 47 -15 0
-14 -14 19 0
-6 42 15 0
50 -18 40 0
18 30 -5 0
11 -15 -33 0
-30 1 -28 0
-40 -3 42 0
29 -49 -42 0
-36 -39 32 0
19 11 38 0
-27 -50 -28 0
26 37 -10 0
27 -31 -23 0
-31 -10 45 0
5 27 -16 0
1 -35 36 0
18 10 -22 0
-36 -40 -27 0
40 -30 49 0
-21 45 -39 0
24 -17 -21 0
-32 -31 26 0
-36 -26 -43 0
9 -23 8 0
-22 15 -49 0
19 38 -5 0
32 37 -27 0
-31 -5 -26 0
23 -19 15 0
37 -44 -47 0
-41 24 -45 0
25 40 -27 0
11 18 -14 0
-38 15 -7 0
30 10 -32 0
-3 24 45 0
40 45 -48 0
25 27 -23 0
5 26 -4 0
-22 49 -9 0
-15 26 -19 0
-22 -25 11 0
-16 2 31 0
-4 3 -37 0
-7 30 33 0
32 -6 26 0
30 -37 47 0
19 45 -10 0
30 -3 -1 0
6 13 5 0
-38 31 -30 0
-49 -8 -49 0
32 -11 15 0
11 -30 17 0
17 44 5 0
-32 5 -6 0
50 19 -20 0
-7 -38 -29 0
-21 -14 -20 0
11 31 -45 0
-20 47 40 0
15 45 28 0
-34 37 10 0
14 -30 -44 0
47 -3 33 0
-25 47 2 0
-23 39 10 0
-48 -12 30 0
-14 -44 -36 0
25 -36 15 0
43 -45 38 0
-21 16 -11 0
40 4 2 0
-5 4 -7 0
-8 44 -2 0
3 -9 2 0
-18 32 -37 0
45 37 -12 0
-46 -30 27 0
41 23 20 0
6 -18 -13 0
-3 -21 33 0
-28 35 2 0
18 -41 -21 0
-30 -49 -37 0
25 -47 -43 0
9 22 -14 0
-29 19 11 0
7 -17 -16 0
47 16 -8 0
42 41 4 0
-42 -21 -31 0
27 -22 12 0
47 -47 -25 0
-9 1 32 0
42 32 21 0
20 -44 26 0
-9 -15 8 0
39 -45 -12 0
-10 49 41 0
-4 -2 -21 0
46 16 11 0
40 23 -1 0
-29 -4 -4 0
-13 50 11 0
46 -33 -42 0
48 28 19 0
-3 -40 7 0
-20 -28 49 0
-26 7 33 0
13 -35 -15 0
26 22 -10 0
11 -5 -44 0
45 -16 20 0
-38 12 -25 0
-39 32 8 0
-5 -43 3 0
18 -37 47 0
25 48 41 0
-15 -37 -25 0
-18 28 -20 0
-45 -4 12 0
24 47 -37 0
-22 23 -13 0
-32 -36 -44 0
11 -47 27 0
-30 21 3 0
-21 -4 -16 0
-48 -14 12 0
33 -18 19 0
32 31 -27 0
