c CNF generator v0.9
p cnf 50 234
17 39 16 0
32 -34 26 0
13 10 -10 0
13 -41 -34 0
8 46 -19 0
-44 -39 -31 0
24 -37 14 0
-39 -25 23 0
17 -31 40 0
16 30 38 0
-11 -42 -12 0
48 36 -48 0
-47 -37 17 0
-27 4 49 0
24 -25 -26 0
44 -17 31 0
-39 -10 -12 0
34 -26 29 0
-34 -50 -37 0
-16 5 -2 0
-47 31 48 0
23 -29 40 0
-48 -2 -29 0
15 25 41 0
-12 -44 -20 0
15 -24 -45 0
-36 -49 -20 0
14 -3 -38 0
-3 -10 -12 0
-47 25 46 0
-42 28 47 0
-36 -39 -43 0
20 -13 22 0
22 -41 41 0
9 30 12 0
7 -17 13 0
-9 5 37 0
1 36 -20 0
-29 27 11 0
41 34 2 0
13 26 -29 0
-6 44 -22 0
41 -21 -33 0
38 28 -44 0
3 15 45 0
3 -47 -44 0
-43 8 28 0
-28 -4 17 0
47 45 -22 0
13 -48 -10 0
-9 23 32 0
-16 -7 32 0
-31 -47 8 0
5 -45 24 0
-44 -5 39 0
-49 14 -4 0
-49 -15 -5 0
48 9 -40 0
-15 25 -16 0
-32 49 -11 0
34 -27 33 0
-42 7 48 0
12 -23 -26 0
-3 -26 37 0
-6 26 -16 0
-11 -12 21 0
22 -18 -2 0
-46 -35 -46 0
-5 25 -48 0
-39 -13 -2 0
18 10 10 0
-47 19 25 0
19 9 -30 0
19 -39 39 0
15 -11 -4 0
-32 49 -28 0
-50 48 -33 0
39 -45 26 0
-41 -25 -17 0
18 -23 4 0
-28 -11 28 0
-12 16 32 0
-30 -7 -14 0
19 16 -4 0
-33 27 -46 0
22 -39 -50 0
-37 -24 11 0
18 9 -6 0
-4 39 36 0
6 -15 19 0
-49 -14 -46 0
-34 -4 -33 0
-14 -4 29 0
14 -42 -44 0
4 23 6 0
29 -21 -24 0
47 -26 -25 0
-15 23 -31 0
-22 -44 29 0
35 12 27 0
33 -18 -34 0
-25 46 38 0
-19 12 -33 0
31 48 38 0
-49 -10 20 0
36 50 17 0
-4 -25 11 0
40 -17 46 0
28 10 13 0
-32 -40 -43 0
-39 -2 -17 0
21 3 -2 0
2 41 -3 0
-43 -24 9 0
-2 29 35 0
-23 6 13 0
-45 23 -38 0
-18 -11 -14 0
-24 17 1 0
18 32 5 0
-45 10 -21 0
-23 39 11 0
30 8 -48 0
24 50 6 0
30 17 31 0
-41 25 -16 0
-10 -50 -39 0
-42 45 43 0
-1 27 25 0
-24 -20 45 0
27 11 13 0
-43 21 38 0
28 44 -43 0
-23 -2 2 0
40 17 -6 0
-21 6 -3 0
-41 -49 39 0
1 -27 -42 0
19 -48 -42 0
49 -11 -23 0
1 43 -49 0
-31 12 19 0
33 29 8 0
-36 22 -12 0
-15 6 -25 0
-47 27 -19 0
-27 -33 7 0
21 17 16 0
45 47 50 0
-25 2 30 0
7 39 49 0
-44 -22 -10 0
11 -7 41 0
15 -43 -36 0
-33 -14 -24 0
41 -29 38 0
-31 2 -12 0
50 4 4 0
18 46 -35 0
-34 46 -46 0
9 -9 -49 0
8 -16 -17 0
-26 6 40 0
1 -11 2 0
15 -28 -3 0
35 9 -47 0
5 -50 45 0
-32 -25 -46 0
32 -27 -50 0
-2 8 -25 0
-28 -20 31 0
-28 -30 -10 0
-30 -19 -37 0
44 -20 18 0
25 -20 -40 0
-44 -16 21 0
-32 19 -14 0
4 -5 -37 0
-30 -29 3 0
-31 -12 -45 0
-32 18 -24 0
-15 8 -17 0
-43 36 27 0
-18 36 -43 0
46 -2 4 0
46 -13 36 0
-32 -14 22 0
-41 -49 45 0
11 -47 -2 0
-23 19 -35 0
44 17 -27 0
49 -48 -31 0
3 -32 18 0
-48 6 16 0
-19 -38 39 0
49 -8 -48 0
5 -6 41 0
8 35 48 0
-2 -25 22 0
22 -49 -36 0
-50 6 -28 0
-47 21 3 0
-13 47 -46 0
20 24 -12 0
-31 -8 42 0
-34 15 -40 0
40 -6 33 0
-11 21 -30 0
-7 20 6 0
32 28 -21 0
-5 -31 -34 0
12 45 17 0
28 -44 31 0
-17 -31 21 0
42 -48 -14 0
24 -3 -13 0
-46 37 -16 0
28 33 17 0
-9 10 -48 0
23 15 -36 0
-31 -36 22 0
16 22 14 0
9 -46 18 0
10 16 3 0
-31 -19 -39 0
-28 41 -14 0
-4 5 14 0
-42 -7 32 0
-6 -28 30 0
-6 27 -35 0
-46 -16 36 0
6 43 -1 0
9 35 48 0
14 -28 -16 0
