c CNF generator v0.9
p cnf 50 234
-18 6 4 0
-45 -45 -39 0
30 -2 -13 0
13 16 5 0
-4 -49 11 0
30 -26 -50 0
-8 -38 -5 0
3 -36 49 0
-18 -21 -13 0
45 40 12 0
15 -9 -7 0
-31 28 -27 0
-8 38 36 0
-38 -5 48 0
38 32 6 0
29 -21 39 0
-21 -8 -50 0
45 22 44 0
-9 31 44 0
-2 -17 -10 0
46 -31 -34 0
19 19 2 0
13 36 -5 0
7 -27 17 0
-25 2 12 0
45 29 42 0
-44 -36 33 0
50 -22 46 0
35 -46 -32 0
-34 -9 4 0
28 -30 -12 0
-46 34 22 0
38 -6 -29 0
2 38 48 0
-41 35 22 0
-36 -4 31 0
-3 8 -16 0
-2 -9 -26 0
-20 -8 10 0
2 -13 -34 0
-11 -9 -23 0
-29 -21 -49 0
4 19 50 0
13 -14 -15 0
-18 50 -38 0
-47 -37 -1 0
42 -13 28 0
6 -7 37 0
28 22 40 0
-20 13 29 0
-38 21 14 0
39 -20 3 0
-44 6 -18 0
-11 17 10 0
-50 45 -6 0
19 -3 48 0
50 -15 41 0
-37 -25 31 0
27 -45 2 0
48 -24 18 0
-5 -50 -24 0
37 -40 -20 0
-36 -41 -44 0
31 8 -20 0
-40 -40 7 0
-5 -48 7 0
-16 -41 35 0
-26 9 -5 0
-26 -39 -4 0
8 31 36 0
43 10 -50 0
-22 49 6 0
35 16 16 0
41 30 -34 0
-31 46 -5 0
-15 -40 29 0
-11 -9 39 0
-43 13 47 0
-41 49 43 0
47 -14 50 0
9 -5 -21 0
8 20 9 0
37 47 32 0
12 15 -21 0
25 -26 19 0
6 -12 29 0
19 -17 -32 0
11 49 -38 0
-28 50 49 0
-47 49 36 0
-32 -32 -14 0
31 -4 -30 0
-45 -16 11 0
20 -25 -24 0
-9 1 5 0
27 22 -14 0
14 36 -48 0
-48 -20 27 0
-49 -49 -48 0
29 -42 -3 0
8 28 28 0
34 -40 36 0
36 12 -39 0
-42 47 23 0
32 -7 -50 0
40 -45 5 0
-32 -4 49 0
4 8 40 0
49 -6 -39 0
21 47 -22 0
-21 6 -40 0
17 8 45 0
10 -41 -28 0
-39 10 -41 0
13 16 36 0
31 2 34 0
20 11 -9 0
-25 -21 6 0
-15 -33 -20 0
8 44 -16 0
-31 -36 33 0
-22 25 -26 0
-33 -49 29 0
18 44 24 0
35 8 39 0
36 6 29 0
-13 -47 -33 0
-37 18 43 0
2 46 -39 0
37 -36 28 0
9 19 -15 0
-49 -44 35 0
-32 -5 -21 0
-45 -22 23 0
-46 10 -27 0
6 -33 -41 0
41 48 42 0
-22 44 23 0
-31 -8 -30 0
42 -20 -40 0
-34 -47 -46 0
-15 -43 27 0
26 16 -9 0
-10 -6 24 0
-31 -30 12 0
-41 35 -20 0
-26 -15 44 0
-5 39 -37 0
-18 1 48 0
40 6 12 0
31 17 -43 0
-34 18 -9 0
-13 -27 -39 0
27 -44 -44 0
8 41 49 0
33 50 24 0
5 17 16 0
-23 -48 -21 0
-10 -42 34 0
-28 -22 -13 0
42 36 8 0
18 -36 -17 0
12 -39 -18 0
-45 7 -32 0
-10 41 -22 0
30 6 50 0
41 -25 -36 0
-35 35 47 0
25 -14 20 0
-41 -50 36 0
45 -16 -50 0
-19 -43 11 0
9 -20 -27 0
15 -40 -5 0
-16 17 8 0
39 -6 -1 0
-37 6 -32 0
19 16 7 0
17 21 -20 0
47 -17 -8 0
47 9 -9 0
-17 11 26 0
38 43 -16 0
-47 -41 -9 0
25 -21 21 0
18 8 -42 0
46 -22 24 0
-14 1 -46 0
14 -16 -49 0
-35 40 -41 0
35 -36 14 0
-47 -14 44 0
-33 18 -17 0
-46 -20 4 0
18 -13 33 0
-21 14 -30 0
36 20 29 0
3 -2 -26 0
23 45 -34 0
12 -47 -43 0
-20 6 32 0
31 10 -28 0
-50 -24 10 0
-17 17 -32 0
-47 -3 50 0
17 -17 -19 0
9 7 2 0
38 -18 -44 0
-24 -47 19 0
35 38 -32 0
-45 -45 -40 0
-29 -6 -39 0
36 -41 -36 0
-43 -36 16 0
-12 29 -19 0
-7 -41 -32 0
25 -26 -41 0
39 19 -30 0
13 46 41 0
-7 -33 -17 0
-16 45 -50 0
-26 1 -31 0
-28 -15 -20 0
18 22 -10 0
-49 15 -40 0
-43 36 -13 0
-19 -38 7 0
-1 -6 -33 0
2 -18 -48 0
33 37 -48 0
-21 -37 38 0
-48 -38 8 0
-21 25 -20 0
-16 9 -4 0
