c CNF generator v0.9
p cnf 50 234
-1 -23 -2 0
-9 30 -44 0
-19 -36 50 0
23 -32 40 0
5 -2 14 0
-15 -41 -8 0
43 -41 -10 0
-18 -39 -23 0
-37 5 49 0
-41 40 8 0
-29 46 -42 0
30 30 -47 0
20 -5 14 0
47 32 44 0
11 18 -42 0
44 -40 -26 0
47 -40 45 0
-42 -18 -3 0
13 -34 -42 0
-6 39 43 0
5 -18 -2 0
13 49 -38 0
21 33 -40 0
16 -17 -39 0
-18 -7 -49 0
7 49 -8 0
-31 -10 17 0
17 -19 -11 0
-38 1 -50 0
39 4 -14 0
26 -38 7 0
-2 -37 -27 0
-26 -31 -37 0
-13 44 45 0
30 33 21 0
47 -17 15 0
25 -26 3 0
-39 -43 31 0
44 -8 -27 0
26 -24 38 0
41 37 -22 0
-45 21 -19 0
9 -22 -2 0
15 -46 -21 0
19 39 -9 0
1 38 9 0
-25 -8 37 0
-37 -4 47 0
42 15 28 0
3 -30 2 0
3 9 -41 0
37 19 3 0
-37 11 33 0
4 -27 35 0
17 9 41 0
-48 49 7 0
20 11 -13 0
8 -37 -38 0
-48 36 39 0
-29 -47 -12 0
38 -27 -50 0
12 -50 47 0
-43 19 -44 0
42 26 -35 0
3 -33 -21 0
29 1 10 0
38 3 -29 0
-19 -8 -9 0
-32 12 29 0
-14 23 23 0
-19 -37 18 0
-31 -21 37 0
25 -49 -13 0
1 7 -43 0
16 50 6 0
-1 -37 33 0
33 -2 24 0
-48 1 37 0
34 50 -27 0
-41 -39 -28 0
-5 43 4 0
-15 12 15 0
-4 -23 4 0
25 -6 33 0
5 -8 15 0
-19 42 -11 0
-1 30 -16 0
-48 49 16 0
-12 -49 3 0
-5 16 -6 0
1 14 1 0
-13 2 -47 0
27 29 34 0
-37 41 -12 0
-9 -17 -42 0
35 15 -42 0
-42 -42 -16 0
-9 -33 42 0
-30 -5 -20 0
45 46 34 0
-6 25 -10 0
24 -12 -27 0
-50 -10 14 0
-47 -13 -18 0
-33 12 8 0
35 -14 36 0
28 -33 46 0
-26 26 29 0
39 38 -15 0
-14 -8 30 0
29 -50 28 0
-33 35 37 0
32 -2 13 0
14 -25 15 0
-49 -38 -36 0
-35 -50 -21 0
-41 -9 -8 0
-41 -18 -17 0
25 10 44 0
47 -12 23 0
-46 24 -15 0
33 36 -46 0
8 11 14 0
41 -26 44 0
-31 -46 44 0
-14 -32 35 0
21 -32 -7 0
13 -24 6 0
11 -49 -32 0
47 16 41 0
-48 -8 18 0
-7 -45 33 0
-50 -5 30 0
-32 34 13 0
-13 36 49 0
46 -16 -36 0
-1 20 -27 0
5 22 20 0
38 -12 5 0
-36 23 34 0
-35 40 22 0
25 -50 32 0
-30 10 21 0
-29 35 26 0
48 -42 -41 0
50 23 39 0
-10 20 -19 0
21 49 -5 0
33 26 24 0
-12 -50 -5 0
-6 -46 -15 0
34 6 18 0
18 -1 6 0
-4 3 -29 0
32 41 22 0
17 23 -13 0
1 -14 -40 0
-3 11 20 0
-45 -2 10 0
-12 -17 -8 0
16 14 6 0
-37 -40 45 0
-12 -26 1 0
48 3 8 0
-40 -31 -35 0
34 16 44 0
-37 -21 14 0
19 32 -15 0
-13 -47 -35 0
-47 39 34 0
-43 -50 24 0
22 12 -1 0
-9 -24 -18 0
7 3 -1 0
-23 6 22 0
15 -44 -25 0
-47 -40 18 0
-10 -40 -44 0
-43 -16 -11 0
-31 31 16 0
27 12 -2 0
-40 26 21 0
-16 46 -42 0
-35 9 -27 0
49 29 -40 0
22 42 25 0
27 -9 31 0
11 -45 33 0
15 -37 15 0
-25 -24 30 0
37 30 -16 0
46 -30 14 0
-42 -34 -4 0
-32 -13 -41 0
38 -3 15 0
26 -43 43 0
18 21 -48 0
-34 -38 15 0
-7 -49 12 0
4 32 40 0
14 50 -12 0
49 -24 -34 0
49 10 27 0
-28 -28 6 0
17 38 29 0
25 13 -50 0
10 -27 34 0
-16 -12 -49 0
49 -18 -11 0
-30 -31 10 0
46 -47 -45 0
45 -40 -37 0
-31 -49 4 0
29 36 -32 0
-29 -28 32 0
39 -16 -21 0
39 -16 41 0
-10 -41 6 0
-15 41 36 0
32 35 -25 0
2 -49 -9 0
-50 25 23 0
17 -24 -33 0
-39 -37 32 0
-9 -19 -38 0
34 16 -27 0
34 1 27 0
18 -48 46 0
17 33 -31 0
17 3 -46 0
-6 41 -43 0
-23 -24 25 0
39 -15 8 0
-38 21 36 0
