c CNF generator v0.9
p cnf 50 234
41 -6 -23 0
12 -3 15 0
2 45 -42 0
40 -16 21 0
-22 -25 8 0
-41 -11 38 0
19 -14 -1 0
-2 16 -5 0
22 -46 7 0
49 41 -4 0
3 5 20 0
-26 -22 43 0
5 3 -8 0
-13 28 -9 0
45 14 -18 0
-36 -2 45 0
-39 1 -34 0
47 -12 9 0
42 36 15 0
8 -3 -28 0
4 24 33 0
5 -46 8 0
-37 -43 -4 0
-28 -15 -25 0
50 -33 28 0
48 -1 12 0
-13 -33 1 0
1 -2 38 0
49 -1 47 0
-3 -41 34 0
-48 -22 2 0
-31 15 -48 0
-31 29 34 0
6 -12 -28 0
-13 -13 36 0
-35 16 13 0
42 -35 -47 0
34 5 19 0
-43 -1 13 0
-45 -31 48 0
35 42 -24 0
14 16 41 0
-3 27 -31 0
-37 7 38 0
48 41 -28 0
-19 11 43 0
39 38 14 0
-28 -37 48 0
13 35 45 0
-48 -20 -50 0
37 5 39 0
16 48 -6 0
-38 14 -7 0
32 -12 39 0
20 -10 -14 0
-13 -36 -6 0
-11 43 19 0
11 20 33 0
47 -32 1 0
-43 41 50 0
43 -24 22 0
-23 19 -48 0
40 -36 -22 0
35 8 43 0
-17 -36 -10 0
19 46 1 0
47 -20 8 0
-19 -2 24 0
1 -50 17 0
-44 -35 -31 0
-37 47 24 0
30 -38 2 0
37 6 -20 0
32 37 -10 0
-10 -48 -50 0
50 -41 10 0
22 47 37 0
-41 -44 20 0
48 17 -43 0
-43 47 -26 0
-14 26 17 0
31 -25 27 0
-38 -22 49 0
43 41 -14 0
33 25 -29 0
-3 19 -33 0
-1 2 -38 0
20 -7 -24 0
-30 -34 -40 0
48 -7 50 0
-9 13 21 0
34 -39 33 0
-16 3 29 0
14 6 23 0
17 -22 -20 0
-15 -8 -23 0
-38 9 -16 0
-5 39 8 0
-47 -11 -50 0
-23 46 -14 0
8 -9 -14 0
-31 28 23 0
-19 33 -10 0
35 42 -18 0
-26 -34 32 0
-31 24 42 0
-47 24 -15 0
12 -30 -12 0
7 32 -21 0
10 -44 28 0
6 -37 21 0
-49 -48 -4 0
32 -38 2 0
-23 20 8 0
28 18 17 0
23 -38 -16 0
-25 50 38 0
-38 11 11 0
44 31 34 0
-21 48 -29 0
-39 -27 -20 0
27 44 41 0
9 -12 -46 0
-45 12 -35 0
-23 -42 -41 0
32 -22 -28 0
49 42 40 0
19 -18 24 0
-4 -10 -9 0
17 -38 -46 0
-12 -24 -44 0
-12 4 -29 0
-18 -12 -19 0
17 -37 36 0
-17 34 -32 0
29 -10 -21 0
-23 -7 -4 0
-49 43 29 0
20 -9 35 0
5 8 -20 0
-44 15 -27 0
12 19 -25 0
9 -13 17 0
-22 -45 12 0
-50 47 40 0
-20 45 2 0
6 -1 8 0
-28 31 14 0
-22 5 22 0
-35 -34 -14 0
17 46 -34 0
40 13 -49 0
40 -16 50 0
1 -48 -2 0
19 13 31 0
28 -45 -1 0
-43 33 -23 0
-32 47 -27 0
-2 21 -18 0
-1 12 -16 0
-50 -49 1 0
33 4 -9 0
-45 7 -35 0
-43 45 27 0
7 10 -3 0
-30 17 -45 0
-40 11 7 0
-30 32 7 0
-46 32 18 0
47 -5 -11 0
48 2 -46 0
-21 20 -27 0
-34 18 -41 0
33 39 -3 0
31 45 18 0
-39 20 44 0
-38 -23 25 0
14 41 -22 0
-40 3 30 0
38 -21 36 0
-21 -50 -21 0
24 9 -48 0
36 -41 -34 0
29 47 -7 0
47 22 17 0
-6 -1 -45 0
-46 -47 -27 0
13 -16 -45 0
-22 9 -8 0
-8 -33 -50 0
-25 43 2 0
16 -34 33 0
-11 -30 42 0
7 19 -19 0
50 -15 41 0
2 -29 -46 0
42 39 -29 0
39 -50 28 0
-34 -36 -45 0
-43 37 44 0
11 -42 -50 0
-17 -1 3 0
-29 -11 6 0
-26 -4 -49 0
-39 8 -32 0
-39 -29 36 0
39 -39 34 0
-36 35 -1 0
41 26 41 0
44 39 36 0
21 -11 -39 0
-27 -12 5 0
-44 5 48 0
44 14 2 0
-12 25 39 0
2 -9 3 0
-30 -26 28 0
8 -23 25 0
-8 -16 -10 0
-18 5 33 0
-43 30 49 0
-46 -17 -40 0
-50 -37 19 0
32 42 1 0
-33 -2 43 0
18 43 -28 0
11 -36 2 0
-32 -4 49 0
-25 32 39 0
-16 -45 27 0
-24 -46 9 0
26 -34 42 0
37 24 -34 0
39 -18 43 0
