c CNF generator v0.9
p cnf 50 234
-32 25 21 0
35 32 -26 0
46 47 11 0
34 -34 -5 0
21 -37 31 0
-42 17 -41 0
24 -48 41 0
-40 -31 12 0
-3 19 -41 0
-18 -44 6 0
-38 -29 -2 0
13 32 -47 0
47 -19 -44 0
10 -40 34 0
22 17 40 0
-19 -29 -41 0
28 -40 -36 0
-18 15 7 0
41 45 33 0
-6 -16 35 0
23 -42 -31 0
-40 -36 -23 0
-48 14 -48 0
47 1 -38 0
26 48 25 0
-14 -36 -38 0
-18 -5 -13 0
-25 -30 15 0
-49 -13 10 0
-49 -25 27 0
1 21 -15 0
-45 -40 -1 0
-37 50 44 0
2 -38 13 0
34 10 12 0
-22 45 -38 0
43 -30 46 0
46 26 39 0
-3 17 -15 0
-13 6 16 0
-19 -4 20 0
-28 -49 -31 0
49 11 11 0
42 14 -9 0
-34 -1 -15 0
3 -32 10 0
26 -49 -43 0
-37 -36 -2 0
43 -47 23 0
-42 -24 42 0
-7 40 36 0
25 -39 -39 0
44 -6 -18 0
-1 6 29 0
-20 40 15 0
2 -34 19 0
-19 -22 -6 0
36 -5 -16 0
-38 -29 13 0
18 -24 25 0
21 -45 -21 0
-45 -48 -46 0
-13 -40 14 0
-46 4 4 0
22 -40 40 0
17 22 -8 0
-24 32 46 0
-25 12 45 0
3 6 30 0
-37 21 6 0
6 -44 5 0
36 -17 42 0
-29 -2 2 0
-15 -35 4 0
-6 -26 36 0
-49 34 48 0
-42 14 -7 0
-37 -12 -13 0
36 30 -39 0
21 38 -19 0
-11 42 -16 0
-31 2 -48 0
-29 -31 49 0
-27 34 -36 0
-29 16 4 0
38 -20 -22 0
-17 -2 -29 0
-39 -41 -26 0
22 34 -6 0
-6 25 -25 0
16 35 -28 0
44 22 13 0
10 -14 -11 0
32 -1 45 0
-48 40 4 0
34 -31 -28 0
2 -37 47 0
49 -10 -46 0
36 -7 36 0
-38 -35 -13 0
-43 2 -45 0
35 -15 -45 0
14 4 43 0
41 -2 -19 0
9 23 42 0
-37 11 5 0
-42 -9 5 0
9 30 -13 0
30 -43 -42 0
3 -27 -33 0
-19 -9 -40 0
29 25 -24 0
24 11 -4 0
-22 5 -21 0
-23 -16 1 0
20 31 -9 0
4 -39 1 0
-3 33 28 0
-32 -44 36 0
-28 -22 6 0
-6 -48 8 0
2 -18 49 0
10 38 50 0
-10 8 48 0
-4 31 12 0
14 -30 31 0
20 -7 37 0
-50 -36 -32 0
-40 -18 -6 0
34 8 -15 0
16 44 -1 0
11 -36 12 0
6 14 29 0
3 -8 -46 0
11 23 -7 0
13 43 -31 0
-14 1 -40 0
-13 -35 -50 0
-46 -8 32 0
-41 -30 20 0
45 6 8 0
7 -13 7 0
-9 -42 24 0
8 -30 28 0
45 -1 -29 0
41 32 -2 0
-38 17 -45 0
-41 49 17 0
-17 -25 -27 0
-7 17 37 0
6 28 34 0
-33 -45 -45 0
-19 -12 12 0
50 27 48 0
-41 -34 -39 0
4 -11 -7 0
13 -30 -4 0
35 7 -35 0
-41 1 -5 0
-48 -7 -48 0
-33 -1 27 0
-46 17 -17 0
34 21 -44 0
-33 -23 -4 0
48 24 32 0
-41 40 -35 0
49 8 -29 0
33 38 -37 0
-42 14 -12 0
-41 7 -29 0
2 -17 23 0
1 -1 46 0
21 26 -46 0
23 -1 -23 0
-48 -33 18 0
46 -1 2 0
46 32 24 0
50 48 23 0
22 25 4 0
39 -10 -21 0
1 2 23 0
36 28 25 0
44 29 11 0
-14 20 -3 0
-38 29 -10 0
41 -20 48 0
-17 20 7 0
-11 -1 3 0
-18 -26 -2 0
45 -10 -3 0
19 -10 8 0
2 48 19 0
-47 -24 26 0
-25 42 -6 0
-7 14 -40 0
-45 47 4 0
-10 7 18 0
-9 -41 -1 0
23 11 41 0
-29 27 -28 0
48 -2 -32 0
36 45 -35 0
-19 47 10 0
-38 35 12 0
-29 48 -47 0
-10 14 39 0
43 40 25 0
27 47 42 0
-7 -34 -42 0
-18 48 -38 0
35 12 -20 0
41 10 7 0
6 13 31 0
12 -2 13 0
-10 39 -38 0
-38 -33 -23 0
4 23 -40 0
39 -32 32 0
4 28 39 0
-16 -48 45 0
-33 3 18 0
3 -15 37 0
28 6 15 0
-13 -2 -12 0
-12 -5 -17 0
-26 -26 -38 0
12 -37 15 0
-47 -46 -16 0
17 -23 26 0
38 -7 -40 0
17 -40 16 0
-1 -44 22 0
-27 4 -26 0
-27 15 -26 0
