c CNF generator v0.9
p cnf 50 234
24 -28 -31 0
-22 8 1 0
29 1 24 0
-45 -29 -19 0
14 -19 43 0
-18 36 -16 0
-49 -43 -13 0
-20 49 -28 0
44 42 50 0
10 -23 40 0
10 -28 -4 0
-12 -15 -16 0
26 49 30 0
41 23 -40 0
30 -26 -38 0
10 4 14 0
30 12 38 0
17 -44 6 0
49 -44 -41 0
-8 -3 48 0
-22 -2 -22 0
44 -11 25 0
26 -45 -33 0
50 -37 -46 0
47 -3 -37 0
-28 1 -33 0
-30 10 13 0
50 26 12 0
5 -23 -28 0
-14 -20 -32 0
25 -37 8 0
-40 50 -44 0
-40 -18 -34 0
5 41 26 0
35 -34 -44 0
-6 24 31 0
-26 50 -45 0
-2 2 -47 0
14 -13 -12 0
40 -8 -28 0
27 -30 12 0
-37 -11 27 0
25 -34 -47 0
-15 -49 46 0
-42 32 -39 0
44 20 -17 0
-35 37 -43 0
-40 -6 -40 0
31 21 -10 0
-5 36 -31 0
42 20 4 0
22 -35 7 0
-23 -23 -5 0
-50 17 45 0
-21 35 29 0
46 -46 15 0
-12 1 -13 0
-47 50 9 0
11 8 26 0
-27 34 4 0
-47 34 30 0
48 -14 45 0
-4 29 -28 0
42 10 8 0
36 -35 26 0
-2 18 -16 0
20 1 10 0
-35 16 -27 0
-12 27 -32 0
-42 45 39 0
13 -45 -29 0
9 -11 21 0
-19 24 -17 0
23 37 -44 0
50 17 3 0
44 -37 -45 0
11 -36 29 0
-25 20 34 0
26 -35 39 0
19 6 -46 0
-16 -28 -11 0
-49 -50 48 0
-44 -47 49 0
2 -29 35 0
-46 -35 -26 0
-1 12 47 0
-46 -38 29 0
-14 -41 26 0
-8 4 26 0
22 -17 20 0
-35 15 -14 0
8 -44 -42 0
15 23 28 0
50 -6 3 0
49 42 -3 0
22 -38 -44 0
39 44 3 0
14 50 -15 0
50 24 28 0
-32 42 24 0
14 -44 -11 0
40 15 -43 0
-42 29 -40 0
-21 -11 -26 0
42 -26 25 0
50 -37 -43 0
12 31 -6 0
-10 10 43 0
-32 -18 37 0
-1 7 10 0
44 -40 22 0
15 -44 -7 0
3 -19 40 0
-5 -49 -9 0
35 -1 -2 0
-27 -5 33 0
-39 4 -36 0
-17 -39 40 0
-41 1 -9 0
-18 18 38 0
31 -16 -18 0
13 8 -5 0
-45 -19 -7 0
-14 -2 49 0
14 -50 -20 0
-6 19 -47 0
11 -4 -31 0
-24 -2 -48 0
-11 -10 13 0
-15 -49 21 0
-49 21 14 0
45 30 6 0
10 47 40 0
-27 -11 13 0
6 -46 25 0
-46 -24 43 0
-40 18 -22 0
24 27 -3 0
-23 2 -12 0
-10 19 4 0
-23 -18 -25 0
-4 -13 29 0
35 -27 -30 0
50 37 24 0
-37 -44 26 0
30 15 22 0
-19 14 41 0
20 -21 -13 0
49 -41 1 0
37 -38 -26 0
37 10 -27 0
-47 -22 -42 0
10 -38 -9 0
32 -45 -26 0
42 45 -20 0
-17 4 18 0
-42 -40 -18 0
-2 25 -49 0
-4 10 36 0
-26 19 4 0
-21 48 -30 0
-7 -47 4 0
26 27 13 0
17 -32 13 0
-25 39 -21 0
50 19 -38 0
-5 27 47 0
29 -17 7 0
-20 -9 1 0
-32 -41 34 0
29 -22 44 0
-26 37 3 0
46 24 -37 0
-44 -12 -25 0
9 38 -32 0
-6 -37 42 0
18 -18 1 0
-33 -8 -47 0
14 -27 -43 0
-5 -11 45 0
38 -38 29 0
15 -1 45 0
-44 33 41 0
13 -35 -34 0
49 -44 -2 0
-4 44 -17 0
-28 -18 -6 0
-19 -18 17 0
-32 4 14 0
-5 -30 -9 0
-44 5 -19 0
42 -13 13 0
-34 -23 39 0
-32 -37 -13 0
5 -24 49 0
-39 1 -49 0
-41 -14 -28 0
-16 -14 -37 0
-41 -2 -20 0
-48 23 34 0
-22 -23 38 0
-50 15 2 0
-29 -13 22 0
2 31 -46 0
-19 -2 -17 0
18 22 39 0
-20 47 4 0
-37 20 49 0
-6 14 30 0
9 -35 -47 0
-37 -46 -20 0
24 23 16 0
14 -43 18 0
-9 -33 -15 0
14 47 -2 0
-36 49 50 0
-12 24 -43 0
-37 -15 29 0
-24 24 47 0
8 1 38 0
11 -26 4 0
-18 -1 4 0
-14 12 -24 0
-49 16 -21 0
49 -16 -14 0
-2 16 -24 0
-22 -48 31 0
-43 45 31 0
-48 -46 -32 0
-40 30 -24 0
20 -38 21 0
49 41 -47 0
37 -41 -45 0
44 45 -14 0
