c CNF generator v0.9
p cnf 50 234
30 -1 -47 0
14 -4 32 0
12 -2 -9 0
20 -16 -4 0
47 -46 -46 0
-30 -23 44 0
-1 48 7 0
-10 31 -37 0
1 -29 -47 0
16 21 -18 0
42 49 18 0
15 -16 23 0
30 -25 -37 0
30 -36 29 0
-26 2 6 0
24 -4 1 0
-17 32 -17 0
16 -29 4 0
-19 19 -12 0
15 50 46 0
-43 -15 -31 0
-39 -27 50 0
24 -33 -45 0
-3 47 -45 0
5 7 11 0
25 -44 12 0
40 32 49 0
48 37 27 0
35 39 3 0
12 -22 -24 0
-39 38 22 0
36 -50 -4 0
-48 -1 -15 0
-13 49 22 0
-30 -41 -13 0
-12 32 -31 0
-14 -44 43 0
-38 24 -32 0
49 -41 -29 0
1 -4 -8 0
-25 -10 6 0
11 -28 -7 0
11 21 47 0
-38 -49 40 0
32 -26 20 0
-34 -45 18 0
-15 27 28 0
-40 -21 11 0
31 4 -3 0
47 -3 6 0
-2 41 13 0
-41 7 15 0
-19 -22 42 0
25 13 44 0
-39 18 28 0
48 22 -28 0
-12 -43 -41 0
21 -10 34 0
-14 15 36 0
-16 4 -33 0
-46 -49 5 0
-4 -50 -27 0
-48 -39 -41 0
22 -29 5 0
-33 -29 9 0
-8 -24 36 0
34 35 24 0
-22 3 -25 0
9 25 -31 0
27 -47 -15 0
-28 -25 -8 0
42 -39 21 0
-30 -5 15 0
-25 -4 1 0
-45 -5 38 0
43 -15 -15 0
28 -24 46 0
-6 -19 -15 0
-29 31 28 0
-41 -46 -1 0
2 9 39 0
43 -31 1 0
-48 -40 10 0
3 43 -50 0
11 -35 -6 0
-47 9 -6 0
-17 9 14 0
42 43 -19 0
-37 -2 -17 0
45 13 -2 0
13 -45 48 0
-18 -29 -4 0
45 36 3 0
-29 7 45 0
48 8 -10 0
-43 -38 5 0
18 -4 27 0
29 -19 6 0
29 -2 34 0
21 -21 34 0
-3 13 -25 0
49 6 7 0
-17 -6 17 0
33 -28 50 0
-2 -34 -40 0
27 49 36 0
-6 1 -38 0
-42 -6 24 0
47 -4 48 0
44 -36 -37 0
23 -30 43 0
-12 10 -42 0
30 9 5 0
11 25 -13 0
-41 25 -11 0
32 33 -19 0
-43 28 46 0
6 -12 -10 0
-42 43 4 0
19 -38 -23 0
20 42 -34 0
-13 17 -25 0
-22 44 36 0
1 5 41 0
-35 26 47 0
-33 -17 31 0
14 18 16 0
-42 -32 -14 0
-38 -22 19 0
39 26 19 0
-28 15 46 0
20 42 32 0
-33 -42 -49 0
-49 47 26 0
-20 -2 40 0
-6 -7 -5 0
17 -50 -41 0
-21 36 45 0
24 13 -23 0
50 -10 48 0
31 26 -10 0
-38 18 14 0
1 15 27 0
1 37 5 0
-41 -9 -47 0
47 -24 26 0
-5 42 -15 0
-18 44 34 0
33 -33 -14 0
32 38 32 0
37 5 -32 0
-29 24 -36 0
35 2 39 0
20 -25 -41 0
28 -12 -24 0
10 40 -20 0
-21 -36 -45 0
46 10 21 0
-28 -45 -15 0
46 -49 49 0
40 -43 -38 0
49 5 -18 0
46 48 21 0
-8 -26 5 0
26 -50 -47 0
-39 48 -50 0
-25 -8 -49 0
-38 39 -48 0
-17 -42 -11 0
2 1 22 0
-49 -2 -6 0
-24 -37 24 0
-34 -21 -46 0
12 16 48 0
13 -27 -32 0
50 -16 -38 0
-18 50 -34 0
47 2 42 0
-28 -20 -12 0
40 9 -46 0
-17 35 -10 0
-19 36 20 0
46 -3 -4 0
23 5 22 0
22 8 16 0
-18 5 -30 0
29 -42 -28 0
21 22 49 0
-10 36 7 0
-33 -41 -11 0
-34 19 7 0
-32 -39 -18 0
-1 47 -14 0
17 -11 -30 0
47 -49 21 0
-26 37 10 0
-37 33 -27 0
-49 -40 -43 0
2 -44 -46 0
-3 4 -33 0
-37 40 14 0
-37 48 41 0
-42 2 -34 0
44 45 41 0
-41 -47 -32 0
15 46 37 0
21 -49 -18 0
-33 -8 46 0
5 21 34 0
26 -14 7 0
37 -40 -4 0
8 -12 3 0
42 30 29 0
-33 -45 -23 0
-27 -14 -2 0
-33 13 -4 0
20 34 -46 0
-41 -29 44 0
-20 28 -8 0
36 12 -18 0
-42 -10 21 0
34 -8 34 0
20 9 -3 0
-45 22 -5 0
31 -42 -27 0
50 29 45 0
4 3 50 0
-32 -18 27 0
47 12 45 0
-28 23 -32 0
49 -42 -33 0
-15 2 33 0
-36 32 -8 0
-37 19 -46 0
