c CNF generator v0.9
p cnf 50 234
-15 39 -39 0
-31 -26 -32 0
33 -11 -6 0
3 49 23 0
2 16 46 0
32 -31 30 0
-32 19 12 0
-24 -36 35 0
-36 -3 15 0
-26 -31 43 0
28 -3 -24 0
40 37 4 0
-38 -17 50 0
41 30 -4 0
-22 49 21 0
-49 -32 32 0
-16 33 -17 0
24 -24 16 0
17 49 -42 0
38 -10 6 0
41 23 45 0
37 -23 -32 0
-47 7 28 0
-48 5 1 0
-18 42 -2 0
-17 -6 -39 0
-32 32 22 0
-38 -33 29 0
6 10 -16 0
27 37 -38 0
-36 -30 -24 0
-50 38 -41 0
-6 -16 37 0
4 19 15 0
15 -30 -2 0
3 -48 -31 0
-1 6 -40 0
16 -27 -31 0
34 28 -15 0
-30 44 -37 0
31 11 7 0
28 9 2 0
19 21 -35 0
49 -32 -5 0
-19 -18 1 0
-26 -9 -35 0
-12 -13 -3 0
10 -12 15 0
-4 -8 -14 0
11 -2 41 0
-45 18 33 0
-39 5 4 0
2 -47 37 0
2 40 -37 0
-42 46 -28 0
-43 -37 47 0
19 -28 10 0
49 -49 1 0
27 -33 -11 0
43 -42 30 0
6 7 -41 0
34 -4 43 0
-20 34 -34 0
15 36 -16 0
22 13 39 0
39 -45 47 0
11 13 16 0
9 3 33 0
-41 -26 36 0
38 -27 -11 0
-39 22 -33 0
5 49 -39 0
29 13 -37 0
17 40 -7 0
18 -43 -39 0
-14 -47 -17 0
48 -44 -36 0
-42 33 -10 0
43 22 29 0
11 -45 13 0
21 -26 34 0
1 33 12 0
1 50 -2 0
-3 -30 43 0
34 25 -33 0
16 -31 -34 0
-4 28 -35 0
26 -42 19 0
24 -35 38 0
-21 42 36 0
-40 -10 42 0
44 -31 13 0
-44 25 46 0
47 -20 23 0
-43 26 -21 0
-24 -11 -42 0
25 -17 27 0
-40 -14 -28 0
-17 -2 31 0
-46 20 9 0
-42 -48 -46 0
-33 36 -24 0
19 -39 50 0
-31 39 -18 0
44 -29 5 0
39 -48 4 0
19 36 43 0
42 -45 10 0
27 8 -11 0
-27 -37 -18 0
26 46 -3 0
-11 27 -28 0
-49 -2 -22 0
33 -6 -16 0
7 31 12 0
-20 23 -24 0
-28 -36 -27 0
5 -33 45 0
-37 -22 -15 0
2 -12 -32 0
47 -31 46 0
-25 -21 -37 0
-17 -21 19 0
40 45 7 0
6 -43 32 0
-2 -35 10 0
40 11 -20 0
-45 43 -12 0
-45 18 -47 0
-28 -18 26 0
-27 45 35 0
-15 42 -2 0
25 -22 -2 0
-44 -14 -10 0
-36 -33 -40 0
-35 30 3 0
-30 -11 43 0
-40 36 -50 0
44 -49 -39 0
9 46 -8 0
13 2 23 0
-23 31 -19 0
-50 29 9 0
44 -23 -2 0
-35 -20 -5 0
-3 41 -42 0
-9 49 -34 0
14 49 -11 0
-45 13 42 0
-9 40 5 0
14 -38 -36 0
32 -39 -18 0
-45 -17 34 0
7 19 24 0
28 -9 40 0
-41 24 13 0
17 -35 31 0
17 28 -47 0
36 39 -44 0
20 43 33 0
-18 50 31 0
31 4 -11 0
-3 46 46 0
-13 -17 38 0
-14 2 49 0
-49 15 -31 0
17 -46 14 0
-15 39 -30 0
16 50 5 0
-14 -43 -1 0
-31 -15 15 0
50 38 -17 0
50 14 18 0
-22 -49 17 0
1 -10 -19 0
22 -43 25 0
-24 -4 19 0
29 -32 13 0
-41 46 19 0
-41 35 34 0
19 28 -6 0
26 -4 26 0
5 20 33 0
38 -2 -8 0
10 -35 -31 0
-20 -26 -36 0
32 43 -15 0
27 -12 37 0
-11 -27 -17 0
8 38 -15 0
-22 4 -17 0
17 -43 -43 0
45 -27 -8 0
-7 -39 -25 0
1 16 1 0
4 -33 -36 0
5 7 18 0
-45 -29 10 0
-2 -38 -17 0
-13 34 -13 0
-21 -44 9 0
-25 -30 3 0
-48 -39 10 0
-27 21 40 0
12 4 2 0
-44 -35 -10 0
11 47 -36 0
-41 3 -11 0
41 35 -27 0
-9 11 -35 0
-12 31 49 0
-2 -50 34 0
-27 11 -7 0
41 20 8 0
-32 -13 46 0
-9 25 44 0
-44 13 3 0
44 -4 24 0
31 26 -39 0
-6 -12 8 0
2 25 -25 0
11 29 -29 0
13 10 -2 0
-2 7 3 0
-40 -16 -2 0
-6 29 -49 0
-8 33 -2 0
-30 -7 -50 0
-44 11 -30 0
44 -46 -25 0
45 -24 47 0
-23 -45 26 0
7 -39 -16 0
30 -38 38 0
