c CNF generator v0.9
p cnf 50 234
49 -7 -16 0
14 7 19 0
38 32 -27 0
7 46 -28 0
43 31 -23 0
-44 -44 -8 0
41 -42 -27 0
-20 -42 -15 0
-2 -44 25 0
-2 -18 -3 0
-17 48 7 0
-10 -46 27 0
16 49 -9 0
-13 -7 40 0
35 -35 28 0
-5 32 9 0
-47 8 1 0
41 12 -43 0
29 -47 34 0
38 38 32 0
-13 -38 17 0
-23 -9 15 0
20 -24 1 0
46 21 19 0
-49 -38 -10 0
-1 -37 3 0
33 15 29 0
-22 -44 -34 0
-5 -21 -20 0
50 -6 -27 0
-24 37 20 0
-7 -50 27 0
34 18 -36 0
3 4 -36 0
-8 -30 -13 0
-43 25 38 0
27 40 -8 0
-18 -4 43 0
-30 -5 -38 0
8 46 -30 0
-36 41 19 0
-2 -41 -36 0
-40 -50 -12 0
-27 -8 -26 0
-42 16 4 0
20 -23 42 0
32 21 -15 0
-46 -36 -11 0
45 -9 30 0
50 -34 9 0
8 -24 -41 0
-37 -11 -15 0
-13 -40 -30 0
-41 -3 23 0
-27 1 -39 0
42 -27 14 0
44 13 -34 0
22 47 31 0
-30 -3 9 0
35 6 -33 0
38 -14 9 0
-34 -11 -47 0
4 24 -43 0
-23 -18 28 0
15 -38 29 0
-42 47 18 0
-39 32 5 0
-18 -17 -28 0
-26 -37 45 0
25 -28 -40 0
-36 -30 39 0
-47 27 14 0
-48 -35 1 0
-30 -45 -3 0
-32 37 -47 0
-30 43 -25 0
47 34 -49 0
46 -38 -31 0
37 -35 -15 0
30 38 -6 0
45 27 1 0
10 -29 -14 0
-22 -40 -16 0
22 -50 -23 0
-42 -1 30 0
28 -41 -46 0
-21 -13 47 0
-44 -37 -36 0
-7 48 -26 0
-3 -34 -37 0
2 -25 -39 0
10 49 -3 0
-12 -34 -20 0
-19 4 12 0
-3 11 27 0
-34 -10 -50 0
11 28 -19 0
-44 2 -37 0
1 23 49 0
44 -46 -20 0
47 42 3 0
-10 27 -15 0
-4 -7 30 0
-9 9 -31 0
-2 -44 33 0
-21 48 30 0
-29 -39 -50 0
-32 1 -34 0
47 19 44 0
-5 26 18 0
28 -26 31 0
-19 -26 -10 0
-20 16 -48 0
33 -47 31 0
41 16 -42 0
1 -18 42 0
39 47 33 0
7 -36 26 0
37 -40 39 0
-24 45 -6 0
-12 1 46 0
-12 28 -44 0
-4 -12 6 0
33 14 -33 0
-43 -23 -5 0
38 -40 32 0
36 28 24 0
-5 -23 -14 0
-37 -28 2 0
-24 2 21 0
-33 49 48 0
-49 -30 18 0
2 49 -35 0
3 16 -28 0
-36 27 41 0
-29 47 -9 0
16 -25 21 0
-48 41 45 0
-29 -28 15 0
29 -22 -10 0
-12 -38 15 0
-22 -12 17 0
26 48 -14 0
-21 26 -7 0
43 30 26 0
-43 7 29 0
31 8 19 0
-20 -34 11 0
3 30 -23 0
28 -16 -3 0
15 -12 -15 0
-9 -44 -25 0
6 23 -22 0
-2 -42 -14 0
47 -11 31 0
-13 -36 -31 0
11 43 30 0
39 11 3 0
-49 3 46 0
17 15 28 0
-4 8 17 0
-19 19 -14 0
8 -16 46 0
5 33 -11 0
-48 36 -46 0
-48 15 43 0
-22 28 -12 0
-31 -50 -32 0
-22 -34 42 0
30 38 -45 0
-31 -21 20 0
-29 -31 -49 0
9 -1 -28 0
-33 14 8 0
-12 47 -16 0
36 -19 -26 0
46 -23 25 0
38 18 -19 0
13 24 11 0
36 49 28 0
-27 -36 -44 0
-13 40 36 0
-37 -50 -3 0
-11 -23 -10 0
35 -12 1 0
-34 -32 10 0
-17 -48 -41 0
-25 9 29 0
-17 -32 45 0
21 -40 25 0
-44 -43 -35 0
3 -24 -3 0
18 -17 -21 0
49 -43 -6 0
-24 22 -9 0
-41 19 -27 0
-21 12 -31 0
-17 -37 -9 0
24 34 11 0
-31 -36 17 0
11 -37 -12 0
-2 35 18 0
-43 38 -9 0
6 -50 -8 0
27 -34 -41 0
-40 -44 27 0
41 2 31 0
-44 18 -27 0
26 25 9 0
-27 -14 21 0
9 34 25 0
-33 43 19 0
8 -4 -47 0
11 37 -39 0
31 3 -25 0
-36 15 -35 0
28 -40 -6 0
-13 6 37 0
-25 -44 29 0
-8 -40 50 0
13 -34 -46 0
8 -31 48 0
4 2 9 0
-23 45 -6 0
-50 -13 14 0
-16 -34 20 0
30 -17 -38 0
-23 -29 4 0
-45 -7 32 0
17 -49 6 0
-49 -5 40 0
41 -39 2 0
17 26 39 0
-23 40 1 0
