c CNF generator v0.9
p cnf 50 234
8 -46 14 0
40 42 -7 0
-30 -27 48 0
26 -17 34 0
-12 34 -10 0
5 33 -9 0
36 -10 -42 0
8 48 43 0
44 -2 -7 0
20 28 12 0
22 -42 -49 0
-17 -41 -27 0
-50 41 -6 0
-2 -4 26 0
-35 33 -9 0
6 -47 -33 0
38 10 -38 0
3 -4 35 0
17 5 2 0
-44 23 9 0
-31 -45 31 0
43 50 -24 0
24 41 -23 0
-47 22 24 0
-34 24 30 0
-39 -42 29 0
-24 -1 -16 0
-48 31 23 0
8 -3 9 0
14 18 -48 0
9 -30 -44 0
-41 28 -33 0
-9 5 -22 0
37 -27 46 0
44 30 3 0
-11 34 -43 0
-23 31 48 0
-46 -45 49 0
31 50 -6 0
-12 -2 -35 0
33 19 -34 0
-13 22 -4 0
-10 -44 36 0
-49 7 14 0
-15 27 -38 0
22 27 -47 0
25 -49 -1 0
-16 -1 -26 0
-22 -22 -33 0
-22 11 -22 0
-34 4 -43 0
31 15 -4 0
-12 -29 24 0
-20 -10 12 0
-35 -10 33 0
-23 39 -44 0
-29 40 15 0
1 -3 -21 0
-17 13 -7 0
-36 38 37 0
-35 -3 48 0
43 50 8 0
48 49 -19 0
12 33 -5 0
-35 40 -8 0
-27 -29 -8 0
13 -8 -50 0
18 -43 33 0
21 -34 43 0
-5 -3 -34 0
13 -29 30 0
14 -34 -48 0
-40 -47 8 0
46 -23 25 0
5 15 -19 0
-18 12 50 0
-39 -35 10 0
32 -29 -29 0
39 24 -24 0
21 -39 42 0
35 50 -50 0
47 46 25 0
-2 -38 18 0
25 -21 -50 0
-30 6 36 0
9 -6 1 0
47 41 11 0
20 30 -49 0
-44 38 -45 0
-2 11 -28 0
-9 37 -32 0
-47 -40 -3 0
8 37 -3 0
-11 -46 18 0
-40 -7 44 0
-11 34 -29 0
34 -9 8 0
-40 20 8 0
-14 -19 -14 0
-49 50 49 0
-1 -33 37 0
-24 -49 14 0
-15 31 -32 0
-12 25 21 0
-16 -6 -39 0
-35 9 16 0
-9 3 42 0
-22 -26 -33 0
-20 -13 30 0
-10 -14 32 0
-38 18 23 0
15 31 14 0
-28 -14 -41 0
9 -42 -23 0
-38 13 -6 0
-17 11 21 0
-5 -8 -22 0
2 -38 -42 0
-20 -22 -33 0
31 -42 39 0
-4 -19 39 0
10 -21 28 0
40 -11 -22 0
8 -43 42 0
-6 13 12 0
17 -28 -36 0
-41 39 -3 0
5 15 -24 0
50 30 -32 0
26 25 -48 0
-21 30 -15 0
-3 -21 29 0
14 12 26 0
-49 4 -1 0
-17 6 -22 0
-21 -44 -11 0
-15 -50 -26 0
-23 -44 -23 0
28 -25 18 0
-37 41 -19 0
-21 22 39 0
19 -8 8 0
-4 -19 -37 0
-32 -47 -34 0
-8 15 -27 0
13 -43 -4 0
50 41 -29 0
29 26 -43 0
21 25 -49 0
27 -2 1 0
-20 -11 47 0
-16 -2 -50 0
-38 26 21 0
-48 20 -8 0
-14 6 -8 0
12 -2 -18 0
-23 -48 10 0
-11 -47 -15 0
-9 -25 36 0
5 22 -26 0
-19 26 -33 0
-11 35 -14 0
20 48 -22 0
-46 16 -29 0
-2 -42 -39 0
-48 38 15 0
-1 25 -23 0
25 39 30 0
-25 -9 -23 0
44 -44 19 0
8 -15 -16 0
-43 13 29 0
36 24 21 0
-39 -50 -18 0
-35 -23 -46 0
8 -24 -26 0
50 -30 36 0
8 35 1 0
-8 -14 -6 0
1 20 6 0
41 -41 16 0
-32 -27 -12 0
37 -15 38 0
14 -34 -9 0
-15 -12 39 0
-26 13 -18 0
-40 -34 7 0
-1 -12 41 0
-12 41 -47 0
-23 -35 21 0
-50 35 -46 0
22 -48 -3 0
41 -15 23 0
41 19 1 0
-39 -26 42 0
14 -16 -14 0
-10 -33 -20 0
50 -7 14 0
-24 -4 -13 0
42 -25 -30 0
13 43 16 0
22 -43 12 0
7 11 11 0
-20 37 13 0
-35 -3 -22 0
-48 11 -46 0
32 46 45 0
43 36 -1 0
12 -19 26 0
-29 -9 -46 0
-35 32 44 0
-28 33 31 0
-50 9 4 0
14 -9 -16 0
-12 16 -40 0
-6 -46 -16 0
-3 39 -15 0
-30 35 20 0
5 49 48 0
-13 -47 37 0
-8 -15 7 0
4 32 -26 0
16 38 31 0
-46 -3 -40 0
-9 41 -26 0
-20 13 -41 0
37 16 41 0
43 25 -6 0
-47 15 42 0
40 47 -28 0
-44 -47 30 0
-8 -11 -21 0
-31 -15 15 0
47 50 9 0
