c CNF generator v0.9
p cnf 50 234
47 -5 20 0
-29 -6 -2 0
-47 -16 13 0
-35 -33 -36 0
17 49 -8 0
-39 -9 39 0
-19 -31 -31 0
-49 2 -29 0
34 -1 -33 0
-10 31 3 0
46 -10 -48 0
33 -29 39 0
8 36 -2 0
27 -13 -46 0
46 -49 -20 0
32 -19 -13 0
-14 -16 36 0
7 -49 -50 0
-8 25 -24 0
-48 -3 27 0
-26 45 19 0
22 33 40 0
21 -37 -27 0
-22 -44 3 0
-50 16 -44 0
42 1 -23 0
6 32 -44 0
-9 46 17 0
1 38 26 0
22 -22 13 0
-5 48 -11 0
36 47 -44 0
6 30 29 0
-23 15 20 0
7 8 32 0
46 41 46 0
13 15 -10 0
-14 -44 36 0
42 -9 9 0
45 26 35 0
-46 23 -14 0
35 -18 -12 0
-50 21 20 0
-38 1 30 0
30 6 33 0
-34 -49 -11 0
31 31 -45 0
8 -1 -7 0
-30 -45 30 0
14 1 22 0
-20 33 44 0
-20 -37 -47 0
-34 9 -17 0
-50 29 -4 0
5 50 -23 0
16 2 -27 0
-15 -23 -36 0
41 5 -32 0
-9 -26 -33 0
-32 -40 -17 0
-44 -36 48 0
-48 -28 18 0
-20 -28 -49 0
-39 38 29 0
17 -45 -39 0
11 38 -36 0
22 -42 12 0
24 33 8 0
-33 14 -14 0
37 2 31 0
-44 -47 -48 0
-17 38 5 0
-38 -10 -26 0
-40 -48 -14 0
17 -8 -18 0
45 -9 22 0
-25 6 36 0
-29 49 -13 0
-27 -18 -2 0
-3 -12 -34 0
6 12 49 0
-26 41 -16 0
-3 2 -5 0
46 -15 -20 0
-49 31 -23 0
-47 -28 23 0
-30 17 -2 0
-37 35 -24 0
-46 -28 -47 0
50 46 36 0
-29 49 -29 0
-38 -34 27 0
-35 -40 19 0
-20 -26 20 0
-4 30 -18 0
28 -18 -10 0
49 -30 -10 0
40 3 43 0
-38 -12 7 0
35 9 14 0
5 24 6 0
44 -47 -36 0
-9 -50 27 0
-24 15 19 0
17 -28 19 0
-8 27 2 0
-4 44 -20 0
43 -35 -5 0
13 34 41 0
-37 -31 42 0
-24 -14 19 0
-34 41 48 0
-32 -37 -46 0
-7 -45 -39 0
-11 38 11 0
-18 -28 -29 0
-50 -29 17 0
27 -38 -46 0
-32 6 -34 0
-25 -13 -39 0
16 -14 -34 0
-15 -42 30 0
-48 -28 -20 0
-23 6 -19 0
23 5 41 0
8 25 -31 0
-21 -31 -38 0
-12 -45 -1 0
-23 43 -13 0
10 -10 44 0
-14 46 -34 0
-7 7 29 0
17 5 -28 0
-1 39 -33 0
33 -26 -19 0
11 -15 -16 0
49 -25 18 0
9 49 28 0
1 39 -4 0
-18 36 -27 0
-4 25 -30 0
-34 21 -13 0
40 8 14 0
47 3 27 0
42 -44 19 0
-18 -17 5 0
13 -16 -25 0
-36 -22 16 0
-43 44 -7 0
-31 11 17 0
-11 -43 -50 0
40 -8 -38 0
-21 -15 -23 0
2 -35 -10 0
-7 49 13 0
42 -22 16 0
-20 -42 28 0
-48 -16 39 0
-1 -19 38 0
47 13 1 0
38 -40 28 0
-11 18 14 0
12 -40 -1 0
9 -34 35 0
19 -47 -46 0
-7 32 38 0
7 11 24 0
-38 28 32 0
10 22 17 0
-34 -31 -27 0
36 -11 7 0
40 2 -50 0
24 -37 46 0
-8 23 -35 0
-15 26 24 0
4 -15 -5 0
2 -11 28 0
47 -42 -13 0
-27 16 -15 0
-21 40 -17 0
22 41 7 0
43 7 45 0
-25 -22 -26 0
-43 22 -13 0
-33 17 -44 0
47 12 -31 0
-34 2 -37 0
-43 -49 26 0
-48 -9 29 0
36 37 32 0
43 -2 -21 0
18 48 41 0
-43 -35 29 0
3 -15 9 0
-14 27 4 0
29 -38 -20 0
49 -5 43 0
4 13 -50 0
-16 -44 30 0
50 -13 47 0
-45 13 34 0
-33 45 32 0
33 -16 -32 0
-35 -14 33 0
-25 -10 5 0
28 2 13 0
47 50 22 0
8 8 27 0
-36 -27 33 0
4 -2 49 0
3 4 -37 0
-13 3 -27 0
-38 -12 -34 0
3 35 -15 0
39 -11 12 0
-28 3 26 0
-13 -2 44 0
-39 7 -30 0
-39 11 19 0
12 15 17 0
38 -34 41 0
-14 -15 16 0
5 20 -10 0
25 20 -49 0
-36 9 26 0
24 -33 -49 0
24 31 -19 0
24 19 -7 0
-12 19 29 0
-18 14 -5 0
-44 -21 13 0
-35 16 3 0
-34 -34 -28 0
-16 19 48 0
