c CNF generator v0.9
p cnf 50 234
35 50 -15 0
-11 42 -45 0
-44 25 16 0
-30 -9 -3 0
-43 -43 23 0
27 -46 -41 0
-4 9 33 0
-14 -33 6 0
30 -25 48 0
-42 3 30 0
-7 -18 -2 0
-43 -15 -45 0
4 47 47 0
22 -7 45 0
10 20 -11 0
29 24 -45 0
-16 -27 -4 0
9 48 -35 0
14 35 -24 0
-19 38 -39 0
47 -45 -50 0
41 35 -32 0
-39 -45 25 0
-15 -30 48 0
-7 9 23 0
37 -43 33 0
31 -24 11 0
7 -35 27 0
-41 27 -40 0
-41 -50 30 0
5 -28 31 0
-11 -41 38 0
19 44 -22 0
-49 -21 37 0
-35 45 2 0
23 -22 -7 0
-21 -48 35 0
12 9 3 0
-48 -30 -26 0
-40 43 -20 0
-28 -19 36 0
45 -14 24 0
-25 18 -4 0
21 46 24 0
-34 3 -26 0
-9 -6 -50 0
-34 2 -43 0
-30 -1 25 0
-35 44 27 0
-14 -48 -15 0
-19 -50 11 0
-26 19 17 0
-13 1 48 0
46 24 -16 0
27 44 11 0
6 24 -42 0
-39 -28 33 0
31 -4 -12 0
31 -43 45 0
36 -46 43 0
21 -31 1 0
42 -23 41 0
-46 -26 -30 0
-28 -42 41 0
-39 22 26 0
-37 -37 37 0
21 8 -6 0
41 1 -9 0
21 5 -11 0
-19 -13 -29 0
30 -45 27 0
17 -49 -50 0
6 22 -21 0
-44 -46 -49 0
-22 -5 32 0
40 11 38 0
-35 17 -47 0
12 8 45 0
-4 45 -8 0
-33 -2 -13 0
-46 18 27 0
-38 17 33 0
-5 -14 -24 0
-45 -48 -16 0
-42 11 20 0
-41 19 48 0
48 20 -39 0
36 -4 -20 0
-2 -33 -17 0
41 29 -1 0
50 -23 40 0
-27 -49 -43 0
-29 -13 48 0
30 35 -7 0
-16 26 9 0
-48 32 6 0
-26 26 28 0
-17 -8 -31 0
-9 28 32 0
-36 26 -47 0
22 24 -17 0
-41 17 44 0
17 -26 -28 0
-7 -26 24 0
27 34 49 0
50 -36 -50 0
16 -8 -19 0
-6 -40 -22 0
-14 10 4 0
-45 13 -39 0
-41 45 6 0
3 7 8 0
-20 25 -27 0
-13 39 11 0
-1 -1 -9 0
22 27 -6 0
17 -6 8 0
42 -14 30 0
-34 -48 5 0
20 23 37 0
41 27 -5 0
-25 -22 -35 0
-21 42 -9 0
2 -21 -34 0
-15 -25 -33 0
35 24 22 0
13 22 -49 0
-20 17 -3 0
-26 18 43 0
45 2 -23 0
-33 -50 48 0
32 41 41 0
4 -18 13 0
-29 37 12 0
25 -16 44 0
-16 12 -50 0
16 44 33 0
14 9 20 0
-35 40 1 0
45 42 32 0
-35 -1 -7 0
-11 -37 35 0
-43 -18 6 0
27 -15 21 0
29 35 -9 0
11 42 50 0
24 36 16 0
26 1 -37 0
33 -36 -30 0
6 1 -46 0
35 50 -28 0
16 -13 33 0
-14 48 37 0
24 -41 5 0
26 44 -18 0
45 30 -5 0
-43 -15 42 0
-43 38 -8 0
9 20 -30 0
-4 -31 35 0
-47 14 -41 0
-10 -48 -18 0
8 48 3 0
42 43 9 0
43 -50 4 0
29 -8 -23 0
20 -27 -1 0
4 27 -40 0
34 29 -21 0
-7 21 10 0
-28 18 -41 0
23 21 -13 0
-20 -44 35 0
23 -39 47 0
28 6 -20 0
45 -29 50 0
37 -35 -21 0
-30 17 45 0
38 22 -14 0
-29 8 17 0
25 19 45 0
-46 33 -10 0
-10 -47 2 0
-6 -8 -27 0
18 -17 -33 0
33 42 -13 0
-27 -18 -11 0
-11 -35 30 0
15 10 -21 0
43 39 -14 0
-4 -6 37 0
-41 -20 15 0
-1 -25 -36 0
17 -23 -50 0
-28 -22 -24 0
42 44 26 0
36 20 -4 0
-49 44 -15 0
-31 49 -41 0
-23 33 6 0
2 -36 15 0
-46 -33 44 0
45 -4 -19 0
-23 33 10 0
-30 -30 -48 0
4 29 48 0
11 -19 24 0
16 50 37 0
-9 35 23 0
-41 12 -48 0
-49 -18 2 0
-39 -2 -23 0
-18 39 -15 0
-46 -48 50 0
-19 12 -5 0
37 11 17 0
-15 -32 -29 0
-49 -2 -48 0
38 -40 16 0
-26 15 -11 0
-44 -22 25 0
1 46 2 0
19 36 -13 0
-10 2 -23 0
24 -17 50 0
44 43 -1 0
33 19 -50 0
-26 -40 -6 0
17 -30 9 0
-34 -35 43 0
36 -8 27 0
5 -30 -23 0
-4 -15 20 0
-14 22 43 0
