c CNF generator v0.9
p cnf 50 234
33 -3 46 0
-34 49 -9 0
-41 -33 -2 0
50 -46 -32 0
46 26 -50 0
-21 48 8 0
17 -15 -4 0
-41 43 32 0
1 26 49 0
-30 -43 -43 0
48 -47 12 0
-46 -16 -47 0
17 12 8 0
28 -16 -43 0
-12 15 4 0
14 -5 -41 0
-35 29 33 0
-25 47 35 0
20 -6 9 0
4 -22 40 0
23 -11 -23 0
33 50 34 0
-26 -38 33 0
24 32 -45 0
12 21 -16 0
30 9 -9 0
-42 8 -48 0
12 5 -22 0
-9 -10 -31 0
5 38 -2 0
36 46 -12 0
48 -19 6 0
-27 -3 -2 0
-12 -31 17 0
44 30 -7 0
-29 45 33 0
-8 4 43 0
-21 7 28 0
-42 38 -41 0
-23 43 35 0
15 -34 43 0
12 42 18 0
-36 34 -7 0
28 -9 -7 0
-42 -21 -32 0
1 -31 -46 0
2 -24 8 0
28 -4 31 0
-11 39 18 0
31 25 23 0
-44 -1 -26 0
19 -5 -28 0
1 -15 -27 0
-7 -27 -12 0
6 1 -32 0
-10 35 12 0
-34 16 -45 0
-25 -26 -5 0
-29 3 41 0
9 17 -43 0
-31 34 -46 0
26 41 14 0
-37 -46 31 0
-22 2 -38 0
-23 -4 30 0
-34 39 49 0
-40 -1 -10 0
-27 -35 -44 0
32 -20 21 0
-20 2 -6 0
33 -38 -49 0
-9 -39 -40 0
35 14 -15 0
43 31 -45 0
-36 43 -15 0
-5 -13 46 0
-41 46 -2 0
-27 28 -12 0
-6 -30 -9 0
-23 18 -20 0
35 46 -3 0
23 -15 -48 0
19 -49 32 0
-45 47 -27 0
21 -6 -42 0
-12 41 -17 0
-18 16 -15 0
-36 11 38 0
-28 11 -39 0
-41 -19 -15 0
8 22 37 0
10 -19 24 0
38 -26 -13 0
-35 -10 42 0
-12 -36 23 0
-4 -11 -7 0
-19 -25 18 0
-21 -27 -3 0
41 -36 42 0
-46 8 43 0
-7 -16 33 0
-37 20 14 0
39 -35 -28 0
27 -29 46 0
9 -20 8 0
9 -6 -23 0
6 26 16 0
14 -40 15 0
25 38 2 0
-19 41 -49 0
32 49 29 0
41 -36 -23 0
-23 -17 38 0
-47 5 9 0
17 -29 17 0
19 5 11 0
-34 31 -31 0
11 26 -32 0
-43 -3 43 0
40 -46 29 0
47 21 -46 0
39 -25 -39 0
29 -19 -16 0
-41 -26 46 0
16 8 -28 0
-40 -3 14 0
23 40 -41 0
-6 -47 -41 0
-13 -28 34 0
48 -29 44 0
1 5 8 0
-38 -17 -23 0
-37 33 -34 0
-26 -37 20 0
-25 -4 -49 0
26 15 11 0
-25 -28 20 0
11 49 50 0
13 -16 22 0
-47 7 18 0
20 2 -14 0
10 20 24 0
45 -43 47 0
-45 10 13 0
-13 50 25 0
3 37 16 0
-13 -22 -47 0
-3 -29 49 0
24 8 31 0
-26 -37 34 0
46 13 36 0
30 -39 16 0
39 -37 16 0
-9 -24 -19 0
-19 -25 28 0
-47 34 -11 0
1 34 7 0
1 -6 15 0
-26 40 17 0
2 12 -10 0
26 -8 36 0
-50 -48 16 0
18 6 -23 0
-17 -12 16 0
36 49 -39 0
18 -10 -28 0
45 19 -6 0
-8 46 23 0
-12 -49 49 0
10 38 18 0
-49 42 26 0
-47 35 7 0
36 -48 -44 0
-29 29 -3 0
-1 -22 -19 0
37 -44 -39 0
44 1 20 0
-41 6 18 0
-32 26 -5 0
-47 37 41 0
-39 -19 47 0
-26 -42 -28 0
-21 -30 -25 0
42 -13 17 0
-9 -47 -15 0
27 -19 -9 0
2 25 -8 0
-12 35 -38 0
-15 -29 14 0
-42 3 -9 0
20 -27 -43 0
-3 -32 9 0
-36 34 36 0
7 -36 45 0
-15 -38 1 0
-6 -11 26 0
33 32 -21 0
28 -28 19 0
-37 -34 -19 0
-3 -45 38 0
48 -10 -34 0
-21 -14 -50 0
-5 -35 35 0
31 44 -5 0
36 35 -6 0
-25 48 -38 0
36 25 23 0
1 -28 -27 0
-42 3 9 0
-16 36 10 0
-48 -22 -39 0
34 -43 7 0
8 4 -19 0
-41 -42 -46 0
-24 4 13 0
2 33 -46 0
-48 16 3 0
-6 45 -49 0
-36 27 12 0
-20 -14 -33 0
41 3 -13 0
-2 -28 -11 0
23 -29 -19 0
-37 15 -2 0
-29 16 36 0
20 3 -29 0
-18 25 17 0
-1 -36 -23 0
-21 -50 -46 0
5 -29 2 0
17 -6 8 0
20 29 24 0
-47 -25 -11 0
35 -6 8 0
