c CNF generator v0.9
p cnf 50 234
-26 45 4 0
31 39 29 0
-5 -28 -28 0
31 -5 49 0
24 -43 10 0
-9 3 23 0
42 -6 1 0
-3 -11 2 0
-14 34 -41 0
39 -37 1 0
-34 2 26 0
-24 -21 -47 0
11 -9 -3 0
-10 -44 -11 0
27 47 40 0
-33 36 9 0
42 15 -46 0
24 -50 2 0
6 13 -30 0
35 -36 -49 0
39 41 12 0
-35 37 18 0
-19 -3 -5 0
-50 6 -3 0
7 -41 12 0
-45 -25 -6 0
21 16 -25 0
1 -34 -20 0
10 47 33 0
35 34 38 0
-11 -39 -5 0
33 42 -11 0
46 -47 9 0
7 5 -46 0
-5 9 -39 0
-38 -8 -41 0
45 13 -27 0
37 43 43 0
23 20 -37 0
-19 13 17 0
-42 -12 -6 0
23 -29 45 0
-24 14 1 0
28 13 -31 0
27 -41 -38 0
27 21 -26 0
-33 44 42 0
32 -20 42 0
-27 19 -7 0
16 -20 -48 0
-44 -23 44 0
21 7 7 0
49 -11 -25 0
-34 33 41 0
-8 -36 -12 0
-13 -3 -47 0
-23 5 -15 0
-6 20 -27 0
-26 3 -3 0
39 48 -6 0
-13 -2 12 0
47 1 -33 0
21 -50 40 0
-41 17 -37 0
-23 45 11 0
26 24 2 0
21 -20 -23 0
-16 42 30 0
7 13 -50 0
8 43 19 0
32 41 -8 0
-22 18 -14 0
3 13 -48 0
2 36 -40 0
-44 32 -49 0
-10 -37 -9 0
-20 -11 -23 0
-18 11 -45 0
13 19 26 0
18 25 50 0
28 22 27 0
50 44 20 0
26 -28 -50 0
-45 -36 -41 0
-49 -42 24 0
9 27 -20 0
26 -11 22 0
-12 -3 -36 0
-21 42 -19 0
22 8 40 0
-4 45 48 0
-14 -10 -6 0
-48 -14 12 0
-49 -25 13 0
13 -36 -1 0
1 47 -23 0
29 21 14 0
-18 -9 -27 0
-18 -25 28 0
23 25 41 0
-4 33 21 0
-5 25 -25 0
5 -31 -29 0
34 22 9 0
-46 45 -33 0
13 30 -6 0
2 15 -11 0
9 41 21 0
20 -2 -21 0
18 -38 4 0
21 20 32 0
-31 25 -37 0
-32 -24 44 0
36 32 -32 0
-10 20 -35 0
-14 -25 -32 0
49 36 -49 0
19 -48 -43 0
3 22 12 0
16 26 -35 0
-19 24 32 0
15 -43 -13 0
-2 31 -13 0
17 -12 -45 0
-10 27 29 0
-13 -22 14 0
-11 41 16 0
11 -22 -7 0
-26 11 -14 0
-10 47 -29 0
-25 40 19 0
-9 -38 8 0
49 3 -41 0
-37 -6 44 0
-39 -21 17 0
-19 19 16 0
47 -31 41 0
22 -31 -17 0
-24 -27 27 0
-19 -3 43 0
-25 21 -36 0
-21 -15 -17 0
-14 -17 29 0
-13 -34 -27 0
-45 41 -37 0
-4 -38 -30 0
-40 33 45 0
42 -26 -16 0
15 -30 7 0
-15 -27 -29 0
-46 -48 -36 0
-11 27 16 0
7 -35 -22 0
15 -13 6 0
7 5 18 0
-26 -42 20 0
10 -31 -42 0
-31 -18 18 0
-48 -1 -48 0
-25 -41 13 0
-12 38 35 0
-26 -26 -13 0
47 23 45 0
39 28 -19 0
23 -24 -4 0
33 22 -30 0
-36 41 -36 0
-6 2 46 0
40 1 -23 0
39 16 -13 0
22 50 -47 0
-12 -39 26 0
29 -43 -32 0
-1 -49 -19 0
-24 -46 31 0
33 -39 24 0
17 -7 21 0
-15 18 -11 0
-32 8 -12 0
-15 39 -29 0
-21 -28 11 0
-40 -22 -17 0
-36 -30 -44 0
-47 -48 48 0
-3 -19 12 0
-22 21 11 0
-9 32 49 0
-41 8 -9 0
11 -12 42 0
5 -44 30 0
-36 -25 -11 0
-50 -14 43 0
49 -20 -20 0
1 -49 -31 0
31 -38 12 0
29 49 -6 0
-28 -20 -12 0
-33 20 31 0
16 -5 18 0
-18 -21 43 0
22 -1 -17 0
-27 5 -6 0
11 -28 -23 0
-31 -41 40 0
-10 10 8 0
-20 -10 4 0
-11 -24 16 0
-29 40 42 0
5 -25 -38 0
29 -21 -37 0
21 -37 28 0
49 -15 7 0
5 -16 -48 0
-13 -2 -50 0
-42 10 -10 0
16 -45 -20 0
46 36 -22 0
34 -7 -2 0
33 -1 -26 0
27 -18 -13 0
-15 -1 16 0
41 -24 34 0
21 35 47 0
28 -43 -2 0
42 -25 25 0
-14 -33 29 0
14 26 -24 0
39 26 15 0
-15 3 32 0
32 5 7 0
-39 50 -43 0
-28 -14 11 0
5 -2 -27 0
-34 36 -32 0
