c CNF generator v0.9
p cnf 50 234
24 -30 18 0
8 16 -36 0
-13 14 22 0
3 12 -45 0
18 37 -21 0
-18 -24 43 0
24 -46 -13 0
38 -39 28 0
47 17 30 0
2 7 21 0
26 -9 8 0
23 -39 -19 0
6 -44 44 0
27 -7 -16 0
9 -46 45 0
-15 45 10 0
42 4 26 0
42 43 -37 0
-14 18 35 0
-6 -25 -42 0
-24 -43 36 0
4 -1 -30 0
-50 30 26 0
-33 -16 17 0
-27 37 47 0
-46 19 23 0
49 15 24 0
23 -6 -14 0
49 -3 41 0
48 -44 -9 0
44 -37 18 0
-21 -21 50 0
-15 3 24 0
2 13 4 0
41 50 44 0
26 36 -34 0
-21 39 34 0
2 44 40 0
-50 -41 -26 0
-46 -45 43 0
45 35 27 0
-44 50 7 0
-19 4 -9 0
-14 22 -35 0
36 37 8 0
42 -42 -42 0
48 -50 -49 0
41 -43 37 0
31 15 -41 0
43 -38 -49 0
-2 -31 -49 0
-12 -2 -46 0
24 15 12 0
-9 -17 -38 0
2 3 -19 0
16 -29 43 0
23 9 8 0
28 30 3 0
-7 42 11 0
-23 40 -16 0
-31 4 33 0
38 6 -7 0
-18 17 -5 0
-27 -22 -7 0
-49 45 -2 0
29 48 13 0
-37 43 2 0
-47 -46 15 0
43 -21 1 0
26 -14 2 0
1 -15 -10 0
2 15 -43 0
-5 11 -19 0
-46 -7 15 0
22 -43 44 0
25 10 41 0
22 36 5 0
-29 9 2 0
-23 43 2 0
26 17 -19 0
-31 -22 -46 0
12 -31 -33 0
-3 48 -45 0
29 -7 -8 0
28 22 -14 0
40 -37 36 0
43 27 -33 0
-44 -30 9 0
24 -50 -50 0
22 21 36 0
-42 33 -44 0
-14 -36 17 0
-6 -13 10 0
-49 3 32 0
42 19 11 0
10 -20 20 0
6 10 -38 0
7 -39 -12 0
8 49 -6 0
8 42 -34 0
3 45 -4 0
-19 -15 6 0
31 48 -15 0
-2 14 -48 0
-44 40 -30 0
37 -12 15 0
26 21 1 0
40 49 23 0
22 25 -7 0
28 -40 -10 0
-11 5 36 0
47 -30 -44 0
-36 -28 37 0
32 36 -12 0
12 -40 11 0
-40 -38 -35 0
31 -18 -2 0
32 2 36 0
-20 -38 37 0
27 23 -40 0
6 46 45 0
28 -16 -10 0
-10 -42 -39 0
-32 33 1 0
-28 42 -39 0
-35 -40 33 0
14 29 -48 0
33 19 37 0
4 6 48 0
32 46 -25 0
4 -27 40 0
-6 -32 -41 0
5 -11 -34 0
-2 -31 -16 0
-3 11 47 0
12 11 1 0
-5 -41 34 0
27 47 -40 0
45 -26 36 0
-39 37 -43 0
-35 -15 -4 0
-5 32 -1 0
-2 44 42 0
-42 -32 47 0
26 15 31 0
-24 -1 36 0
15 -40 47 0
-29 39 33 0
-11 7 -41 0
15 8 -41 0
41 -44 26 0
-25 -26 -32 0
11 31 38 0
6 -7 26 0
-36 43 46 0
-3 5 46 0
-29 9 24 0
4 -30 32 0
1 -18 24 0
-4 -25 -33 0
-22 -10 32 0
34 -27 2 0
41 -1 -20 0
28 34 -31 0
-24 -35 45 0
-9 37 14 0
-1 32 47 0
25 -15 -10 0
-10 3 50 0
-2 -49 -34 0
44 6 -37 0
-45 24 18 0
11 30 16 0
-18 25 50 0
38 15 6 0
-39 7 10 0
50 11 -50 0
50 -46 30 0
9 22 15 0
11 -6 -47 0
-40 -29 23 0
36 13 37 0
-22 -1 36 0
-9 9 -49 0
-12 -1 -31 0
-30 7 -50 0
16 -17 17 0
39 -44 17 0
-3 12 12 0
39 -33 22 0
27 -20 -16 0
-13 -3 -2 0
-36 -16 -7 0
-2 15 22 0
-17 11 26 0
-50 38 -46 0
-9 44 -12 0
-39 -16 18 0
-43 31 -23 0
37 -29 7 0
-27 17 -28 0
-2 32 -15 0
-5 -8 -48 0
14 -16 31 0
-44 -6 -46 0
-30 -41 -19 0
-3 -6 4 0
-26 14 22 0
22 12 -40 0
35 12 -10 0
-37 -36 33 0
1 -45 29 0
-27 -7 15 0
20 -47 19 0
15 11 9 0
47 -39 -26 0
-25 37 8 0
-14 42 32 0
-30 -38 -47 0
5 3 -24 0
-42 33 16 0
22 9 40 0
28 35 -30 0
-49 -19 30 0
-36 36 29 0
-47 -34 -15 0
14 45 26 0
48 17 34 0
2 22 26 0
49 19 46 0
-14 -29 -13 0
-42 47 5 0
-10 -1 38 0
-2 -31 -43 0
