c CNF generator v0.9
p cnf 50 234
-17 38 -21 0
1 -12 43 0
39 16 -4 0
-34 -8 27 0
45 7 -43 0
45 48 5 0
3 -3 39 0
-31 -34 12 0
17 50 6 0
44 -37 -23 0
35 14 43 0
7 17 -26 0
33 -22 48 0
5 -28 -24 0
22 -24 -8 0
45 -2 33 0
34 18 49 0
-33 -36 -12 0
-7 -8 13 0
12 -11 -36 0
27 -46 -46 0
-7 6 38 0
25 -37 -35 0
50 -44 -16 0
8 33 -50 0
-50 -37 -10 0
-26 16 18 0
-17 2 45 0
-13 -40 1 0
-22 -23 -31 0
-9 31 -14 0
-14 -45 -41 0
-38 -45 -31 0
4 -42 -29 0
-32 -24 -5 0
22 -19 7 0
-28 -32 -39 0
-26 10 -28 0
-50 -45 50 0
-13 23 44 0
-35 18 -48 0
34 -3 -44 0
24 1 -47 0
-10 -25 -21 0
-41 -20 -10 0
-7 41 1 0
28 -19 -10 0
11 17 25 0
-48 -39 29 0
47 -6 -22 0
27 -4 46 0
-45 -3 36 0
8 -21 -23 0
-42 29 -43 0
39 47 18 0
28 38 46 0
46 -18 24 0
-1 -35 -39 0
-7 6 10 0
-20 -33 28 0
9 47 45 0
-37 29 -26 0
48 11 37 0
-31 31 -29 0
31 12 -46 0
-24 17 29 0
10 -18 -38 0
15 -14 -1 0
-38 -45 -11 0
-35 45 -41 0
9 -34 -23 0
36 14 17 0
7 37 -5 0
-47 9 7 0
44 45 39 0
19 -22 48 0
30 34 -3 0
10 -7 -27 0
-19 47 -33 0
-39 27 17 0
13 -22 45 0
-27 50 21 0
24 -6 -1 0
25 -23 -2 0
8 -34 -9 0
15 -21 1 0
-33 -48 37 0
-22 28 35 0
-17 -18 -33 0
-12 50 38 0
10 32 32 0
34 -33 14 0
8 -18 33 0
-47 29 40 0
12 31 -28 0
-16 30 41 0
33 -38 -13 0
-46 -27 49 0
-45 -39 -7 0
-18 31 42 0
-15 22 -40 0
-15 42 -10 0
-36 49 -34 0
-38 -35 -38 0
24 -38 -48 0
23 -9 -22 0
2 -48 -47 0
-24 -28 50 0
-50 1 -38 0
23 28 16 0
-1 45 10 0
49 49 -15 0
34 27 20 0
10 18 -35 0
44 17 -19 0
-26 -17 24 0
-44 -17 -48 0
34 22 -8 0
21 -48 24 0
-20 -14 31 0
11 29 -41 0
-33 18 -37 0
-23 -7 36 0
47 -9 -17 0
-38 7 -45 0
2 -30 32 0
-20 -22 43 0
26 -15 -7 0
2 -28 17 0
-22 9 38 0
3 -2 36 0
-25 -14 -2 0
-13 36 -50 0
16 -16 -19 0
31 -35 -21 0
-25 2 -40 0
14 50 21 0
44 -26 -4 0
41 -50 34 0
-34 31 -13 0
39 30 17 0
-24 -22 12 0
-10 -37 -43 0
-5 -48 18 0
-45 47 48 0
16 -43 43 0
-29 31 -44 0
-12 32 50 0
1 -23 -28 0
-37 -20 -2 0
5 -17 21 0
-20 -44 21 0
17 32 -31 0
-16 22 48 0
40 28 -25 0
-16 34 22 0
28 -13 -27 0
-15 -21 -16 0
-43 -22 38 0
-11 -34 22 0
-17 -20 34 0
-20 -40 -10 0
-25 27 22 0
-32 34 8 0
7 17 3 0
-29 22 -26 0
26 -6 16 0
17 28 49 0
32 -27 24 0
28 20 -8 0
-15 26 -20 0
39 -28 25 0
-31 8 14 0
-42 -43 -39 0
29 -31 4 0
24 18 -31 0
26 13 -23 0
43 -39 5 0
-12 -28 47 0
21 40 35 0
27 -47 49 0
-13 -24 21 0
27 -50 20 0
-32 -39 45 0
4 -31 -7 0
32 25 -28 0
-47 -37 -5 0
43 18 3 0
12 8 21 0
46 35 -20 0
11 -39 -45 0
-24 3 32 0
-47 -26 18 0
45 12 27 0
43 -14 15 0
-16 -13 24 0
23 7 -9 0
18 -44 12 0
-21 45 31 0
-40 47 -23 0
-47 -3 -15 0
-20 -3 6 0
-19 42 -3 0
39 35 -8 0
-3 23 5 0
-11 -16 17 0
44 38 -8 0
-21 30 49 0
-17 15 -15 0
12 50 1 0
33 -3 -5 0
-26 31 41 0
47 30 31 0
-10 6 -10 0
-10 21 -4 0
34 17 -41 0
-16 12 -44 0
-33 24 -27 0
43 -24 2 0
16 -7 -16 0
42 -42 23 0
-11 -8 -1 0
-43 -16 -29 0
-24 6 16 0
28 29 30 0
-2 21 49 0
31 2 -5 0
17 -37 -29 0
-37 -1 -10 0
47 -40 -7 0
-45 44 9 0
-47 49 22 0
49 -34 -25 0
49 39 -44 0
