c CNF generator v0.9
p cnf 50 240
-17 -45 39 0
1 -7 36 0
29 41 5 0
9 11 -42 0
22 -39 7 0
-29 -10 41 0
-47 19 47 0
-35 -43 -33 0
-1 18 -19 0
13 -25 -5 0
-24 43 -26 0
-40 -37 -46 0
-46 -3 43 0
40 -11 17 0
-27 -2 41 0
11 44 11 0
-40 -39 43 0
-6 30 4 0
42 37 28 0
46 -24 -30 0
-4 28 -21 0
37 -37 47 0
-28 30 48 0
-36 43 14 0
-15 -28 18 0
-49 -29 31 0
13 22 35 0
36 -46 25 0
-31 46 28 0
-4 36 -7 0
45 42 -31 0
9 18 -32 0
16 -26 -34 0
43 -9 -7 0
-41 -5 -14 0
27 16 33 0
-42 50 8 0
-10 42 -10 0
-39 -5 -40 0
44 42 24 0
-48 -45 14 0
12 -11 -25 0
-22 -26 31 0
44 22 22 0
-47 18 22 0
-1 48 23 0
-31 -25 21 0
-18 46 -29 0
-7 28 46 0
20 -17 14 0
-35 -37 29 0
20 47 -29 0
42 -42 -1 0
48 -19 36 0
48 24 -4 0
-33 27 25 0
-33 -46 -10 0
-10 30 45 0
-37 23 36 0
36 -41 18 0
-43 -44 -2 0
45 -12 -46 0
-1 -13 -24 0
-24 -14 2 0
-38 31 34 0
-2 -31 -26 0
-34 -15 18 0
10 3 -45 0
1 11 43 0
-17 19 -25 0
-20 -47 8 0
38 39 43 0
-21 23 -50 0
26 -5 16 0
-18 16 26 0
-50 39 1 0
2 23 -26 0
-5 39 -18 0
44 -30 1 0
-10 -18 -31 0
-22 43 -38 0
-11 -38 -31 0
43 3 -27 0
-40 -26 5 0
-2 -38 -30 0
-8 -26 12 0
49 13 41 0
-35 50 15 0
46 12 -46 0
43 -8 -41 0
48 -5 42 0
4 -2 -25 0
23 -11 -42 0
20 30 31 0
-14 -40 -35 0
-20 -4 -18 0
6 35 30 0
37 -1 -27 0
47 9 -35 0
4 2 -34 0
46 -23 16 0
-26 -11 -50 0
-32 -49 2 0
-12 27 -30 0
3 18 -8 0
-39 22 42 0
17 46 18 0
-37 -48 -19 0
8 -16 -44 0
-16 -10 -44 0
16 29 37 0
-4 -7 -28 0
-39 47 -32 0
-10 21 1 0
-50 -36 -46 0
30 -5 34 0
30 -38 -25 0
-3 2 -9 0
39 34 32 0
-34 13 -6 0
28 29 -15 0
-6 16 -7 0
-10 -9 38 0
-32 -21 8 0
2 -4 39 0
-43 -7 15 0
-24 6 -3 0
3 -23 34 0
4 27 -10 0
-50 1 28 0
27 -39 -29 0
39 10 -28 0
1 19 45 0
-38 34 -13 0
-35 32 -13 0
-19 -16 -2 0
8 1 14 0
-29 -33 33 0
19 -32 -13 0
-19 27 41 0
37 6 5 0
-22 29 38 0
-37 -33 -36 0
4 -39 48 0
-26 4 -34 0
-25 16 10 0
-35 -37 43 0
22 -9 23 0
-14 48 33 0
49 -3 -45 0
-46 13 -7 0
-24 -39 19 0
-9 -19 43 0
-43 -39 -20 0
-20 39 21 0
6 -22 18 0
20 -3 31 0
4 21 2 0
-13 -11 42 0
-17 -35 30 0
-46 -31 -28 0
4 23 -45 0
-2 42 -31 0
-37 -47 41 0
16 4 32 0
-26 6 1 0
-28 -43 41 0
-47 -28 -43 0
-50 18 30 0
49 42 48 0
19 40 29 0
-30 37 -35 0
-29 47 -29 0
43 -13 28 0
48 -47 38 0
-22 -2 18 0
25 -16 14 0
-24 -42 -40 0
14 -16 -6 0
-44 -18 21 0
-38 37 22 0
-37 -36 37 0
39 22 -26 0
22 21 12 0
14 16 -28 0
-13 23 22 0
-10 -43 -17 0
-46 -20 -21 0
-11 18 -25 0
27 -29 50 0
46 29 6 0
40 -16 18 0
1 15 22 0
-17 18 -47 0
-8 12 -31 0
-7 -11 37 0
46 6 10 0
12 22 36 0
47 -46 24 0
-48 46 49 0
30 13 -22 0
15 29 41 0
13 16 -6 0
46 18 43 0
29 -8 -45 0
-39 -14 20 0
9 -27 39 0
-19 11 14 0
-38 34 -32 0
29 5 46 0
-15 49 49 0
-49 28 41 0
-16 -5 22 0
17 -11 17 0
-47 44 21 0
-5 -29 -39 0
38 16 -6 0
40 29 -39 0
-12 -44 4 0
42 -1 19 0
10 46 10 0
-50 2 48 0
-25 -20 31 0
12 25 43 0
-33 -4 -16 0
-16 -26 -44 0
29 45 38 0
-35 -12 20 0
-21 36 33 0
30 -38 50 0
-25 6 18 0
44 16 46 0
-12 -21 9 0
15 -44 44 0
26 -37 -40 0
-45 40 21 0
-3 -19 28 0
-5 8 -17 0
-42 -13 46 0
-1 6 44 0
