c CNF generator v0.9
p cnf 50 240
23 27 50 0
40 6 -20 0
-31 -24 10 0
-12 14 26 0
-3 46 -6 0
-3 21 -4 0
47 -41 47 0
26 -29 2 0
10 23 -39 0
-21 14 -45 0
-21 27 2 0
-49 -12 11 0
20 -23 45 0
-37 24 -33 0
28 -6 -18 0
48 49 -25 0
5 12 -26 0
-35 -5 -40 0
20 20 15 0
-29 -21 15 0
24 -5 29 0
-17 -21 50 0
-5 18 -42 0
38 -39 -33 0
42 -44 25 0
-6 -5 16 0
-46 -44 -8 0
42 -35 -20 0
23 8 -36 0
49 26 -35 0
-25 23 21 0
-46 -11 -26 0
5 -29 -16 0
-33 49 1 0
-31 -6 1 0
-50 13 -27 0
2 20 -27 0
-48 -30 -8 0
19 -21 -45 0
10 6 19 0
-5 13 19 0
-20 -9 31 0
31 20 13 0
34 -31 -3 0
34 -28 20 0
18 -17 -31 0
-38 -13 -17 0
-21 -45 -45 0
5 -12 28 0
-35 -20 42 0
-17 -30 30 0
-40 -4 -28 0
-22 -11 26 0
-22 -11 33 0
38 10 35 0
-41 13 -38 0
-19 35 -42 0
44 -12 31 0
-14 3 2 0
-24 20 -40 0
-42 -24 -18 0
-18 -42 47 0
-38 25 22 0
-31 -33 -44 0
-16 -32 43 0
-8 -43 -14 0
20 22 -45 0
-34 26 -44 0
49 -36 44 0
-43 17 -12 0
33 48 -5 0
-34 13 -26 0
42 38 -49 0
-48 3 -6 0
41 -44 -9 0
21 4 -8 0
-49 -25 -12 0
-36 -6 -44 0
32 49 -11 0
25 9 5 0
-46 -44 20 0
36 23 31 0
13 48 22 0
11 31 27 0
-14 -28 13 0
46 4 -33 0
4 38 -26 0
-27 -26 10 0
13 -4 42 0
42 20 42 0
-11 -13 -2 0
41 45 -22 0
-48 -17 18 0
-21 30 -50 0
40 22 37 0
-44 -49 10 0
30 1 25 0
8 11 -22 0
9 36 -3 0
28 -27 49 0
30 37 17 0
10 19 8 0
-44 30 24 0
-36 -1 -43 0
-20 19 4 0
-25 36 41 0
-38 -25 -30 0
-44 49 -42 0
48 -18 -48 0
35 1 7 0
-15 -42 25 0
49 43 -10 0
-37 -14 38 0
28 -28 15 0
-4 48 -11 0
38 2 24 0
7 11 50 0
-19 -17 -10 0
39 16 8 0
16 -27 49 0
-21 23 -32 0
20 35 -24 0
-29 -3 -32 0
-45 30 31 0
-44 -30 1 0
-42 46 46 0
47 -27 6 0
47 4 -14 0
-40 -20 -33 0
17 48 -44 0
3 -26 44 0
44 -30 27 0
7 -26 -46 0
-32 31 6 0
44 1 44 0
-25 18 5 0
-29 -45 40 0
11 18 -44 0
38 -13 29 0
-48 -45 7 0
4 30 25 0
-25 7 10 0
-11 11 43 0
35 26 14 0
-8 -2 36 0
30 -19 -10 0
23 48 -16 0
1 -29 5 0
-16 13 14 0
-33 -33 -36 0
-21 -6 43 0
-44 -21 -44 0
46 41 -26 0
-22 9 -23 0
-23 -11 37 0
-15 -8 26 0
-43 -47 -19 0
45 -14 -7 0
35 24 -4 0
10 -46 20 0
24 -47 39 0
-29 -8 11 0
22 -43 10 0
10 21 40 0
36 41 -3 0
14 -48 10 0
9 5 28 0
-19 -10 16 0
-11 9 -36 0
34 -49 -23 0
-34 -50 27 0
-11 -22 -46 0
-6 13 -11 0
42 42 17 0
26 -6 50 0
-5 23 30 0
17 42 -14 0
-8 -14 4 0
-16 29 -41 0
39 -25 44 0
50 -26 -29 0
-13 -48 -48 0
14 1 -32 0
44 11 21 0
-49 -46 -6 0
8 15 -13 0
-13 -9 -45 0
25 -43 21 0
8 10 19 0
-17 -43 29 0
-10 -8 45 0
-49 23 -14 0
-21 41 -31 0
34 -22 28 0
-21 49 17 0
-9 35 6 0
27 -15 -19 0
-3 -12 -23 0
-30 -11 24 0
22 -6 -36 0
-1 9 1 0
37 6 -46 0
6 -8 18 0
29 -44 -25 0
-9 43 25 0
-8 14 29 0
25 -35 29 0
48 -10 -6 0
-49 -43 -4 0
28 22 24 0
25 -30 -20 0
44 -34 29 0
-14 42 21 0
-29 -17 -18 0
-17 -7 2 0
-26 12 -40 0
16 -6 -22 0
-1 37 -22 0
-1 44 -50 0
47 43 13 0
15 8 -18 0
1 9 12 0
39 9 -45 0
-29 -46 -13 0
-33 -37 15 0
-24 -11 -15 0
-43 -50 -43 0
-28 5 -22 0
31 41 34 0
-2 27 27 0
-27 -23 23 0
-24 -45 -49 0
-13 21 -31 0
-22 1 39 0
37 -39 -22 0
-21 13 -14 0
49 -35 6 0
26 11 15 0
-12 -26 43 0
-22 -22 -16 0
