c CNF generator v0.9
p cnf 50 240
-38 -27 33 0
10 12 -19 0
-25 -15 45 0
-25 -35 -19 0
27 36 5 0
-24 45 -3 0
-29 -17 3 0
-47 25 -47 0
-8 -48 -32 0
-11 -28 45 0
-33 -36 -16 0
11 -11 49 0
-48 -3 -14 0
18 -14 -17 0
32 40 -17 0
-23 15 -11 0
31 26 3 0
-20 -6 -1 0
-44 -42 2 0
16 -35 36 0
38 15 -25 0
35 15 23 0
-39 17 34 0
5 28 -28 0
44 -16 -31 0
38 3 -8 0
12 48 17 0
7 39 49 0
-2 2 -36 0
44 35 -3 0
-7 30 -14 0
-18 -47 -39 0
1 9 -9 0
-8 -46 49 0
-46 -39 24 0
-4 -37 -6 0
-17 30 -10 0
-18 20 22 0
40 9 42 0
-47 19 8 0
-3 -25 39 0
-24 40 -42 0
41 22 9 0
47 16 -14 0
-19 -3 42 0
27 23 -13 0
49 -17 24 0
-27 -22 12 0
34 13 27 0
-18 23 12 0
11 3 -46 0
-6 21 13 0
6 -5 -36 0
26 25 -27 0
-32 -41 33 0
23 -44 -9 0
-2 23 31 0
-25 -8 3 0
-46 -18 -35 0
-48 48 -50 0
-45 40 11 0
47 -31 -36 0
-20 12 2 0
-8 2 -50 0
41 -27 -19 0
9 -16 -39 0
-11 -13 9 0
-30 36 -30 0
46 7 26 0
28 -39 29 0
13 14 -9 0
-43 -19 17 0
-30 46 7 0
30 38 26 0
-11 -18 -17 0
19 -14 -37 0
10 -31 3 0
21 -3 17 0
34 49 -10 0
-15 -11 44 0
-12 39 25 0
16 44 -30 0
41 -14 -27 0
34 47 11 0
13 7 44 0
39 -17 -28 0
-29 9 5 0
-42 8 19 0
-22 -44 28 0
14 -8 43 0
-29 22 15 0
-9 44 28 0
42 -32 24 0
-50 -20 8 0
-12 13 3 0
25 35 5 0
-36 49 6 0
-49 17 23 0
17 -10 41 0
-1 -2 -19 0
28 -7 -26 0
1 -44 42 0
-36 -10 -6 0
42 -43 -30 0
11 -50 45 0
26 19 2 0
-10 -27 8 0
-31 40 -7 0
-13 -25 -30 0
-32 18 -15 0
50 -30 40 0
-47 -24 7 0
-39 -16 -24 0
10 -7 -24 0
14 27 -17 0
33 -41 41 0
13 47 44 0
2 -22 38 0
-15 5 -1 0
-16 16 -5 0
11 -34 -14 0
-24 -23 26 0
23 -22 -5 0
30 -2 15 0
-8 -32 2 0
34 46 1 0
-39 36 2 0
49 -38 31 0
-46 -47 -1 0
50 33 -9 0
-34 24 -14 0
-10 -40 11 0
-33 18 40 0
11 -48 20 0
-10 21 -2 0
38 -6 -2 0
36 -14 36 0
-12 15 30 0
-44 -4 -17 0
-25 2 -4 0
28 35 17 0
-26 -47 1 0
-21 1 16 0
-43 -37 12 0
-14 -40 -34 0
6 1 30 0
-42 -33 -50 0
6 -41 12 0
-35 26 14 0
45 -50 -12 0
-48 25 -34 0
-6 25 -17 0
3 35 47 0
7 -48 22 0
-30 43 -3 0
-5 -46 31 0
-6 -6 15 0
42 40 -5 0
-22 -30 13 0
-14 -2 26 0
-34 19 -9 0
16 -43 21 0
-50 49 -34 0
-37 -22 -31 0
12 33 -48 0
-10 -41 -39 0
33 38 -24 0
-7 16 14 0
16 -16 39 0
-6 -47 10 0
41 -37 35 0
43 -6 27 0
-21 -41 46 0
-30 -10 -13 0
-24 47 -30 0
10 6 41 0
7 2 -9 0
-21 47 -37 0
-16 -45 39 0
11 49 12 0
-19 -28 24 0
-20 -11 34 0
7 38 47 0
25 -7 37 0
31 -3 -12 0
1 -4 -3 0
11 30 -31 0
7 -20 6 0
-12 -10 -44 0
28 14 43 0
-34 -10 43 0
-1 -43 14 0
28 32 -12 0
41 -11 -26 0
21 -33 -16 0
2 -4 -33 0
27 -10 38 0
-28 -9 -19 0
-35 -37 -4 0
3 10 26 0
11 -6 -20 0
-34 28 13 0
-8 15 -26 0
-18 -30 -41 0
43 -16 -25 0
-10 -27 -16 0
-16 45 -49 0
16 -10 22 0
-12 10 26 0
-42 24 -28 0
1 10 -23 0
-28 -33 9 0
-9 -47 50 0
-5 35 16 0
-21 10 -34 0
-42 -36 42 0
-8 -27 -3 0
46 4 -41 0
23 -1 -31 0
19 27 -40 0
-29 9 32 0
-27 -19 -11 0
-43 47 -24 0
-48 23 25 0
22 26 -15 0
-26 -20 -29 0
25 -40 12 0
21 31 -3 0
14 13 -34 0
13 10 37 0
38 -24 37 0
26 13 15 0
27 33 -39 0
-20 -31 -31 0
35 29 -45 0
1 -26 -34 0
-1 15 -32 0
30 -13 12 0
-48 -47 -45 0
43 2 47 0
