c CNF generator v0.9
p cnf 50 240
-6 5 26 0
-43 13 -42 0
45 7 24 0
47 -21 3 0
-5 -41 -27 0
19 -10 6 0
12 -9 -36 0
24 4 -3 0
15 49 -14 0
-3 4 -31 0
3 42 -42 0
-38 -1 -21 0
-12 18 -22 0
42 -31 -26 0
2 32 23 0
5 -31 11 0
24 -7 -29 0
-7 -5 45 0
8 -9 -48 0
29 39 -18 0
-6 -38 -17 0
-43 -15 -41 0
20 -41 30 0
17 36 30 0
26 -46 48 0
-36 34 48 0
-46 -7 -22 0
45 13 -15 0
-50 47 26 0
-50 -35 24 0
7 41 21 0
-49 -1 23 0
-3 49 13 0
29 18 50 0
48 10 -29 0
25 -16 3 0
-29 -42 -40 0
-30 -42 -19 0
-30 -13 50 0
-13 11 6 0
41 -20 -16 0
11 15 -41 0
27 18 50 0
42 34 35 0
22 13 42 0
27 -32 6 0
-40 32 42 0
2 10 -41 0
6 45 -11 0
20 18 35 0
13 15 34 0
-26 -32 6 0
-11 38 -38 0
46 -1 15 0
-36 6 4 0
12 -40 -36 0
-19 20 -28 0
-22 28 -29 0
12 17 43 0
-23 42 -20 0
32 -45 -22 0
6 27 -7 0
-5 44 23 0
22 -34 1 0
-20 -42 -47 0
48 -41 -3 0
-39 17 -16 0
4 19 19 0
13 -28 10 0
40 43 -17 0
43 47 31 0
-5 1 35 0
-20 46 -28 0
-33 13 -4 0
11 -42 -19 0
-24 -34 -25 0
-27 -34 -15 0
44 -38 11 0
-17 41 48 0
34 14 -1 0
-8 -42 37 0
14 26 18 0
-34 -8 -14 0
19 17 -49 0
2 6 -21 0
-9 2 -19 0
-37 42 -34 0
8 -28 -29 0
13 29 -18 0
37 25 -9 0
2 16 -31 0
-24 44 -25 0
-26 32 11 0
-29 -36 -16 0
-16 -9 -38 0
-10 -49 37 0
3 19 17 0
21 50 15 0
46 18 -15 0
-31 21 45 0
-18 33 39 0
50 22 11 0
-32 -44 -16 0
43 -41 -50 0
23 47 -40 0
29 -49 14 0
-31 -46 21 0
-12 17 16 0
10 7 31 0
-5 -46 10 0
-28 33 -13 0
26 25 -17 0
5 -1 -33 0
-25 8 19 0
3 2 20 0
-40 3 -21 0
27 6 15 0
43 -24 -24 0
28 -47 6 0
-11 43 -7 0
49 -10 29 0
-13 -28 -25 0
42 -25 -30 0
-44 23 46 0
3 14 -45 0
9 1 17 0
37 -20 6 0
47 -5 -15 0
-11 -8 -30 0
7 -50 22 0
-35 49 -24 0
-38 32 24 0
-28 -25 10 0
42 41 -33 0
7 -25 8 0
33 -2 49 0
27 21 4 0
8 -23 11 0
-39 -23 38 0
18 31 12 0
-5 3 -46 0
16 -11 -11 0
-21 -10 -1 0
24 -32 -30 0
-9 -30 23 0
-29 -23 14 0
-31 47 -45 0
-15 32 25 0
18 -2 18 0
13 16 16 0
-33 40 -24 0
-43 -19 -24 0
-25 2 3 0
-37 -7 50 0
8 32 30 0
36 17 7 0
43 -24 44 0
3 31 34 0
-48 -9 -29 0
-24 4 31 0
-4 16 -50 0
-48 -3 -31 0
12 24 18 0
-1 -2 44 0
40 -26 8 0
-20 -30 -41 0
8 -32 13 0
7 -16 -17 0
4 12 49 0
34 -1 9 0
-26 -25 25 0
37 40 37 0
4 -3 -2 0
14 -44 -3 0
-30 -23 -35 0
-18 25 -22 0
-38 22 -30 0
-4 -48 10 0
6 35 -47 0
8 -4 25 0
-24 -18 46 0
21 47 -45 0
10 1 -19 0
-18 -7 -21 0
39 -31 -47 0
-12 -10 34 0
-3 42 20 0
-16 43 -24 0
-23 -6 -31 0
11 49 48 0
-3 -18 4 0
50 49 47 0
18 48 -13 0
12 27 -3 0
30 -19 -15 0
-44 18 45 0
7 -40 -26 0
3 19 42 0
43 -11 16 0
-44 -8 -16 0
48 43 -27 0
-7 27 -9 0
-30 46 22 0
-15 24 -40 0
-39 -43 43 0
-11 -12 -7 0
37 12 -45 0
40 16 -47 0
-26 44 -38 0
5 26 2 0
-15 -22 -42 0
47 34 25 0
18 -40 10 0
-18 41 30 0
-35 -20 -13 0
46 -12 8 0
-25 50 -18 0
39 -46 11 0
7 8 32 0
46 -41 21 0
32 50 43 0
-1 17 47 0
-46 18 15 0
28 47 7 0
-31 1 -35 0
-49 -41 21 0
-11 27 -15 0
24 -46 33 0
10 -3 -8 0
35 31 -24 0
22 -12 -40 0
40 -49 30 0
-35 6 6 0
44 -4 49 0
25 -28 -15 0
-34 28 -17 0
-26 -7 -14 0
-16 25 42 0
27 -17 -13 0
-18 49 -28 0
