c CNF generator v0.9
p cnf 50 240
26 49 -32 0
-50 -19 41 0
-20 -44 9 0
-13 8 45 0
16 7 -31 0
-49 2 -4 0
33 28 8 0
-45 -17 -28 0
37 3 -38 0
14 43 -43 0
12 8 44 0
-37 -34 5 0
-34 49 -37 0
26 -34 35 0
-45 -17 -30 0
38 -11 42 0
41 19 13 0
13 -40 32 0
-4 27 35 0
12 1 -22 0
-47 -19 -36 0
3 -27 49 0
50 -3 24 0
-18 35 -25 0
-24 17 32 0
1 -15 29 0
10 -42 -12 0
34 43 22 0
-19 27 12 0
-41 30 7 0
-1 -40 14 0
-14 -27 21 0
-2 37 2 0
-36 -4 -14 0
-47 9 48 0
-7 -23 -20 0
-7 9 13 0
-19 29 39 0
40 -48 9 0
-2 -37 -18 0
20 -35 34 0
43 -35 -16 0
-39 29 35 0
-41 -29 27 0
-45 16 -49 0
-23 38 50 0
-36 4 24 0
-22 -38 5 0
9 -22 -1 0
35 20 -27 0
-5 -34 9 0
-5 17 -45 0
-46 -7 -6 0
6 -23 43 0
-11 -1 9 0
50 -41 -9 0
-38 25 -14 0
-45 6 48 0
-33 35 -26 0
49 13 -7 0
-11 -50 -19 0
4 15 28 0
46 -16 45 0
20 -44 10 0
-39 -15 27 0
15 6 -47 0
-6 -29 1 0
24 -47 13 0
-29 -26 -28 0
3 -8 -8 0
-31 7 36 0
20 -13 -20 0
27 -4 -37 0
7 -41 35 0
43 -13 2 0
15 43 -11 0
-14 43 6 0
5 15 19 0
-9 -26 -18 0
-48 -37 25 0
-20 -12 21 0
5 35 37 0
-15 -44 22 0
38 -16 16 0
-34 -18 -49 0
-37 -2 38 0
-13 -33 3 0
16 -19 17 0
28 -50 12 0
47 33 4 0
45 -15 38 0
14 -10 15 0
9 47 31 0
-17 15 -44 0
21 -3 -4 0
-29 49 43 0
-41 3 -29 0
-35 -25 12 0
-15 -11 -42 0
31 -17 -26 0
-10 8 -44 0
32 -3 -35 0
-7 27 -12 0
27 -37 13 0
-50 -49 -27 0
-34 9 -50 0
-3 -12 33 0
-21 -5 -31 0
21 -3 -9 0
-38 -20 -6 0
-4 28 20 0
-17 32 -26 0
-20 -11 -20 0
-39 22 40 0
-26 46 12 0
11 -18 5 0
-47 -11 11 0
-18 -20 12 0
48 41 34 0
-38 21 22 0
48 -34 15 0
-45 -37 23 0
-32 13 -32 0
43 8 -29 0
11 8 -36 0
-36 47 -10 0
42 -33 -39 0
-41 34 47 0
46 1 16 0
-46 -41 33 0
-49 27 -24 0
21 49 -41 0
19 -4 6 0
-42 13 -11 0
28 -2 17 0
43 -19 37 0
-9 -26 6 0
32 -7 27 0
20 -26 4 0
45 17 16 0
-42 -40 48 0
12 -39 -19 0
-30 10 4 0
42 14 43 0
-45 9 45 0
39 15 31 0
40 46 -49 0
-15 -2 -48 0
29 -26 -1 0
23 -28 -20 0
-39 -47 12 0
-10 42 -3 0
-45 47 24 0
-28 -18 3 0
44 -28 -46 0
-32 -24 21 0
49 49 27 0
-31 -29 14 0
32 50 -8 0
14 -7 10 0
14 15 -24 0
-4 -21 47 0
-19 42 10 0
7 33 -40 0
-37 14 -40 0
-7 -22 30 0
5 -6 -31 0
24 42 36 0
3 -31 -7 0
38 30 -20 0
-27 33 -49 0
47 -31 37 0
10 -35 19 0
-19 -12 -35 0
39 -42 28 0
-35 -19 16 0
-20 25 -19 0
-19 -4 -18 0
-6 28 -35 0
-32 -50 -22 0
-25 38 43 0
-40 39 -28 0
-23 -6 27 0
-24 -8 -7 0
19 39 -22 0
38 40 -2 0
-21 10 -2 0
46 41 -9 0
-6 -23 42 0
15 -25 -13 0
15 38 49 0
5 33 38 0
-28 6 9 0
-11 -47 -34 0
-30 -14 -48 0
-19 -31 -2 0
-2 26 48 0
-11 26 -6 0
29 -16 15 0
-10 32 37 0
-44 -49 -17 0
-17 -5 -17 0
-19 -47 46 0
10 17 -47 0
-17 10 -20 0
42 -37 -44 0
21 1 10 0
-15 -32 -27 0
-47 -25 2 0
-47 37 1 0
-31 -50 -26 0
-44 -27 -11 0
-15 46 43 0
-23 50 8 0
40 -4 -50 0
-46 -23 -18 0
-20 -34 -49 0
41 -41 37 0
-18 -30 13 0
-30 -9 -33 0
26 2 -50 0
34 41 -16 0
-21 -2 15 0
-36 -42 39 0
48 32 -50 0
8 8 -28 0
-34 18 -23 0
-21 1 12 0
7 -28 -42 0
-48 -4 -44 0
29 5 41 0
-41 39 22 0
-6 -5 -14 0
46 47 29 0
2 39 -22 0
19 -20 -37 0
-11 31 43 0
43 -16 48 0
48 -7 11 0
30 -40 -16 0
