c CNF generator v0.9
p cnf 50 240
39 48 -4 0
-31 6 -20 0
7 -43 22 0
-12 -47 45 0
-34 11 43 0
23 25 33 0
-45 40 9 0
-35 19 28 0
1 -39 23 0
-26 -36 24 0
-7 46 5 0
19 -15 7 0
42 23 1 0
-39 48 -36 0
40 -8 -28 0
-43 41 -37 0
32 25 38 0
-50 37 32 0
37 -38 31 0
-44 -43 -45 0
16 34 46 0
-28 21 13 0
5 -21 -19 0
-25 13 -7 0
-50 6 -39 0
33 -21 13 0
-5 31 38 0
-32 5 -10 0
-4 -48 20 0
-1 48 -49 0
-32 -44 24 0
38 42 -13 0
-23 -48 38 0
-17 6 20 0
-12 13 -46 0
-18 -40 -32 0
19 16 -29 0
-25 25 -44 0
12 44 40 0
-41 29 9 0
-46 -32 19 0
-41 6 16 0
-41 21 -41 0
42 -22 27 0
-47 48 -36 0
4 5 3 0
48 -42 24 0
25 25 -16 0
11 41 -9 0
-42 -24 38 0
16 -47 10 0
-41 20 20 0
-4 -40 45 0
8 -7 -2 0
49 21 -11 0
-32 38 40 0
-31 -7 -49 0
-45 -39 12 0
-1 -20 -34 0
22 -20 -20 0
-44 -4 -31 0
20 -34 1 0
-43 22 -21 0
-23 26 -24 0
27 -26 20 0
45 -13 10 0
-11 -47 -22 0
-20 -11 -2 0
-32 4 -10 0
-13 14 27 0
-32 -17 -30 0
-18 -44 7 0
8 20 -17 0
-15 5 13 0
45 9 14 0
-22 9 -2 0
-7 -4 -4 0
10 -8 -14 0
31 50 1 0
-31 -46 -46 0
-4 2 -9 0
29 43 -49 0
-43 18 46 0
34 16 15 0
-36 18 46 0
10 -30 36 0
-28 27 -26 0
-24 -34 1 0
13 9 17 0
6 47 5 0
29 -9 29 0
41 -10 -40 0
33 16 17 0
31 10 10 0
34 -36 46 0
27 -11 3 0
-49 -48 44 0
23 -49 14 0
18 6 48 0
36 -5 37 0
1 -3 -25 0
26 -16 -29 0
29 -19 46 0
-45 22 16 0
11 -40 15 0
-22 -26 -50 0
-15 50 -26 0
13 33 34 0
-15 -27 8 0
-25 43 27 0
12 1 49 0
7 4 -41 0
9 2 -33 0
36 12 47 0
-8 -49 47 0
14 9 38 0
-12 -23 -6 0
-27 31 -41 0
-27 -39 -13 0
-48 10 16 0
42 -48 37 0
-35 -18 21 0
-31 -40 13 0
26 33 -35 0
30 -49 -47 0
6 -49 -30 0
-32 -19 32 0
-20 46 -23 0
-42 -22 26 0
-47 31 46 0
-29 26 34 0
-17 30 10 0
25 -36 -50 0
8 -46 24 0
44 -12 26 0
46 42 12 0
25 -6 -43 0
-31 -11 34 0
13 -26 -5 0
15 -32 36 0
-8 -23 21 0
-19 31 -17 0
-28 -8 40 0
-14 7 28 0
50 28 -20 0
26 -14 -14 0
25 4 -41 0
-49 -23 5 0
-35 -11 7 0
12 -10 -2 0
-32 -5 -19 0
34 18 -15 0
29 30 40 0
-4 -17 42 0
-7 9 -26 0
-38 11 -49 0
27 34 38 0
49 -37 1 0
33 -22 40 0
11 -35 50 0
-12 -7 -8 0
-45 42 19 0
48 3 -6 0
-34 4 11 0
-20 -29 4 0
-25 16 48 0
11 45 -11 0
-25 20 -47 0
37 -38 29 0
-14 2 -12 0
-43 10 39 0
-22 48 15 0
22 -43 -25 0
3 12 -4 0
-17 -36 37 0
-34 -40 -5 0
-8 22 -34 0
2 24 -1 0
44 -13 38 0
31 -26 -27 0
47 50 -23 0
-8 43 6 0
27 38 26 0
4 -20 -3 0
36 39 2 0
45 39 -1 0
9 41 -47 0
-9 -46 44 0
2 -25 -46 0
-9 30 26 0
41 -2 18 0
-50 -26 -20 0
-24 27 -41 0
2 9 -49 0
7 -1 20 0
41 -6 11 0
48 46 22 0
-15 22 29 0
-18 18 45 0
-36 30 42 0
-39 -25 -40 0
13 -3 -28 0
30 16 13 0
35 -20 -30 0
-6 9 -4 0
11 -14 -6 0
11 47 32 0
27 -37 36 0
41 20 25 0
38 -49 -37 0
12 -34 5 0
46 10 -14 0
40 -12 41 0
50 14 44 0
32 10 25 0
33 16 30 0
3 -32 45 0
-18 -3 14 0
-16 -22 48 0
7 -24 -13 0
13 41 -19 0
-44 45 31 0
-18 -7 -8 0
15 33 11 0
17 20 -19 0
31 11 -5 0
-31 -22 -37 0
48 14 5 0
35 10 19 0
33 21 -5 0
-39 -45 -5 0
42 48 -5 0
15 21 8 0
21 -10 -25 0
22 32 21 0
-30 -34 -49 0
-17 -1 45 0
13 42 35 0
50 -5 -33 0
-11 -30 -19 0
