c CNF generator v0.9
p cnf 50 240
-25 -42 7 0
-26 34 -2 0
20 -6 23 0
28 -29 30 0
-3 41 -22 0
-28 -25 10 0
38 -22 -18 0
2 30 -35 0
-13 -32 33 0
1 -24 47 0
1 6 -38 0
18 -6 26 0
25 -14 -33 0
48 -32 -1 0
-16 23 -30 0
23 4 18 0
5 4 41 0
24 31 -9 0
-16 -31 44 0
-40 -48 -30 0
-44 42 -30 0
42 -9 7 0
12 -14 1 0
-22 -15 -26 0
22 -42 -18 0
-20 17 -35 0
22 8 -37 0
-37 27 40 0
50 -28 22 0
-10 -45 -8 0
-30 -11 -3 0
27 7 -10 0
-35 7 18 0
-32 -28 -21 0
24 36 -31 0
31 20 -13 0
-50 23 26 0
15 17 -35 0
24 -50 -36 0
38 -43 -38 0
-28 -50 -50 0
-50 21 30 0
38 -24 46 0
-22 -32 18 0
-33 -8 37 0
23 -24 -46 0
24 -16 21 0
-31 -43 -21 0
-31 17 18 0
30 29 30 0
-21 2 -15 0
-22 -44 -33 0
-24 27 37 0
-11 -16 -25 0
6 38 2 0
26 -48 -1 0
-1 23 34 0
-25 31 -18 0
34 -28 1 0
-32 19 50 0
-17 -50 45 0
-43 37 32 0
-31 7 -1 0
15 24 5 0
-19 -12 13 0
-37 5 27 0
31 -40 12 0
29 -36 -40 0
4 4 -3 0
22 19 30 0
-16 25 2 0
-34 -20 -40 0
-22 37 12 0
-2 -36 -10 0
-11 24 6 0
-17 -47 -1 0
11 -44 14 0
22 -39 10 0
-4 14 -28 0
-27 31 -3 0
-22 12 13 0
23 40 24 0
39 26 19 0
17 -31 -40 0
-47 18 19 0
-11 -47 30 0
-34 26 -45 0
-32 9 1 0
42 -36 3 0
44 47 46 0
7 30 -40 0
15 -8 -20 0
34 -20 37 0
3 -8 6 0
-38 25 -26 0
44 32 24 0
40 -35 48 0
10 -29 11 0
-19 18 -8 0
-8 21 45 0
-11 -28 35 0
9 9 1 0
-14 11 44 0
34 32 22 0
50 39 -17 0
35 -13 22 0
-48 43 -7 0
4 2 49 0
-5 -34 -40 0
-11 19 -50 0
-6 -19 -5 0
35 43 28 0
-32 -21 49 0
40 10 5 0
7 32 24 0
-2 -40 35 0
19 28 10 0
2 42 12 0
-36 -46 11 0
10 -40 41 0
39 30 12 0
-45 -21 28 0
12 23 19 0
16 45 -5 0
41 -31 23 0
-29 47 -15 0
-10 -35 -6 0
-22 -24 -12 0
-38 -2 34 0
-37 20 40 0
37 16 48 0
22 -16 -39 0
-11 -24 -16 0
-23 -36 7 0
-6 36 -3 0
12 22 32 0
40 44 -41 0
39 1 -30 0
-14 -19 39 0
-29 43 27 0
-1 11 10 0
-22 -7 16 0
-32 -8 38 0
35 21 46 0
-49 30 -40 0
47 -42 -5 0
-28 8 29 0
-22 -31 -28 0
48 -20 27 0
1 -14 7 0
4 -32 24 0
-17 -47 -47 0
12 41 -14 0
-26 -44 50 0
-44 -32 -16 0
47 48 -33 0
-42 46 13 0
17 -19 25 0
-6 22 -34 0
-3 -2 -2 0
-19 -9 -1 0
-3 1 27 0
-24 -41 35 0
-11 45 -34 0
-39 -42 -39 0
-48 -48 8 0
24 -36 21 0
-23 -31 -29 0
35 -25 -32 0
-3 38 42 0
3 -12 49 0
2 22 -41 0
17 28 42 0
-25 19 -16 0
-49 31 -37 0
-30 34 48 0
23 -25 26 0
34 22 -28 0
50 21 17 0
37 -30 -45 0
15 14 16 0
-6 41 -24 0
-25 -27 -36 0
14 -16 13 0
-18 -45 22 0
-46 -20 6 0
21 16 -35 0
28 -3 -22 0
-23 -2 -19 0
31 -34 49 0
-50 8 -23 0
13 1 -18 0
24 38 31 0
-37 -22 6 0
-2 -9 30 0
50 -12 -9 0
2 -23 34 0
-36 -13 2 0
-27 22 -16 0
-13 22 -35 0
9 -47 -26 0
1 42 -24 0
19 50 12 0
-39 -9 -37 0
-11 23 -6 0
43 23 47 0
-23 36 10 0
10 -18 -14 0
9 13 -6 0
6 32 31 0
-19 -18 49 0
-9 27 44 0
10 -47 -9 0
15 -35 21 0
41 15 -8 0
24 -18 1 0
-21 10 -29 0
47 35 16 0
-19 30 44 0
-41 -46 -14 0
-43 -25 -29 0
26 48 21 0
-21 16 -27 0
-11 33 -29 0
43 24 -3 0
15 31 48 0
27 -32 18 0
37 45 10 0
-28 6 -31 0
-29 17 5 0
27 -4 -29 0
-9 40 13 0
-3 -33 14 0
-23 21 -8 0
41 -26 22 0
-25 26 37 0
-44 -33 12 0
1 -41 -21 0
10 36 -31 0
-43 -20 -44 0
