c CNF generator v0.9
p cnf 50 240
-8 -40 34 0
20 48 -17 0
-43 40 -29 0
-48 -46 21 0
43 34 -30 0
38 -37 -37 0
23 14 31 0
43 -7 -17 0
43 25 -32 0
-7 -3 -24 0
32 49 46 0
-32 28 -32 0
21 37 -35 0
-39 -15 11 0
45 17 -37 0
-28 17 25 0
-27 49 11 0
-43 17 14 0
29 38 -23 0
-24 -32 39 0
-7 42 -44 0
28 45 29 0
48 13 50 0
29 -24 -34 0
-29 48 -21 0
-9 5 -24 0
41 34 45 0
14 -30 17 0
36 -31 4 0
29 -20 -10 0
45 40 -31 0
-21 -44 25 0
41 -39 -37 0
-36 17 40 0
-35 -41 11 0
19 -27 -26 0
19 6 -25 0
-25 -16 -16 0
-39 10 42 0
37 -8 28 0
-12 -22 50 0
40 -9 46 0
17 -16 27 0
14 -33 -1 0
-22 21 -5 0
-39 -7 -10 0
31 -11 -17 0
32 49 -12 0
-14 -1 14 0
-42 31 3 0
-3 36 -9 0
-47 25 17 0
43 14 21 0
34 -3 20 0
24 -8 -34 0
-15 30 40 0
13 -47 -38 0
-19 -45 20 0
37 -6 -27 0
23 27 19 0
-46 32 -34 0
-45 -43 29 0
20 5 42 0
-43 34 29 0
-35 41 33 0
-7 45 22 0
15 -34 34 0
14 16 -39 0
28 26 14 0
21 17 25 0
-25 32 39 0
-28 -35 17 0
3 49 47 0
33 12 32 0
21 25 -24 0
14 -2 -47 0
1 -49 -3 0
-13 -16 32 0
-45 34 -39 0
-35 -25 -47 0
-45 -15 -22 0
16 -6 10 0
-14 47 46 0
4 30 8 0
19 -2 6 0
-3 36 -17 0
-3 40 31 0
-8 -31 -45 0
21 -3 24 0
24 -40 28 0
26 43 -9 0
29 -24 23 0
-20 3 -27 0
13 -7 -21 0
16 12 47 0
-8 -19 40 0
-5 -32 -46 0
50 -43 -3 0
-48 -29 -38 0
-25 29 13 0
-37 -48 -18 0
19 -1 17 0
-31 11 41 0
-37 32 -7 0
40 -7 1 0
-23 44 28 0
38 18 -35 0
-42 13 -30 0
-43 -33 -50 0
37 35 5 0
-6 34 31 0
-37 8 -13 0
-17 2 -34 0
41 -31 -9 0
48 23 46 0
-34 -15 40 0
3 40 -7 0
-27 22 -39 0
39 -26 43 0
12 -8 -49 0
-40 39 5 0
-5 4 28 0
36 -43 43 0
20 -9 37 0
-32 10 -26 0
-11 1 29 0
20 -15 28 0
34 -11 -5 0
-43 33 24 0
-44 -7 50 0
39 -16 17 0
13 -48 -12 0
-2 -9 46 0
-12 28 -11 0
-20 -9 5 0
-7 38 -25 0
40 -13 -33 0
18 45 22 0
20 -23 42 0
-33 -48 -32 0
-46 -46 7 0
-22 -32 -8 0
32 -15 39 0
37 38 -38 0
-2 -44 -1 0
41 36 -39 0
-23 18 23 0
24 -30 -41 0
-47 -22 -32 0
42 49 44 0
39 -26 -26 0
-42 22 27 0
44 -12 -23 0
34 -9 -28 0
-26 25 -32 0
19 30 -40 0
49 -46 -4 0
-8 -50 -43 0
-11 -25 -15 0
-35 41 20 0
37 16 -26 0
-43 -39 42 0
2 -47 43 0
16 -40 8 0
-5 -2 5 0
-23 2 -26 0
-30 44 41 0
19 47 1 0
-35 29 21 0
-4 11 7 0
-14 -7 -18 0
-9 33 -7 0
44 42 13 0
18 37 -49 0
15 13 -17 0
-37 35 -30 0
-1 -17 -33 0
-47 -14 -7 0
-12 34 -8 0
-19 34 -6 0
-1 -50 -25 0
-14 38 -27 0
-46 32 5 0
-26 5 -13 0
-39 -38 -13 0
5 27 -1 0
34 21 26 0
44 -40 -37 0
-40 4 -38 0
-11 14 -42 0
14 -10 -31 0
49 -16 31 0
-23 1 -46 0
5 8 -18 0
-17 26 -37 0
23 -13 47 0
18 -17 -38 0
-18 46 2 0
-13 42 13 0
-15 17 -36 0
29 2 9 0
-30 -36 24 0
48 -44 17 0
8 -39 44 0
-33 -1 41 0
11 23 -46 0
48 41 10 0
31 19 -5 0
-29 -43 22 0
-39 41 -35 0
3 -15 47 0
6 3 6 0
-25 17 -35 0
4 -46 -20 0
-19 -19 -36 0
45 7 41 0
12 -45 -9 0
19 -41 5 0
-22 -25 -31 0
47 -1 34 0
30 -26 8 0
-21 16 15 0
-21 -46 24 0
16 37 19 0
-37 -45 28 0
-28 46 8 0
-20 -26 -11 0
-2 -24 11 0
13 43 -1 0
-8 50 7 0
-22 -41 -35 0
-24 -47 8 0
-49 19 -3 0
46 35 -29 0
-46 -13 49 0
-14 38 41 0
29 33 -20 0
48 18 25 0
-26 3 19 0
26 38 48 0
