c CNF generator v0.9
p cnf 50 240
-37 -49 41 0
-33 40 16 0
25 -33 -3 0
22 24 23 0
48 -37 -24 0
21 20 1 0
-29 -15 -21 0
42 8 -31 0
4 -41 -49 0
2 14 3 0
44 -8 -41 0
-42 -10 45 0
49 -47 9 0
-39 38 -50 0
41 19 14 0
16 -45 -5 0
1 -13 -33 0
5 35 37 0
-28 -15 40 0
-46 -33 7 0
-17 -15 -25 0
44 9 46 0
19 -25 -12 0
39 -29 29 0
-35 28 40 0
-30 3 -33 0
-9 1 49 0
40 31 15 0
-20 -27 -33 0
27 35 -29 0
38 22 -44 0
-44 19 -16 0
41 13 11 0
-15 34 -2 0
-48 -47 18 0
18 -43 -11 0
35 -18 -23 0
-44 -12 -46 0
-11 31 -12 0
-28 30 20 0
40 2 -29 0
11 -11 16 0
16 10 7 0
23 -9 -33 0
37 28 -1 0
-32 3 -4 0
1 43 24 0
-20 23 4 0
-18 -11 31 0
-3 42 29 0
-25 2 7 0
28 -48 46 0
15 12 22 0
21 -3 -19 0
-48 -28 17 0
-8 -6 8 0
-47 11 44 0
38 26 45 0
49 47 21 0
-12 -4 -46 0
1 10 37 0
-23 -33 25 0
1 -42 -16 0
-3 -20 -4 0
-15 -21 -18 0
-12 16 -46 0
22 21 -34 0
-33 9 31 0
-24 -5 44 0
5 41 49 0
44 -36 18 0
-19 -13 -20 0
23 21 15 0
39 -20 5 0
-44 10 -12 0
-33 14 1 0
-10 -38 -38 0
2 2 -30 0
8 23 -13 0
-24 -6 -14 0
45 -2 25 0
3 5 -50 0
-24 31 -38 0
2 -40 11 0
9 42 -22 0
-33 -40 -29 0
-47 29 8 0
-14 -4 -31 0
-2 -36 40 0
39 48 -10 0
-21 3 49 0
-35 -7 -2 0
3 -49 6 0
-24 50 -16 0
30 27 -13 0
25 -24 44 0
-21 41 26 0
-50 2 5 0
43 22 44 0
29 22 -43 0
-13 34 -25 0
-8 47 -25 0
-13 -18 -2 0
-25 25 -29 0
-11 14 -27 0
-20 24 -40 0
34 27 35 0
-12 5 -35 0
-50 37 -18 0
9 38 -10 0
-35 32 -37 0
38 23 -2 0
-14 -32 -31 0
27 -23 20 0
45 -42 27 0
24 -13 -44 0
-27 -3 -11 0
43 -49 -12 0
21 42 -7 0
42 8 16 0
-18 47 28 0
21 42 26 0
17 -11 -14 0
26 -23 -17 0
-2 2 -18 0
-39 12 -6 0
25 -7 37 0
-22 41 -30 0
11 27 23 0
49 17 -25 0
48 12 -46 0
41 -39 5 0
38 -2 15 0
28 -47 8 0
-35 -26 -48 0
8 30 -45 0
-33 -27 -17 0
-43 -21 27 0
34 -48 -11 0
32 37 -42 0
34 33 40 0
-49 -23 -32 0
19 -31 -36 0
49 19 16 0
-11 26 5 0
39 10 14 0
-14 24 -30 0
13 15 45 0
-9 7 -36 0
3 2 -13 0
22 24 -36 0
-22 15 -7 0
13 42 -35 0
-28 24 -11 0
-11 30 -31 0
-14 34 -3 0
5 -48 -21 0
34 47 16 0
-3 42 18 0
14 -8 -19 0
28 -20 -7 0
-21 -7 34 0
-16 -49 30 0
-15 21 -2 0
-6 28 -28 0
47 49 -36 0
8 40 3 0
36 4 -34 0
28 -38 39 0
-6 -13 32 0
8 31 27 0
7 19 -31 0
-48 -37 -31 0
33 -33 -23 0
43 47 -1 0
33 -6 21 0
23 -6 24 0
-50 -40 50 0
17 6 19 0
-13 -36 -19 0
50 46 4 0
39 -33 -13 0
49 -49 -19 0
-44 7 -7 0
-40 41 35 0
12 10 -48 0
46 42 48 0
-45 -10 -44 0
-28 17 -31 0
-4 29 -24 0
39 46 -48 0
38 29 19 0
-4 26 3 0
29 28 16 0
21 37 7 0
-23 -45 -39 0
-33 -25 -16 0
-46 21 31 0
31 -10 -35 0
37 50 44 0
25 -45 -28 0
-25 26 -34 0
-9 9 47 0
-42 50 -3 0
-4 -49 -38 0
29 -3 -47 0
32 2 -15 0
14 -7 -14 0
48 34 -2 0
-38 27 40 0
-49 19 -7 0
40 36 20 0
-44 30 -2 0
-44 20 43 0
37 -7 -47 0
-19 -27 -38 0
-19 -27 -40 0
-15 -45 19 0
14 -11 28 0
-43 -46 10 0
19 13 -24 0
27 34 -28 0
16 31 6 0
6 48 8 0
35 -1 12 0
-21 43 -31 0
2 48 25 0
-30 29 14 0
-11 -44 -38 0
-49 -32 -13 0
41 37 -46 0
-24 -47 6 0
-21 -3 32 0
-25 37 -25 0
-37 -9 -33 0
13 28 34 0
-30 -47 40 0
-21 44 -6 0
-19 20 40 0
-36 23 8 0
