c CNF generator v0.9
p cnf 50 240
21 30 -17 0
17 -20 -35 0
-42 32 16 0
-3 42 -14 0
7 -25 42 0
19 -18 -2 0
48 -4 13 0
-3 15 -38 0
34 -38 -22 0
20 -26 23 0
-2 24 20 0
9 32 33 0
-16 13 -13 0
-8 -8 21 0
27 -6 3 0
41 -15 -9 0
29 10 -27 0
-45 -14 -35 0
35 39 27 0
15 39 32 0
-49 -14 45 0
-6 -7 -4 0
7 28 -35 0
4 -41 -5 0
-17 40 43 0
10 11 -50 0
30 -8 -15 0
42 23 -49 0
3 -2 -1 0
-1 -2 23 0
-4 -1 -22 0
-38 3 -20 0
-38 -39 40 0
-29 11 -3 0
28 -41 -7 0
13 36 -1 0
41 8 50 0
-18 -41 2 0
-8 -34 -46 0
7 49 23 0
45 16 5 0
-13 -35 33 0
-34 -45 -40 0
-16 3 -47 0
22 48 -20 0
-31 17 21 0
3 49 13 0
15 -21 -20 0
-25 30 -18 0
-14 42 49 0
9 20 21 0
18 33 -2 0
-2 23 -33 0
21 23 43 0
28 -18 37 0
24 -48 -45 0
27 -35 -14 0
14 36 25 0
-33 -32 39 0
-28 31 -29 0
43 -41 42 0
46 -29 37 0
-14 25 17 0
49 31 -15 0
23 -26 -17 0
38 -26 3 0
-36 1 2 0
35 -39 23 0
-41 46 -12 0
-10 -20 10 0
44 -49 13 0
5 -8 25 0
27 -44 -48 0
-25 19 3 0
-5 -33 -36 0
30 7 20 0
39 26 10 0
43 -31 -39 0
38 4 -40 0
-25 -3 -28 0
-49 17 -27 0
23 -2 4 0
37 7 3 0
9 1 36 0
35 37 23 0
-50 41 36 0
36 16 -29 0
28 38 -17 0
-5 3 -29 0
-25 31 -9 0
-42 -6 44 0
30 28 -17 0
-47 -29 13 0
-29 -23 50 0
-26 -20 11 0
25 -6 -42 0
50 -21 4 0
36 -12 28 0
-10 -26 15 0
25 43 -12 0
-26 12 -9 0
13 -7 -10 0
43 -44 -14 0
41 -29 -42 0
-36 50 -31 0
-39 29 -37 0
1 7 21 0
-11 -3 5 0
18 40 -3 0
10 19 16 0
12 10 38 0
13 28 15 0
-36 1 -6 0
10 27 -48 0
35 44 37 0
27 20 -30 0
-20 -38 34 0
-7 21 17 0
-6 3 11 0
36 -43 -3 0
-12 -30 -12 0
-15 42 33 0
-47 16 10 0
34 -28 -24 0
34 -11 25 0
35 4 31 0
40 42 -46 0
-26 -38 -18 0
10 -17 15 0
42 39 30 0
30 22 -13 0
7 16 35 0
-10 10 7 0
-19 -26 50 0
15 -33 7 0
45 10 26 0
-37 -38 -49 0
-43 -1 -13 0
-44 -9 40 0
-25 40 -38 0
13 -22 45 0
-3 14 39 0
14 -22 28 0
8 -2 44 0
-44 -33 28 0
-40 -41 -10 0
-27 17 11 0
-16 -29 -29 0
6 -44 -29 0
-46 -17 -40 0
8 13 25 0
-50 -30 -20 0
42 -26 46 0
22 39 6 0
-25 23 16 0
-18 -25 19 0
24 23 44 0
-30 48 50 0
-34 -1 37 0
-35 -30 11 0
11 -40 19 0
46 27 -11 0
29 -31 34 0
23 -45 -32 0
-35 50 40 0
32 43 -42 0
-12 -16 11 0
-43 31 -13 0
42 -32 -36 0
7 -8 26 0
27 -28 -1 0
11 -43 -31 0
-2 35 4 0
40 19 20 0
36 -8 -34 0
48 -20 18 0
-35 13 35 0
25 -14 39 0
-2 -5 10 0
-8 -40 -41 0
7 7 -23 0
8 -7 16 0
32 -20 -22 0
-38 29 10 0
19 -12 -17 0
24 36 -2 0
-38 -49 -50 0
11 22 26 0
15 -8 -6 0
-50 36 45 0
-50 -9 -10 0
-26 -44 -39 0
-17 40 -2 0
-10 1 23 0
45 47 -16 0
9 25 39 0
35 39 23 0
-23 -10 17 0
-4 -33 -20 0
26 44 -2 0
-47 -7 16 0
-2 -44 -46 0
-17 -21 36 0
-45 -24 -43 0
23 -46 -32 0
45 -16 21 0
-47 -25 40 0
5 31 -38 0
32 39 -15 0
-3 49 -24 0
38 -5 -42 0
38 26 44 0
-29 37 28 0
-29 -38 36 0
-22 -32 24 0
45 24 -33 0
-41 4 -5 0
26 19 26 0
29 36 -18 0
23 49 8 0
-17 25 18 0
-23 34 -22 0
26 -29 -5 0
1 21 11 0
49 -40 46 0
36 -41 42 0
-22 9 -31 0
20 -42 -48 0
-50 -29 -44 0
34 50 -46 0
-38 26 42 0
45 -21 5 0
-47 -37 -39 0
-2 10 -33 0
-2 35 17 0
39 37 2 0
16 -40 -24 0
11 -49 50 0
47 -49 26 0
-20 7 44 0
