c CNF generator v0.9
p cnf 50 240
16 42 -2 0
-42 -24 33 0
13 -12 -24 0
42 36 16 0
-22 -32 24 0
-30 -33 -43 0
-37 -11 -22 0
-29 -8 34 0
-42 -18 -46 0
-31 -29 7 0
-18 37 49 0
-41 -33 -43 0
-39 16 -26 0
2 24 -25 0
-47 -26 24 0
11 -49 -50 0
31 7 -10 0
-49 -13 39 0
-46 18 -24 0
-42 41 15 0
32 -13 43 0
-38 -29 48 0
-16 4 -28 0
-31 24 31 0
25 9 -13 0
17 34 7 0
-46 -38 15 0
29 -2 -30 0
-28 39 -22 0
24 20 -49 0
-49 30 -38 0
20 4 28 0
-34 -3 27 0
26 46 -49 0
6 -11 11 0
-1 -3 -37 0
3 -48 4 0
30 37 -41 0
49 -40 -43 0
-17 27 -48 0
19 -10 -48 0
-9 -47 -48 0
-15 24 38 0
47 -44 16 0
42 -14 -24 0
1 17 21 0
-37 -36 -31 0
-29 24 -22 0
20 40 -8 0
-20 36 -4 0
17 20 21 0
5 -36 -16 0
-43 -50 20 0
46 -27 -22 0
-36 34 -9 0
-10 -22 -20 0
5 25 -23 0
7 -42 -18 0
42 32 -43 0
-50 43 40 0
3 46 38 0
14 22 -24 0
23 -43 23 0
12 10 -49 0
-34 -50 13 0
18 -46 -45 0
-38 -32 1 0
-17 22 -22 0
14 11 -14 0
-46 -28 43 0
-6 -26 -9 0
-47 16 -1 0
-50 -5 -2 0
50 40 -16 0
9 -11 -27 0
-50 45 8 0
37 39 16 0
34 40 -37 0
50 -49 -45 0
-50 -50 -9 0
-38 20 36 0
-34 -37 -8 0
2 33 28 0
50 17 -39 0
-13 27 -35 0
-34 -36 31 0
-45 46 -17 0
31 5 -33 0
-28 47 -25 0
-19 -45 16 0
-38 35 -50 0
15 3 -11 0
-1 46 30 0
-28 -30 -8 0
6 -26 -2 0
19 -8 12 0
-48 -5 -41 0
-19 -43 1 0
-19 28 25 0
-48 -3 4 0
-35 -11 -1 0
30 20 -4 0
-5 -43 37 0
26 42 10 0
-24 -49 46 0
30 -26 44 0
-23 9 15 0
-41 -3 35 0
-27 47 26 0
-30 15 36 0
-35 18 -11 0
31 -29 -27 0
-36 -27 -30 0
-40 28 25 0
27 39 5 0
31 12 -24 0
-16 29 -48 0
-48 31 -6 0
37 -2 -42 0
23 35 -23 0
-18 5 33 0
25 -15 -21 0
-38 28 -4 0
-18 -16 18 0
-16 4 14 0
26 9 -3 0
-14 -3 -20 0
17 -15 -19 0
-4 -44 -27 0
15 19 -7 0
-48 2 -47 0
16 7 -7 0
-34 -29 -10 0
-23 -34 -12 0
-49 45 -19 0
7 -39 17 0
-20 33 24 0
9 25 4 0
41 38 -14 0
-41 20 18 0
31 8 35 0
-8 34 -31 0
-1 47 34 0
35 23 50 0
-43 -47 50 0
-4 -7 45 0
8 -1 -8 0
49 -22 13 0
-34 -33 50 0
27 -8 35 0
-26 15 -17 0
1 -50 -41 0
-9 4 5 0
25 -41 -17 0
-38 44 -13 0
-47 -35 15 0
-47 19 -39 0
20 21 -35 0
21 -31 13 0
21 -16 13 0
-38 -50 37 0
-4 41 19 0
-43 28 9 0
42 -22 25 0
-47 21 27 0
-15 34 41 0
44 27 43 0
-30 -17 -44 0
33 -49 -36 0
26 44 28 0
9 -16 -26 0
27 8 -17 0
-42 -10 -41 0
50 -34 -23 0
-42 -10 -22 0
-47 48 -27 0
-22 -26 14 0
-8 -25 40 0
-39 1 -23 0
-50 -11 36 0
-48 -1 -11 0
28 -25 44 0
35 25 -11 0
5 -32 -44 0
18 -26 1 0
-46 39 -38 0
4 -6 -41 0
22 -35 -7 0
-8 -42 47 0
45 -47 -24 0
-40 21 21 0
-25 47 32 0
-11 -19 -26 0
4 -24 -44 0
-38 47 23 0
-34 18 -7 0
-5 47 31 0
32 4 43 0
1 39 39 0
-3 -15 -49 0
31 5 6 0
3 -17 39 0
11 -4 -24 0
-42 -49 -18 0
-38 25 -6 0
-27 -34 -24 0
27 -22 -23 0
3 45 -32 0
-10 31 42 0
-5 4 49 0
44 43 -32 0
-20 21 -44 0
13 -5 35 0
-50 -32 -21 0
-20 12 -12 0
7 14 11 0
-13 -8 4 0
-8 -1 -50 0
-36 40 -14 0
-7 45 -49 0
-45 -49 18 0
-43 -46 -25 0
-11 -7 21 0
17 38 36 0
-39 35 42 0
-10 -9 26 0
40 -22 -42 0
-48 8 -45 0
20 -33 11 0
-20 16 36 0
-12 -21 26 0
-22 37 9 0
47 -42 11 0
10 -34 -35 0
-6 -10 -39 0
44 -1 38 0
-50 34 -34 0
44 37 8 0
40 -18 -36 0
18 -50 -1 0
