c CNF generator v0.9
p cnf 50 240
5 -5 29 0
35 -25 -28 0
-29 10 47 0
-22 38 -11 0
38 -32 17 0
9 -48 -21 0
-45 -1 36 0
27 46 -40 0
15 39 -11 0
42 35 19 0
-24 23 -15 0
11 -6 -21 0
44 17 43 0
-26 39 -13 0
-14 4 -40 0
-5 -28 -29 0
17 -26 46 0
27 -38 -19 0
30 40 31 0
-36 25 -5 0
3 49 -12 0
32 12 -6 0
-8 43 35 0
11 -27 -34 0
-11 -14 14 0
-1 5 4 0
38 29 28 0
-6 45 -41 0
1 47 39 0
-44 -32 -15 0
50 48 31 0
-19 24 10 0
-41 -34 -11 0
37 19 -25 0
-38 -50 49 0
-36 -29 -34 0
-29 20 -22 0
42 -39 21 0
-14 -9 -16 0
-12 -50 47 0
-28 2 22 0
45 33 -43 0
39 12 -26 0
13 23 -43 0
2 -22 7 0
-15 42 22 0
33 35 -12 0
-15 -28 10 0
40 -38 37 0
-47 27 1 0
25 -19 14 0
9 -44 -17 0
-33 49 -49 0
-13 -45 41 0
-5 5 28 0
14 28 -35 0
44 6 10 0
-2 17 -22 0
2 -3 -23 0
-43 50 3 0
-12 42 -39 0
-12 -34 27 0
-35 44 30 0
8 -9 41 0
25 -35 -9 0
23 -13 28 0
40 20 -49 0
3 -4 34 0
-46 28 -37 0
-33 -7 34 0
-26 -30 50 0
31 -37 37 0
-14 50 -10 0
28 28 34 0
-27 44 48 0
-11 41 -20 0
-13 -38 44 0
-43 21 -39 0
-17 23 33 0
37 19 -48 0
31 -7 47 0
4 23 22 0
24 40 -3 0
-34 -15 -17 0
-41 -17 -37 0
37 32 -4 0
9 -19 -39 0
-15 -50 -5 0
-6 28 -34 0
13 45 -43 0
-14 19 -1 0
34 18 11 0
5 -25 20 0
-25 23 -12 0
-35 47 -35 0
-26 -17 4 0
-3 -10 -19 0
45 -5 21 0
-35 21 29 0
-27 3 27 0
-31 -11 34 0
4 -9 -15 0
-49 -46 40 0
-11 7 40 0
-48 10 34 0
43 -9 -17 0
-41 -9 49 0
46 -6 -16 0
5 -33 -2 0
6 -26 -20 0
-22 -35 -19 0
-21 -48 23 0
-6 37 10 0
-23 22 -46 0
-17 25 26 0
48 -17 -27 0
19 28 -10 0
35 -17 9 0
38 -21 46 0
-28 -14 -45 0
-31 19 6 0
-21 -36 -35 0
22 39 42 0
-43 35 -50 0
-21 26 -10 0
-32 21 30 0
20 11 -31 0
-43 -36 10 0
-5 14 -27 0
47 -48 -17 0
-38 -48 -17 0
16 43 -15 0
-17 -7 -8 0
-4 -23 -22 0
-40 11 -4 0
16 21 40 0
23 -12 -5 0
9 -14 24 0
-3 24 13 0
-23 -17 -16 0
47 -2 44 0
38 -18 2 0
35 37 -14 0
28 -4 18 0
-19 4 -14 0
23 39 -28 0
20 -1 -17 0
-33 38 -26 0
-26 50 -20 0
-33 28 10 0
-17 47 27 0
-3 25 44 0
46 3 -38 0
-18 28 -10 0
-26 -6 -47 0
-22 -9 -34 0
-32 30 41 0
-37 48 43 0
-39 -26 -27 0
-11 -1 -49 0
-40 -25 3 0
-21 50 30 0
24 4 -27 0
21 13 -43 0
-40 9 -41 0
45 -5 -33 0
9 12 12 0
44 -14 47 0
35 8 45 0
9 41 -39 0
7 19 -7 0
-14 37 7 0
-1 -23 -31 0
-41 6 -43 0
4 13 11 0
-30 1 -19 0
25 5 36 0
-17 37 -38 0
13 -41 -16 0
27 -34 -50 0
4 -17 45 0
39 43 -29 0
46 -8 -2 0
-22 33 -40 0
1 -11 -11 0
-24 -3 25 0
-17 25 -41 0
-15 -1 11 0
-7 45 -13 0
-27 8 -6 0
16 45 30 0
33 30 -7 0
-4 -11 -4 0
-18 31 20 0
29 36 32 0
-49 -34 -27 0
44 -32 17 0
-40 -17 -2 0
34 -7 -50 0
27 24 -3 0
-3 -39 23 0
44 50 27 0
-12 15 -19 0
-20 43 -32 0
-9 -47 14 0
32 -5 -17 0
37 2 28 0
-31 -34 -12 0
26 4 11 0
3 -9 24 0
15 26 -48 0
24 38 -43 0
1 3 -17 0
32 26 -10 0
17 -32 -46 0
-21 20 -10 0
12 9 7 0
41 -1 -24 0
49 -2 -14 0
-27 -10 14 0
36 -43 -14 0
36 -3 9 0
-47 16 -34 0
-16 -45 -6 0
43 24 -28 0
-27 -4 43 0
-18 15 -40 0
-27 36 33 0
37 10 47 0
-5 -12 8 0
-1 20 29 0
-22 29 -41 0
18 -35 50 0
-27 -37 -48 0
-38 31 -29 0
-36 17 -7 0
13 -25 37 0
44 -47 -16 0
20 42 -9 0
-37 -42 -50 0
