c CNF generator v0.9
p cnf 50 240
-16 -28 -47 0
5 21 27 0
3 38 -41 0
4 38 4 0
-49 9 35 0
29 8 -18 0
38 38 10 0
31 45 28 0
-22 9 -6 0
-11 15 -8 0
5 35 -31 0
-18 10 -19 0
37 -13 4 0
19 -47 37 0
3 -22 6 0
34 -9 -50 0
-4 -30 -7 0
18 22 -32 0
12 -24 -12 0
42 -43 -40 0
18 17 -3 0
-33 13 6 0
7 35 -15 0
-25 14 31 0
28 -5 -41 0
-29 -39 32 0
34 8 38 0
8 15 -33 0
28 21 -17 0
-13 48 42 0
-30 4 -34 0
-19 -17 14 0
-9 22 -44 0
-28 -29 -27 0
25 44 20 0
-20 -29 33 0
-40 8 -50 0
9 -47 -27 0
24 -23 41 0
-48 -24 -36 0
-3 -37 -33 0
10 31 -24 0
35 -21 28 0
3 -45 2 0
46 35 23 0
9 -46 -9 0
31 22 24 0
-5 9 28 0
-12 34 26 0
-16 -21 -19 0
34 -47 43 0
-19 -25 13 0
27 41 5 0
-14 -39 -33 0
-29 31 -39 0
22 -33 -36 0
34 -33 33 0
-28 -40 13 0
-39 -29 4 0
29 30 -19 0
-38 -29 5 0
40 -50 15 0
-9 49 9 0
-28 -11 39 0
5 -1 -50 0
12 45 -36 0
43 43 40 0
16 -23 -18 0
-50 41 5 0
-32 33 47 0
48 -38 -48 0
18 -13 -1 0
48 23 25 0
-11 19 31 0
38 -3 12 0
-20 4 33 0
7 35 -29 0
-5 -28 -50 0
11 -30 15 0
43 1 -2 0
19 7 22 0
-39 -36 -20 0
-45 31 49 0
21 -18 -9 0
49 -10 -18 0
-12 11 -47 0
35 6 -29 0
-27 -50 30 0
-34 37 40 0
-38 44 -30 0
35 41 8 0
-14 25 48 0
20 2 -43 0
50 -6 -22 0
3 40 42 0
-12 31 -32 0
31 -34 25 0
4 -26 22 0
50 -34 -9 0
-18 18 23 0
5 -4 47 0
3 32 6 0
12 41 -18 0
35 -22 -4 0
-31 -4 2 0
46 12 9 0
11 -45 -45 0
-25 25 -19 0
47 7 -29 0
37 -7 10 0
-13 -47 -7 0
-9 17 -11 0
29 -2 9 0
3 -23 -18 0
33 -10 -26 0
-3 -5 25 0
-35 -5 -37 0
37 -11 28 0
11 29 -12 0
-22 -13 -29 0
15 -33 -8 0
-8 -35 35 0
-10 40 -42 0
38 22 -10 0
-43 4 5 0
10 24 47 0
19 13 27 0
-46 5 -31 0
-8 -35 47 0
24 -12 50 0
-6 -17 49 0
-39 -17 -43 0
-46 42 -12 0
26 19 45 0
-7 10 16 0
10 44 -6 0
-44 44 -48 0
-16 18 2 0
45 -39 -49 0
28 18 6 0
-18 -31 -45 0
27 -24 15 0
-22 1 42 0
45 -40 -8 0
22 47 11 0
16 -10 28 0
38 -44 12 0
35 -34 23 0
8 -2 -18 0
-37 -6 -18 0
-15 36 -45 0
-26 -50 -41 0
-25 -19 -7 0
-22 -33 -4 0
14 -15 12 0
-24 7 -30 0
-11 -41 -35 0
14 -42 46 0
-1 50 -8 0
40 6 -35 0
-36 -17 43 0
6 46 -42 0
-29 48 -33 0
-33 -28 39 0
35 37 -37 0
35 -27 -32 0
19 -4 17 0
22 -25 -12 0
14 -37 -18 0
-43 23 42 0
45 -24 -30 0
27 27 16 0
9 34 49 0
-16 41 7 0
-14 27 -14 0
-42 -42 30 0
1 45 -25 0
-32 -31 22 0
44 -17 3 0
-7 25 38 0
20 -35 -31 0
20 -23 13 0
2 -19 13 0
-6 48 33 0
3 38 -11 0
-28 -2 -30 0
46 32 14 0
-40 -10 3 0
37 -37 29 0
25 28 32 0
22 46 -45 0
-47 20 41 0
-8 19 44 0
19 3 -30 0
2 -31 -12 0
50 24 39 0
28 17 -25 0
-21 21 19 0
46 47 23 0
-32 41 4 0
-39 46 16 0
29 -49 -2 0
-27 -22 29 0
33 28 -2 0
-17 -22 -7 0
12 37 -35 0
13 45 38 0
39 -41 8 0
50 24 -9 0
-26 -22 30 0
-1 -1 10 0
38 33 17 0
35 38 38 0
21 -23 15 0
41 -48 48 0
46 -13 -5 0
-18 16 -23 0
-41 -20 -17 0
-40 27 -47 0
-30 -1 -11 0
-20 5 45 0
-22 42 -29 0
43 9 15 0
33 35 -8 0
20 35 5 0
37 -43 4 0
-39 -50 36 0
9 13 40 0
47 -49 14 0
-2 -36 33 0
-35 25 -17 0
48 -24 17 0
-31 -31 48 0
-2 -32 50 0
45 -41 -27 0
36 29 -2 0
-27 21 25 0
43 -26 -14 0
-42 -16 9 0
45 9 19 0
