c CNF generator v0.9
p cnf 50 240
-11 29 33 0
-44 1 -20 0
46 47 -42 0
-31 1 -44 0
5 -45 27 0
-7 -36 -41 0
-25 39 -1 0
16 -4 42 0
42 -26 -49 0
46 16 -4 0
19 20 -38 0
2 -27 34 0
-18 -39 -43 0
-17 13 -29 0
44 29 12 0
28 41 -15 0
6 31 -6 0
-17 -42 33 0
-41 -44 17 0
39 50 -21 0
43 45 47 0
16 -16 50 0
8 -42 -5 0
-25 -43 41 0
-40 1 21 0
15 -32 7 0
-5 -35 38 0
18 4 3 0
42 -31 -9 0
37 -39 26 0
24 50 -49 0
-3 4 40 0
31 -35 24 0
-24 -38 30 0
-21 -47 39 0
-45 40 -4 0
-3 26 9 0
-13 -48 12 0
48 29 -3 0
-30 -10 -11 0
10 -3 31 0
15 47 -17 0
26 47 -39 0
33 21 -38 0
38 40 42 0
-25 -50 33 0
-13 -50 -23 0
17 42 -3 0
-13 13 -45 0
-47 30 12 0
9 -5 37 0
-23 22 -50 0
-6 44 -11 0
-7 1 -9 0
9 22 -49 0
16 47 -36 0
-47 15 21 0
-31 -40 -27 0
-33 -26 19 0
34 -2 -27 0
-45 31 -18 0
-38 38 42 0
5 -1 45 0
-22 -35 -20 0
46 2 -42 0
32 17 47 0
20 -44 47 0
-48 -46 -4 0
22 38 13 0
12 32 -5 0
-15 43 40 0
-12 21 -36 0
6 45 -34 0
3 18 -22 0
-2 24 43 0
42 -7 7 0
48 31 -38 0
-21 -24 -16 0
12 1 -26 0
31 -30 -41 0
21 40 -9 0
-42 22 33 0
-38 43 -36 0
33 -8 -16 0
36 -47 -27 0
31 32 48 0
20 -15 50 0
-34 -10 -36 0
10 -33 50 0
19 -38 -33 0
34 -12 46 0
47 -6 -12 0
40 -8 -17 0
30 29 21 0
-37 -34 13 0
-42 -20 -8 0
-24 31 9 0
10 32 -6 0
-16 37 -34 0
2 -50 -23 0
26 43 25 0
-1 15 22 0
-33 -21 -44 0
40 -27 19 0
-33 -10 9 0
44 20 27 0
-43 -35 48 0
11 17 5 0
-4 -16 17 0
30 -32 -23 0
-12 23 1 0
-9 5 -8 0
41 -45 22 0
-18 4 -25 0
16 -16 22 0
-2 -36 -50 0
-13 30 21 0
-20 38 -35 0
-18 32 10 0
37 12 -17 0
34 -38 -22 0
7 -39 35 0
2 45 -30 0
-37 -42 35 0
-34 43 -44 0
25 -18 48 0
50 -16 -6 0
-3 -16 -29 0
3 46 46 0
-9 -9 -15 0
26 10 -30 0
-15 -18 33 0
-28 -29 1 0
-7 -9 -37 0
-18 -26 35 0
20 11 -45 0
-41 45 11 0
-20 17 22 0
-18 29 -28 0
-1 33 26 0
-19 20 -47 0
42 44 -18 0
7 35 -10 0
29 -34 24 0
-37 32 -47 0
33 -46 -50 0
-8 50 -8 0
-43 -38 -14 0
-26 21 -1 0
28 34 18 0
15 27 -32 0
-43 32 5 0
19 -11 39 0
-49 45 -42 0
49 -24 -13 0
14 -37 -5 0
15 -48 -25 0
36 3 29 0
42 -50 50 0
-33 -25 -10 0
-44 -35 41 0
20 -32 22 0
24 41 9 0
-1 -13 46 0
-44 -26 21 0
-45 6 -28 0
-48 42 24 0
16 28 7 0
-10 20 -28 0
25 -7 -40 0
23 -48 22 0
14 13 44 0
35 17 32 0
49 -10 -30 0
17 -18 46 0
13 36 31 0
-47 5 4 0
-26 32 -46 0
-39 -45 47 0
47 -8 -23 0
35 38 33 0
-50 11 33 0
-5 -50 -30 0
-8 -19 -1 0
-11 -30 -14 0
1 24 -24 0
36 19 22 0
37 -13 -12 0
25 5 -42 0
-35 -32 -33 0
-21 -38 -25 0
-18 7 -12 0
-4 22 48 0
39 -43 44 0
-11 25 46 0
46 7 -26 0
2 50 31 0
9 1 41 0
5 -15 -37 0
7 -34 1 0
-44 14 25 0
45 -7 48 0
12 36 -43 0
12 -4 -21 0
8 19 15 0
-3 31 12 0
45 -23 -19 0
3 -10 -22 0
49 48 27 0
-29 26 -32 0
-8 4 6 0
-27 -43 -46 0
22 32 -21 0
6 -31 -11 0
-37 -33 -6 0
47 40 21 0
45 -6 -20 0
50 31 25 0
-33 -48 26 0
-44 -43 49 0
-11 -10 30 0
10 20 -13 0
-29 -11 -23 0
-28 -42 27 0
-3 27 17 0
12 49 50 0
46 40 21 0
-44 37 -9 0
2 -50 -18 0
-36 -38 -47 0
-23 8 36 0
29 -41 11 0
39 -20 -39 0
1 25 16 0
21 29 45 0
-9 50 -42 0
-11 32 47 0
32 23 11 0
-3 14 -17 0
3 7 3 0
