c CNF generator v0.9
p cnf 50 240
22 13 20 0
-42 20 -12 0
6 13 38 0
-15 -23 17 0
44 -10 -33 0
3 11 40 0
-2 -13 -40 0
32 -33 11 0
-6 1 19 0
-38 -4 12 0
-6 -31 -2 0
-37 -47 27 0
-4 36 5 0
-22 -50 9 0
-21 -37 46 0
18 25 36 0
-32 23 -49 0
28 -41 -21 0
-30 41 -25 0
-15 42 29 0
26 -50 39 0
48 47 23 0
4 35 -38 0
-4 -39 34 0
34 16 21 0
-34 36 9 0
28 -31 45 0
-19 42 43 0
35 12 18 0
-28 37 39 0
-26 -29 -4 0
-39 32 -35 0
26 36 46 0
28 -14 -5 0
28 -41 32 0
7 -11 22 0
-17 -27 -46 0
36 -33 48 0
-43 6 48 0
-24 -35 -26 0
-42 -43 -1 0
-45 15 2 0
40 38 10 0
16 49 43 0
-14 29 -43 0
37 24 -42 0
-32 -42 21 0
17 13 -49 0
16 -32 13 0
-13 -10 -3 0
39 -27 -44 0
-1 -27 1 0
6 -35 13 0
21 -11 -7 0
-23 -12 37 0
-50 -29 30 0
16 19 -27 0
-14 -36 -46 0
28 -20 -50 0
-11 -23 -26 0
39 11 32 0
-32 7 -41 0
-2 -41 27 0
26 29 -4 0
-18 -21 -20 0
39 -1 19 0
6 13 -48 0
32 -16 -44 0
-22 10 47 0
-36 -25 39 0
-22 -11 8 0
-25 -15 -32 0
-42 -49 33 0
36 4 -22 0
12 -8 -12 0
42 6 41 0
6 -15 20 0
39 -41 38 0
-18 -41 10 0
28 -40 35 0
-33 17 -22 0
-38 43 49 0
-40 -27 -37 0
12 -31 -18 0
44 19 -24 0
30 -32 27 0
18 -6 46 0
26 -7 -15 0
-31 -39 8 0
-5 32 -37 0
16 29 -34 0
-15 3 46 0
-20 -43 -47 0
-49 36 -38 0
3 -16 -27 0
-31 -12 -13 0
-16 16 48 0
-8 3 13 0
-23 -14 -49 0
31 8 20 0
12 -41 -49 0
-33 13 -45 0
-7 3 -40 0
45 -37 5 0
24 -17 19 0
-7 -43 32 0
-30 -49 41 0
-17 -24 41 0
44 -13 40 0
40 -25 -1 0
13 -8 10 0
-48 27 -19 0
-14 -35 20 0
9 -45 37 0
23 11 -38 0
36 38 -32 0
9 50 -2 0
19 -28 49 0
23 -5 -25 0
38 47 -8 0
-48 -13 26 0
-7 44 41 0
8 -21 -19 0
40 -6 -29 0
-27 -2 -49 0
33 38 -45 0
36 -17 -19 0
-48 -25 13 0
-19 38 29 0
-15 16 4 0
14 43 -41 0
-23 -42 50 0
9 30 43 0
-11 15 44 0
-48 19 -4 0
40 1 -29 0
-28 -8 18 0
-24 -49 34 0
-6 16 -9 0
44 18 15 0
36 49 29 0
-29 39 31 0
-13 9 11 0
-5 -2 23 0
40 33 11 0
35 -25 -13 0
45 16 -4 0
-45 20 37 0
-31 17 -46 0
30 -43 28 0
32 -13 -5 0
35 -31 -33 0
1 43 -5 0
4 30 -14 0
-27 18 -30 0
-36 -10 -29 0
-4 -46 -38 0
-44 13 -44 0
44 42 29 0
41 -40 3 0
-16 -7 -11 0
15 -47 -47 0
-24 -36 -13 0
-29 -44 -22 0
23 -48 -30 0
-22 39 13 0
-1 -44 -3 0
-29 -21 -35 0
10 48 -30 0
-41 38 21 0
-39 -21 -5 0
45 26 -40 0
12 -17 36 0
25 -14 -20 0
-46 -5 -48 0
25 -27 19 0
-12 30 -21 0
-24 49 -2 0
50 30 1 0
-29 -22 47 0
28 -2 -31 0
-50 -46 -32 0
-29 28 16 0
-49 49 -47 0
29 -37 -27 0
39 11 -11 0
1 18 -23 0
15 -50 41 0
-32 -35 35 0
-4 -22 -49 0
21 37 39 0
13 33 -21 0
-28 -46 -30 0
-25 40 17 0
45 40 -24 0
-9 -30 17 0
13 -37 -18 0
-7 -30 -2 0
30 -25 -8 0
30 -33 -41 0
8 21 -9 0
8 31 3 0
30 -36 11 0
-14 -16 26 0
-26 -18 -11 0
45 -16 34 0
41 -2 1 0
-31 -17 18 0
-41 32 -2 0
-20 -11 -31 0
10 23 -49 0
31 40 -16 0
-9 30 -43 0
-29 32 -7 0
-43 -23 18 0
34 47 15 0
-40 -25 44 0
24 -19 13 0
38 39 -40 0
3 48 -37 0
-31 -1 12 0
-24 -27 33 0
42 -4 1 0
12 -20 -6 0
47 -45 37 0
30 -35 -29 0
7 12 47 0
38 20 -4 0
-18 -13 8 0
7 -22 -5 0
-8 -36 -16 0
-7 -7 -27 0
6 -41 -20 0
-10 1 35 0
-2 18 36 0
-50 16 -7 0
17 -25 32 0
39 43 -40 0
21 37 25 0
-29 30 42 0
