c CNF generator v0.9
p cnf 50 240
11 -49 -43 0
34 -23 9 0
2 -40 -18 0
50 17 46 0
-4 31 22 0
-20 -12 -7 0
28 3 -45 0
38 -16 -47 0
47 -37 -49 0
-8 -33 -18 0
14 -43 -1 0
-40 -1 -40 0
-4 -23 -25 0
-24 33 -41 0
-34 41 -14 0
-37 -22 -50 0
14 -30 -39 0
11 11 35 0
40 39 -23 0
-47 32 37 0
-15 39 -49 0
7 -14 -11 0
23 -36 46 0
-20 11 -25 0
17 4 -42 0
36 40 -3 0
-7 -47 -36 0
24 -24 30 0
-1 -41 -20 0
-44 -12 33 0
-20 -28 -38 0
-8 -6 6 0
-18 -33 -41 0
-39 40 -13 0
19 45 -7 0
11 14 -39 0
22 -2 30 0
9 -14 20 0
29 -44 12 0
43 5 48 0
-30 -49 35 0
42 19 20 0
-27 6 19 0
-4 30 39 0
-20 48 31 0
-12 23 -35 0
-25 16 37 0
-40 -39 42 0
-40 36 9 0
-36 -17 37 0
-7 43 -15 0
44 -7 -15 0
18 25 -36 0
-29 -37 11 0
14 7 38 0
43 -35 27 0
-13 -12 -8 0
-24 37 19 0
-3 25 -41 0
-12 -11 -39 0
7 15 32 0
44 -21 9 0
32 17 -47 0
33 -22 -32 0
1 10 15 0
22 3 -10 0
-2 30 -23 0
24 23 4 0
-34 3 -5 0
16 -19 20 0
-42 19 -28 0
49 23 -1 0
-18 29 -33 0
-2 5 35 0
-33 -3 46 0
-46 37 5 0
43 11 -43 0
29 -31 34 0
-19 13 20 0
38 -36 43 0
-18 -23 -3 0
26 -1 8 0
6 -34 -45 0
-10 48 -28 0
-45 44 -32 0
34 -25 -15 0
-39 16 -10 0
25 10 30 0
36 -30 30 0
35 24 -45 0
9 30 43 0
13 -26 -39 0
35 -16 -19 0
-25 -36 -7 0
-17 44 9 0
32 21 -21 0
50 21 -37 0
-15 -20 -6 0
31 39 7 0
8 -23 -27 0
46 24 50 0
-17 36 44 0
-28 30 -18 0
-41 28 -24 0
-17 -14 -49 0
-28 -1 41 0
19 20 -14 0
38 -13 44 0
-32 42 28 0
-32 18 -14 0
4 21 12 0
-15 -12 -4 0
31 42 -22 0
11 11 28 0
-35 -19 -41 0
-30 22 -4 0
43 5 17 0
30 -49 -14 0
-35 49 10 0
-30 34 -20 0
-6 26 -7 0
-36 -17 33 0
1 -6 -8 0
15 2 7 0
-11 12 15 0
17 6 -23 0
36 7 -46 0
37 16 -5 0
-1 -2 -41 0
38 -40 -8 0
42 -39 -38 0
13 -12 -4 0
-45 46 20 0
-14 11 44 0
25 22 -21 0
-39 48 39 0
-28 10 -39 0
-11 -27 20 0
20 31 41 0
26 -36 -42 0
-3 -20 -32 0
-7 38 -31 0
-11 8 -14 0
44 -7 25 0
-41 5 22 0
-6 -32 37 0
36 -21 27 0
-10 -40 42 0
44 16 49 0
-9 11 10 0
-4 -29 15 0
4 -6 25 0
36 20 -15 0
-45 6 -34 0
-20 -37 36 0
49 -6 23 0
-30 -14 2 0
-40 -29 -46 0
27 10 -5 0
-43 -47 -41 0
-33 50 22 0
7 38 -42 0
-35 -13 17 0
-25 20 -24 0
-33 31 -39 0
-49 46 34 0
4 13 -48 0
13 -46 -41 0
21 8 -46 0
5 27 -2 0
-34 9 -12 0
29 50 -5 0
-42 -17 21 0
41 39 -10 0
-8 47 48 0
-49 28 -20 0
43 45 -48 0
29 -33 -33 0
-2 33 -31 0
48 1 -12 0
-12 27 26 0
31 -18 5 0
-29 43 -33 0
-47 20 -29 0
-18 9 39 0
8 -31 -45 0
14 -12 10 0
-49 25 -15 0
-45 2 -30 0
41 -9 -14 0
48 15 -34 0
-36 18 49 0
28 10 36 0
5 -45 16 0
28 -20 20 0
-16 -16 35 0
38 36 21 0
-12 -25 -25 0
-46 27 -41 0
-32 -50 33 0
34 18 26 0
-1 -37 -20 0
28 34 -27 0
-9 4 25 0
-41 -17 26 0
32 -8 -6 0
-3 -4 -50 0
-30 29 9 0
42 9 -13 0
36 2 10 0
-47 -40 14 0
40 -27 -30 0
3 -3 8 0
31 -16 -18 0
13 -32 33 0
28 44 -25 0
20 -5 22 0
20 -40 16 0
27 31 -40 0
43 -27 24 0
27 -28 -41 0
11 -19 -25 0
-49 25 29 0
8 13 45 0
50 3 29 0
-14 -9 -23 0
38 24 -44 0
-35 46 3 0
-20 11 -1 0
-50 -13 -47 0
29 2 -49 0
6 -8 -12 0
17 18 -47 0
-7 -7 -4 0
-27 -18 18 0
-6 -16 43 0
26 18 9 0
-2 -7 6 0
13 47 -18 0
-32 -14 3 0
