c CNF generator v0.9
p cnf 50 240
6 16 6 0
-1 26 27 0
-11 11 -12 0
-29 36 -16 0
15 22 -6 0
-43 20 15 0
32 24 -12 0
22 15 -49 0
17 17 -38 0
-3 -17 -35 0
44 -21 -35 0
-28 -30 -43 0
10 41 40 0
-34 42 -47 0
-13 43 1 0
-31 32 -36 0
-34 6 48 0
-39 13 11 0
26 -16 -38 0
-35 -9 -40 0
40 12 12 0
14 -23 2 0
-34 -40 -35 0
3 -22 36 0
-43 2 28 0
33 21 5 0
9 44 -18 0
23 -32 19 0
-17 -42 15 0
30 47 -44 0
-45 34 50 0
12 48 20 0
-26 -36 40 0
-34 -20 -21 0
11 25 44 0
6 37 -22 0
2 -38 -11 0
29 22 10 0
-14 -36 46 0
-26 -36 -7 0
8 -28 48 0
35 13 15 0
1 33 46 0
26 -44 -15 0
3 1 -3 0
-50 -49 -37 0
-47 -4 25 0
20 -38 4 0
2 -17 -18 0
-8 -46 -39 0
36 -36 -8 0
-24 -34 15 0
29 40 -42 0
-36 -39 -16 0
-50 10 8 0
1 3 49 0
-47 -50 -37 0
32 -46 -20 0
-16 -33 12 0
-7 -33 -13 0
9 26 -23 0
19 31 -50 0
-7 39 8 0
3 -32 -9 0
-29 5 5 0
41 -13 4 0
27 32 -41 0
-11 2 -18 0
6 28 20 0
-15 -9 -10 0
22 38 -49 0
-38 35 -27 0
-41 46 -17 0
-3 -43 2 0
45 -21 -43 0
-45 -47 -46 0
36 -40 43 0
38 -26 -42 0
-14 14 33 0
22 -8 4 0
-5 -44 23 0
11 36 2 0
26 2 18 0
-16 25 -43 0
-5 43 -11 0
8 13 -42 0
-32 -1 -32 0
-41 4 -9 0
43 29 35 0
28 35 -32 0
14 -19 -12 0
10 -24 -31 0
-9 33 19 0
39 19 6 0
-17 49 5 0
-18 -10 -32 0
29 -37 -1 0
-18 1 32 0
14 -17 -44 0
41 -1 42 0
-17 -33 -10 0
1 12 -26 0
48 -18 -37 0
-45 -6 -23 0
38 19 -1 0
-30 -7 40 0
40 49 8 0
10 28 -42 0
13 -13 31 0
10 7 8 0
18 49 1 0
-21 -18 -25 0
33 48 41 0
-29 1 -13 0
35 31 49 0
-1 -6 14 0
16 -41 -46 0
35 -30 -45 0
-19 -29 45 0
-32 -7 -18 0
-26 -26 10 0
35 19 -50 0
49 -45 -36 0
-36 45 -27 0
31 28 -35 0
35 -35 6 0
-34 47 -16 0
-49 -4 -19 0
37 12 -24 0
-23 -17 25 0
22 18 12 0
1 -46 8 0
10 -29 -43 0
38 -14 -46 0
-8 -15 -10 0
28 18 -41 0
-48 -41 47 0
7 32 9 0
24 49 -35 0
14 -23 37 0
17 29 49 0
22 7 29 0
-14 49 -39 0
18 34 15 0
-16 23 -23 0
37 -46 -28 0
-38 -13 -34 0
-8 49 30 0
-46 17 -15 0
-3 -20 -27 0
13 -23 15 0
-48 4 -16 0
-50 25 20 0
-8 12 21 0
11 -35 18 0
5 22 -41 0
-42 -27 13 0
33 47 31 0
-36 49 -28 0
37 -5 11 0
4 27 -2 0
-31 -49 -32 0
-47 -15 -16 0
-11 -37 37 0
26 -42 8 0
-1 11 -14 0
-43 -1 40 0
-7 21 11 0
11 -12 4 0
45 32 -1 0
-42 4 -24 0
-16 42 -39 0
-22 16 -1 0
41 -21 -38 0
-35 -12 -12 0
-15 41 -46 0
-7 20 -38 0
49 33 -30 0
32 -8 -10 0
-45 34 12 0
4 44 32 0
-14 33 16 0
-39 1 10 0
-35 -26 -40 0
25 34 46 0
43 -42 -25 0
27 2 -50 0
7 -17 -29 0
18 -39 29 0
-20 -13 43 0
19 -35 1 0
-40 -11 -37 0
-33 18 4 0
-42 39 -33 0
-24 38 -10 0
-11 22 -13 0
-21 -16 39 0
15 49 16 0
-43 -8 -30 0
2 29 -41 0
-49 -12 14 0
29 -15 15 0
18 -18 -7 0
2 3 -32 0
18 -2 -21 0
-45 -18 -37 0
33 -14 14 0
40 3 -34 0
4 -34 40 0
44 -35 31 0
15 8 -5 0
30 -9 34 0
28 -47 -35 0
31 9 -14 0
22 -19 -33 0
-14 11 14 0
45 10 -40 0
-18 46 -33 0
-35 -5 27 0
-17 -13 27 0
33 39 43 0
-45 31 32 0
-41 42 -17 0
-50 38 44 0
33 -11 -46 0
-10 12 -38 0
-11 -37 6 0
17 -17 -40 0
15 -3 -47 0
28 43 42 0
32 26 22 0
50 44 -30 0
-2 -50 -40 0
-10 -12 17 0
-10 -27 15 0
-9 43 -34 0
-45 -3 19 0
-30 9 20 0
-8 14 25 0
-17 22 39 0
