c CNF generator v0.9
p cnf 50 240
-6 46 -17 0
40 -21 -30 0
30 7 -14 0
50 34 40 0
-40 -25 -3 0
-16 24 26 0
5 15 38 0
-3 39 -20 0
41 30 -29 0
-34 26 32 0
30 -37 11 0
-40 -33 -31 0
-16 47 -24 0
-38 18 23 0
-10 34 13 0
19 -20 -27 0
8 2 -22 0
-32 3 -23 0
19 -12 16 0
-4 -12 -46 0
16 -9 36 0
50 6 -47 0
44 9 -12 0
23 -13 -36 0
-4 -31 17 0
22 17 1 0
-35 -9 -13 0
-44 -35 3 0
-10 23 5 0
-3 -29 37 0
43 24 7 0
-2 47 46 0
-45 -10 7 0
10 9 -40 0
-25 5 33 0
-18 -19 32 0
-33 2 -36 0
26 45 34 0
17 -27 43 0
40 21 -15 0
22 -43 20 0
43 -38 -32 0
15 36 34 0
31 38 7 0
-15 -1 -50 0
37 -15 -17 0
-26 -41 1 0
32 22 50 0
-25 14 50 0
20 42 -35 0
43 19 -33 0
-10 -41 -33 0
23 -43 30 0
15 -50 44 0
15 -7 -30 0
-4 -22 -13 0
-45 41 -1 0
5 -11 1 0
-31 30 21 0
-4 32 -42 0
-36 15 37 0
50 -29 38 0
-15 26 -2 0
19 -29 -47 0
5 39 -38 0
-38 -5 36 0
-12 -25 49 0
41 -22 32 0
50 19 -37 0
-4 -5 36 0
-7 23 -1 0
47 -2 30 0
-7 -25 -28 0
19 -43 3 0
-25 17 35 0
8 21 40 0
30 31 -26 0
9 46 31 0
27 -45 -25 0
2 -8 48 0
-14 10 -38 0
-27 25 -15 0
-38 3 -29 0
-18 -42 5 0
15 -49 -43 0
-49 36 42 0
15 -24 -35 0
-34 36 -29 0
27 -11 -38 0
-14 -26 3 0
-25 -6 -31 0
-45 3 -3 0
38 -34 -13 0
39 33 21 0
39 -8 19 0
13 -29 -38 0
-39 -6 -20 0
-34 -49 36 0
40 1 31 0
19 35 -5 0
-21 -25 12 0
-18 -24 6 0
-14 -9 -49 0
5 49 -45 0
35 -34 -36 0
-36 25 -25 0
2 -30 -8 0
11 -2 24 0
-10 16 -24 0
46 -49 37 0
-13 34 2 0
44 39 21 0
45 36 -33 0
2 50 -47 0
27 -40 -34 0
20 -1 45 0
43 15 -41 0
41 -1 13 0
11 -15 -24 0
44 -1 26 0
-41 6 -18 0
44 -8 39 0
18 -3 44 0
-11 8 30 0
-41 22 -35 0
-42 27 -33 0
4 -16 28 0
4 -10 5 0
-33 -7 -40 0
31 37 -48 0
-33 41 -4 0
-8 38 -25 0
38 43 35 0
32 50 42 0
-10 2 48 0
-49 -5 -21 0
44 -5 -6 0
48 20 -48 0
-32 -18 -16 0
1 -49 26 0
-13 -2 14 0
32 9 23 0
-10 27 -42 0
46 21 37 0
-12 6 -9 0
-5 -17 1 0
-38 -8 -33 0
38 -23 45 0
35 -15 28 0
-15 -8 43 0
-14 16 47 0
10 3 1 0
44 19 38 0
-50 -28 -26 0
-6 4 42 0
17 30 -40 0
-21 -42 7 0
-21 -21 -40 0
-5 -3 -24 0
-4 -11 -34 0
9 -10 -24 0
-15 5 -18 0
-40 40 -42 0
-34 24 32 0
-21 -16 -19 0
-35 -38 -40 0
45 -23 -18 0
-3 22 -4 0
30 -24 -20 0
-17 37 43 0
-6 27 43 0
18 -43 42 0
-13 29 3 0
-33 -36 -47 0
-15 -14 31 0
16 -18 -28 0
7 -46 20 0
44 43 41 0
-37 -21 -6 0
12 2 -27 0
-14 28 35 0
36 -37 -31 0
5 43 30 0
31 -44 48 0
9 36 50 0
50 8 -44 0
-10 -44 7 0
-27 -19 -45 0
-36 41 -6 0
-33 -18 -34 0
-16 23 -17 0
-3 -33 -42 0
-17 46 22 0
10 4 50 0
-23 -20 33 0
-26 37 -6 0
-26 -10 -6 0
25 -46 -41 0
-30 50 1 0
50 18 -4 0
48 41 -32 0
-7 -50 26 0
-20 -3 15 0
28 -28 36 0
-25 41 -21 0
-25 40 -7 0
33 -37 -1 0
47 27 37 0
48 -5 48 0
-13 -22 -4 0
10 -6 -25 0
25 14 14 0
-18 -16 -7 0
39 -42 -23 0
4 7 -3 0
18 6 -21 0
36 -27 29 0
-7 22 -5 0
-13 50 -34 0
-5 21 -39 0
43 38 -44 0
-3 50 18 0
-14 -10 9 0
-3 22 -41 0
-22 16 38 0
32 2 29 0
50 15 49 0
-18 17 8 0
35 22 25 0
-22 50 -23 0
-5 -42 -5 0
39 36 -29 0
-34 28 -40 0
37 49 39 0
47 31 33 0
14 -42 -14 0
-31 -50 -42 0
-19 -13 28 0
-2 38 38 0
27 -22 42 0
