c CNF generator v0.9
p cnf 50 240
45 31 -46 0
27 -9 -3 0
8 -14 -12 0
13 -13 40 0
-28 41 -4 0
46 36 12 0
-28 34 -25 0
25 16 -14 0
-40 17 5 0
-42 -45 2 0
43 -38 13 0
-18 -4 -50 0
16 -7 35 0
-42 37 -8 0
-14 3 -27 0
-38 -25 13 0
-16 -9 35 0
2 -16 -46 0
-20 -30 27 0
-45 8 -20 0
43 -11 -18 0
-44 -6 -20 0
16 32 34 0
46 31 -30 0
-35 -19 -46 0
40 -42 6 0
-20 5 10 0
35 30 38 0
-9 30 -8 0
-2 36 -33 0
-29 49 44 0
-10 -2 18 0
38 1 -2 0
8 -47 32 0
-44 -42 -40 0
28 23 11 0
-11 -3 -38 0
29 -40 6 0
40 10 45 0
-13 -35 2 0
37 -37 42 0
34 -36 -27 0
12 5 -35 0
-41 26 -40 0
-33 11 -25 0
21 49 -39 0
-18 -24 8 0
-11 -39 -35 0
-6 18 -16 0
10 -32 19 0
32 9 -50 0
31 12 -48 0
43 -17 12 0
33 47 34 0
-30 -48 9 0
-50 -24 -7 0
18 3 -27 0
1 -48 -11 0
43 -24 -24 0
34 29 -1 0
-6 17 9 0
29 -30 -32 0
17 -3 37 0
-40 2 30 0
-8 -25 9 0
21 -8 -9 0
-50 -34 42 0
32 20 1 0
-1 32 -5 0
-11 -8 34 0
-47 27 47 0
37 23 44 0
13 22 8 0
34 13 -10 0
3 36 -10 0
-24 9 7 0
-43 -10 -2 0
-25 26 -44 0
-22 -16 33 0
-38 27 -11 0
5 -44 -47 0
-20 19 3 0
-3 -21 39 0
-5 -1 36 0
26 7 -27 0
-47 -46 37 0
34 -6 -16 0
-31 41 4 0
-33 15 -45 0
14 -46 -13 0
-7 -24 -29 0
50 22 -40 0
19 27 45 0
22 -3 3 0
-49 30 -47 0
39 28 -2 0
10 34 28 0
47 2 -42 0
-47 19 35 0
37 -49 -10 0
-28 18 37 0
-31 34 50 0
15 -11 -25 0
14 16 45 0
23 38 31 0
32 -20 35 0
-14 -47 -16 0
16 -44 -39 0
33 -34 30 0
-40 32 -47 0
-30 -41 -33 0
41 13 26 0
24 -5 -8 0
26 -35 26 0
25 14 -3 0
1 -30 33 0
-40 35 -8 0
15 -19 -5 0
2 -26 -16 0
-25 -48 47 0
-36 17 32 0
49 10 4 0
20 30 -42 0
3 -22 17 0
38 15 41 0
-33 31 -2 0
3 -44 41 0
3 -32 40 0
7 -37 44 0
-22 25 -13 0
-49 48 7 0
-1 42 46 0
40 19 10 0
-41 8 40 0
36 -34 22 0
20 45 9 0
19 30 -44 0
-10 45 -41 0
12 -29 6 0
-31 -50 -37 0
9 -13 -13 0
-4 -12 -50 0
-24 14 50 0
-16 13 29 0
42 11 10 0
33 25 14 0
-35 26 -18 0
19 -14 -24 0
-25 -38 -20 0
-1 -38 -47 0
40 -26 -3 0
-29 -15 -15 0
43 38 12 0
-36 -30 -42 0
43 -8 17 0
16 31 39 0
-13 33 -34 0
50 -44 -31 0
-34 -13 35 0
-42 6 21 0
4 -41 -43 0
8 -12 -19 0
50 -23 -46 0
1 -42 43 0
-17 -49 -31 0
-16 7 25 0
14 -6 -10 0
45 -29 -28 0
-7 -48 -42 0
29 39 -43 0
-29 26 -22 0
39 33 -31 0
44 -37 17 0
19 -13 -39 0
-36 -5 36 0
-27 -3 42 0
24 -4 -14 0
48 1 2 0
-4 -6 22 0
-40 16 14 0
-24 -32 41 0
-32 26 -23 0
-31 15 -23 0
-33 14 -23 0
38 -24 7 0
2 1 11 0
-49 48 -28 0
10 6 36 0
40 39 -2 0
10 -3 16 0
44 17 45 0
-31 -11 35 0
-33 -26 -3 0
41 -47 10 0
-6 -25 -36 0
-29 -8 -43 0
-49 41 -20 0
-22 49 -45 0
-26 44 17 0
-49 36 50 0
-8 24 -30 0
22 22 -50 0
-33 35 -18 0
46 -42 23 0
26 4 -41 0
-23 20 20 0
-29 -14 -13 0
-45 -8 10 0
24 23 -27 0
-28 1 -6 0
-23 8 -6 0
36 -41 -3 0
-10 37 10 0
19 -13 19 0
47 -23 10 0
-15 -38 -46 0
46 -3 3 0
27 -13 19 0
43 -9 -31 0
-42 -34 -44 0
-30 -12 -22 0
-29 40 -2 0
-27 -22 12 0
-4 7 14 0
43 46 21 0
-43 -4 12 0
35 -26 15 0
-35 47 -30 0
15 1 35 0
-9 -14 38 0
29 48 -28 0
-6 45 29 0
28 33 -6 0
9 28 -7 0
-49 42 -1 0
4 22 -18 0
31 -43 4 0
35 -50 -4 0
29 38 10 0
-6 -42 30 0
