c CNF generator v0.9
p cnf 50 240
4 35 -29 0
25 4 33 0
25 30 -2 0
5 33 39 0
41 -10 7 0
-21 17 -9 0
13 -49 45 0
46 -2 -46 0
-16 38 -18 0
-43 27 -16 0
-23 40 16 0
-2 -50 -13 0
1 -29 -33 0
-18 -8 -27 0
-24 34 41 0
-11 2 43 0
-5 -31 21 0
-23 -25 42 0
-30 10 18 0
35 -29 -36 0
8 24 4 0
10 19 35 0
-32 23 -34 0
42 -33 -24 0
38 -47 24 0
5 44 -2 0
-10 38 19 0
32 -37 -21 0
30 -47 -33 0
23 -41 4 0
32 -25 -25 0
-38 50 20 0
40 23 -49 0
-21 10 2 0
-45 -20 -44 0
-21 -25 -40 0
-8 21 -26 0
-10 -6 -2 0
38 -43 1 0
-7 -7 23 0
21 -47 -26 0
28 30 -12 0
31 37 -19 0
-11 31 15 0
-49 -50 -33 0
-37 -7 9 0
29 -5 -31 0
18 44 12 0
-36 33 45 0
-3 -16 -34 0
-29 -16 19 0
43 20 37 0
-6 49 -45 0
37 20 1 0
-42 45 45 0
17 20 -47 0
-7 -2 -36 0
-17 -10 -36 0
40 -3 12 0
-50 -16 42 0
-17 15 1 0
-10 15 20 0
48 -50 1 0
19 -47 -30 0
48 5 -25 0
42 36 33 0
40 16 -46 0
-44 -32 -22 0
5 3 -17 0
18 40 37 0
28 -32 24 0
36 41 7 0
11 4 46 0
-50 47 28 0
-13 -23 -41 0
-5 44 -34 0
-48 -50 -31 0
45 30 31 0
-45 -40 -46 0
5 49 2 0
-33 -50 43 0
-47 -43 23 0
4 -28 -7 0
3 45 -14 0
-10 24 44 0
-27 5 37 0
-15 -39 -26 0
50 18 -2 0
19 -21 -18 0
31 19 -36 0
28 -17 -48 0
49 -30 3 0
-11 37 -34 0
-31 17 37 0
1 -19 2 0
-31 -1 48 0
-32 31 -19 0
-50 6 -38 0
23 -41 -44 0
-50 31 5 0
-34 -2 -20 0
33 -12 13 0
-47 -10 -6 0
-32 -33 48 0
26 -3 34 0
31 -42 28 0
27 -8 -12 0
-16 -2 41 0
-38 -17 -28 0
-10 21 -11 0
6 -13 50 0
-4 -27 16 0
39 -28 37 0
-27 39 42 0
23 -37 -33 0
-19 -30 33 0
-36 15 22 0
-25 19 38 0
22 36 -13 0
-13 -3 -47 0
-46 -8 -4 0
33 -13 -3 0
34 5 -27 0
26 43 -32 0
32 1 -34 0
-45 -28 -21 0
-44 31 -32 0
18 -36 46 0
-18 -33 19 0
-35 -15 30 0
-4 1 40 0
50 -47 43 0
-5 -33 -38 0
11 -10 10 0
20 -22 -35 0
-7 -10 -34 0
-16 -28 34 0
-22 15 22 0
9 -8 -48 0
24 39 -8 0
32 35 -24 0
14 -11 35 0
-49 -22 15 0
49 18 -28 0
18 -10 -26 0
-47 28 -29 0
-8 12 -16 0
20 -42 -10 0
36 3 -49 0
-1 22 25 0
-27 4 -22 0
48 -7 16 0
-29 -23 6 0
2 47 12 0
-50 -46 -5 0
-40 19 -26 0
11 -27 -30 0
-43 -4 -21 0
-49 -7 39 0
-47 -47 49 0
38 -2 25 0
-11 -7 7 0
29 -30 -10 0
-28 -10 -47 0
-29 44 37 0
-2 -44 16 0
-11 -26 37 0
-41 -4 -3 0
-2 -5 31 0
23 50 -40 0
-17 39 35 0
5 -47 -41 0
-16 18 -47 0
-40 -16 36 0
8 22 46 0
-17 -11 -8 0
17 46 -40 0
-42 -22 -42 0
-33 5 -29 0
-10 -40 46 0
45 22 -7 0
43 -4 -19 0
44 -19 -37 0
-10 41 -24 0
20 -16 -36 0
-8 -11 -14 0
34 -26 -42 0
-33 -8 40 0
-4 44 9 0
-37 23 -7 0
38 -49 -9 0
6 50 15 0
45 46 6 0
39 10 49 0
39 46 20 0
-4 16 41 0
42 -43 19 0
-32 50 -21 0
32 36 -29 0
-29 -28 20 0
20 42 41 0
46 -25 -42 0
46 34 17 0
44 -7 33 0
34 23 46 0
14 -38 46 0
9 46 1 0
38 14 -48 0
7 -30 -34 0
-48 -38 27 0
-37 -4 -50 0
-43 48 -31 0
-13 -27 -5 0
34 -25 -41 0
-21 49 -39 0
-34 -31 -1 0
11 -12 -35 0
-6 -30 31 0
-49 -1 43 0
39 38 50 0
-21 -24 20 0
11 36 21 0
43 -2 -41 0
33 -41 15 0
24 -37 6 0
43 29 4 0
38 17 1 0
5 -46 25 0
-34 33 -37 0
15 -40 25 0
-31 4 34 0
17 -18 7 0
12 -8 -2 0
34 -40 1 0
36 3 49 0
-49 -39 -33 0
18 -40 46 0
-16 26 49 0
-36 16 46 0
-36 -3 50 0
