c CNF generator v0.9
p cnf 50 240
-37 -37 -29 0
49 -6 -49 0
35 -25 23 0
-7 -10 32 0
-34 38 17 0
43 49 11 0
-1 38 -1 0
30 46 16 0
-37 -50 -3 0
3 -38 19 0
9 -36 33 0
10 29 -47 0
-17 -5 -40 0
20 16 -6 0
49 32 8 0
-4 37 30 0
-26 25 43 0
-20 -41 -50 0
17 -17 -25 0
-32 -12 -42 0
-24 2 -43 0
-27 -23 -47 0
41 -2 -14 0
-34 -33 -47 0
-3 -46 22 0
47 39 7 0
9 -43 -2 0
-29 31 43 0
-12 28 9 0
49 36 -19 0
13 -12 -22 0
-6 8 -19 0
-3 30 -19 0
-34 36 13 0
-8 5 18 0
-7 -4 27 0
27 7 27 0
-1 13 -29 0
23 -19 -21 0
48 -18 -2 0
1 -17 -22 0
49 -23 -29 0
-2 40 -45 0
17 25 -33 0
-43 -35 -9 0
40 -27 11 0
-9 14 -2 0
30 -8 -10 0
37 45 45 0
12 -44 46 0
-38 -13 -24 0
-44 -48 -43 0
22 17 39 0
5 35 -28 0
-11 -41 -19 0
-2 -29 -29 0
15 37 5 0
30 -34 -7 0
-45 -5 -2 0
-35 -35 -21 0
-47 8 -12 0
-6 -46 45 0
-28 -45 -33 0
-37 15 -44 0
49 40 2 0
8 -48 -43 0
-20 -10 -20 0
43 2 36 0
37 50 17 0
32 -8 -10 0
16 -42 42 0
47 6 21 0
-16 26 -17 0
-13 17 37 0
-27 -12 -22 0
49 41 43 0
-24 -31 -16 0
34 4 9 0
10 -28 20 0
15 18 16 0
10 42 -12 0
-35 35 -21 0
-28 35 33 0
-3 39 -45 0
10 -47 49 0
25 36 -43 0
-48 46 -11 0
-27 -13 29 0
47 35 42 0
40 -18 12 0
44 5 -14 0
5 -11 44 0
-21 -40 -31 0
24 -40 50 0
14 -47 -34 0
3 37 -12 0
-35 -31 -41 0
-38 34 20 0
-26 -28 6 0
3 46 -2 0
4 -35 -47 0
21 36 50 0
-34 7 -34 0
-7 7 46 0
-33 -28 -38 0
1 8 28 0
-27 22 -25 0
5 25 -15 0
-2 -2 -47 0
48 -29 8 0
-34 29 -6 0
47 -43 -30 0
15 25 -37 0
-41 -36 -2 0
10 33 46 0
11 -19 44 0
-14 -28 -17 0
-40 4 -31 0
30 50 -28 0
32 -16 -2 0
-36 40 41 0
-39 39 40 0
49 14 -13 0
-32 -6 -26 0
-40 47 -36 0
47 -21 -33 0
-41 12 -50 0
5 -30 30 0
-13 -39 -26 0
-34 -36 -25 0
-4 46 -12 0
-39 27 32 0
5 -44 -7 0
-16 40 -9 0
-25 -22 -4 0
-14 -13 -5 0
-21 -42 -29 0
7 19 26 0
-32 -31 23 0
-49 43 -38 0
45 1 17 0
-20 -13 -8 0
10 -30 -37 0
4 47 -44 0
34 19 -6 0
20 -6 -14 0
-50 49 -36 0
26 25 12 0
-44 -49 23 0
10 3 20 0
-10 32 -49 0
-49 3 26 0
27 35 2 0
-15 -31 -22 0
-46 32 -11 0
8 -24 44 0
-50 -29 17 0
-1 -7 36 0
-43 17 47 0
-36 -10 -38 0
-7 14 -39 0
32 -41 50 0
-30 -28 18 0
-40 -1 -18 0
-21 -16 -4 0
-24 13 16 0
23 -14 -16 0
-39 8 -16 0
9 -42 -14 0
-30 39 47 0
47 -24 -50 0
9 46 -38 0
1 12 12 0
22 -4 13 0
-17 -18 23 0
18 33 9 0
47 -13 33 0
-32 39 7 0
-50 40 10 0
31 14 -17 0
-9 12 -20 0
-19 20 49 0
-17 -2 8 0
-27 17 -1 0
21 -40 -31 0
5 -49 -21 0
-13 -25 46 0
37 -46 22 0
39 46 41 0
15 18 -25 0
31 40 49 0
-26 -14 -7 0
-37 -26 44 0
-42 49 -20 0
-24 -1 -38 0
-22 44 -14 0
14 -1 -48 0
-34 -36 -43 0
1 -33 -28 0
32 -27 45 0
-15 24 -25 0
-26 -22 -31 0
22 -48 -34 0
5 -24 45 0
-45 -29 -40 0
-44 -36 13 0
-21 -4 24 0
-38 47 -37 0
-24 29 -46 0
9 -1 -31 0
-30 -26 45 0
-40 22 15 0
-5 37 40 0
-49 39 37 0
7 -43 -2 0
2 48 9 0
-2 -25 8 0
-17 -29 10 0
8 -20 -44 0
-5 1 -16 0
-34 -45 -40 0
-47 -6 11 0
37 29 -39 0
34 -50 16 0
-38 40 -32 0
-48 8 -28 0
-42 -48 34 0
37 46 35 0
-10 -39 -29 0
-7 -8 -46 0
-29 35 45 0
-21 12 -34 0
11 -16 6 0
-27 36 -28 0
36 -9 -30 0
11 3 1 0
-47 -9 49 0
-31 -11 23 0
-21 -19 17 0
-20 11 -32 0
