c CNF generator v0.9
p cnf 50 240
-15 12 -7 0
-3 34 1 0
17 -15 -33 0
-9 -4 -44 0
-10 3 -35 0
31 -43 26 0
1 33 6 0
-40 -34 13 0
-29 16 33 0
11 -33 -11 0
23 -7 24 0
18 49 14 0
-17 -31 13 0
-33 35 -6 0
-4 45 47 0
-2 15 3 0
18 -35 -24 0
13 -19 -2 0
19 11 -8 0
19 -36 -45 0
-30 17 -33 0
39 43 -13 0
40 8 42 0
-40 -1 1 0
-31 38 -12 0
-6 34 -34 0
-46 -5 -25 0
-41 -30 33 0
-1 -19 -37 0
-29 -48 14 0
-14 42 22 0
37 -40 1 0
-6 28 -40 0
46 -43 2 0
39 -27 19 0
12 8 -49 0
-49 13 -7 0
-25 39 -16 0
22 -19 24 0
23 34 -19 0
-47 15 -17 0
1 -26 -21 0
-26 35 48 0
36 37 -22 0
-25 -7 -45 0
-6 5 -40 0
1 40 5 0
-21 48 -48 0
-38 34 -14 0
-3 -45 50 0
44 21 -45 0
-10 -10 2 0
-38 15 27 0
-33 -46 -22 0
-13 -36 -48 0
-5 7 -36 0
10 47 3 0
39 -1 -32 0
-49 -50 -32 0
-35 -4 -3 0
-12 23 -42 0
-28 19 -15 0
45 18 -48 0
35 25 -42 0
21 40 -30 0
-44 -2 -3 0
22 -5 20 0
-37 -10 -22 0
-33 49 -19 0
7 -47 44 0
-7 -38 -37 0
29 -44 33 0
-1 -7 -8 0
37 5 4 0
24 -33 -14 0
-50 -5 -9 0
-27 41 24 0
-31 -23 32 0
38 -20 20 0
43 -15 -14 0
42 3 1 0
-18 -16 35 0
40 17 -13 0
12 -3 -15 0
41 6 -13 0
-25 -25 50 0
28 15 -39 0
-25 -3 -18 0
-35 10 42 0
5 -39 -18 0
31 26 49 0
-34 40 35 0
25 -24 23 0
-26 -8 -4 0
-34 10 32 0
-5 -6 -28 0
47 44 19 0
-2 -33 9 0
-8 -29 6 0
-21 -24 -9 0
-33 -26 36 0
49 -26 -21 0
-14 -38 23 0
3 45 -33 0
-20 18 10 0
-14 41 18 0
-9 1 34 0
40 7 7 0
47 -9 -39 0
-10 -27 42 0
14 -33 18 0
8 -41 -2 0
-25 19 -2 0
-34 12 4 0
18 -34 -39 0
-28 48 14 0
-38 -3 -13 0
-9 -13 -49 0
20 14 -27 0
-22 -30 41 0
3 -25 22 0
37 8 32 0
4 44 -16 0
2 48 -7 0
31 14 42 0
44 -35 30 0
10 -38 -45 0
20 29 48 0
26 -7 40 0
-27 16 -47 0
10 -43 -47 0
-32 34 -33 0
-7 10 -27 0
43 20 48 0
36 30 26 0
14 -41 -13 0
10 -4 23 0
-10 -10 -35 0
-35 7 -21 0
-46 -19 -50 0
48 41 -6 0
-36 19 -41 0
35 43 3 0
15 42 40 0
-23 8 -1 0
6 -23 17 0
-13 46 -36 0
12 -4 -8 0
29 8 -11 0
-43 -10 -45 0
-49 -25 -11 0
-12 50 -32 0
42 -23 43 0
21 42 -9 0
-25 -4 36 0
-22 20 -15 0
28 1 -35 0
-44 -46 -41 0
-41 43 13 0
22 -17 20 0
45 -28 -13 0
37 -21 -49 0
-35 -23 -28 0
-20 -48 34 0
41 -49 -11 0
44 17 18 0
7 -31 21 0
-7 -40 8 0
39 -21 -50 0
47 10 -48 0
-8 24 41 0
-29 -31 36 0
50 42 2 0
39 11 38 0
-15 -6 -32 0
44 26 2 0
-17 30 -20 0
34 -35 -46 0
47 40 -44 0
46 -32 -30 0
-10 43 -31 0
4 32 -28 0
29 14 31 0
29 -31 17 0
48 8 8 0
31 17 -19 0
36 -6 27 0
-2 27 -12 0
-10 -40 22 0
-28 11 -27 0
47 -33 -49 0
49 -25 32 0
-24 -34 -12 0
44 8 7 0
45 -31 27 0
45 -23 -38 0
-17 -4 3 0
-14 48 17 0
-7 40 -22 0
32 26 30 0
-37 16 -7 0
17 26 11 0
29 18 -16 0
-43 -6 -38 0
-23 40 -23 0
-39 46 3 0
24 -25 -14 0
29 3 -50 0
12 -15 27 0
10 43 -21 0
-43 -28 -40 0
49 -23 -48 0
33 47 -13 0
-27 34 11 0
-17 18 -39 0
-48 38 -32 0
41 44 -5 0
6 30 -38 0
-13 -26 27 0
-14 -17 -40 0
-48 -32 -12 0
34 -7 -48 0
7 -40 -8 0
-49 -20 -35 0
-30 18 37 0
-34 -36 42 0
-37 -10 2 0
-6 3 -21 0
-23 -47 49 0
-3 -23 -49 0
-31 18 7 0
-26 -33 -21 0
46 -27 18 0
33 30 -26 0
6 -23 34 0
24 -28 -24 0
32 40 6 0
-13 10 26 0
32 1 -14 0
43 -27 35 0
