c CNF generator v0.9
p cnf 50 245
13 24 -3 0
31 14 32 0
-35 49 11 0
43 -7 -27 0
46 -41 4 0
22 -45 27 0
49 -23 32 0
13 -20 -44 0
14 -50 21 0
-47 16 -3 0
-21 17 -31 0
-7 2 -22 0
-27 -46 -33 0
39 43 22 0
-41 4 32 0
40 -24 -37 0
-16 -46 -13 0
-42 37 11 0
4 46 47 0
-9 -23 45 0
7 -13 21 0
19 17 16 0
-7 24 40 0
17 -17 -13 0
12 -12 11 0
39 -43 36 0
-46 -33 47 0
-8 30 4 0
39 -1 26 0
-1 46 -3 0
1 17 31 0
-13 -17 -5 0
27 -4 -46 0
-26 13 7 0
24 21 42 0
-46 -1 22 0
5 45 -2 0
-34 -38 -12 0
-17 -34 39 0
-33 48 20 0
4 40 -49 0
-11 -42 -48 0
-42 39 -45 0
40 21 -41 0
28 11 -44 0
24 -1 -50 0
-29 -28 36 0
-24 22 10 0
-33 -38 8 0
-21 -28 6 0
-1 -25 4 0
6 -49 30 0
50 -19 -36 0
-2 41 -28 0
-12 -8 -50 0
-46 18 -40 0
28 -10 -47 0
-18 1 19 0
3 -44 -33 0
-48 -20 40 0
-8 -25 -29 0
-2 -16 -37 0
-27 -40 -24 0
-10 -45 -22 0
40 25 -7 0
-6 21 -19 0
1 -18 31 0
-9 25 46 0
-18 26 41 0
-34 16 -2 0
15 21 -44 0
-10 -8 -24 0
-42 -10 -47 0
-49 16 29 0
-3 37 -50 0
-50 -33 28 0
-2 -40 26 0
48 6 19 0
30 -4 -37 0
19 -46 38 0
-38 22 11 0
17 -9 -32 0
29 29 46 0
45 -34 -38 0
28 4 -38 0
31 -17 25 0
36 -18 34 0
6 -43 21 0
43 -20 -24 0
47 -20 -28 0
39 11 -17 0
-45 14 14 0
2 40 28 0
-25 -14 34 0
-1 3 24 0
20 -1 38 0
19 7 14 0
26 -2 45 0
-16 12 -32 0
8 -31 9 0
-1 -44 -38 0
2 -15 -49 0
44 -27 -21 0
-18 47 46 0
16 44 -43 0
-26 21 23 0
-36 -3 50 0
-11 -18 15 0
-28 -25 35 0
12 44 -42 0
10 -8 -37 0
23 39 39 0
49 46 6 0
-22 -6 2 0
50 -10 43 0
-29 -40 40 0
-7 40 -27 0
44 -37 4 0
40 -39 10 0
29 -30 -39 0
-47 -32 -25 0
36 -36 17 0
-18 -44 33 0
26 32 3 0
-41 45 47 0
-26 -33 21 0
27 -12 38 0
-4 -11 -11 0
-44 14 14 0
-32 38 -23 0
13 -37 -33 0
48 -26 44 0
-48 50 -48 0
27 -35 -20 0
-32 -48 24 0
-21 36 14 0
2 50 21 0
-48 4 45 0
36 13 34 0
-47 -16 -8 0
2 -15 -21 0
-28 -43 1 0
21 36 -8 0
25 -15 5 0
32 -26 -4 0
23 31 -10 0
-12 -32 21 0
-22 10 -47 0
-15 -1 2 0
-40 -19 15 0
38 -23 47 0
10 30 22 0
-27 -12 -35 0
10 4 -30 0
15 3 40 0
-50 17 41 0
23 -29 -20 0
-41 -38 8 0
19 22 40 0
28 45 -38 0
15 -34 23 0
2 -43 21 0
-18 -47 43 0
-23 16 13 0
-44 13 -45 0
39 -7 43 0
49 -8 -32 0
42 43 -32 0
-35 -40 17 0
39 -9 -34 0
5 -39 -20 0
28 -8 -25 0
16 14 -8 0
-40 -39 48 0
-10 -36 -46 0
-11 22 25 0
1 27 34 0
6 -38 7 0
45 -36 -4 0
-44 -49 -15 0
47 19 -35 0
15 -34 -46 0
26 28 -7 0
45 14 -41 0
29 -45 -49 0
-35 -42 -11 0
8 -8 -36 0
-12 -27 3 0
44 28 15 0
12 50 -49 0
-28 25 28 0
-30 39 37 0
16 -44 39 0
-16 9 -16 0
-44 -20 3 0
3 47 -24 0
-32 49 47 0
2 41 -38 0
-39 -26 6 0
19 -38 41 0
-31 -34 46 0
20 50 -23 0
-7 -3 -24 0
-32 -14 41 0
16 -2 28 0
44 24 35 0
-7 15 -15 0
-41 7 -7 0
-2 19 -14 0
-29 50 -23 0
24 -37 33 0
-40 30 23 0
-7 -2 34 0
-17 8 -19 0
13 -33 -24 0
30 -2 -19 0
-7 39 -3 0
-11 20 -7 0
-5 9 -9 0
11 40 12 0
28 8 -42 0
-15 -48 18 0
32 -18 -37 0
-2 -26 42 0
-14 49 12 0
10 -7 22 0
1 -45 -5 0
-23 -14 -7 0
9 -36 26 0
-27 -25 33 0
-5 2 50 0
-16 37 24 0
16 23 17 0
-10 31 47 0
40 14 13 0
12 -12 -35 0
-6 -6 26 0
-26 6 -32 0
-12 1 37 0
-35 -10 -41 0
4 50 -32 0
35 17 29 0
29 -43 -26 0
-41 11 -4 0
39 -17 -25 0
