c CNF generator v0.9
p cnf 50 245
-17 -29 -19 0
44 -45 9 0
-42 36 -33 0
3 27 21 0
15 34 49 0
-9 25 -24 0
-16 4 -40 0
10 2 31 0
-44 11 -21 0
-38 -5 -12 0
-23 50 29 0
-32 -38 -43 0
10 -35 -11 0
-16 27 4 0
36 35 -7 0
46 -19 -1 0
-2 -7 17 0
30 14 32 0
27 6 18 0
-48 20 12 0
-31 -24 -47 0
45 -30 -41 0
-26 43 30 0
5 18 -17 0
20 33 31 0
10 -11 -14 0
29 21 -1 0
11 29 44 0
9 37 -45 0
-24 13 -47 0
3 -38 -30 0
-11 -29 -39 0
36 38 13 0
-30 34 44 0
-43 50 -14 0
29 -5 49 0
18 48 39 0
-46 -35 40 0
-28 6 16 0
19 -22 -39 0
46 -21 -9 0
37 -7 25 0
-35 -14 12 0
39 -1 -50 0
-6 37 1 0
-20 10 -1 0
30 -44 6 0
-12 -6 -22 0
34 14 26 0
-43 -43 -29 0
45 -41 13 0
-50 -1 -49 0
19 -12 -16 0
-33 23 13 0
22 36 2 0
30 16 6 0
-40 -15 -20 0
-47 43 9 0
26 -5 -26 0
4 -4 -37 0
42 -25 19 0
35 14 4 0
14 -24 12 0
16 36 -32 0
25 -28 -38 0
36 14 25 0
40 -6 2 0
21 36 -14 0
23 -5 31 0
41 -30 12 0
48 12 37 0
-47 6 -45 0
-3 -38 40 0
-15 36 48 0
49 23 -6 0
-24 -20 -36 0
14 22 -33 0
-35 9 2 0
-10 -15 -38 0
42 10 -32 0
-37 -30 50 0
4 9 32 0
26 23 43 0
-42 40 -42 0
-6 22 -8 0
-5 -9 -43 0
26 -4 -47 0
-34 -27 -43 0
-47 42 34 0
37 -1 36 0
-26 5 11 0
45 -30 -29 0
50 -12 40 0
-11 -16 -18 0
-49 -19 -44 0
44 -1 36 0
22 -34 9 0
-26 -35 -50 0
19 -47 -2 0
35 10 38 0
-36 -23 15 0
34 -31 -27 0
12 10 38 0
13 40 -41 0
10 -48 -29 0
-34 14 -17 0
-46 26 5 0
-37 7 1 0
14 -30 5 0
-13 -4 37 0
19 15 -29 0
17 -31 3 0
-8 6 11 0
-23 11 -27 0
-10 24 14 0
-40 39 1 0
-34 11 -49 0
-33 45 36 0
-41 -31 -11 0
-34 -11 -20 0
11 -3 31 0
26 -37 41 0
12 -37 -14 0
-30 39 14 0
5 -30 -35 0
-12 17 37 0
18 23 49 0
-46 -26 31 0
44 9 -20 0
-43 -36 7 0
50 25 -38 0
-1 -10 1 0
18 -8 7 0
-50 22 25 0
-24 16 -13 0
31 -41 13 0
-33 27 -23 0
-12 -1 -30 0
-30 31 19 0
-4 -17 17 0
3 21 -24 0
-29 15 35 0
-48 22 -18 0
25 17 48 0
5 -25 31 0
23 -47 -18 0
22 -42 23 0
-26 -41 35 0
-42 25 6 0
21 -7 14 0
-4 -19 48 0
36 47 -36 0
34 28 -43 0
-15 25 8 0
36 49 6 0
9 9 1 0
-28 -31 16 0
-1 48 -19 0
-4 -44 21 0
-50 -39 -17 0
-37 23 42 0
9 13 22 0
38 44 50 0
-28 -12 11 0
25 44 -38 0
21 -13 -2 0
-39 -36 6 0
-31 -45 -48 0
14 10 25 0
8 -20 27 0
31 -24 -13 0
26 50 -7 0
46 48 19 0
11 -31 9 0
31 6 35 0
-43 -26 12 0
-44 35 -6 0
6 38 -45 0
28 19 -3 0
1 35 -26 0
23 14 33 0
10 -11 31 0
-23 10 12 0
12 -16 -47 0
-45 -49 -41 0
-46 37 -32 0
-40 -25 9 0
-32 19 -16 0
-39 22 -37 0
-12 39 8 0
-46 -11 -24 0
-20 35 -1 0
37 -1 -8 0
42 8 -24 0
-43 -38 -38 0
-14 -2 -17 0
34 -13 -2 0
-15 20 36 0
-8 -48 -16 0
-37 34 -30 0
-42 11 -17 0
50 -23 11 0
-31 23 3 0
1 -22 -1 0
7 4 38 0
9 42 -12 0
28 -4 -2 0
-44 -34 -49 0
17 -20 30 0
-8 9 35 0
-16 -1 25 0
-5 31 1 0
-50 -7 -38 0
23 -2 50 0
-33 -25 7 0
34 1 41 0
26 -40 15 0
-1 -32 21 0
27 17 7 0
-40 -22 9 0
-44 8 7 0
35 -24 14 0
-1 33 48 0
-8 20 -33 0
6 44 -7 0
20 -31 47 0
-17 -39 -26 0
24 45 50 0
-9 -32 -37 0
-24 22 25 0
-41 -45 -3 0
-3 40 27 0
17 -30 6 0
45 -13 13 0
49 25 -33 0
37 -31 -45 0
12 33 20 0
41 -36 -40 0
-3 -28 6 0
16 -34 -24 0
30 -8 -3 0
42 44 37 0
-32 -39 -16 0
-46 -38 29 0
-9 36 47 0
