c CNF generator v0.9
p cnf 50 245
-42 -30 -5 0
-29 37 50 0
33 20 -41 0
20 26 -22 0
37 -6 1 0
-7 -3 -47 0
-6 18 39 0
37 41 -28 0
45 15 38 0
49 50 -42 0
11 -49 8 0
47 29 48 0
31 -46 -17 0
-1 -37 -31 0
-9 -42 -31 0
-10 11 45 0
-48 -49 17 0
27 -11 -47 0
-48 -29 12 0
-41 -7 35 0
42 28 36 0
-18 29 20 0
-13 -39 49 0
25 2 9 0
16 38 -9 0
50 8 30 0
-23 -25 35 0
-42 -16 -19 0
-11 39 36 0
-50 -18 46 0
31 20 36 0
49 45 -29 0
10 -41 -21 0
-41 34 -12 0
-42 -8 -46 0
42 34 14 0
-20 30 -34 0
14 -4 -48 0
11 -27 35 0
-42 19 -47 0
-11 37 4 0
-34 13 -39 0
-34 -43 29 0
50 -33 36 0
-44 3 -5 0
-32 -41 13 0
30 -10 -46 0
-15 -4 -12 0
-31 -25 25 0
43 34 10 0
-8 -16 -15 0
-26 39 34 0
-27 3 -35 0
-35 -37 24 0
-21 4 7 0
-24 23 -49 0
-1 5 32 0
19 15 -41 0
-28 -7 -44 0
42 -26 -43 0
16 34 -12 0
3 -37 -33 0
-30 -18 38 0
-27 -35 17 0
-48 7 46 0
-26 35 4 0
35 -14 -25 0
-18 22 1 0
-40 40 -9 0
41 -10 39 0
38 40 -25 0
-20 3 21 0
18 -29 25 0
-50 -11 -25 0
-16 -1 17 0
37 46 -18 0
50 -1 17 0
13 18 42 0
-26 -16 40 0
8 -11 -48 0
25 -28 -29 0
-24 -26 33 0
-25 -32 12 0
-9 -16 -39 0
-29 -14 -14 0
-6 -1 46 0
-21 22 -29 0
3 -2 -34 0
-29 6 42 0
-25 1 1 0
14 -37 35 0
33 -1 -9 0
-43 -40 -46 0
-9 23 -17 0
-41 43 24 0
-27 -20 32 0
17 10 40 0
-48 -2 -40 0
-20 44 37 0
-24 7 -34 0
-4 -2 -31 0
-10 35 -12 0
7 37 28 0
-30 -41 -18 0
44 45 37 0
26 -10 -36 0
-16 -47 19 0
20 47 -48 0
-23 -46 -14 0
-25 -10 36 0
7 -23 -30 0
-33 46 13 0
-21 -28 -15 0
-47 -33 -43 0
15 -22 35 0
-15 24 36 0
25 19 6 0
40 39 -18 0
50 33 42 0
-48 39 -29 0
-21 -25 12 0
12 -1 -8 0
-47 41 -25 0
-33 -47 -9 0
-33 7 15 0
-32 -28 -26 0
-32 -33 -12 0
-14 20 27 0
39 36 1 0
19 4 -8 0
-4 -44 28 0
27 -19 -15 0
-12 -14 -48 0
-8 -31 -28 0
19 23 34 0
-36 20 -33 0
-25 -3 10 0
-43 -26 22 0
-32 -37 -23 0
3 -8 26 0
43 -38 -11 0
-28 -14 38 0
-1 -39 8 0
-39 50 -20 0
33 15 -12 0
-15 -34 50 0
40 19 44 0
12 -28 19 0
33 -16 -27 0
35 18 18 0
34 -36 -5 0
-15 -5 34 0
43 -28 -34 0
48 -22 33 0
17 -29 -30 0
-33 -18 -25 0
33 5 -24 0
38 28 -47 0
12 10 3 0
34 -43 30 0
-2 -32 47 0
-32 -21 10 0
-47 -26 -31 0
-41 28 45 0
-43 2 39 0
-31 -16 39 0
-11 18 29 0
20 -34 46 0
-20 -7 -22 0
45 31 -16 0
24 -38 -23 0
30 39 20 0
-3 50 32 0
-42 20 28 0
5 16 23 0
4 19 39 0
-39 -10 -4 0
48 7 43 0
31 -41 -45 0
10 4 42 0
1 -1 -33 0
-49 -45 -7 0
-43 -48 43 0
-6 -41 -17 0
20 -13 22 0
-32 17 12 0
4 12 -18 0
-6 39 4 0
-7 6 -13 0
-33 17 -8 0
3 8 31 0
11 22 -27 0
-42 25 -31 0
5 -25 25 0
43 25 -24 0
-20 -36 -18 0
22 -34 18 0
-47 31 -48 0
-34 -34 -38 0
8 -44 -1 0
43 11 37 0
-11 -25 16 0
-29 -44 19 0
-45 -21 3 0
-15 -17 6 0
36 10 -46 0
21 -27 -30 0
-6 -1 -38 0
-8 1 39 0
27 -10 49 0
-10 44 47 0
-34 32 30 0
-26 -38 22 0
-7 -33 24 0
-29 20 -44 0
41 -34 26 0
34 21 -27 0
-36 10 33 0
15 -44 -37 0
28 -12 10 0
46 39 15 0
-9 -9 45 0
-23 -31 2 0
48 19 -18 0
34 -23 -5 0
-42 4 18 0
2 9 -11 0
7 31 3 0
25 7 -21 0
17 -38 -2 0
-41 -48 -25 0
4 -18 24 0
-12 -36 18 0
49 27 34 0
-7 -29 17 0
-24 -20 -37 0
31 -1 10 0
22 -29 -28 0
49 -27 -32 0
-24 6 -45 0
-46 -34 -7 0
25 -14 19 0
3 40 4 0
44 -11 -47 0
-29 -42 -28 0
