c CNF generator v0.9
p cnf 50 245
-18 -5 -16 0
27 13 17 0
26 20 -17 0
-24 18 -43 0
29 -3 25 0
-22 -28 33 0
-17 -27 41 0
-41 21 10 0
12 -36 -43 0
48 -33 -18 0
24 -50 19 0
-43 -30 16 0
-25 17 -20 0
45 4 -34 0
-10 -26 -19 0
33 -34 -10 0
-38 -40 38 0
36 -33 -22 0
-7 29 -30 0
-15 49 -40 0
-25 -39 -37 0
47 2 2 0
-25 -40 14 0
24 -41 -22 0
-32 -12 -4 0
-40 18 27 0
-30 -47 -45 0
-8 -16 29 0
-17 30 -32 0
-43 6 10 0
33 -18 45 0
-18 -1 -32 0
10 -50 2 0
29 -40 48 0
38 -14 30 0
-44 -20 7 0
-41 21 15 0
-34 27 23 0
-35 31 -49 0
11 4 22 0
-21 -15 -42 0
41 48 -17 0
43 -49 44 0
-17 37 -7 0
-13 19 -3 0
31 13 -38 0
46 -21 40 0
37 -9 35 0
-26 -40 28 0
-37 13 -7 0
-31 45 -20 0
-2 21 -8 0
20 -2 29 0
26 28 -11 0
21 -41 -36 0
-10 34 18 0
32 18 34 0
-4 11 -2 0
7 -48 -15 0
16 -47 47 0
16 -29 -19 0
-50 20 -24 0
-28 -49 11 0
-8 -44 -7 0
19 -35 -34 0
35 27 -25 0
34 37 -48 0
29 21 -49 0
-18 -6 -3 0
7 -2 45 0
-18 43 -24 0
-11 10 14 0
35 17 -1 0
40 1 -15 0
42 12 -37 0
-37 9 -49 0
-14 48 -5 0
39 -15 45 0
45 50 31 0
37 -11 30 0
43 39 -40 0
-37 1 13 0
-45 31 -21 0
33 44 -29 0
43 -29 -12 0
-41 13 49 0
28 17 5 0
-21 19 -50 0
-30 10 -12 0
-19 -17 -20 0
-10 -48 21 0
44 -5 -23 0
-49 -43 -20 0
-14 22 15 0
25 -20 -21 0
-35 34 9 0
35 16 13 0
7 -18 -6 0
-38 -32 -30 0
21 8 33 0
-6 26 -2 0
-19 -12 11 0
-29 7 38 0
44 -47 -2 0
-44 49 33 0
19 -13 9 0
48 -17 29 0
-2 -50 -39 0
36 36 8 0
-41 26 36 0
-8 -44 4 0
43 23 -49 0
-16 25 -46 0
30 13 40 0
-7 30 19 0
31 46 -49 0
-21 41 -6 0
18 23 -43 0
45 38 43 0
13 49 17 0
-26 -35 -16 0
38 -42 49 0
-25 -19 35 0
48 -15 -18 0
-44 -39 2 0
18 -8 29 0
-26 16 -9 0
21 -32 28 0
7 45 -37 0
22 -21 -21 0
-40 -9 -37 0
8 -36 -21 0
-8 -10 16 0
23 -23 30 0
32 43 -25 0
-8 40 -15 0
43 21 -49 0
-10 12 -41 0
-49 -38 -20 0
-42 20 -31 0
-50 9 -20 0
-41 -22 38 0
-47 -9 -24 0
-31 19 43 0
7 -24 23 0
34 -31 7 0
-43 8 44 0
-46 36 -38 0
-46 6 5 0
16 32 31 0
28 36 33 0
23 -50 -21 0
-17 -11 45 0
27 -46 33 0
-37 -43 43 0
-22 -24 21 0
48 38 -16 0
-46 -48 -14 0
45 -42 40 0
4 -38 50 0
21 46 -43 0
41 -24 15 0
-38 -21 19 0
-27 -48 41 0
22 24 -23 0
-25 23 -48 0
47 -20 -12 0
47 -37 -22 0
-49 27 -42 0
20 -28 -1 0
12 -15 7 0
27 48 34 0
-31 -9 -39 0
18 31 32 0
-6 19 -25 0
-46 -41 -4 0
4 16 -39 0
3 9 -48 0
40 -23 47 0
-12 -7 16 0
48 32 18 0
37 21 -19 0
5 46 5 0
-19 -38 -46 0
-16 12 33 0
-39 -13 34 0
-2 22 38 0
1 -28 -4 0
-32 -7 -33 0
-35 14 23 0
36 15 -14 0
-15 -32 -48 0
-7 4 -44 0
27 -26 -50 0
27 -15 25 0
-42 -44 -36 0
-10 -26 -40 0
15 -29 -13 0
46 -16 15 0
-43 14 22 0
-23 48 18 0
-5 -42 34 0
-44 21 -19 0
-38 -14 42 0
28 43 -29 0
-36 -22 -2 0
11 16 -35 0
48 41 -2 0
-29 4 6 0
-21 16 23 0
50 1 28 0
-33 -7 2 0
-39 9 -31 0
-38 -48 -1 0
-35 -14 43 0
45 37 7 0
-36 -17 -28 0
1 -46 -10 0
-32 11 40 0
-11 48 -17 0
-15 -50 -31 0
-46 -35 20 0
-42 -30 -5 0
-8 -20 -19 0
40 15 37 0
-48 9 30 0
-5 -32 -17 0
-31 -36 48 0
7 -7 35 0
-8 17 43 0
-46 19 -38 0
36 -15 47 0
-44 37 -27 0
-27 -10 12 0
-39 2 3 0
13 36 -46 0
39 -43 31 0
-15 -8 -23 0
13 27 6 0
37 42 -43 0
-43 -44 -27 0
3 20 48 0
-9 28 47 0
-21 33 -6 0
10 19 -42 0
