c CNF generator v0.9
p cnf 50 245
12 47 24 0
48 47 -10 0
-48 36 13 0
8 32 -24 0
1 28 10 0
-35 11 27 0
-8 -39 19 0
-36 -32 -46 0
-11 15 18 0
19 37 -32 0
19 -19 -34 0
9 5 -34 0
27 -40 -16 0
25 36 33 0
49 4 4 0
-15 -29 -1 0
43 -5 -13 0
-34 47 -18 0
-50 18 -35 0
37 33 19 0
46 32 -33 0
-20 -21 44 0
-45 3 39 0
25 5 1 0
-48 -32 -1 0
-8 -44 22 0
-3 26 45 0
12 -11 -38 0
-1 17 -14 0
-19 -14 21 0
-12 34 35 0
30 38 47 0
9 -40 -9 0
-35 43 5 0
-19 6 4 0
13 -30 -33 0
-41 3 33 0
11 13 10 0
47 49 -33 0
36 16 -14 0
-38 39 1 0
48 42 -13 0
44 38 -20 0
-15 -29 -36 0
9 -25 -8 0
-19 -31 10 0
42 22 39 0
-48 39 24 0
-25 -34 -3 0
35 -29 -32 0
46 -47 1 0
23 -27 -31 0
37 27 -38 0
-49 -5 24 0
-43 -32 -24 0
25 -32 14 0
-40 28 -44 0
-5 28 -30 0
-30 33 8 0
-12 29 -37 0
36 -25 -10 0
2 16 -20 0
-38 -36 50 0
-15 -2 4 0
32 3 -25 0
26 -22 31 0
22 35 7 0
5 -34 -20 0
24 -31 -22 0
16 -13 6 0
45 29 -35 0
32 1 -37 0
-7 50 -50 0
15 -49 28 0
-44 43 15 0
6 9 -12 0
-19 19 22 0
23 13 -37 0
-18 -33 49 0
-35 22 -10 0
-14 -16 -8 0
1 -37 42 0
47 21 46 0
-1 21 -2 0
41 -31 -35 0
47 -15 15 0
42 30 -13 0
37 28 -20 0
-38 5 -25 0
16 48 -27 0
30 43 -14 0
34 29 41 0
-47 -37 -50 0
-34 17 -6 0
-25 -2 34 0
50 19 -16 0
2 9 22 0
-29 -3 27 0
-44 28 38 0
-33 45 -9 0
43 -43 -49 0
-27 -6 -33 0
-16 -50 -21 0
40 14 38 0
-36 3 -43 0
49 2 -47 0
28 16 -26 0
-44 -45 3 0
-3 40 10 0
27 -12 -39 0
24 -23 -24 0
11 8 -45 0
-6 -41 23 0
-28 10 -10 0
-8 -4 -34 0
-46 -9 21 0
-30 -44 -4 0
34 7 -50 0
48 44 43 0
25 -25 13 0
-40 15 20 0
8 28 25 0
-46 24 50 0
4 11 -39 0
44 -12 12 0
2 47 -47 0
-43 -20 -2 0
-21 -9 42 0
-31 37 -43 0
-36 11 -13 0
-1 -45 -50 0
9 -35 4 0
1 3 9 0
-10 43 41 0
-18 -14 48 0
38 16 -4 0
39 -3 -6 0
-18 -12 -22 0
-6 38 17 0
19 36 41 0
19 50 11 0
-47 15 20 0
-33 26 -9 0
40 17 47 0
-31 -26 -6 0
33 50 5 0
33 -48 2 0
6 -6 6 0
44 -16 43 0
28 -31 39 0
26 16 -24 0
35 -17 -44 0
35 -14 -3 0
34 22 -42 0
26 -35 24 0
-21 4 12 0
24 -4 -31 0
22 -11 -14 0
-49 -10 -50 0
-37 30 -48 0
-29 -15 -12 0
-21 24 -36 0
44 32 38 0
41 3 -48 0
47 -3 28 0
41 50 30 0
-18 -1 26 0
-12 14 49 0
-50 17 -43 0
-34 49 -21 0
-22 -15 -10 0
-2 8 -22 0
-2 -12 41 0
34 12 -28 0
47 40 40 0
-14 -40 22 0
4 -9 14 0
12 -10 18 0
24 39 37 0
45 46 32 0
35 -9 33 0
-17 -14 8 0
-25 8 40 0
39 -15 7 0
-39 -14 -24 0
-33 19 -15 0
8 10 6 0
-3 48 23 0
-31 27 -11 0
-12 -31 -11 0
-33 33 2 0
-25 45 16 0
11 25 -14 0
29 47 11 0
22 -10 -11 0
25 -4 -9 0
-37 26 -48 0
-25 -4 -14 0
-18 -41 -47 0
41 6 19 0
24 25 -20 0
-41 -31 -47 0
-46 33 -27 0
-25 -21 39 0
-48 -50 -38 0
49 -17 35 0
45 -32 -34 0
31 16 -18 0
-45 24 27 0
-35 44 42 0
-3 -35 36 0
-37 13 26 0
-28 -3 15 0
36 -47 -18 0
-11 8 -24 0
28 -9 9 0
-5 -8 13 0
-36 -30 -34 0
18 -13 39 0
40 5 10 0
-10 -9 -26 0
16 -21 14 0
45 15 -47 0
30 28 -9 0
25 23 -45 0
34 -38 44 0
5 -29 -39 0
41 -19 -25 0
-49 6 -3 0
-32 -30 30 0
50 -32 -42 0
12 22 -8 0
-33 48 16 0
38 48 -34 0
-27 8 -11 0
-44 -18 -32 0
8 24 -40 0
-8 -30 -33 0
9 -32 -41 0
-23 -9 -9 0
-18 -14 -24 0
-18 -28 15 0
-7 -29 23 0
-31 38 -5 0
-49 -31 46 0
