c CNF generator v0.9
p cnf 50 245
49 34 -41 0
-17 49 48 0
33 7 46 0
40 -45 27 0
29 -14 -48 0
-30 22 -46 0
-24 27 -16 0
-49 27 37 0
-16 42 -49 0
-11 -1 -12 0
33 -36 10 0
-13 -50 24 0
-48 -11 42 0
-47 -20 -3 0
37 33 48 0
37 -1 20 0
39 -49 -12 0
-35 -19 -35 0
-20 41 -3 0
-33 27 33 0
30 14 47 0
25 44 2 0
-15 -28 -19 0
41 -46 -8 0
-21 11 48 0
50 31 33 0
43 7 -15 0
-31 44 9 0
-17 10 48 0
16 46 16 0
38 -21 2 0
40 -12 12 0
-8 39 -20 0
27 7 -11 0
47 -46 28 0
-44 -19 -24 0
35 50 -44 0
-33 -19 -47 0
-11 -17 -14 0
42 -50 3 0
50 9 -42 0
2 31 34 0
40 -21 -20 0
-13 -20 -3 0
25 -20 -46 0
18 -39 -38 0
-26 31 -31 0
-8 -50 28 0
-12 -11 39 0
1 40 32 0
-4 2 -37 0
-32 -18 -19 0
1 4 43 0
-12 -43 42 0
-9 -7 -42 0
-26 -7 32 0
-45 35 45 0
-5 -44 39 0
17 -17 -38 0
-49 -12 -10 0
38 16 2 0
-15 -15 -8 0
-18 25 -35 0
20 41 -2 0
-43 -24 -25 0
-37 18 39 0
-37 -20 -49 0
22 -6 36 0
-44 -39 -31 0
30 37 -31 0
-35 50 50 0
10 43 24 0
-24 3 -1 0
-18 7 17 0
24 -27 -50 0
42 33 -1 0
12 33 26 0
-1 -14 -39 0
-44 -17 -4 0
-25 23 49 0
10 -1 16 0
-32 36 23 0
11 -26 -20 0
3 5 -16 0
-47 -9 31 0
37 35 -26 0
11 22 -38 0
-12 -7 -35 0
26 10 15 0
-14 17 5 0
41 -30 -9 0
48 15 -46 0
-42 -38 11 0
36 -48 -34 0
16 21 25 0
-30 -30 -49 0
-48 2 5 0
-18 -7 3 0
17 -24 46 0
18 35 -1 0
27 -29 15 0
-33 -20 30 0
-6 47 -36 0
-7 18 26 0
-14 11 8 0
5 -30 -12 0
-27 45 -23 0
12 43 39 0
5 34 -23 0
18 1 9 0
11 39 23 0
24 43 21 0
-37 -49 -43 0
46 -3 -36 0
31 -24 -11 0
40 39 -14 0
24 -6 27 0
-14 -38 44 0
14 19 -6 0
15 21 3 0
21 -45 -6 0
-44 4 -8 0
-28 -46 -20 0
40 40 16 0
-5 19 8 0
21 -31 -27 0
-18 -23 -49 0
32 -4 27 0
44 35 2 0
-42 -28 37 0
33 37 43 0
-40 2 -46 0
-23 19 44 0
-3 32 -13 0
34 19 6 0
49 29 -39 0
18 15 -23 0
-11 21 -24 0
-4 45 1 0
-11 -47 15 0
23 -22 -33 0
3 -38 -24 0
33 -17 5 0
-45 -49 14 0
-33 36 -22 0
27 -49 21 0
-22 28 -40 0
20 -42 -43 0
34 -19 -25 0
22 -39 -26 0
5 -8 -8 0
-10 -15 -20 0
-24 -14 -25 0
-19 4 -30 0
21 24 -47 0
28 -45 34 0
-10 -21 1 0
-38 -33 -40 0
18 -29 47 0
5 1 -36 0
7 26 24 0
-3 -19 15 0
-41 -34 23 0
-2 -9 -9 0
-41 -31 -46 0
-8 13 -32 0
21 -42 9 0
-1 1 -12 0
42 11 15 0
-22 16 -46 0
-13 27 15 0
-12 37 11 0
-34 -7 44 0
-40 10 42 0
30 -43 43 0
-39 41 -27 0
-37 42 -39 0
-1 22 -4 0
-2 -20 -37 0
-47 -45 46 0
-44 -10 37 0
39 -13 -18 0
14 -50 -41 0
35 38 3 0
25 29 -28 0
-21 2 -19 0
50 -33 -27 0
29 -13 30 0
26 46 46 0
-28 -32 24 0
-44 36 43 0
13 -33 -45 0
-41 16 27 0
24 -37 -21 0
11 6 16 0
-49 -41 -22 0
47 13 48 0
-29 5 -50 0
16 13 -37 0
25 20 -14 0
23 39 -36 0
-24 -11 21 0
28 -9 -7 0
19 23 -39 0
-28 -35 4 0
-44 20 -30 0
-2 -6 -19 0
-42 -17 14 0
25 -11 -44 0
8 -29 -39 0
6 -8 -36 0
16 26 18 0
20 -19 16 0
29 -49 -43 0
20 1 46 0
40 -17 1 0
15 -32 -3 0
33 -19 -38 0
27 -13 8 0
38 37 -22 0
44 -3 -44 0
27 44 47 0
-46 -4 12 0
44 23 38 0
-28 44 8 0
4 -20 -2 0
34 12 5 0
13 -40 -49 0
-8 -27 22 0
41 34 -17 0
13 -31 -42 0
41 -48 -47 0
27 25 -22 0
50 20 -21 0
-33 -9 -35 0
20 -9 -17 0
-28 11 37 0
24 -30 38 0
41 -17 -42 0
-26 -40 19 0
-3 50 -6 0
-41 30 -1 0
-48 -21 -23 0
-48 39 -45 0
-30 28 -24 0
