c CNF generator v0.9
p cnf 50 245
3 -7 -11 0
-32 -49 14 0
24 -35 33 0
4 9 -10 0
-48 -43 40 0
-50 47 20 0
-4 -19 21 0
-4 3 -17 0
-4 -24 -27 0
-18 -5 -24 0
47 -13 -1 0
1 20 -34 0
45 -40 14 0
2 -19 -7 0
49 -44 43 0
-5 50 -27 0
-22 10 -5 0
-2 -6 19 0
4 22 -44 0
19 34 -43 0
32 2 28 0
-44 -13 34 0
-40 -47 -31 0
25 42 23 0
30 34 -46 0
37 -21 49 0
32 3 17 0
-10 31 -3 0
-3 26 -18 0
-9 -37 -46 0
8 43 -30 0
-5 -38 -50 0
-25 16 -13 0
-3 -27 8 0
4 29 34 0
44 -39 -37 0
-8 -13 12 0
2 10 50 0
4 17 -2 0
-5 -28 -3 0
-29 7 -23 0
19 9 -3 0
8 -50 -35 0
29 -35 24 0
50 -45 48 0
-46 -39 -15 0
-43 29 38 0
3 12 -40 0
-29 43 -28 0
49 -37 11 0
36 -25 -9 0
-36 -28 -45 0
-14 43 36 0
35 45 -5 0
35 -8 26 0
17 18 12 0
46 -23 -44 0
49 -42 -6 0
-8 42 41 0
27 46 -28 0
47 35 36 0
17 5 37 0
-41 -30 23 0
5 46 -43 0
-22 -29 1 0
-43 11 -4 0
-46 -45 -1 0
42 19 22 0
-50 16 -6 0
20 27 -20 0
48 47 49 0
-34 -39 -33 0
19 2 -44 0
20 -8 4 0
33 -2 19 0
-40 49 5 0
29 27 -18 0
3 -42 -17 0
50 3 -6 0
-23 46 32 0
-10 30 -6 0
-16 -50 19 0
29 -30 39 0
14 33 -43 0
5 23 -47 0
-32 11 -5 0
9 -7 24 0
-32 3 -24 0
-14 20 34 0
-31 -47 -13 0
37 -24 46 0
35 18 10 0
-34 -22 -2 0
-38 -10 39 0
-50 -18 -49 0
-21 16 3 0
-46 -14 20 0
-21 19 15 0
-34 -9 -39 0
5 -7 -48 0
-37 40 -38 0
16 24 24 0
11 2 42 0
-42 -4 -23 0
-6 -11 -4 0
-35 14 4 0
6 25 3 0
10 50 -3 0
-40 -38 -8 0
31 11 45 0
45 38 -28 0
-37 -26 -19 0
-40 -1 5 0
-40 46 48 0
-45 -37 39 0
-49 -23 -42 0
-30 12 21 0
19 -11 -7 0
-9 34 3 0
13 11 49 0
42 -4 44 0
17 -19 -16 0
45 47 22 0
48 48 -1 0
-47 -50 4 0
-4 5 15 0
15 48 -48 0
-5 32 -37 0
40 12 39 0
24 -18 -7 0
24 1 -34 0
-50 8 -35 0
-37 17 -50 0
14 15 -50 0
-9 48 -21 0
-19 31 -47 0
-10 49 31 0
26 26 -31 0
-47 -15 -47 0
-3 20 27 0
-42 -46 -23 0
-26 42 -5 0
8 5 20 0
23 33 -14 0
1 45 -22 0
48 -3 -46 0
-18 -38 47 0
14 47 6 0
26 -36 -31 0
6 -33 -33 0
-19 25 -7 0
40 -29 -40 0
22 -37 -30 0
21 31 -30 0
41 42 46 0
-15 -17 -12 0
2 -18 -24 0
-9 -44 -49 0
-19 43 -24 0
3 36 -16 0
-16 -35 16 0
-9 15 21 0
14 -32 -26 0
24 -24 -19 0
13 -44 22 0
-2 -47 10 0
-42 42 1 0
-21 -31 39 0
24 36 31 0
-34 24 -46 0
-11 7 28 0
-44 -50 43 0
23 38 33 0
-22 23 -29 0
16 -18 16 0
-23 30 -6 0
7 22 -7 0
-41 -14 -34 0
-37 12 -15 0
-40 27 19 0
2 -13 43 0
11 -42 30 0
3 23 -15 0
-17 5 -20 0
13 33 -41 0
-50 -47 -1 0
37 -3 -6 0
-24 37 -34 0
49 4 34 0
-48 41 42 0
26 13 39 0
-15 -45 11 0
-50 49 -22 0
8 -21 40 0
17 -16 26 0
41 23 -37 0
-13 -7 13 0
-5 -1 26 0
42 -47 -42 0
14 34 41 0
-12 -46 -34 0
-47 -48 48 0
27 25 -26 0
-43 42 12 0
7 26 37 0
-14 20 43 0
36 -37 37 0
5 15 -36 0
19 -42 -48 0
-19 5 -37 0
-18 49 -36 0
3 -47 4 0
-22 46 7 0
-11 -15 -24 0
-12 -7 -21 0
24 39 43 0
-41 -36 -13 0
-48 -41 -1 0
-41 40 -34 0
9 32 47 0
16 38 32 0
-11 30 -42 0
-14 50 -41 0
31 -9 28 0
-31 46 2 0
-37 -14 36 0
-37 -21 2 0
12 21 28 0
26 44 47 0
-3 38 -37 0
-34 -18 -4 0
-31 22 21 0
-12 8 -31 0
-49 -50 44 0
37 -21 -14 0
10 14 -48 0
46 -32 39 0
-42 23 -6 0
4 30 39 0
-13 25 -36 0
-39 -6 24 0
37 21 -20 0
-1 13 -36 0
-17 -28 -1 0
-29 -15 15 0
