c CNF generator v0.9
p cnf 50 245
-16 -12 44 0
-14 -18 8 0
45 -19 -15 0
48 -40 -18 0
45 -18 19 0
42 7 -39 0
23 40 -43 0
-8 5 -42 0
-35 -26 -17 0
28 -24 -46 0
38 3 12 0
-3 22 50 0
-30 -41 -45 0
-48 29 -3 0
36 9 7 0
-22 13 -43 0
9 -46 2 0
-47 39 35 0
45 44 14 0
-1 -22 45 0
24 -47 -19 0
9 28 27 0
-43 -42 50 0
49 -26 30 0
-26 23 -22 0
44 39 -17 0
-18 -32 7 0
31 26 -32 0
-17 -12 35 0
44 -31 -32 0
33 3 -12 0
39 37 47 0
-22 -20 -17 0
34 1 -22 0
-29 11 -39 0
-1 10 -40 0
16 -40 -30 0
-46 1 49 0
-1 -21 37 0
36 -33 21 0
8 41 -32 0
43 -2 4 0
-14 5 -10 0
31 -32 2 0
41 46 -1 0
5 -34 30 0
-36 13 12 0
33 40 -10 0
-11 40 25 0
35 -30 40 0
37 -9 27 0
-4 -27 -15 0
15 40 7 0
-47 -12 -24 0
11 9 49 0
21 46 5 0
-34 -17 -41 0
-19 24 -14 0
37 -27 19 0
42 -41 10 0
16 -48 -12 0
12 -42 24 0
-36 -3 25 0
-21 46 50 0
45 -39 -8 0
8 -4 28 0
21 30 -35 0
-46 -3 32 0
27 -34 -5 0
-49 18 -7 0
3 8 7 0
50 -22 10 0
-18 -40 30 0
32 38 -27 0
-13 4 -35 0
26 -49 15 0
39 49 11 0
-23 -5 -10 0
-50 7 -4 0
-21 45 49 0
34 -41 -15 0
1 10 36 0
19 -11 21 0
22 44 8 0
-23 -31 -44 0
-9 42 31 0
10 2 -50 0
24 27 -8 0
26 -9 -16 0
20 -31 21 0
48 -20 -5 0
49 -13 -5 0
-45 -49 -8 0
16 33 26 0
-43 -11 8 0
7 -31 -11 0
42 9 -17 0
34 -25 -40 0
-26 -20 16 0
4 25 29 0
-46 -12 40 0
9 24 43 0
-26 -45 26 0
48 9 1 0
11 1 -15 0
-3 -47 37 0
14 29 33 0
24 9 -43 0
-32 -11 -42 0
41 50 39 0
-24 31 45 0
-14 -34 -18 0
43 -21 -48 0
-9 -7 -21 0
44 16 -35 0
11 -13 -42 0
-32 -40 -36 0
45 34 47 0
10 39 11 0
-7 12 -48 0
-4 -16 -41 0
34 24 32 0
1 -38 34 0
40 -7 -41 0
40 -38 29 0
34 39 -38 0
-5 27 33 0
16 -22 -31 0
23 28 22 0
-2 2 -41 0
35 -27 -50 0
45 -2 -4 0
-18 -46 -42 0
26 -33 -28 0
23 -20 -38 0
-32 -36 -21 0
27 14 12 0
-26 47 -43 0
-11 -49 -13 0
19 16 -31 0
4 -23 -27 0
50 -32 -6 0
50 -13 45 0
24 33 -28 0
-18 -29 2 0
-24 -7 -25 0
-3 -17 41 0
47 -26 -3 0
-48 -45 -9 0
-5 48 -20 0
-48 46 18 0
-40 9 49 0
25 -50 39 0
49 33 -37 0
-34 27 -22 0
39 5 41 0
1 -47 -29 0
36 50 -38 0
-17 -21 20 0
-13 41 28 0
25 -25 -36 0
-25 -3 -21 0
42 38 -41 0
-3 41 49 0
-41 -49 -45 0
-32 -45 -30 0
38 1 -9 0
-14 -2 13 0
-28 -27 31 0
-34 36 3 0
-32 -42 13 0
49 38 25 0
31 39 -15 0
6 -22 43 0
-2 -33 6 0
-6 -44 10 0
-43 -3 -32 0
-22 -41 40 0
26 -22 -35 0
-38 24 -28 0
-4 -31 32 0
-34 -33 -44 0
16 44 17 0
14 27 -49 0
-3 -14 26 0
-7 37 48 0
-23 -46 5 0
-50 7 5 0
-49 -46 -20 0
-17 20 -42 0
37 31 30 0
43 24 30 0
-11 -4 -29 0
-16 3 -28 0
48 -7 -43 0
49 -16 24 0
-37 31 -43 0
-2 25 -15 0
-39 -2 -29 0
-22 20 -12 0
9 -31 42 0
-32 -36 -35 0
31 3 -43 0
3 25 -3 0
-7 7 -19 0
-18 14 38 0
-20 -16 33 0
-8 4 -3 0
1 45 -38 0
-11 17 28 0
6 -3 6 0
17 -5 11 0
49 -4 -33 0
32 13 30 0
-12 9 -42 0
19 -43 -17 0
-50 -41 -1 0
25 11 21 0
-20 12 35 0
-24 -44 -41 0
-16 35 -18 0
17 -43 -14 0
-4 -40 -41 0
-34 16 8 0
27 43 -23 0
-50 -36 -17 0
-2 26 9 0
29 -7 -13 0
24 -22 -10 0
7 -9 38 0
28 44 -26 0
39 31 -12 0
50 -19 -16 0
-34 46 24 0
-49 37 19 0
-38 -13 1 0
-21 15 -39 0
-33 8 12 0
-27 -20 3 0
26 -8 -15 0
-44 -49 16 0
-10 35 32 0
-21 4 -48 0
-22 -5 24 0
28 12 14 0
