c CNF generator v0.9
p cnf 50 245
-8 47 -43 0
12 -22 35 0
46 43 18 0
-19 15 -7 0
-28 -3 -8 0
-18 -32 38 0
6 18 -38 0
2 -8 -20 0
36 -13 -15 0
14 12 11 0
-35 -4 -29 0
42 -19 48 0
-48 -7 43 0
22 -3 47 0
1 48 3 0
-35 47 15 0
-36 -20 -13 0
-38 -36 21 0
12 -50 -32 0
-12 44 7 0
16 5 1 0
31 47 20 0
47 -7 33 0
-19 38 48 0
-38 35 -49 0
-2 -19 -8 0
-24 13 -2 0
-36 -37 -5 0
-41 -10 -11 0
-33 -41 -1 0
33 -43 -6 0
17 -38 37 0
8 -7 1 0
14 5 15 0
29 -37 -19 0
-40 25 7 0
-14 23 -20 0
3 16 -39 0
-50 -18 28 0
2 47 -31 0
17 3 23 0
-30 18 -25 0
-26 -38 -37 0
-22 29 -49 0
-8 -4 47 0
-28 -24 -20 0
-6 -42 33 0
-36 -22 -32 0
21 -23 -8 0
47 16 -5 0
1 2 50 0
18 22 40 0
43 -6 -13 0
-30 8 -17 0
25 2 -26 0
14 -43 45 0
-21 -5 33 0
20 -42 41 0
-7 36 49 0
-45 -22 50 0
9 -29 -9 0
47 -38 40 0
-20 23 26 0
-41 -25 32 0
15 -32 48 0
6 13 17 0
4 -4 18 0
-25 -5 43 0
25 -4 11 0
24 2 -43 0
34 6 -23 0
36 -11 -44 0
36 43 31 0
-20 37 -41 0
23 -30 -32 0
17 12 -25 0
40 47 -41 0
-49 -42 -50 0
9 26 25 0
33 38 -3 0
6 14 24 0
-15 50 -44 0
-25 -28 4 0
33 34 30 0
-41 33 27 0
49 3 -41 0
-45 10 -6 0
-2 43 42 0
-11 3 37 0
-28 8 38 0
-48 -33 -23 0
-32 5 -9 0
8 -16 33 0
-39 -26 -11 0
39 -47 15 0
19 -7 23 0
27 -2 -42 0
-16 50 -39 0
12 -22 -3 0
-16 -37 38 0
38 -18 43 0
-19 30 -13 0
-44 16 -35 0
-20 -20 40 0
32 47 14 0
-25 19 -32 0
26 -38 28 0
-18 47 20 0
-46 44 1 0
15 47 -27 0
-7 -37 13 0
2 -27 -6 0
-47 7 13 0
-6 14 -8 0
46 -32 2 0
9 -5 -21 0
-49 15 -7 0
32 4 -41 0
42 -24 -41 0
-14 47 19 0
-7 -6 -28 0
23 9 -7 0
27 33 -48 0
-28 3 -26 0
29 41 4 0
46 -7 -26 0
-2 31 32 0
-2 13 13 0
-31 -41 43 0
4 14 39 0
-37 -47 1 0
-21 -22 25 0
-3 15 -15 0
-49 -22 -37 0
11 18 -38 0
45 12 36 0
-31 -38 -42 0
-27 2 34 0
-19 -30 38 0
43 -24 -22 0
49 20 -7 0
27 23 7 0
-20 -18 31 0
-45 -17 12 0
45 -32 -39 0
-39 -36 -19 0
10 48 49 0
-24 29 7 0
27 -10 -26 0
11 -31 -29 0
28 12 19 0
-26 -38 -21 0
29 39 -35 0
12 37 47 0
48 -19 -15 0
-17 41 39 0
-5 10 -10 0
32 -17 43 0
24 -50 3 0
19 -16 -24 0
44 47 -25 0
-11 27 20 0
-25 9 -26 0
28 11 30 0
-18 22 50 0
-19 12 -14 0
3 21 -11 0
-39 -34 -42 0
29 26 41 0
-4 -3 14 0
-32 33 44 0
-6 41 -17 0
20 -12 -2 0
-23 44 -32 0
-22 -37 -36 0
-24 -11 32 0
7 -6 -19 0
-38 -22 8 0
31 20 23 0
47 -8 13 0
5 43 8 0
-25 45 40 0
46 -8 3 0
-2 36 -14 0
47 -14 46 0
-32 35 -11 0
11 -37 -30 0
15 -44 -21 0
-33 -13 33 0
-21 -25 -32 0
41 -22 13 0
27 22 4 0
-43 -37 -9 0
15 32 -50 0
-26 -2 -24 0
34 -35 6 0
-41 -19 -32 0
13 19 39 0
36 10 4 0
50 -10 25 0
-26 -15 -32 0
38 -6 15 0
-11 -36 -16 0
-35 44 13 0
50 -10 -19 0
-25 35 30 0
13 15 -1 0
38 21 45 0
14 41 49 0
4 13 23 0
-46 -28 46 0
-22 -40 3 0
36 -1 -41 0
-20 -22 -6 0
23 -31 -50 0
-14 -44 14 0
22 -33 -33 0
4 41 19 0
22 49 23 0
13 -37 26 0
-25 23 18 0
41 41 42 0
-7 -38 3 0
41 -50 10 0
24 49 17 0
4 46 -31 0
-41 -11 -31 0
-31 31 50 0
3 -14 27 0
-1 43 47 0
30 -27 11 0
46 48 2 0
-39 -43 31 0
-38 -33 -49 0
39 -4 14 0
-36 44 19 0
-3 29 23 0
-30 -44 -2 0
-21 -29 17 0
13 -17 -37 0
4 11 13 0
-38 43 -18 0
-6 -41 -29 0
23 -48 33 0
16 -49 -42 0
