c CNF generator v0.9
p cnf 50 245
-41 50 13 0
45 4 -20 0
-18 -40 -40 0
42 -50 -15 0
39 -3 27 0
-19 47 23 0
-41 33 -2 0
33 -37 -43 0
-46 -3 17 0
32 31 43 0
-13 -45 -34 0
5 10 16 0
18 -23 31 0
-37 -50 11 0
30 3 -2 0
16 -26 48 0
27 -21 38 0
39 27 28 0
-43 -36 24 0
40 -25 11 0
22 36 18 0
-2 22 -50 0
21 2 24 0
44 -26 36 0
4 36 33 0
-31 -33 -21 0
4 2 17 0
18 47 -13 0
-50 32 6 0
-24 31 -39 0
-34 21 -22 0
2 -48 -16 0
39 5 24 0
-47 -44 -48 0
-16 25 12 0
27 18 1 0
27 -50 48 0
43 24 -6 0
-34 33 -24 0
-14 17 37 0
24 -28 44 0
-34 -30 -35 0
-4 -10 -16 0
-27 47 1 0
-33 -19 -27 0
-50 23 22 0
-20 -25 28 0
-27 20 35 0
36 41 31 0
32 7 -42 0
4 43 -16 0
-13 -23 38 0
2 -1 4 0
4 -27 -42 0
46 13 -37 0
19 -22 23 0
35 -5 -49 0
-39 14 -29 0
48 -42 37 0
4 39 -32 0
-29 32 -7 0
38 13 16 0
-2 29 46 0
-9 -14 -18 0
-12 -30 -44 0
15 -44 -42 0
22 49 -12 0
-8 10 -23 0
15 2 -34 0
22 -17 9 0
-6 1 29 0
-33 4 -49 0
-13 34 22 0
-20 -39 -11 0
26 -19 4 0
27 33 -45 0
-1 6 -5 0
50 -15 -2 0
42 4 -22 0
44 -26 49 0
21 -8 -2 0
-9 -9 -48 0
-24 -43 -21 0
38 49 -1 0
-47 -19 31 0
47 15 -37 0
49 -10 -32 0
-34 -6 30 0
44 -23 46 0
22 -28 43 0
-5 24 -32 0
6 -29 -17 0
-33 45 41 0
-15 -15 46 0
41 -30 -24 0
-34 -3 42 0
-43 -17 37 0
14 49 4 0
44 -10 -47 0
3 -7 29 0
-17 41 15 0
27 36 -47 0
13 3 -5 0
-2 13 29 0
45 24 47 0
-15 2 -16 0
-8 -42 -31 0
1 -3 15 0
40 -28 33 0
28 30 -5 0
-5 34 -27 0
-1 -44 6 0
-43 15 49 0
-27 -13 33 0
12 -14 -20 0
11 47 24 0
9 -7 -13 0
-43 46 -15 0
5 27 -44 0
13 45 50 0
2 -29 45 0
-7 9 -29 0
23 -4 -18 0
28 -11 37 0
-8 29 18 0
-36 -26 -47 0
25 4 50 0
-17 -13 8 0
28 -34 37 0
38 -19 -15 0
-5 -38 -43 0
-35 -8 16 0
21 27 22 0
15 -29 23 0
-18 -49 30 0
47 -38 28 0
-5 42 27 0
11 -31 -26 0
24 -5 -28 0
6 -35 -3 0
-5 -30 5 0
-36 -49 -11 0
-46 -49 17 0
44 -39 -43 0
8 24 30 0
36 25 -19 0
22 -20 27 0
6 26 -48 0
24 -50 -34 0
4 -35 -49 0
36 -24 -50 0
-20 -37 -21 0
-1 -31 -16 0
26 -49 50 0
-12 -34 -16 0
-49 -32 28 0
-28 29 4 0
-7 10 -4 0
38 23 -28 0
-4 7 -26 0
-41 -43 -20 0
29 -4 35 0
42 7 40 0
-42 45 2 0
-2 9 37 0
4 29 -8 0
-7 -32 17 0
40 -3 10 0
9 12 17 0
-18 35 1 0
-26 17 47 0
-48 31 -21 0
-20 -6 -2 0
24 -28 42 0
36 -45 4 0
27 49 4 0
40 -35 -44 0
-4 -18 46 0
23 -48 -8 0
44 1 -19 0
31 -42 -20 0
31 -50 -34 0
-6 -28 -26 0
-41 15 45 0
-30 -5 -18 0
-16 -41 8 0
21 -10 12 0
-5 31 38 0
25 -31 -40 0
-37 -1 35 0
-30 8 34 0
-37 19 22 0
-17 12 8 0
40 -1 2 0
-25 42 -3 0
28 21 -27 0
4 25 -22 0
-30 46 -38 0
49 22 -44 0
37 25 -41 0
-39 37 -13 0
14 -26 -27 0
-23 -50 8 0
41 -44 -23 0
9 -20 12 0
37 3 -21 0
44 49 -9 0
40 -34 9 0
22 13 -37 0
4 -35 47 0
-4 36 40 0
34 22 -37 0
6 -12 -19 0
-1 23 38 0
-7 -31 19 0
44 -49 30 0
12 -46 -18 0
-29 30 11 0
38 -5 -40 0
18 -6 -9 0
-25 41 13 0
-44 -24 14 0
-40 27 44 0
-19 -25 -20 0
40 11 -32 0
1 6 -45 0
-14 35 2 0
-29 45 40 0
-45 41 -6 0
-34 -32 6 0
23 -37 23 0
-41 -20 -17 0
35 5 23 0
-22 29 44 0
47 -4 49 0
-33 -15 37 0
43 -22 -29 0
23 -45 8 0
-26 -15 -44 0
-46 14 -14 0
-32 22 -21 0
-16 -16 -45 0
17 -46 3 0
-17 -25 9 0
-29 43 -35 0
