c CNF generator v0.9
p cnf 50 245
-32 36 9 0
-49 16 12 0
39 -37 -20 0
37 29 16 0
-18 -39 12 0
-37 -23 19 0
20 -45 2 0
13 -9 -32 0
-19 30 -29 0
18 -34 7 0
32 -3 26 0
-50 10 9 0
-13 15 42 0
-14 -21 -36 0
34 -23 42 0
-12 -8 -26 0
-20 -15 -21 0
-33 -24 26 0
-20 -40 40 0
-15 14 -46 0
15 -17 -44 0
23 2 11 0
-15 -22 -45 0
2 35 -40 0
-25 -6 -27 0
-11 48 32 0
14 11 15 0
-34 18 37 0
-9 2 -3 0
-48 -16 -2 0
-13 42 26 0
7 34 -50 0
28 -16 42 0
-28 28 -17 0
-2 44 20 0
21 13 22 0
23 -49 30 0
-8 -8 18 0
-25 43 -29 0
37 -22 12 0
19 -15 -23 0
20 29 -48 0
30 -2 -39 0
30 2 -23 0
-4 -36 -9 0
4 -4 13 0
32 -34 -29 0
30 -16 -9 0
-10 -3 -17 0
-11 -40 -2 0
-32 15 44 0
-17 48 -3 0
6 18 42 0
-38 -31 4 0
-3 -43 28 0
40 4 -20 0
34 49 46 0
-28 -35 -30 0
17 47 11 0
1 35 38 0
-29 17 33 0
6 23 -36 0
6 -13 8 0
28 -49 16 0
-4 6 33 0
29 -34 -17 0
24 39 -12 0
-37 -36 23 0
-2 50 1 0
-38 -9 17 0
-26 -6 -32 0
-12 39 -15 0
-4 42 -22 0
-2 34 44 0
29 -48 -18 0
25 -35 -17 0
10 21 14 0
45 -10 27 0
17 -16 35 0
-46 -6 -12 0
-50 39 28 0
13 -22 41 0
6 -19 1 0
34 8 -3 0
41 -47 36 0
40 -21 45 0
5 47 30 0
36 25 18 0
-30 48 15 0
39 42 7 0
-15 28 -24 0
-39 -26 -37 0
-35 12 26 0
43 -44 50 0
36 -34 25 0
16 -13 8 0
-26 -34 -1 0
17 -3 -25 0
-3 46 -11 0
26 3 21 0
-16 -39 21 0
-40 -42 -40 0
-10 -8 -40 0
20 -30 32 0
46 34 40 0
-31 -39 -22 0
18 -5 -11 0
-21 23 -23 0
27 -8 5 0
-5 -1 1 0
46 22 -24 0
-15 26 34 0
-50 36 17 0
43 -42 7 0
4 -39 -40 0
-8 -10 28 0
45 28 25 0
3 -24 30 0
-35 -38 26 0
37 -19 -47 0
-46 15 20 0
29 -1 39 0
34 -8 32 0
37 -5 36 0
-18 25 -22 0
20 -13 -22 0
29 15 20 0
-22 -40 -50 0
9 -19 -24 0
14 19 11 0
-1 -9 45 0
-17 -37 4 0
-14 -17 -21 0
-2 47 -15 0
24 17 10 0
-13 35 44 0
-19 7 33 0
-35 -20 29 0
3 -37 -35 0
-41 -50 6 0
-28 -4 -28 0
-25 50 -7 0
29 9 -49 0
-47 8 -45 0
11 26 16 0
29 -24 37 0
29 -16 -45 0
-39 22 20 0
-22 -22 -39 0
4 44 -17 0
23 38 37 0
-26 -46 5 0
-47 31 48 0
-30 -37 21 0
-6 -45 -10 0
-25 -3 8 0
-50 43 -44 0
-14 41 16 0
9 24 -15 0
11 41 -3 0
-12 -15 -34 0
-1 10 -15 0
13 -26 48 0
-46 35 21 0
7 -32 5 0
-38 -2 12 0
-20 -20 -34 0
27 -40 -27 0
11 -9 38 0
-16 -50 -28 0
32 31 -18 0
41 5 2 0
29 -25 -18 0
-40 -31 -28 0
-36 13 -1 0
-2 -9 40 0
-3 -31 29 0
-37 -34 -3 0
11 -32 -20 0
6 17 -2 0
-17 -45 42 0
-47 -26 -5 0
48 -24 -47 0
50 37 31 0
3 -37 43 0
26 -6 19 0
37 12 -26 0
-35 24 -41 0
9 4 -24 0
48 14 37 0
14 -40 30 0
-24 -28 5 0
32 -36 35 0
-11 -34 19 0
-43 -3 28 0
-29 48 4 0
33 -31 -35 0
-2 29 11 0
-15 -18 -43 0
-24 -37 30 0
1 49 -11 0
30 -11 24 0
-28 28 -24 0
13 39 49 0
-22 10 -33 0
17 -16 -2 0
-2 -5 -17 0
21 13 30 0
39 21 -15 0
-49 20 47 0
-38 -18 -38 0
-47 -17 -16 0
4 11 18 0
-23 -4 -16 0
16 -26 -12 0
27 -4 -39 0
-14 34 -39 0
-8 -43 -15 0
-15 1 -14 0
1 48 19 0
-23 8 -27 0
45 -43 3 0
12 -41 -48 0
1 31 -30 0
22 25 30 0
44 48 -17 0
-13 -19 26 0
-4 -15 27 0
-9 37 -44 0
15 -49 19 0
10 35 -30 0
-49 -31 -4 0
-8 20 34 0
21 47 44 0
-37 13 -15 0
-49 21 41 0
12 -36 31 0
-10 32 9 0
8 42 18 0
-40 -4 12 0
-19 -14 -50 0
17 29 12 0
8 -39 -35 0
-7 -28 41 0
-31 -30 44 0
