c CNF generator v0.9
p cnf 50 245
7 38 20 0
1 49 -44 0
14 28 13 0
-28 -31 19 0
22 -13 32 0
-5 15 -43 0
-13 -37 48 0
-20 -2 38 0
3 22 38 0
-12 6 -50 0
45 -9 21 0
-15 2 -25 0
-4 49 -40 0
32 5 -35 0
31 14 32 0
22 -4 5 0
-38 -12 37 0
-16 -49 24 0
23 11 10 0
-7 7 6 0
-30 -50 -25 0
31 47 17 0
12 36 8 0
-25 30 -15 0
-36 19 -16 0
-34 49 40 0
19 -50 -20 0
-29 35 -26 0
-4 50 -15 0
-42 -49 -5 0
-24 13 -42 0
-4 -43 -1 0
27 -22 12 0
-7 -45 9 0
-49 17 -39 0
-35 20 -20 0
1 -15 -1 0
-39 -10 -32 0
-21 34 -39 0
42 -48 -36 0
-47 35 13 0
16 8 -22 0
27 3 7 0
-41 27 8 0
35 -14 48 0
-36 16 -13 0
-41 1 -10 0
37 -6 44 0
-33 -33 8 0
-12 37 18 0
23 43 30 0
43 37 40 0
48 -15 -3 0
-41 34 18 0
21 -9 -35 0
-16 13 -34 0
13 -33 20 0
-36 43 47 0
8 17 5 0
12 -5 8 0
28 -25 16 0
-37 46 25 0
26 -50 -4 0
-19 48 29 0
38 40 6 0
-2 -13 50 0
-5 33 -28 0
7 11 4 0
-50 10 10 0
47 11 39 0
23 19 -46 0
-25 -39 9 0
45 -23 -2 0
-2 27 24 0
-42 24 -47 0
49 11 38 0
31 21 -31 0
6 3 -36 0
-32 -31 -24 0
2 6 -38 0
32 -43 -40 0
-31 36 28 0
-13 -21 8 0
34 45 -12 0
3 -20 -1 0
48 49 36 0
38 -15 -38 0
18 19 -43 0
-15 -10 4 0
-50 -34 17 0
-14 50 1 0
-6 38 -26 0
-32 -7 -50 0
17 -13 12 0
-23 42 23 0
5 -11 45 0
-30 30 -21 0
49 26 -11 0
-11 20 42 0
37 38 -44 0
-1 -20 23 0
39 18 20 0
47 -36 50 0
-48 -42 -15 0
40 19 -3 0
36 -33 -46 0
-22 24 5 0
-4 -10 -27 0
7 36 -7 0
35 25 32 0
38 45 45 0
-29 38 -37 0
-20 37 49 0
-35 -30 -43 0
29 31 4 0
44 -47 26 0
40 -19 -15 0
-34 -40 1 0
-47 12 -31 0
-13 -39 5 0
12 10 22 0
-44 8 -50 0
-8 15 -15 0
7 47 20 0
-10 -16 -15 0
-48 43 33 0
39 -9 -21 0
46 24 -5 0
3 15 33 0
-25 -3 16 0
42 26 49 0
-3 36 -22 0
14 25 50 0
25 42 15 0
-49 -11 -47 0
-49 -1 -20 0
25 30 -24 0
15 -7 -9 0
23 29 -15 0
31 -18 5 0
-17 -49 -44 0
-2 -36 -24 0
-19 -22 -7 0
-1 -43 -1 0
-23 -27 -11 0
23 3 -14 0
33 -17 8 0
-29 48 -8 0
-19 11 -23 0
-24 22 42 0
-3 -33 45 0
11 23 -20 0
9 -16 36 0
-13 9 -46 0
-31 -28 44 0
16 -42 -40 0
4 40 -7 0
48 18 4 0
27 41 37 0
10 34 -49 0
-22 -10 50 0
-19 -1 -34 0
11 4 11 0
-33 1 49 0
15 46 -1 0
-2 -39 18 0
30 -3 -44 0
-14 -44 -27 0
-44 -16 -7 0
-18 50 -14 0
-40 -47 -9 0
6 12 44 0
-11 22 -36 0
-24 2 21 0
6 -35 30 0
48 -43 -41 0
-44 -49 -13 0
-21 -26 -21 0
-16 36 -38 0
31 -12 31 0
47 -38 37 0
26 -32 5 0
-16 -10 42 0
26 -45 18 0
2 -26 -14 0
23 47 -21 0
17 -13 -48 0
-31 29 -19 0
28 -31 -3 0
3 30 1 0
-33 4 46 0
-22 30 -26 0
11 38 17 0
-31 46 42 0
-21 -28 33 0
42 -11 -6 0
-44 -45 36 0
-16 35 22 0
30 -34 28 0
47 -39 -47 0
5 5 40 0
-42 16 -6 0
37 -32 22 0
14 7 2 0
20 26 -35 0
1 29 -44 0
-19 32 4 0
30 50 -45 0
-3 37 -34 0
-46 -3 27 0
42 28 45 0
49 -1 5 0
32 -38 28 0
-8 -27 -15 0
-46 45 30 0
-12 -35 -37 0
7 16 26 0
29 -27 26 0
-17 -36 -28 0
34 -24 26 0
9 -16 -44 0
-14 32 45 0
27 -31 -5 0
-14 -49 -46 0
2 -21 -46 0
-26 33 -42 0
20 30 8 0
-14 -31 35 0
-20 38 -48 0
10 -19 23 0
-31 -13 -20 0
-20 -36 12 0
-10 -29 -4 0
41 -24 -13 0
-30 16 34 0
30 21 22 0
36 25 10 0
-39 23 -4 0
46 -12 47 0
-45 -9 -43 0
-42 -26 -42 0
25 32 29 0
25 7 17 0
9 -18 30 0
19 -11 -34 0
