c CNF generator v0.9
p cnf 50 245
34 -23 -2 0
-31 38 50 0
42 -18 -8 0
-24 46 32 0
48 -31 -34 0
-47 6 1 0
-29 -8 -38 0
10 5 -40 0
-39 24 -28 0
-28 -39 -44 0
-18 -6 -11 0
10 -50 13 0
33 8 29 0
10 -13 -12 0
-21 8 -2 0
30 -5 -40 0
-45 38 5 0
-24 -29 39 0
36 18 5 0
-31 6 -34 0
-32 -36 50 0
33 -27 -47 0
-19 33 -28 0
-30 -50 -14 0
-35 31 1 0
-10 -44 -41 0
45 -41 32 0
-48 -5 44 0
8 -27 -46 0
48 -12 -39 0
-34 -46 33 0
-22 14 -42 0
-8 -50 15 0
41 -40 -21 0
-23 28 -36 0
13 -40 -1 0
28 24 14 0
36 1 8 0
37 -10 -8 0
-37 -19 18 0
-43 28 9 0
38 -33 42 0
-29 -31 -12 0
1 -5 12 0
1 -10 38 0
2 8 -28 0
13 -7 -12 0
-25 -44 -49 0
20 31 -40 0
41 -24 16 0
37 30 4 0
30 -22 13 0
-7 -17 -33 0
-6 29 17 0
13 36 7 0
46 20 -34 0
-36 -33 -12 0
-44 15 -38 0
18 44 37 0
39 -38 39 0
-23 38 21 0
-36 -14 -30 0
-11 33 27 0
9 48 38 0
35 -22 -29 0
33 -38 -43 0
-22 13 6 0
30 19 -42 0
36 34 -1 0
9 -12 1 0
2 6 -8 0
4 7 3 0
34 -30 35 0
30 24 -12 0
-38 3 37 0
-6 -26 22 0
23 -32 26 0
33 -40 -47 0
10 11 31 0
39 48 -43 0
-32 -44 26 0
-23 9 -14 0
15 -21 4 0
38 -45 39 0
-37 44 47 0
29 -37 -27 0
-44 -50 40 0
-46 -34 14 0
-33 14 7 0
38 8 1 0
9 -11 -24 0
-3 -22 -35 0
31 -40 -45 0
38 43 -4 0
-25 -38 8 0
-3 -40 40 0
-3 41 33 0
-5 -15 -49 0
-10 -38 -13 0
25 17 -27 0
-30 41 -7 0
2 44 14 0
10 -14 -46 0
-23 25 49 0
-48 25 8 0
-13 -38 -40 0
-9 46 -22 0
-19 -17 -6 0
32 -30 -49 0
-5 -48 -43 0
44 -26 -35 0
29 -26 10 0
-15 43 -42 0
-20 -37 19 0
36 50 -30 0
17 -29 -10 0
22 -35 38 0
-14 20 11 0
7 40 19 0
26 -32 32 0
28 18 -16 0
33 -13 -29 0
11 22 38 0
44 19 -17 0
-8 -30 20 0
-11 34 -50 0
-15 43 23 0
48 48 16 0
17 43 -33 0
37 -33 -25 0
31 29 10 0
-42 15 3 0
3 1 22 0
22 -49 -21 0
41 -36 -3 0
13 49 -2 0
-2 26 17 0
-5 27 21 0
-15 -32 9 0
-39 45 23 0
4 -21 -32 0
-49 -20 -30 0
32 -28 -45 0
-1 25 -49 0
30 -10 48 0
14 38 41 0
-46 -35 -21 0
-1 -27 8 0
-6 3 -3 0
31 47 -16 0
-18 20 15 0
49 -22 -14 0
-12 -36 17 0
22 -46 -22 0
-6 29 14 0
10 -37 -11 0
-49 -42 29 0
17 -48 -44 0
-30 -22 -40 0
24 10 45 0
47 -12 15 0
38 -18 49 0
29 45 -7 0
-36 -16 -23 0
-19 -24 49 0
-11 27 45 0
-42 43 5 0
-23 -13 20 0
-1 15 -47 0
28 3 50 0
23 20 -39 0
-13 36 -32 0
-25 43 -35 0
25 -27 6 0
-43 5 9 0
-37 -23 24 0
27 23 15 0
-17 -14 3 0
-31 -12 -47 0
-17 -12 44 0
-9 -27 -28 0
-14 15 -8 0
-44 22 -14 0
12 -46 41 0
4 -26 40 0
-1 18 26 0
-20 33 -15 0
17 38 -35 0
-24 -38 50 0
46 19 48 0
48 4 33 0
19 7 -33 0
-39 32 -32 0
-40 39 48 0
-29 -25 36 0
35 26 -39 0
6 -13 38 0
-22 -1 -1 0
-25 -15 -6 0
46 20 14 0
-34 -12 8 0
50 19 -19 0
14 50 -26 0
-18 46 -6 0
13 17 6 0
25 -31 -17 0
29 50 -31 0
18 35 -31 0
-41 -3 7 0
-16 18 -7 0
-25 22 29 0
-9 -27 38 0
35 -11 45 0
-7 -28 -33 0
14 -14 -36 0
25 15 -19 0
33 24 -22 0
24 39 -9 0
32 -6 17 0
27 16 24 0
22 5 -47 0
6 -10 -27 0
-49 11 -8 0
-14 -49 -23 0
33 26 32 0
23 12 -10 0
26 -5 35 0
-37 11 34 0
-19 18 49 0
-15 -17 19 0
-36 -15 26 0
3 -44 -40 0
-12 -41 -35 0
21 40 -12 0
-6 -10 32 0
47 -40 -23 0
3 35 33 0
3 43 -19 0
-6 33 17 0
10 -32 27 0
28 18 23 0
-7 -14 -17 0
43 -28 18 0
33 38 38 0
33 -27 -34 0
