c CNF generator v0.9
p cnf 50 245
-6 -29 7 0
-32 25 -19 0
19 -46 -35 0
42 -40 -32 0
36 -8 22 0
-34 -25 -16 0
-25 19 5 0
-23 -20 -38 0
27 50 9 0
-15 43 -13 0
15 -47 -32 0
45 34 49 0
38 -35 35 0
42 -26 31 0
38 -49 42 0
13 -6 -17 0
-44 -45 -12 0
-40 35 19 0
40 -46 -6 0
35 21 47 0
12 -13 1 0
14 -15 -41 0
4 -37 -47 0
-34 39 -8 0
-20 -9 48 0
33 -3 39 0
-2 -21 -17 0
17 25 -9 0
-9 -44 44 0
-35 36 -10 0
27 -29 30 0
-21 23 -17 0
33 25 -31 0
-12 26 13 0
15 12 -27 0
25 -34 41 0
-13 -40 -43 0
14 -20 -38 0
-12 28 -37 0
-29 37 32 0
-15 -42 -29 0
7 -37 -45 0
-23 32 4 0
-46 44 -26 0
-5 -2 33 0
29 -1 47 0
-10 -21 48 0
20 33 -13 0
-31 42 43 0
-41 -3 -22 0
7 -15 -3 0
-48 31 40 0
-15 -21 34 0
15 -38 16 0
-12 -29 -40 0
-19 -34 29 0
38 -37 12 0
28 7 -28 0
16 -28 6 0
16 14 45 0
-41 -21 38 0
-22 -3 -31 0
-13 -30 -45 0
2 6 -41 0
16 -37 1 0
29 47 16 0
40 9 9 0
-36 -48 35 0
-40 -18 16 0
-39 34 25 0
-20 -47 36 0
-4 14 -18 0
-13 -11 -8 0
-29 -19 -40 0
11 -48 19 0
47 -12 -15 0
1 13 35 0
-1 36 -50 0
-21 -13 -9 0
-28 -35 22 0
-39 30 -7 0
-15 12 -48 0
-13 -31 1 0
-45 -46 32 0
-27 -1 -40 0
14 15 24 0
34 -43 35 0
-15 40 -24 0
1 -29 -33 0
16 30 -9 0
-20 -43 33 0
-35 -11 3 0
11 -16 -26 0
-49 27 18 0
-5 21 1 0
18 -21 4 0
28 9 -34 0
45 22 -20 0
-17 -37 40 0
13 36 46 0
19 22 33 0
11 -19 -19 0
31 -17 8 0
-13 -33 -22 0
39 43 38 0
32 -10 41 0
10 -40 1 0
30 -41 34 0
6 19 -24 0
45 38 41 0
-27 7 11 0
-7 -40 50 0
21 -22 -48 0
32 9 -46 0
-2 -42 -24 0
-42 -32 11 0
42 50 -23 0
-14 30 49 0
-31 -32 42 0
-16 35 -28 0
37 29 6 0
45 26 -50 0
-11 -22 -29 0
-43 -24 -31 0
50 5 25 0
-22 24 44 0
-31 18 23 0
43 -50 35 0
-3 -17 -8 0
-11 -12 -18 0
35 38 11 0
39 49 26 0
12 -15 -37 0
27 -37 -4 0
41 33 15 0
45 7 34 0
-15 8 7 0
-14 -19 -22 0
-24 -20 -18 0
-48 -28 35 0
-45 -22 48 0
45 3 -47 0
50 -7 -34 0
-5 -46 4 0
19 -25 -27 0
17 7 40 0
18 -32 4 0
-50 -12 -17 0
34 -46 -45 0
7 40 -36 0
4 37 -45 0
-21 -18 47 0
19 -27 14 0
33 -3 5 0
2 49 -50 0
-8 21 -31 0
46 5 -14 0
15 25 -27 0
-17 35 -33 0
1 33 37 0
47 17 6 0
25 -46 -33 0
15 8 -37 0
-2 -19 25 0
-38 -23 -43 0
-50 36 41 0
28 28 16 0
-2 4 -2 0
8 48 3 0
-45 -20 -33 0
-29 25 -9 0
10 43 -39 0
-8 26 -31 0
-41 -39 42 0
43 -25 -50 0
11 -3 18 0
-33 5 -50 0
-4 27 -1 0
-2 -50 15 0
34 15 -37 0
32 29 -13 0
-21 9 -41 0
22 -41 -5 0
18 15 -10 0
33 -50 42 0
46 -50 -20 0
31 -5 -40 0
4 -23 -14 0
-7 20 26 0
-34 -21 -48 0
-20 -33 -43 0
-31 39 -16 0
-2 26 -27 0
33 -46 -27 0
-39 43 -12 0
-34 -10 30 0
-8 -12 31 0
-13 -41 50 0
20 32 -21 0
-39 -12 43 0
-22 32 -12 0
-49 -36 1 0
25 25 6 0
7 -42 22 0
21 -1 -25 0
15 8 -11 0
28 42 27 0
-31 18 30 0
34 11 -13 0
42 -41 -25 0
42 -47 -2 0
15 -22 -39 0
32 45 -15 0
-5 -43 -20 0
-5 22 -18 0
45 -20 32 0
-15 12 46 0
-44 -30 -33 0
-14 18 37 0
-26 4 24 0
47 -30 -42 0
1 -13 26 0
-2 -34 28 0
15 42 22 0
-39 50 6 0
-50 39 -9 0
-42 -32 28 0
6 -17 17 0
-2 49 45 0
-21 48 25 0
5 -18 22 0
26 23 -48 0
-17 19 -15 0
-8 -8 50 0
6 3 -5 0
23 -19 28 0
-35 13 7 0
11 -35 -31 0
-41 -10 -17 0
-25 5 32 0
22 24 -7 0
-31 -18 40 0
6 -43 35 0
17 -41 49 0
-8 -6 -35 0
