c CNF generator v0.9
p cnf 50 245
9 -31 -18 0
-10 -19 -12 0
10 -34 19 0
-21 -20 8 0
-18 -37 33 0
-28 35 8 0
-25 -5 -32 0
-22 -26 13 0
-24 -14 49 0
48 49 43 0
16 -46 -3 0
-16 45 44 0
33 15 -12 0
21 5 -41 0
28 -4 33 0
-9 21 -25 0
-29 -42 1 0
-15 -21 -40 0
17 29 39 0
-39 -20 30 0
-17 42 25 0
6 26 14 0
37 38 -34 0
-35 -3 -17 0
-43 -35 20 0
-33 -12 42 0
35 6 -41 0
22 46 17 0
-33 -19 -35 0
-25 -47 -47 0
41 38 48 0
23 -18 26 0
-18 -19 36 0
2 48 3 0
20 -24 -21 0
-17 44 43 0
-18 6 19 0
40 -17 -12 0
44 9 24 0
-21 33 21 0
27 14 -15 0
44 -44 21 0
-33 29 36 0
-45 -24 -39 0
-1 8 40 0
28 33 5 0
-27 -48 28 0
23 -47 -34 0
5 -39 -21 0
38 1 48 0
-9 -23 11 0
36 44 -35 0
12 -43 -26 0
30 -8 35 0
48 -32 -22 0
-16 -15 -7 0
35 10 -9 0
-6 -40 -41 0
-48 -42 49 0
27 20 -46 0
-9 -12 44 0
34 -29 5 0
48 -23 20 0
26 8 -1 0
6 -35 4 0
-26 -33 47 0
24 -4 -7 0
27 10 -20 0
34 -12 14 0
-36 37 -18 0
33 28 24 0
-20 11 -39 0
1 -32 15 0
46 -14 25 0
3 -46 19 0
31 24 -45 0
44 1 19 0
-49 -1 22 0
48 46 -46 0
-26 -45 -38 0
9 -20 -12 0
28 44 11 0
-33 36 -24 0
-45 -43 20 0
48 26 11 0
-2 -7 4 0
44 50 -9 0
26 15 22 0
-34 -35 29 0
14 -42 -28 0
-48 -29 -36 0
-8 -30 24 0
5 -22 -11 0
-45 18 -10 0
21 33 26 0
-30 -1 31 0
50 -28 13 0
36 47 -16 0
50 -41 -40 0
40 46 13 0
-38 -18 -49 0
-6 5 -42 0
47 16 -20 0
1 20 -6 0
-3 34 39 0
28 5 46 0
-33 -49 -22 0
7 29 -6 0
28 -40 -4 0
-50 -1 -22 0
27 -35 43 0
44 -12 45 0
-23 50 11 0
18 -2 39 0
-2 24 20 0
-5 -7 49 0
13 -16 41 0
-46 -13 3 0
40 39 -14 0
36 -43 34 0
30 -28 28 0
-40 35 29 0
-37 -50 -26 0
19 2 27 0
23 21 -39 0
2 -25 -45 0
25 -22 34 0
17 21 -36 0
36 -40 -39 0
-8 17 8 0
-43 -31 -11 0
-2 -47 18 0
-10 -41 46 0
-40 9 49 0
-48 47 29 0
19 -28 31 0
-36 6 31 0
-18 -41 16 0
40 6 -23 0
11 39 -1 0
23 35 -29 0
26 18 12 0
-37 38 11 0
44 -2 -23 0
-2 20 -50 0
22 19 24 0
17 -20 -9 0
50 8 1 0
-8 -48 -2 0
26 -50 8 0
14 32 -21 0
-49 -17 -23 0
-29 -21 -8 0
-20 -6 -32 0
-33 3 35 0
-28 -18 36 0
21 25 -14 0
11 8 -30 0
38 -31 23 0
-42 31 50 0
10 -1 30 0
-30 -1 -28 0
19 -41 14 0
31 6 -26 0
3 28 23 0
26 -43 -19 0
-24 -36 -13 0
46 -47 23 0
-48 -30 45 0
22 22 -30 0
12 -35 19 0
39 -3 -15 0
-11 38 21 0
-37 -38 30 0
-40 -3 -32 0
22 45 31 0
36 3 -19 0
38 17 15 0
42 -50 49 0
-34 -30 -32 0
23 49 -46 0
-3 -11 -20 0
-30 -29 28 0
2 -16 34 0
-5 8 -38 0
-33 -10 2 0
45 48 50 0
15 -1 -28 0
-48 19 16 0
-31 49 35 0
23 44 44 0
-16 -21 -18 0
16 -48 -16 0
-26 38 24 0
-42 26 45 0
35 -2 -24 0
29 21 47 0
33 -30 46 0
10 -11 -28 0
-46 23 14 0
-35 29 2 0
18 10 9 0
41 48 -32 0
-37 7 -36 0
-35 -26 5 0
-21 -39 6 0
30 -20 49 0
45 5 45 0
10 35 24 0
17 9 28 0
-31 11 38 0
-2 -23 12 0
-30 17 -14 0
-21 -28 50 0
19 -24 29 0
-44 -32 -27 0
23 28 -10 0
-27 -25 8 0
43 -4 24 0
34 -25 -28 0
-26 -42 -33 0
-34 22 -44 0
11 -7 -3 0
7 17 -20 0
42 -5 -33 0
24 10 4 0
-23 16 -41 0
-50 5 35 0
-4 -18 14 0
-38 -2 -10 0
28 -16 25 0
-36 -49 -19 0
17 -19 12 0
-49 -7 -32 0
-9 -7 -6 0
-20 1 -32 0
-41 -35 32 0
-44 -19 34 0
-19 -31 -44 0
47 38 -23 0
16 35 -11 0
43 -4 6 0
27 -47 -35 0
-44 -10 48 0
29 -25 -8 0
