c CNF generator v0.9
p cnf 50 245
39 -14 23 0
-32 -24 6 0
18 -23 13 0
-40 -22 14 0
36 -6 28 0
5 32 -5 0
-31 28 -9 0
-46 -26 13 0
35 -1 21 0
-42 40 -47 0
-36 -20 6 0
-17 16 -36 0
30 18 -50 0
-1 1 -6 0
-5 7 -24 0
28 -10 9 0
-18 -14 6 0
-50 18 -28 0
-47 27 -42 0
47 38 -22 0
26 -23 48 0
14 -8 -8 0
7 -33 4 0
16 -45 15 0
35 9 -20 0
15 41 -18 0
-5 -29 10 0
-22 5 -18 0
41 -35 49 0
30 35 44 0
45 -31 -12 0
44 35 44 0
-13 19 4 0
-1 46 -14 0
-6 -16 40 0
22 39 -12 0
42 -32 -27 0
-49 -1 45 0
-20 2 11 0
45 48 -26 0
43 18 -42 0
-31 -13 -38 0
43 32 8 0
18 41 42 0
-1 -8 30 0
23 -8 -13 0
-48 13 -13 0
32 -15 12 0
-31 -25 31 0
28 -6 -26 0
-21 45 -32 0
-45 21 42 0
27 7 -21 0
41 -33 -6 0
28 -38 49 0
-7 27 3 0
-27 -28 39 0
-15 42 18 0
-15 -36 35 0
2 -30 47 0
22 -49 14 0
29 -40 -39 0
-26 26 9 0
19 -13 10 0
-46 47 -45 0
-36 -40 -1 0
16 45 3 0
5 -18 -13 0
17 -44 -23 0
13 1 5 0
7 17 37 0
32 17 19 0
-7 26 -4 0
23 -30 26 0
-49 -45 23 0
15 -22 -50 0
8 8 17 0
15 -14 26 0
20 -25 34 0
-29 1 3 0
-42 -35 37 0
22 -3 -21 0
-4 -11 -31 0
-2 -41 15 0
42 -39 -23 0
-30 43 -32 0
-4 -20 17 0
-23 41 16 0
-47 14 47 0
26 17 41 0
39 5 26 0
-31 -2 -20 0
39 21 -27 0
-17 15 -42 0
37 41 2 0
9 10 -40 0
-28 44 -50 0
-21 20 -32 0
-46 7 -38 0
7 -7 42 0
3 47 44 0
15 27 -35 0
-4 32 39 0
-38 -29 50 0
13 -12 23 0
18 5 33 0
4 25 46 0
-40 -23 -11 0
15 -43 -2 0
36 -35 -31 0
21 27 25 0
-3 30 39 0
33 -30 4 0
-20 -7 -48 0
-13 12 47 0
-22 2 45 0
44 -17 -31 0
-9 -17 -40 0
31 -16 37 0
28 19 -46 0
-48 47 41 0
-14 -32 -40 0
-31 21 -14 0
-28 16 -2 0
27 9 -32 0
45 -15 -9 0
46 -10 -15 0
-44 -48 -43 0
-9 -2 -27 0
-42 -32 -15 0
-47 -28 -11 0
-1 37 29 0
6 31 -18 0
17 -9 -31 0
22 6 -16 0
4 -42 5 0
-10 9 18 0
40 49 -18 0
36 -17 7 0
31 -23 -47 0
31 -23 19 0
-39 -35 43 0
31 -6 34 0
45 -29 -20 0
-20 -8 -36 0
4 -42 23 0
2 30 -28 0
20 -33 5 0
47 -6 -21 0
9 -31 -7 0
18 26 -3 0
14 31 -48 0
-1 7 -13 0
-37 16 -41 0
-26 46 -19 0
9 -40 -43 0
35 44 -8 0
-40 15 44 0
5 -40 -32 0
8 43 11 0
-37 -24 -44 0
-47 -39 -14 0
9 29 46 0
-5 2 -8 0
17 3 35 0
-29 24 32 0
-41 -11 -28 0
-30 22 38 0
18 -40 -40 0
9 -13 28 0
-6 -47 -12 0
-38 17 -24 0
-39 -30 14 0
-13 26 22 0
-32 -20 31 0
-4 -36 50 0
-30 -12 17 0
35 7 -35 0
-25 -18 41 0
16 14 28 0
-6 -14 13 0
-40 -48 35 0
-45 -24 -23 0
2 36 -23 0
26 -42 47 0
7 21 11 0
-32 43 5 0
-2 -44 17 0
14 -35 21 0
-10 -18 24 0
25 35 -34 0
-50 3 38 0
1 10 22 0
-11 -43 46 0
-17 49 44 0
27 50 21 0
14 32 46 0
48 -47 6 0
-33 -28 29 0
42 -24 7 0
11 33 2 0
-40 -10 -25 0
-4 15 -3 0
-43 -1 -29 0
7 -30 -31 0
48 36 4 0
-29 41 -47 0
45 33 50 0
11 -16 28 0
1 -44 -30 0
27 -21 -46 0
-29 -37 -22 0
-16 11 -42 0
-29 2 -14 0
-12 -28 -35 0
-40 -22 -11 0
17 21 40 0
19 -48 -20 0
3 2 33 0
-22 -3 -49 0
24 -11 -14 0
-6 32 30 0
-16 -7 -23 0
38 26 -35 0
-29 8 -15 0
-18 50 31 0
-13 -21 33 0
-16 37 -21 0
17 -15 -45 0
46 -37 -37 0
6 38 -5 0
44 -12 -30 0
33 -50 25 0
43 -30 6 0
24 -13 -18 0
-48 -40 13 0
-42 -17 -20 0
-3 38 -46 0
-50 -49 -14 0
-33 25 -47 0
-37 28 -18 0
40 -25 -23 0
26 18 7 0
45 7 -36 0
14 40 32 0
