c CNF generator v0.9
p cnf 50 245
-31 -17 -1 0
12 46 1 0
-35 23 -23 0
21 18 21 0
-3 -47 -28 0
31 -30 20 0
38 -7 -42 0
-22 -33 -21 0
41 3 45 0
45 -3 38 0
-40 26 42 0
-12 -37 29 0
-5 -7 3 0
27 30 6 0
-22 -23 -31 0
-6 -32 20 0
17 -40 -14 0
48 16 -42 0
10 -5 -39 0
-29 -44 10 0
-14 41 -31 0
-11 32 19 0
-34 -50 -31 0
-15 -2 -6 0
6 49 -37 0
1 -3 -17 0
39 47 -7 0
-35 45 34 0
2 -31 -22 0
-47 -30 10 0
36 -40 41 0
44 -45 46 0
-21 -18 -8 0
-31 -24 49 0
-20 17 -47 0
-48 -10 14 0
34 20 1 0
-39 -39 22 0
-29 15 -24 0
33 -37 -44 0
40 -16 -29 0
42 -7 -13 0
18 -14 10 0
10 36 48 0
-1 -15 41 0
38 27 -44 0
-6 10 20 0
20 30 12 0
9 47 -34 0
-9 -44 -20 0
-16 -25 -39 0
-10 -41 -18 0
46 7 -43 0
-16 18 45 0
-21 -5 -21 0
50 -14 -27 0
-44 33 -1 0
7 23 14 0
29 22 -13 0
-12 -44 -15 0
8 33 23 0
34 -37 28 0
40 34 -24 0
-36 -24 -22 0
5 26 32 0
-29 46 -1 0
-25 -11 42 0
45 3 10 0
-36 -47 6 0
-31 18 38 0
41 7 8 0
42 -24 -4 0
-14 4 26 0
17 20 13 0
-33 34 24 0
-7 -1 34 0
-41 -6 -32 0
-22 28 26 0
-25 -27 25 0
-24 25 15 0
28 -17 12 0
11 35 3 0
-11 -28 45 0
9 14 33 0
26 -20 30 0
11 -40 30 0
-38 -9 13 0
7 21 -8 0
-20 -40 -27 0
50 -32 -45 0
-48 5 -5 0
-13 -17 -42 0
23 44 -28 0
-39 -46 14 0
-20 36 50 0
-46 48 19 0
37 -43 -49 0
-46 -35 30 0
-19 40 -36 0
-34 -15 47 0
39 27 22 0
-31 36 -18 0
16 -6 36 0
13 -24 19 0
36 -11 -30 0
-4 -46 -32 0
45 20 15 0
12 -26 -7 0
-48 -48 4 0
8 -21 6 0
7 28 -50 0
-18 25 -33 0
28 44 20 0
-45 25 17 0
-39 48 47 0
-29 -13 9 0
-37 27 -3 0
44 -33 12 0
41 30 30 0
26 -18 -47 0
9 -50 -6 0
-48 -24 9 0
-39 24 -19 0
6 -35 -25 0
-46 -50 -3 0
-44 15 45 0
-7 46 19 0
-5 8 -12 0
-21 17 -15 0
-15 -8 -4 0
-41 8 -22 0
46 -44 5 0
-33 8 29 0
-32 36 16 0
-32 10 -37 0
18 37 33 0
24 27 -12 0
11 -20 1 0
-38 28 49 0
19 -32 -5 0
-11 32 27 0
-10 -16 34 0
-33 -25 23 0
-25 -29 -41 0
-32 -22 32 0
21 16 -38 0
23 9 4 0
-12 50 10 0
-11 8 -48 0
36 20 -38 0
32 -50 47 0
13 7 35 0
43 -29 -24 0
20 -43 32 0
-43 49 -15 0
-7 44 -26 0
40 30 35 0
-41 14 -29 0
-39 -22 -2 0
-27 -38 22 0
6 18 8 0
20 39 -15 0
-45 -5 32 0
-10 -39 -13 0
-37 -23 21 0
-44 -14 -1 0
20 -37 -7 0
-42 33 -43 0
10 1 -14 0
13 33 -47 0
23 2 -21 0
10 -10 -33 0
34 2 26 0
-8 25 -27 0
8 -10 -43 0
33 -29 29 0
46 -22 -20 0
-27 7 -30 0
-21 23 2 0
-36 35 -43 0
-32 -17 15 0
5 -33 -43 0
-32 40 -40 0
-6 -26 -34 0
-20 49 -19 0
-1 7 -40 0
-42 22 30 0
-2 -48 -30 0
-49 46 14 0
-16 4 -16 0
-40 46 -37 0
-49 -27 33 0
-8 38 34 0
-41 37 36 0
-31 -48 2 0
-5 -40 -11 0
16 -4 42 0
19 48 -1 0
-40 -10 26 0
47 -18 -10 0
7 -9 -14 0
11 27 -23 0
22 -13 -1 0
-47 -1 40 0
22 36 -29 0
38 -49 9 0
-33 30 -32 0
42 45 -7 0
32 10 19 0
21 -32 -1 0
27 5 -1 0
-25 -19 -42 0
-22 6 45 0
-35 -20 47 0
-1 -27 47 0
-4 -10 6 0
-35 -15 -3 0
-34 49 40 0
-22 -48 -44 0
-41 -9 -3 0
33 36 -26 0
15 -42 -16 0
-5 11 44 0
32 -49 38 0
43 48 2 0
28 50 31 0
23 8 22 0
30 -43 -31 0
1 5 32 0
-30 46 8 0
-24 -23 -21 0
9 -15 4 0
-32 -47 42 0
-42 29 -5 0
48 -11 -16 0
17 -16 -38 0
-4 1 10 0
12 -32 30 0
6 21 4 0
14 45 -23 0
-42 40 -1 0
-29 -19 -26 0
-34 5 -9 0
-22 -16 -41 0
21 47 28 0
