c CNF generator v0.9
p cnf 50 245
-35 31 39 0
-40 -17 -18 0
16 -35 -35 0
-29 -41 -6 0
-48 7 -8 0
8 -48 26 0
32 1 -31 0
-24 49 30 0
-7 13 12 0
46 -6 49 0
-16 -12 -47 0
24 15 32 0
-33 -2 -31 0
-39 47 -23 0
32 28 21 0
-20 -2 50 0
28 32 -26 0
-43 -45 15 0
-43 -2 -41 0
-16 -16 -32 0
-23 -16 21 0
-2 15 -6 0
8 4 25 0
31 33 6 0
42 -34 5 0
-18 6 15 0
46 50 38 0
46 29 48 0
21 -35 1 0
37 25 1 0
18 -14 -22 0
2 -17 -24 0
10 19 -2 0
42 -49 -32 0
22 23 -34 0
-39 16 42 0
-11 -40 28 0
-33 -4 26 0
45 -2 1 0
-46 4 -6 0
-8 -24 -6 0
14 31 7 0
20 11 -36 0
-27 1 22 0
-36 -31 27 0
-34 46 -46 0
-32 11 16 0
-48 48 -47 0
-13 16 -3 0
-11 18 46 0
42 27 -40 0
50 -13 -29 0
-30 -2 13 0
42 17 -48 0
-28 35 -36 0
-32 38 13 0
-9 13 43 0
-20 -8 11 0
-13 -33 -36 0
22 -19 2 0
36 49 32 0
19 -5 27 0
-11 40 -32 0
35 -1 -35 0
-48 20 33 0
-31 38 -33 0
15 24 -6 0
-14 -13 -32 0
-9 -5 -31 0
43 44 39 0
7 -7 31 0
-5 44 41 0
-36 -27 48 0
-5 -23 32 0
6 -11 -42 0
44 -16 -44 0
-35 32 36 0
21 -31 1 0
-14 3 37 0
6 40 41 0
-11 -49 -17 0
6 -9 -13 0
44 31 -21 0
41 -11 -33 0
-29 -45 2 0
40 -19 -35 0
16 44 12 0
16 41 -29 0
-18 -45 10 0
9 19 -42 0
17 -43 8 0
-30 -11 28 0
-10 -23 -11 0
-10 2 -33 0
37 -19 -33 0
12 40 -14 0
-24 -36 -3 0
-34 -47 37 0
43 18 31 0
6 14 -20 0
13 20 -36 0
-37 -30 25 0
-34 -5 -5 0
-5 37 -3 0
3 35 -4 0
-32 -5 -32 0
-46 2 38 0
-3 44 42 0
22 38 2 0
-20 -12 -16 0
38 16 -1 0
44 -5 2 0
7 28 -17 0
25 12 44 0
-22 -9 -42 0
6 24 -18 0
49 9 -34 0
-30 -19 29 0
-20 -30 -39 0
-37 -16 15 0
37 27 -42 0
-32 -35 24 0
44 -10 10 0
27 -11 -44 0
31 -26 -13 0
-50 -4 3 0
41 27 15 0
-48 -18 44 0
-50 10 -18 0
15 16 -44 0
18 -34 -5 0
-50 43 48 0
-13 27 1 0
-11 -2 12 0
-36 -14 -39 0
-9 4 27 0
19 32 -12 0
-37 9 -15 0
-9 -1 -48 0
50 20 -4 0
-35 -17 36 0
9 9 -41 0
-41 16 43 0
38 3 -12 0
45 -3 -17 0
-23 -28 33 0
13 33 49 0
-26 -36 50 0
38 -17 43 0
44 32 50 0
-18 47 -41 0
42 18 12 0
-50 18 -18 0
17 -38 11 0
-46 -41 -33 0
-19 22 -50 0
46 14 -6 0
27 9 -28 0
-41 50 50 0
43 -10 -37 0
-8 30 -42 0
-31 -30 28 0
20 -24 -46 0
-8 -21 13 0
19 -42 -20 0
44 39 -38 0
23 30 7 0
-45 41 40 0
-21 -38 7 0
-18 39 -4 0
-9 4 22 0
-46 36 15 0
-28 7 -6 0
42 -46 7 0
41 34 -21 0
37 34 29 0
-5 50 -47 0
-23 -45 -38 0
24 -17 -7 0
33 -15 8 0
-20 7 -38 0
45 14 1 0
-9 5 38 0
-49 7 40 0
-36 37 -34 0
-6 -30 31 0
-2 38 23 0
21 26 22 0
13 15 34 0
-38 -21 -32 0
-47 10 7 0
-20 -43 -47 0
-36 -15 -47 0
-13 -2 48 0
47 38 27 0
-34 -1 -7 0
21 -17 -50 0
16 -50 38 0
-20 42 3 0
37 -37 1 0
17 38 23 0
29 16 25 0
-20 -27 2 0
22 34 47 0
-32 -1 32 0
-42 -15 -44 0
-3 -19 48 0
-44 -28 -3 0
-2 -47 32 0
38 23 -44 0
-47 5 -16 0
-32 -3 21 0
15 48 -43 0
11 -15 24 0
-37 -1 32 0
22 41 -39 0
19 15 -12 0
-21 -24 -13 0
-41 39 16 0
-16 -17 -31 0
43 -24 -19 0
-12 22 42 0
22 24 -48 0
40 -42 9 0
37 -41 8 0
30 -13 5 0
50 -8 6 0
-30 47 -2 0
33 16 29 0
-16 -5 -48 0
23 -5 46 0
35 -27 12 0
43 6 -50 0
42 -18 -44 0
-4 26 18 0
11 -35 44 0
37 50 -45 0
-43 49 21 0
7 33 31 0
-44 -38 19 0
38 23 15 0
-9 46 31 0
-31 -1 18 0
-18 9 9 0
31 -30 -24 0
