c CNF generator v0.9
p cnf 50 245
-44 -9 45 0
10 -46 -27 0
-16 44 14 0
-12 -8 50 0
34 25 15 0
12 6 35 0
-33 47 -46 0
-32 -50 -48 0
-49 -21 -2 0
-34 50 13 0
-19 -49 32 0
-49 30 9 0
-43 13 -41 0
-18 3 18 0
47 -32 21 0
-32 17 -5 0
33 -27 -8 0
-12 -27 -24 0
-18 -13 45 0
-3 -30 30 0
35 31 -17 0
-38 47 30 0
-19 34 28 0
-50 45 -27 0
13 33 11 0
-24 40 -18 0
41 -26 37 0
-16 -34 14 0
10 -33 -41 0
-22 -25 -49 0
23 45 -18 0
21 46 -48 0
-10 -50 -7 0
-14 -43 -17 0
-35 17 39 0
36 -12 -19 0
35 27 -4 0
24 16 27 0
44 22 17 0
-4 12 27 0
24 -4 -19 0
-36 -43 -9 0
-31 42 -34 0
3 -18 5 0
-20 -20 -33 0
18 -20 -1 0
-7 12 -28 0
-7 -6 33 0
-11 -43 -49 0
38 -22 17 0
15 -42 24 0
18 -35 -19 0
4 -18 -1 0
-40 3 -11 0
-34 -15 25 0
17 17 42 0
28 4 10 0
-31 46 -33 0
-47 23 24 0
41 25 28 0
3 34 -34 0
2 -49 -21 0
42 -13 -32 0
42 12 34 0
-35 7 -31 0
-32 -22 16 0
21 -4 -21 0
45 -41 21 0
11 15 -12 0
-24 45 -43 0
-2 -13 5 0
38 -47 -19 0
-25 -29 -14 0
31 -39 -15 0
-32 1 -12 0
45 -35 25 0
2 -28 -47 0
38 -49 -26 0
-23 -48 41 0
-47 -48 38 0
-40 -14 -21 0
27 34 45 0
49 21 49 0
8 -32 -36 0
31 13 36 0
46 -41 -17 0
-19 -6 -19 0
-36 42 44 0
41 -46 -2 0
-15 20 32 0
35 -46 -22 0
49 4 30 0
38 37 -34 0
-46 27 -49 0
-17 -8 27 0
-40 20 47 0
-11 -24 45 0
-3 33 20 0
-36 -23 36 0
5 -16 -32 0
22 18 45 0
-46 -49 -46 0
29 -38 26 0
34 46 46 0
-14 7 49 0
-34 -40 9 0
20 -10 10 0
-23 37 -43 0
35 12 47 0
-5 -40 35 0
-49 -7 6 0
37 12 32 0
13 -10 28 0
13 20 -7 0
-23 6 17 0
41 24 1 0
36 -47 3 0
41 -26 -32 0
-32 1 9 0
33 32 12 0
-41 -11 13 0
-50 16 19 0
-39 9 37 0
-10 -40 24 0
-6 -28 -31 0
22 -32 45 0
-5 46 32 0
13 -3 -31 0
22 43 -2 0
-15 33 -25 0
31 -50 -30 0
21 -39 41 0
-44 8 47 0
43 -15 5 0
-31 -7 -12 0
-3 -37 -48 0
-5 10 4 0
-36 -17 -27 0
-2 9 -22 0
-48 15 -5 0
-17 30 36 0
-11 -39 44 0
23 -39 -18 0
-48 -30 -10 0
47 -20 -23 0
-48 -22 -2 0
4 1 -50 0
16 45 44 0
47 -46 -26 0
-39 -18 36 0
-31 -7 24 0
23 7 31 0
-4 49 -2 0
-42 -31 -34 0
4 8 5 0
7 -38 22 0
-45 11 -50 0
-29 -35 -33 0
-40 -48 -36 0
-32 5 -1 0
-10 44 48 0
-24 36 26 0
-30 15 19 0
-47 18 -20 0
-1 -9 -32 0
-41 33 43 0
2 49 -39 0
45 -20 44 0
-22 34 16 0
-34 8 -5 0
-2 18 -10 0
18 -15 -37 0
-3 22 42 0
26 -13 14 0
-20 44 38 0
-40 -32 -8 0
46 5 14 0
13 16 12 0
15 8 34 0
15 15 -19 0
37 -30 35 0
-12 -45 -2 0
-50 22 -36 0
40 -15 -33 0
-44 -20 7 0
2 17 -7 0
-50 -49 -4 0
7 28 38 0
41 14 -35 0
-1 11 44 0
-1 -37 10 0
-45 -44 3 0
-38 -19 -39 0
1 -21 -37 0
-19 24 46 0
25 -2 39 0
16 -37 34 0
-22 -33 -48 0
-45 -28 -47 0
38 42 28 0
-15 -1 31 0
24 41 24 0
-31 35 32 0
-33 23 -19 0
38 -15 21 0
-34 -48 37 0
16 -16 35 0
27 20 18 0
28 -21 -13 0
30 -31 12 0
-21 -8 43 0
-48 39 36 0
24 34 -49 0
13 7 -8 0
-16 20 -15 0
-32 25 25 0
-46 27 7 0
10 -42 45 0
49 -12 -49 0
35 5 -42 0
-30 42 20 0
-10 -25 -50 0
-35 -9 -1 0
14 -22 -43 0
22 -40 -32 0
-16 -8 -32 0
47 -40 -42 0
-9 12 -5 0
-13 -36 -19 0
-9 40 43 0
44 -46 -39 0
38 -43 -16 0
3 -11 -9 0
6 -2 -16 0
-14 45 -3 0
-50 11 -19 0
29 -41 23 0
13 50 -45 0
28 21 -20 0
3 -28 -12 0
-13 -5 47 0
-49 28 16 0
50 35 -49 0
-36 3 42 0
44 -10 -10 0
