c CNF generator v0.9
p cnf 50 245
-21 -38 -25 0
3 47 35 0
41 22 20 0
-20 -23 19 0
35 -47 50 0
-21 -23 46 0
-44 20 -7 0
-9 -24 25 0
-19 19 43 0
17 39 32 0
36 9 -36 0
-9 -17 41 0
39 39 18 0
18 -31 -31 0
-28 39 11 0
-8 15 40 0
19 1 -46 0
11 -45 -24 0
-9 -20 -39 0
-32 33 29 0
-21 21 -5 0
6 24 44 0
-32 31 15 0
-3 6 -34 0
-46 -14 34 0
-42 39 -1 0
13 6 -27 0
-25 -23 7 0
-41 12 6 0
40 50 -42 0
29 32 17 0
-12 -26 20 0
12 35 38 0
-7 47 25 0
-2 -26 5 0
-3 49 -31 0
-29 -9 -4 0
8 43 46 0
45 -36 19 0
33 -21 -13 0
19 18 -21 0
-36 35 40 0
12 15 12 0
35 19 21 0
-50 -19 8 0
-33 -42 17 0
47 40 30 0
-10 10 34 0
-13 -23 40 0
-12 35 27 0
-34 -36 42 0
12 -49 -9 0
-33 38 -42 0
9 -42 14 0
15 -39 38 0
8 -43 49 0
29 -11 44 0
27 -34 26 0
5 -16 27 0
10 -27 40 0
48 25 -1 0
-39 6 20 0
17 -15 28 0
-29 -6 -36 0
26 16 25 0
-38 15 -36 0
-5 -48 -14 0
-29 35 29 0
-37 31 14 0
-47 16 23 0
31 12 -19 0
17 -45 -38 0
23 41 -44 0
32 5 14 0
16 -1 -41 0
-33 -37 -32 0
-17 -41 6 0
26 46 48 0
33 35 50 0
44 -17 -35 0
-8 -12 -15 0
-2 -47 29 0
32 -17 11 0
19 6 -29 0
1 45 4 0
16 -39 -35 0
-39 -39 -18 0
49 16 20 0
-11 -5 -34 0
19 -46 47 0
28 -10 -15 0
9 -4 33 0
42 16 -30 0
10 -48 28 0
9 -8 -48 0
17 20 -37 0
-30 29 35 0
-40 -45 -12 0
27 6 9 0
41 32 -30 0
47 8 -27 0
-50 -2 25 0
43 -31 47 0
-18 -14 -6 0
42 41 10 0
-43 15 42 0
12 -17 -15 0
-49 -31 -15 0
12 -25 -10 0
50 9 28 0
12 5 42 0
-27 -7 -4 0
42 24 8 0
44 -26 -31 0
50 -50 46 0
30 -13 13 0
37 1 37 0
18 46 1 0
-16 24 17 0
49 9 -38 0
-37 36 34 0
-36 -2 32 0
-36 2 -37 0
41 -32 48 0
-10 31 -28 0
36 8 19 0
18 -7 30 0
-40 -19 50 0
47 30 31 0
-28 -45 1 0
-24 36 -23 0
21 2 3 0
17 2 -32 0
8 28 -32 0
-34 49 13 0
-20 -20 -19 0
-16 -14 -33 0
-29 -45 -15 0
36 -43 36 0
-26 23 -36 0
-38 -45 -31 0
-11 7 -31 0
27 -18 44 0
-23 44 33 0
34 -25 21 0
-23 12 -28 0
-30 -46 -16 0
-19 -10 45 0
-13 -38 -5 0
23 -21 33 0
-48 -4 -22 0
10 -41 9 0
9 12 -19 0
-35 -18 12 0
-48 36 1 0
32 11 29 0
26 42 -33 0
35 -37 -41 0
-26 37 -8 0
-17 -46 1 0
-9 -17 -33 0
11 -5 14 0
-38 48 -14 0
-39 25 -19 0
14 -33 -14 0
9 23 -39 0
41 24 -18 0
17 -9 -32 0
-29 40 42 0
46 36 -23 0
31 -25 12 0
-10 10 24 0
39 -43 20 0
-25 14 46 0
46 -28 46 0
-37 26 40 0
48 -29 -12 0
13 8 32 0
40 -16 -18 0
8 9 49 0
-16 -44 -36 0
-1 44 -45 0
-11 3 -25 0
10 8 -32 0
17 39 -47 0
8 -4 27 0
-10 31 28 0
2 -36 40 0
-6 -49 27 0
-29 -13 -37 0
7 9 -34 0
-40 12 -14 0
40 -26 25 0
1 -5 -5 0
15 49 -20 0
-47 -4 -47 0
-16 -4 49 0
33 6 -34 0
-4 44 -34 0
13 -18 11 0
43 -28 29 0
47 -16 16 0
-47 -20 34 0
-47 6 -29 0
-1 -34 -31 0
-14 41 4 0
-37 -5 22 0
6 -19 1 0
-42 7 49 0
-39 -42 50 0
-41 1 -36 0
-31 -33 -17 0
49 -2 -35 0
5 -10 -21 0
16 34 26 0
39 12 -3 0
10 38 -32 0
-35 -2 -45 0
-36 -37 -20 0
48 -46 46 0
-6 1 -6 0
-47 30 -36 0
3 36 23 0
-6 -4 -41 0
44 -42 -14 0
-49 44 -10 0
-40 -31 31 0
-11 49 -31 0
33 9 25 0
-29 -46 31 0
-44 -41 19 0
28 25 30 0
29 -28 -38 0
-42 -35 8 0
2 -20 30 0
26 -2 36 0
-15 -38 -46 0
48 7 50 0
17 47 39 0
-22 21 22 0
-40 4 49 0
-21 10 -33 0
29 11 30 0
-7 28 12 0
-8 -50 6 0
