c CNF generator v0.9
p cnf 50 245
41 -13 -4 0
-46 -35 13 0
-20 45 -37 0
35 -31 -1 0
14 -39 -44 0
22 -23 -24 0
6 24 -2 0
44 -40 23 0
-27 50 -33 0
3 32 -35 0
-30 11 -29 0
-17 21 20 0
43 -38 42 0
18 -27 -44 0
35 16 -13 0
-25 -33 -25 0
49 11 -18 0
9 18 34 0
-30 50 3 0
-42 39 -14 0
1 42 -26 0
41 -13 43 0
40 -14 -45 0
-19 -3 31 0
16 -34 42 0
-10 47 9 0
7 -18 -14 0
50 -27 -33 0
7 27 -2 0
-46 12 -14 0
22 1 -25 0
8 39 -13 0
45 -22 34 0
-36 11 10 0
37 -42 6 0
-44 46 25 0
-44 18 43 0
-16 6 -43 0
49 -5 -44 0
25 -17 36 0
-30 -42 -14 0
-4 -4 -47 0
33 -37 37 0
48 -15 2 0
-43 -32 -37 0
50 -1 22 0
-3 39 -44 0
-5 -43 -31 0
39 -46 16 0
37 -18 48 0
-11 -36 42 0
17 -43 41 0
-27 -47 -5 0
-45 38 -33 0
-31 -41 -21 0
-33 37 -4 0
16 -29 -31 0
-24 28 -44 0
27 13 8 0
-19 34 -9 0
43 3 3 0
-23 -19 -16 0
-50 45 4 0
26 47 46 0
36 -12 3 0
1 22 1 0
49 -27 -49 0
-41 -48 -19 0
-10 -3 -11 0
36 -40 -3 0
-20 41 21 0
36 -2 2 0
3 50 -35 0
12 -13 8 0
-17 10 25 0
-21 -39 41 0
-34 -30 -3 0
-30 -30 45 0
1 4 -36 0
19 29 25 0
-3 22 32 0
23 24 -25 0
10 -50 -46 0
-16 -36 20 0
12 2 20 0
50 -9 14 0
15 -13 -49 0
-8 -28 -26 0
11 -47 -26 0
-47 2 -34 0
-24 2 47 0
6 46 -22 0
-42 -9 40 0
6 -18 -26 0
-1 43 1 0
-42 12 -35 0
-12 40 1 0
-17 -12 21 0
10 -17 -34 0
1 -8 -13 0
-30 40 50 0
-43 35 12 0
39 -26 -28 0
50 -5 44 0
24 -26 44 0
10 18 4 0
5 44 -3 0
-15 -16 -21 0
-31 4 -37 0
18 8 45 0
5 -36 -3 0
10 41 -49 0
49 20 7 0
37 28 -4 0
-48 -32 1 0
40 46 21 0
-28 -19 -34 0
48 -18 -29 0
-32 35 -6 0
-18 1 41 0
47 -49 -49 0
42 -29 -6 0
37 34 11 0
-28 24 -38 0
-48 -37 -4 0
30 -39 39 0
29 -2 -28 0
5 -2 -48 0
-37 -48 9 0
4 -5 36 0
-6 -34 15 0
28 30 49 0
-44 30 26 0
14 -11 -28 0
-26 -47 12 0
-27 29 37 0
-6 -44 -37 0
-43 27 -20 0
-19 -30 -4 0
42 20 -14 0
-26 -44 45 0
-34 1 -22 0
-22 23 49 0
-16 45 -19 0
-41 -24 -49 0
30 7 21 0
16 -47 13 0
-15 -35 14 0
23 -8 -16 0
-26 42 -11 0
50 1 3 0
49 38 -37 0
31 -25 12 0
-47 -38 -4 0
-45 -15 -12 0
25 40 19 0
-3 39 -47 0
33 42 44 0
-5 -46 3 0
30 14 39 0
-45 38 -21 0
-37 -27 -49 0
-32 -29 -15 0
-35 26 1 0
17 5 24 0
33 6 5 0
13 48 36 0
17 49 16 0
-45 -6 -39 0
5 -49 38 0
-9 41 -21 0
-47 47 19 0
39 23 9 0
-31 -1 -23 0
-42 -11 -50 0
-1 15 17 0
-17 4 -44 0
48 50 42 0
-8 36 50 0
33 -41 9 0
12 -28 18 0
14 -11 22 0
28 19 -23 0
-27 21 -45 0
27 5 -2 0
46 -6 -36 0
-39 37 36 0
-21 -49 17 0
3 -2 -8 0
43 30 -45 0
8 -33 -42 0
-34 -44 28 0
41 42 -1 0
-7 24 6 0
-18 -32 6 0
27 -37 1 0
31 38 16 0
46 5 40 0
1 23 -30 0
13 -17 37 0
-31 38 50 0
27 -35 -18 0
-38 -2 -37 0
33 -1 -17 0
20 -15 2 0
-35 -12 -10 0
-1 18 13 0
-36 -4 -32 0
-38 -1 -34 0
-11 -33 47 0
-49 42 -31 0
44 -1 23 0
-45 -33 -46 0
4 43 -13 0
-26 -9 7 0
-7 -44 -27 0
-29 28 40 0
-31 -36 10 0
-30 49 43 0
42 36 -31 0
15 -12 -33 0
16 -25 50 0
-5 16 -4 0
27 -40 6 0
-9 -32 34 0
48 45 30 0
44 8 -16 0
-13 29 28 0
-22 -34 48 0
29 -21 47 0
34 -15 -42 0
-21 -37 50 0
16 26 14 0
35 1 7 0
44 -36 36 0
-43 -32 38 0
-33 38 -40 0
-34 -33 -7 0
-26 16 -8 0
41 -2 8 0
12 -25 46 0
31 3 -48 0
-21 4 -32 0
20 -45 -28 0
34 43 46 0
