c CNF generator v0.9
p cnf 50 245
-43 27 4 0
34 38 -41 0
-41 14 -34 0
-23 32 -33 0
-4 -46 -47 0
43 13 -39 0
16 24 -39 0
-44 -23 -32 0
-16 6 29 0
-42 44 -39 0
-36 -17 29 0
-21 20 -36 0
-42 -45 -47 0
21 25 -39 0
7 29 -28 0
-15 -34 -8 0
29 26 4 0
-18 14 1 0
-37 25 12 0
23 -36 -34 0
30 32 29 0
-33 23 10 0
8 17 -12 0
35 38 43 0
-34 -21 -46 0
29 -26 25 0
-5 6 44 0
48 -14 36 0
-14 20 -13 0
-27 14 -22 0
-34 -12 17 0
-10 28 36 0
-29 -29 -7 0
25 36 -17 0
-42 10 28 0
49 30 8 0
34 -30 -33 0
-17 18 -2 0
-16 48 -31 0
-21 33 -14 0
36 19 19 0
-48 -41 41 0
3 36 17 0
45 19 13 0
44 47 25 0
-30 33 -21 0
-47 -10 13 0
15 28 46 0
2 -16 42 0
24 27 15 0
-24 28 -6 0
38 2 34 0
-25 49 30 0
-11 25 38 0
11 -5 11 0
-36 -17 42 0
45 -24 5 0
-27 13 6 0
14 -49 6 0
41 -49 -48 0
-6 -50 14 0
32 -30 40 0
21 -30 39 0
35 -26 -48 0
42 43 -35 0
22 -45 8 0
-25 26 8 0
44 -10 -7 0
-48 31 40 0
8 -34 -6 0
-43 -6 39 0
-46 -21 -30 0
42 37 24 0
-12 47 -31 0
-4 -25 44 0
14 -10 -6 0
-24 25 23 0
-26 15 -13 0
36 11 -48 0
2 26 -3 0
20 20 20 0
-19 20 -5 0
-25 40 -39 0
3 10 1 0
-44 2 -46 0
30 42 -44 0
-21 32 42 0
22 -41 -38 0
44 -4 -46 0
-48 -12 37 0
-8 12 42 0
-12 -14 -43 0
-17 15 -44 0
-48 -45 -19 0
33 -33 -30 0
-12 27 -28 0
-48 -41 21 0
1 35 -50 0
-34 9 -47 0
-45 28 48 0
18 -39 -2 0
43 -43 15 0
-19 -50 -45 0
47 27 -49 0
-34 -37 21 0
-10 -27 -17 0
16 41 1 0
41 6 -22 0
-47 -45 38 0
39 3 -42 0
-38 -23 -14 0
-20 -28 -17 0
1 21 2 0
-33 -50 27 0
-48 -21 -13 0
23 -48 -7 0
15 -47 -27 0
45 -50 -48 0
-46 -47 -23 0
41 -29 -20 0
32 13 -24 0
28 1 -24 0
3 33 38 0
46 -3 -19 0
4 -9 35 0
-10 -20 41 0
-35 38 -33 0
-26 -39 30 0
10 16 23 0
11 15 10 0
39 -4 34 0
44 -30 -29 0
-45 -16 25 0
-16 16 -5 0
-32 -10 -17 0
-26 35 11 0
-35 -12 -2 0
37 -39 29 0
29 -20 -22 0
34 -1 47 0
39 -15 -43 0
21 -9 -46 0
5 4 42 0
-28 8 -4 0
12 -4 34 0
-50 45 26 0
-16 -32 -48 0
-26 31 4 0
35 20 -10 0
-2 -30 -10 0
-38 -6 12 0
7 -7 -22 0
39 27 19 0
-25 -48 -34 0
-28 -34 -42 0
-37 -13 -5 0
45 -9 4 0
1 5 -37 0
-48 -7 -5 0
1 42 26 0
18 -46 -17 0
-41 28 9 0
47 17 24 0
37 15 -39 0
-19 10 48 0
-46 -22 -12 0
-19 -2 -47 0
-48 17 12 0
-39 38 -13 0
9 -9 10 0
-49 11 -10 0
-48 -50 7 0
-27 50 44 0
-49 39 -9 0
-37 -26 -25 0
40 -22 -43 0
-1 -19 -8 0
36 29 20 0
-29 -1 42 0
28 -31 -40 0
-50 48 47 0
-11 -29 13 0
-23 14 -41 0
-6 -35 48 0
-49 25 -11 0
6 -5 45 0
-2 17 -1 0
25 46 -30 0
-30 31 -17 0
-11 36 27 0
-6 46 40 0
5 -42 -9 0
-38 -21 25 0
-8 39 16 0
12 -47 -35 0
35 -1 -19 0
10 -25 -27 0
-48 -36 16 0
-42 19 -40 0
11 7 50 0
50 -9 -38 0
44 47 -11 0
34 -50 -3 0
6 30 -48 0
1 4 -23 0
-45 41 7 0
1 49 -31 0
-4 35 38 0
-12 -32 -28 0
-37 -35 -8 0
-49 -34 26 0
38 44 -44 0
36 -37 34 0
-5 -20 -9 0
-36 -2 -29 0
13 46 -3 0
24 -7 38 0
-47 -24 43 0
42 -45 31 0
22 24 19 0
45 -23 38 0
-16 -26 -31 0
32 -22 33 0
-18 -46 -43 0
8 30 31 0
-18 -9 3 0
28 33 16 0
-30 -26 17 0
-4 20 -26 0
44 16 -2 0
35 21 -20 0
15 -5 48 0
-2 -21 6 0
24 -48 38 0
-12 12 -41 0
9 2 28 0
-41 -12 -26 0
-15 -12 10 0
41 24 -47 0
21 -33 -27 0
31 44 -44 0
-44 -17 18 0
25 -46 34 0
-42 -46 14 0
13 17 -15 0
