c CNF generator v0.9
p cnf 50 245
-34 -33 46 0
1 -18 -4 0
34 39 3 0
-29 -17 -16 0
50 -2 -17 0
38 -29 -48 0
42 12 15 0
-18 40 -49 0
-17 -43 30 0
-20 -46 -6 0
-45 -34 -39 0
-44 -19 22 0
33 17 29 0
30 -50 43 0
3 -30 4 0
-26 4 25 0
-44 10 33 0
20 11 44 0
41 -33 -35 0
-49 40 -13 0
26 -25 -31 0
31 -7 26 0
42 -43 -45 0
12 -3 -31 0
3 35 -13 0
47 -2 -42 0
-50 17 28 0
2 46 -21 0
6 20 -1 0
-48 39 8 0
-44 -3 41 0
-33 -32 20 0
46 1 -5 0
-47 20 17 0
-44 41 22 0
-40 -47 21 0
40 -28 -7 0
-22 42 27 0
-21 42 44 0
-6 14 -44 0
3 31 -43 0
1 38 -22 0
2 -7 -27 0
-17 31 34 0
1 -39 28 0
36 24 16 0
26 -17 -33 0
-33 1 25 0
-2 -3 -22 0
-4 -30 -30 0
16 24 -50 0
35 -11 -43 0
-14 41 -29 0
-48 36 -45 0
38 -28 -22 0
-34 49 32 0
-19 -22 30 0
-29 -9 50 0
49 -16 32 0
-22 -46 48 0
26 48 -32 0
26 12 49 0
47 -12 -11 0
-26 -29 -24 0
47 -25 -48 0
28 -49 44 0
43 -29 5 0
26 47 -33 0
8 1 44 0
38 46 -4 0
-47 -40 -20 0
2 42 24 0
-11 19 -18 0
43 41 29 0
-25 -39 38 0
-35 19 46 0
8 26 39 0
6 21 33 0
-23 20 18 0
-28 -6 -34 0
18 -17 -25 0
-5 36 45 0
-4 -17 50 0
-32 -17 -16 0
-11 -30 -9 0
-23 -48 -14 0
41 20 9 0
12 5 -29 0
-14 -4 38 0
-17 49 45 0
-36 11 45 0
9 23 9 0
45 19 40 0
-11 47 10 0
4 -38 -9 0
-43 49 -17 0
-17 -12 -37 0
30 1 -30 0
33 -38 -34 0
-4 -37 20 0
-32 -21 -43 0
15 45 -17 0
35 27 27 0
-18 -40 42 0
-22 -8 37 0
20 9 -45 0
25 39 -13 0
31 31 48 0
49 24 2 0
-15 17 13 0
28 -12 -28 0
-5 23 -28 0
-40 -5 -35 0
-39 26 -26 0
-22 -23 5 0
14 20 16 0
37 -16 -12 0
41 4 1 0
-27 -19 -44 0
10 38 -48 0
-41 34 -34 0
-36 43 -21 0
9 -10 -33 0
-5 -5 -34 0
-39 20 -7 0
42 34 46 0
-29 -38 -47 0
-38 -42 -13 0
8 -50 4 0
-25 -44 -11 0
3 36 5 0
-38 17 -40 0
26 -23 34 0
-25 12 -42 0
48 -25 -26 0
-22 7 36 0
-48 20 -23 0
-23 10 -9 0
13 -7 32 0
-47 -20 14 0
44 45 33 0
-13 6 38 0
14 15 -50 0
-22 43 7 0
-5 30 28 0
29 -41 30 0
-28 -22 -13 0
6 46 -9 0
-20 22 -18 0
12 6 6 0
24 -31 12 0
34 -6 -31 0
32 13 -26 0
26 -29 -16 0
38 5 6 0
35 -15 -50 0
12 47 -25 0
31 -27 -45 0
26 -36 -5 0
49 -41 14 0
-1 47 -43 0
12 -30 -13 0
41 23 -19 0
22 30 14 0
37 -27 -19 0
-35 -7 -43 0
-2 48 -49 0
34 -36 23 0
33 -15 -31 0
1 -4 -48 0
-50 39 -17 0
-33 20 47 0
-45 -22 46 0
-41 26 -23 0
-49 -9 41 0
-21 -46 -43 0
4 49 -22 0
37 45 -19 0
11 50 -1 0
-24 5 22 0
-9 -18 -25 0
33 -1 -50 0
-21 -2 -41 0
-33 -7 3 0
-11 36 -31 0
5 47 -22 0
7 36 48 0
43 -41 31 0
8 -22 22 0
-36 1 -10 0
-7 -32 20 0
37 24 -47 0
4 12 -50 0
-5 24 -18 0
-45 -17 -26 0
32 3 50 0
-13 41 8 0
-14 16 35 0
-44 -21 -46 0
35 -14 -23 0
-19 48 -4 0
6 -5 -39 0
37 -19 -9 0
-33 31 -41 0
-3 -5 -26 0
-31 -31 9 0
-18 -46 -11 0
-24 -18 27 0
-7 10 18 0
37 -16 25 0
39 20 17 0
-32 -40 -35 0
30 26 23 0
3 -26 -47 0
48 14 4 0
15 -6 -44 0
5 -25 32 0
-7 22 17 0
-21 -39 -33 0
22 -45 13 0
30 -43 41 0
25 -2 2 0
18 31 48 0
20 -43 -22 0
-45 -5 2 0
-12 43 48 0
-17 -38 -32 0
-36 -40 44 0
22 -21 3 0
-9 27 41 0
-21 5 -42 0
47 -5 -4 0
-18 -7 33 0
18 -49 -4 0
-22 -10 50 0
17 23 -8 0
40 -44 -27 0
-1 46 2 0
-11 39 -49 0
34 25 17 0
24 -5 -26 0
-5 -26 -43 0
18 36 -5 0
-3 -21 22 0
31 44 -2 0
