c CNF generator v0.9
p cnf 50 250
-30 47 6 0
1 4 37 0
5 -3 -13 0
-48 31 -48 0
37 49 -47 0
-10 -40 41 0
24 48 -24 0
-44 1 -16 0
-12 -39 -24 0
43 -35 44 0
36 21 38 0
-32 -34 21 0
13 -40 -19 0
46 -39 8 0
35 32 -35 0
43 -26 39 0
48 -20 -43 0
49 18 -2 0
-17 35 18 0
45 20 -35 0
-5 12 24 0
-41 1 46 0
3 -31 -12 0
10 -9 -40 0
39 23 -28 0
33 -48 -1 0
-2 34 6 0
22 -38 14 0
-2 -34 6 0
17 -16 6 0
36 -16 -18 0
42 12 -13 0
-3 -18 -26 0
12 11 -36 0
-21 19 -27 0
-37 -22 -43 0
23 28 -1 0
49 -40 -19 0
14 19 19 0
48 42 42 0
-7 35 -37 0
41 8 -50 0
32 5 38 0
43 -15 20 0
-10 -10 -18 0
-50 22 2 0
17 -39 41 0
-16 9 29 0
43 -35 -34 0
-1 43 4 0
-18 46 8 0
-49 9 46 0
-49 -44 -8 0
49 -40 33 0
48 8 36 0
8 -46 13 0
28 47 -19 0
29 19 7 0
2 -28 25 0
39 -39 -36 0
45 6 26 0
-8 50 -4 0
-34 -23 22 0
-16 46 -46 0
30 21 49 0
37 -35 46 0
13 32 -40 0
-18 19 -47 0
7 19 19 0
-12 8 33 0
32 -20 30 0
18 -44 -38 0
-30 -29 -26 0
-44 41 15 0
9 -41 -26 0
33 29 -21 0
6 35 -39 0
-33 4 39 0
36 31 2 0
-43 14 -1 0
-2 -11 -35 0
-10 -20 -23 0
33 -45 38 0
49 25 -25 0
8 47 -31 0
-9 -16 37 0
43 -22 35 0
11 -5 4 0
-40 12 -31 0
-38 19 -44 0
13 5 -15 0
-16 35 -29 0
-14 -5 -45 0
39 -24 -46 0
-23 -15 -15 0
34 23 4 0
37 28 49 0
-19 -22 -24 0
17 22 32 0
6 16 -36 0
46 -18 -35 0
-23 16 -36 0
-23 33 5 0
50 6 34 0
-2 39 31 0
34 14 -36 0
-5 17 -27 0
42 -41 -18 0
-47 -31 -1 0
-35 -24 -35 0
48 15 22 0
-35 26 -13 0
-13 31 7 0
50 -2 45 0
40 20 3 0
-45 15 36 0
-4 41 -47 0
-49 32 -35 0
42 5 6 0
16 24 -29 0
-39 -21 7 0
41 -26 -20 0
-48 31 -42 0
-45 -30 6 0
-34 -48 -31 0
43 -42 15 0
-9 -33 -17 0
48 -13 -44 0
24 14 50 0
-35 4 11 0
19 -23 -45 0
47 22 -42 0
23 -7 1 0
4 -28 -18 0
21 -48 46 0
-27 24 -8 0
3 22 -8 0
27 34 -43 0
33 -45 -46 0
-34 11 46 0
29 36 -40 0
-49 48 40 0
-23 39 38 0
-8 25 46 0
31 -33 13 0
3 -14 -40 0
5 -17 26 0
-38 -10 49 0
1 10 28 0
45 -38 -17 0
49 -38 9 0
-43 3 -5 0
-38 -16 34 0
-6 -25 -38 0
-7 -23 1 0
26 -35 9 0
36 -5 34 0
-16 -18 27 0
-1 34 -15 0
16 48 14 0
-22 -19 1 0
49 12 -42 0
12 -35 -8 0
17 7 -33 0
-3 -7 1 0
32 -38 -27 0
11 12 5 0
-7 46 43 0
23 1 45 0
-20 -13 15 0
-27 32 -5 0
-10 -19 -19 0
33 8 30 0
7 -18 31 0
44 -3 18 0
25 5 -34 0
26 46 -8 0
17 -35 -40 0
-11 13 43 0
49 14 2 0
-32 1 -41 0
-38 14 -41 0
47 -39 8 0
-33 46 32 0
42 31 48 0
-26 -49 -12 0
-26 27 20 0
30 19 -8 0
-8 44 -9 0
-32 42 -15 0
-49 -19 -32 0
29 -46 44 0
-5 -35 40 0
27 -47 -19 0
-38 4 -9 0
-42 -21 -8 0
-28 -34 10 0
-41 -46 -25 0
-48 29 -20 0
12 14 -6 0
2 -42 3 0
7 -28 8 0
-9 -50 -12 0
22 -5 -25 0
-49 45 38 0
-3 -25 -10 0
-45 41 45 0
-38 43 -30 0
22 -17 48 0
-24 11 -10 0
49 -39 30 0
-31 41 -32 0
-29 36 -5 0
-33 13 -26 0
-12 36 17 0
-37 23 4 0
-40 13 -47 0
7 36 -4 0
3 -7 -33 0
15 46 50 0
22 -10 36 0
-13 50 -10 0
-7 19 2 0
22 -49 49 0
31 4 5 0
44 -17 7 0
-35 -7 38 0
-28 15 -47 0
5 18 40 0
-7 -21 -3 0
43 -33 -19 0
-30 -33 -3 0
-44 19 42 0
-44 40 -47 0
-7 36 -19 0
-14 24 -31 0
43 -7 -14 0
20 -33 29 0
-32 25 39 0
44 50 42 0
36 19 24 0
-11 -14 42 0
-10 42 5 0
8 -30 -47 0
-42 -3 42 0
40 -17 -40 0
-14 23 -9 0
38 -41 -19 0
-41 40 19 0
-36 12 -15 0
