c CNF generator v0.9
p cnf 50 250
16 -36 32 0
42 42 -10 0
44 -28 -20 0
50 13 23 0
-35 -44 28 0
50 -50 15 0
-25 -29 -14 0
5 38 -9 0
20 21 -22 0
26 -38 -27 0
7 8 32 0
-48 24 -12 0
48 -23 -32 0
1 -22 24 0
-32 33 -22 0
-38 31 4 0
-43 18 -44 0
-45 13 9 0
-15 -34 -17 0
-2 18 9 0
46 -40 39 0
-48 -45 -1 0
-23 42 -40 0
24 -5 -4 0
-24 48 46 0
-13 10 -21 0
-47 -46 -2 0
18 -43 -10 0
-1 15 34 0
41 -19 -47 0
-49 -49 13 0
42 17 -28 0
7 24 27 0
34 10 23 0
42 39 39 0
50 -1 4 0
48 47 7 0
34 21 26 0
45 -48 23 0
31 36 -13 0
-50 8 -50 0
18 -25 -13 0
35 -44 31 0
-24 -28 -25 0
35 -33 -35 0
50 40 -19 0
-43 -32 25 0
-45 4 25 0
37 -50 48 0
-3 45 12 0
19 50 46 0
2 -50 -50 0
20 -36 -28 0
43 -1 -5 0
-17 13 -42 0
-30 46 50 0
-27 -33 -42 0
-19 42 -9 0
-18 -31 47 0
16 34 15 0
10 -34 -44 0
49 38 -1 0
27 33 -11 0
19 26 -11 0
15 36 13 0
26 37 6 0
-32 13 7 0
26 13 10 0
-1 -37 -30 0
44 1 2 0
3 -40 -49 0
49 31 11 0
38 49 -1 0
-32 -30 10 0
11 -16 14 0
48 -43 -17 0
-50 10 29 0
-19 -41 42 0
-50 15 -39 0
-43 -35 -50 0
-44 -24 13 0
-15 6 34 0
29 31 32 0
-25 -24 -41 0
-29 42 -43 0
-33 38 19 0
-49 -48 40 0
-13 11 -27 0
49 15 45 0
14 -48 5 0
-13 37 31 0
-42 37 -34 0
-14 -13 -5 0
-28 -1 -29 0
42 -40 -42 0
15 -39 47 0
45 50 -40 0
23 9 -39 0
-38 42 28 0
10 -27 19 0
-41 -20 25 0
40 41 39 0
-25 -1 -20 0
42 20 34 0
43 -29 13 0
-19 -15 22 0
-21 -12 35 0
-32 18 -42 0
-35 -49 50 0
10 39 31 0
-6 -4 -30 0
-17 -21 11 0
-21 31 41 0
-31 -11 47 0
-5 24 -14 0
23 32 -8 0
45 14 -25 0
24 1 -28 0
12 -16 -20 0
-40 -32 25 0
-40 -21 10 0
49 33 35 0
43 2 27 0
-36 -46 -16 0
19 -38 18 0
41 -24 -3 0
-41 -36 -30 0
-32 21 -9 0
15 31 -32 0
33 -31 -10 0
-32 25 -11 0
-2 29 35 0
-20 22 11 0
49 38 3 0
10 -16 -33 0
25 25 -1 0
-2 43 20 0
19 -37 -14 0
-1 -20 -13 0
27 22 -1 0
32 -40 -8 0
39 -1 15 0
-31 -17 45 0
-31 12 -39 0
-23 -48 19 0
39 24 -5 0
46 -37 -22 0
46 24 5 0
22 46 26 0
2 -12 9 0
-36 1 -7 0
23 -21 -16 0
28 -15 42 0
2 -23 40 0
-3 -14 30 0
-33 19 -13 0
25 40 12 0
36 40 3 0
-47 45 -30 0
40 28 5 0
-4 22 28 0
-42 -3 20 0
48 -24 12 0
-39 -35 32 0
26 -31 -25 0
8 -36 48 0
-44 39 -35 0
42 30 7 0
44 -3 33 0
41 40 24 0
34 33 -9 0
-8 -45 -42 0
-38 -20 13 0
23 42 -38 0
23 -48 -40 0
-29 29 42 0
-48 -28 29 0
-37 -31 16 0
18 40 -22 0
38 26 7 0
29 -23 -10 0
35 43 24 0
33 -17 -16 0
-23 12 -32 0
-32 -8 31 0
-49 42 -10 0
25 -22 -35 0
-17 -20 25 0
-39 -8 -46 0
42 31 -29 0
39 -45 -1 0
37 40 -15 0
46 -7 -24 0
23 7 16 0
-23 -29 -12 0
-3 23 19 0
-24 -12 -20 0
6 2 -45 0
-13 -42 21 0
-42 37 46 0
33 -48 38 0
25 -28 -8 0
-50 9 22 0
-19 -10 -25 0
39 42 -15 0
38 -22 37 0
-30 19 -48 0
24 -47 44 0
3 29 -35 0
48 -28 32 0
47 45 -4 0
-28 41 30 0
50 -47 26 0
-25 -40 -40 0
42 -22 10 0
39 21 -9 0
-14 25 17 0
-50 50 -9 0
36 -8 -31 0
18 -2 25 0
4 -49 -34 0
-30 47 7 0
18 -19 -41 0
44 41 -27 0
-8 37 -48 0
-30 -45 -38 0
25 -35 -23 0
-14 -32 -50 0
10 33 -6 0
-3 11 24 0
-44 -5 13 0
1 -12 18 0
-50 -17 -19 0
49 -31 -23 0
-7 -16 42 0
-30 50 -41 0
-33 42 -19 0
40 -5 -38 0
-40 35 -35 0
-9 18 33 0
15 -39 19 0
-32 -29 34 0
-49 -45 -1 0
-48 47 -6 0
-3 8 36 0
-35 15 -35 0
-46 22 17 0
24 -2 -38 0
-20 -31 -10 0
42 -5 38 0
