c CNF generator v0.9
p cnf 50 250
-25 14 6 0
47 -47 -15 0
-23 28 -2 0
-39 11 -20 0
-5 -22 30 0
38 -41 -12 0
9 -35 -44 0
23 48 35 0
-39 -5 34 0
26 -16 -41 0
-48 -48 15 0
-3 49 37 0
-41 6 -27 0
-14 5 -28 0
-50 16 20 0
-25 -23 -47 0
5 -23 41 0
14 -4 -20 0
27 -13 -33 0
3 -17 21 0
-37 -29 32 0
40 -4 -41 0
29 -46 47 0
-26 33 33 0
-25 1 -30 0
-17 -5 -28 0
34 -11 25 0
49 -31 -24 0
-1 -6 49 0
-38 -6 -45 0
10 15 1 0
1 -45 -41 0
34 32 10 0
34 5 -33 0
23 50 -39 0
-44 45 30 0
48 47 9 0
10 -22 30 0
-12 -35 28 0
19 7 31 0
-10 -23 35 0
22 5 31 0
-49 8 -20 0
-37 13 -21 0
-39 17 28 0
-25 -37 -6 0
-44 -30 -38 0
48 -21 -33 0
48 22 -46 0
13 -36 16 0
-2 38 -5 0
-33 19 9 0
39 32 37 0
23 12 -6 0
40 11 -8 0
-19 47 -12 0
45 49 -3 0
13 -19 -38 0
-40 -24 -41 0
10 -41 -23 0
-1 25 -7 0
-3 -13 -16 0
2 50 31 0
-10 -7 34 0
-14 -49 -27 0
-27 38 -39 0
16 37 -44 0
-2 -27 -4 0
-38 -9 2 0
40 -21 6 0
18 -37 14 0
40 -4 42 0
-15 -41 -22 0
1 -14 -7 0
-45 -16 -28 0
40 39 1 0
13 35 -33 0
33 18 50 0
9 -33 21 0
-15 -48 45 0
-20 47 9 0
-33 -10 43 0
50 -36 -33 0
15 -41 24 0
32 38 4 0
27 46 -19 0
-44 41 -17 0
-49 -12 28 0
1 -46 -4 0
-18 31 -19 0
-10 -4 44 0
3 -37 -50 0
-38 24 50 0
-33 3 44 0
27 -37 -3 0
45 -20 3 0
-19 12 -48 0
-42 -7 48 0
35 14 -41 0
28 6 22 0
-43 11 41 0
-12 40 13 0
11 20 -28 0
-26 -6 9 0
32 -27 -29 0
-5 29 -22 0
23 46 -17 0
-16 29 24 0
25 50 25 0
15 -31 18 0
-1 47 -4 0
29 -24 44 0
-23 -18 -12 0
-12 15 -43 0
3 9 40 0
-18 43 -18 0
46 -39 23 0
32 -36 35 0
1 -23 -1 0
5 -22 -23 0
39 -2 -25 0
-29 -40 1 0
12 -12 18 0
-7 10 25 0
41 41 46 0
-21 3 -13 0
-23 20 9 0
36 38 -26 0
27 -49 27 0
5 -41 50 0
42 45 29 0
12 -30 -3 0
-3 -33 23 0
-6 -21 -39 0
-47 -6 -13 0
31 -2 43 0
13 41 10 0
-46 8 31 0
19 -18 18 0
-29 5 34 0
-1 5 15 0
-7 -49 -23 0
-26 -19 41 0
-32 7 -16 0
15 12 -9 0
-29 -9 9 0
26 -39 46 0
-14 -16 -31 0
-39 39 -42 0
12 -37 13 0
5 -1 4 0
8 -21 33 0
33 11 24 0
40 -18 24 0
14 -40 -42 0
9 -42 30 0
-31 -11 34 0
25 -47 44 0
-39 30 39 0
-42 -13 39 0
-44 9 32 0
-24 28 -29 0
-21 -28 -28 0
-30 -42 25 0
18 -43 -30 0
40 7 -41 0
-1 9 27 0
-23 33 -7 0
22 -24 13 0
-34 30 -50 0
-41 -17 39 0
-49 38 8 0
14 42 -37 0
18 -42 -1 0
-34 -9 -36 0
32 27 29 0
-26 -10 -30 0
-50 15 16 0
-33 28 7 0
17 -2 -34 0
-40 42 -48 0
42 9 4 0
-7 -3 -16 0
-10 -31 25 0
20 -46 -13 0
3 -1 49 0
22 42 -47 0
-45 3 -42 0
-40 -24 11 0
-43 23 -17 0
27 -4 -7 0
-38 -36 -22 0
-18 26 -47 0
-4 47 23 0
-6 17 -14 0
-13 11 4 0
2 48 -2 0
-4 -26 -29 0
15 -11 16 0
15 -21 43 0
22 3 24 0
35 -31 30 0
-25 -43 -31 0
35 47 -34 0
42 19 -2 0
-16 23 40 0
-26 -24 -33 0
-9 4 -27 0
27 5 47 0
-41 -11 33 0
9 -42 26 0
-30 -13 -2 0
-11 32 25 0
32 -18 24 0
43 -6 30 0
-40 -35 -23 0
-48 41 -50 0
21 -43 -46 0
-26 -44 -19 0
-40 -4 -20 0
7 46 37 0
41 -43 14 0
19 16 -11 0
19 -13 -35 0
14 39 1 0
-41 31 -30 0
1 -44 50 0
-9 4 -42 0
48 -12 -17 0
-43 -46 50 0
25 28 -27 0
-21 19 -28 0
25 -35 -14 0
-23 25 -11 0
31 -20 48 0
50 11 -9 0
-42 26 -7 0
6 37 -20 0
-28 -47 -21 0
19 -25 -23 0
12 -36 9 0
16 1 38 0
-34 24 -13 0
-5 24 -24 0
-22 44 -27 0
-28 19 -1 0
41 -15 22 0
11 41 35 0
43 10 46 0
-26 -20 43 0
