c CNF generator v0.9
p cnf 50 250
14 50 11 0
-6 -2 1 0
19 -29 -33 0
50 19 -32 0
23 -2 -49 0
-49 -26 -24 0
-11 40 -48 0
-50 -29 -32 0
34 22 -47 0
-32 7 30 0
-35 -47 11 0
-1 -41 -29 0
34 12 41 0
-19 30 34 0
32 -25 -15 0
-46 39 -27 0
-11 -4 28 0
-7 -41 -26 0
-32 12 -25 0
-29 37 -47 0
42 -38 -50 0
-2 -15 33 0
-37 -24 18 0
25 -2 -39 0
22 33 43 0
-5 -37 -44 0
38 2 36 0
-46 5 37 0
15 36 25 0
-22 -20 11 0
-38 -9 30 0
33 26 1 0
18 22 7 0
16 -35 39 0
14 48 7 0
-1 -4 24 0
-7 -40 30 0
35 -21 43 0
-46 -2 -7 0
-47 -3 33 0
-40 2 46 0
26 -36 -50 0
6 23 4 0
-27 30 -26 0
-13 34 36 0
24 26 2 0
40 -2 -8 0
-28 43 45 0
-18 -22 31 0
30 48 39 0
49 47 -11 0
34 13 -46 0
10 49 30 0
-14 -23 32 0
-49 17 -22 0
-18 6 25 0
-43 4 33 0
-2 27 -28 0
-15 18 46 0
36 36 24 0
3 14 49 0
8 13 -35 0
-46 -44 -23 0
-46 14 30 0
-4 24 -2 0
-33 -9 36 0
-31 -31 -6 0
-15 -13 22 0
-50 24 -8 0
8 45 14 0
43 30 22 0
1 -8 9 0
34 31 -2 0
-28 -33 -50 0
9 -18 45 0
11 -38 -11 0
-18 34 6 0
26 -46 8 0
-20 -22 37 0
3 -2 24 0
-1 -24 45 0
24 -14 38 0
46 -16 -39 0
19 -6 -2 0
-9 21 1 0
-28 4 36 0
-26 -34 -21 0
2 8 -23 0
-15 -17 -19 0
22 47 25 0
-36 2 12 0
39 -18 22 0
25 -7 40 0
-15 44 23 0
-26 -47 5 0
-33 -22 32 0
-26 -6 -35 0
-32 -34 6 0
-4 -16 13 0
48 -40 -8 0
18 38 14 0
-14 -39 -34 0
11 -29 -30 0
38 40 8 0
-29 -13 -9 0
-9 -13 -9 0
46 -44 33 0
-32 25 -10 0
-39 -50 -26 0
-35 -4 1 0
-13 17 -32 0
21 34 -18 0
50 -26 -36 0
27 33 -19 0
-46 -31 21 0
24 -40 -6 0
-13 4 -33 0
24 -47 -48 0
-9 19 -27 0
48 -37 -13 0
9 1 -36 0
-47 -19 -22 0
-17 49 -47 0
-47 -43 -50 0
-48 21 42 0
24 -36 -8 0
-43 -40 9 0
-16 18 25 0
-6 -8 12 0
-6 30 7 0
40 -20 -44 0
46 -37 -36 0
-42 -29 -49 0
33 37 6 0
-26 46 13 0
-40 44 -32 0
42 25 -19 0
-25 -46 -50 0
-49 -9 46 0
-38 49 18 0
-11 11 -19 0
-20 -13 -16 0
11 -39 -29 0
32 6 6 0
25 36 -23 0
29 46 50 0
-15 38 -15 0
16 -33 -32 0
12 43 24 0
-38 6 12 0
-25 -23 -4 0
-44 -22 7 0
-38 -40 10 0
28 34 19 0
-6 6 19 0
-35 -5 -12 0
-44 6 41 0
-49 -41 22 0
-3 37 49 0
15 -46 1 0
-28 -22 -30 0
-36 32 -49 0
-31 47 47 0
-36 6 -1 0
-41 14 10 0
-17 -45 34 0
40 43 -47 0
-32 14 -7 0
-37 -33 -33 0
42 24 13 0
-37 -28 -36 0
31 15 -20 0
30 -8 -12 0
47 33 2 0
-12 2 4 0
-42 2 36 0
-19 18 16 0
-49 27 -48 0
-34 33 -31 0
-36 24 43 0
1 -36 19 0
7 25 13 0
-17 -37 27 0
47 14 -3 0
-40 28 2 0
-14 -18 2 0
14 -33 6 0
14 -25 -4 0
-26 -30 24 0
27 5 30 0
-20 -37 -4 0
-1 44 -10 0
43 2 -44 0
-20 -50 34 0
47 11 31 0
-16 -28 39 0
-41 49 37 0
7 -3 -37 0
14 -8 7 0
-22 -46 -40 0
8 49 -5 0
-10 -13 -2 0
-16 -41 -16 0
27 -46 50 0
33 -2 7 0
-42 -30 14 0
-3 -27 48 0
-49 -8 -14 0
16 -11 -43 0
-11 28 7 0
48 -34 16 0
14 -26 10 0
-40 1 30 0
-31 18 -4 0
-15 7 -41 0
33 16 -8 0
12 -7 38 0
32 -5 -29 0
-9 41 -39 0
33 10 33 0
25 -47 11 0
42 -21 -24 0
-1 24 -6 0
-50 -30 -18 0
45 -47 21 0
17 9 -47 0
-34 -27 -38 0
36 -19 -10 0
-15 8 -24 0
33 -39 12 0
36 7 39 0
-38 3 3 0
-23 -22 30 0
-20 -49 15 0
20 -12 -28 0
22 10 -31 0
31 -15 -28 0
15 45 -10 0
4 4 23 0
26 5 -11 0
-20 22 -8 0
-13 -42 -17 0
16 32 -34 0
-30 29 -44 0
-17 24 -41 0
4 -25 6 0
47 -45 -40 0
25 44 -22 0
-27 -43 -21 0
10 20 50 0
