c CNF generator v0.9
p cnf 50 250
-31 25 38 0
30 13 -47 0
-39 -1 45 0
-5 -10 35 0
-11 24 14 0
-23 31 -7 0
-2 36 -45 0
-40 -4 37 0
-21 11 -22 0
10 49 -47 0
13 -21 -16 0
-7 32 13 0
40 38 10 0
1 3 49 0
5 35 -27 0
-2 -16 42 0
17 -10 40 0
-28 -39 -41 0
-17 -22 -46 0
-22 20 33 0
39 24 39 0
-42 42 27 0
-17 43 -45 0
-33 19 18 0
5 -17 31 0
-28 -49 31 0
49 -13 43 0
43 32 -6 0
18 7 41 0
-26 2 46 0
50 -3 11 0
34 36 27 0
13 19 -30 0
11 2 -46 0
-5 -46 19 0
-36 20 -5 0
-7 -15 -8 0
-47 -37 -22 0
14 34 10 0
21 34 35 0
6 -25 20 0
12 39 35 0
-32 27 -27 0
-47 28 9 0
47 9 32 0
-27 44 7 0
-22 -38 -36 0
-32 10 -2 0
-43 -29 24 0
-46 -39 21 0
11 20 -48 0
11 42 8 0
-20 -33 -39 0
-42 -18 21 0
-39 -37 6 0
20 -40 -44 0
45 1 17 0
9 28 -18 0
26 9 -17 0
36 -5 48 0
29 -18 24 0
30 -34 3 0
-35 -25 -41 0
41 6 38 0
20 49 46 0
-11 17 34 0
-41 -26 13 0
44 45 -48 0
39 39 -42 0
-47 40 -12 0
-43 37 -22 0
-30 -33 1 0
8 41 -25 0
-50 36 32 0
21 43 24 0
22 -14 42 0
43 -45 37 0
-9 41 -19 0
45 -2 13 0
-38 -23 41 0
44 11 -13 0
37 -43 -27 0
-23 31 -27 0
-15 38 10 0
19 -23 44 0
-41 7 44 0
-48 -28 48 0
-41 -36 23 0
49 -34 49 0
-31 -20 31 0
42 12 -47 0
17 27 44 0
-50 -41 -30 0
-11 -6 45 0
-4 13 25 0
1 35 37 0
34 37 2 0
3 2 16 0
3 21 42 0
-1 17 -9 0
49 45 -23 0
6 50 45 0
8 30 23 0
40 -42 21 0
7 13 -33 0
27 -8 31 0
-8 31 -13 0
-8 -1 -50 0
31 -4 3 0
39 -50 -29 0
46 1 12 0
22 -45 12 0
1 19 21 0
-23 37 7 0
-7 43 20 0
4 49 31 0
16 -13 38 0
-7 49 13 0
-33 31 -34 0
-14 -19 -11 0
-18 22 -20 0
-23 33 -39 0
-11 -19 14 0
43 -17 30 0
-30 -36 48 0
37 -22 24 0
35 23 11 0
12 33 -31 0
40 12 -49 0
20 23 -28 0
-25 48 -28 0
-10 -11 13 0
-15 -41 -20 0
13 13 13 0
33 33 42 0
-45 -1 11 0
33 -23 -39 0
47 18 -33 0
-26 16 13 0
3 17 -15 0
10 26 -28 0
-26 -46 -6 0
43 5 -50 0
-25 -18 -49 0
-30 5 15 0
2 23 42 0
6 -32 -9 0
-24 -7 -25 0
17 33 -11 0
44 22 48 0
-7 -38 18 0
-9 17 43 0
-30 -17 18 0
21 20 5 0
-46 -38 -6 0
5 -50 -14 0
38 -18 -15 0
32 8 27 0
-50 12 28 0
26 -18 -9 0
33 44 21 0
25 45 -35 0
24 25 10 0
-39 -15 -34 0
-27 29 -15 0
27 25 -42 0
-11 -35 37 0
-25 16 -23 0
17 -14 8 0
-44 -20 -9 0
-27 5 36 0
9 -49 -11 0
1 26 10 0
22 -5 -25 0
-28 -22 23 0
-1 -20 19 0
-2 -26 50 0
15 -14 -5 0
10 40 -44 0
29 41 29 0
-8 49 -6 0
-10 47 39 0
-22 -23 50 0
31 -42 31 0
-33 -10 -49 0
13 -7 -35 0
50 -34 21 0
-13 -37 -42 0
29 -1 -7 0
37 -15 50 0
-21 -21 16 0
28 -10 -35 0
17 -13 -44 0
6 -16 -5 0
-4 6 10 0
12 -29 14 0
-37 5 27 0
45 -7 -16 0
-22 -24 -2 0
39 37 38 0
42 3 -45 0
-22 36 -15 0
-37 34 38 0
-25 29 -48 0
-6 48 50 0
-29 -27 24 0
32 23 3 0
-14 34 -19 0
45 -45 43 0
-8 8 -29 0
19 -19 1 0
13 1 -41 0
-46 31 -9 0
-36 -32 -21 0
-47 8 -34 0
5 -41 -30 0
28 43 -26 0
40 -8 -22 0
40 -20 16 0
46 19 34 0
-37 -21 -37 0
41 -21 -25 0
-9 22 -21 0
37 2 25 0
39 3 -39 0
-32 26 -39 0
29 28 -13 0
38 7 11 0
-16 41 -39 0
35 -47 -9 0
28 -42 38 0
-25 -47 -36 0
32 -42 -10 0
-24 28 -36 0
43 49 28 0
-33 39 -7 0
-13 44 -6 0
-43 -34 49 0
25 -48 21 0
42 -7 1 0
-24 45 34 0
-39 21 -1 0
-22 32 33 0
28 -31 -23 0
33 -34 -26 0
18 -7 -18 0
-15 43 -15 0
-47 -25 -1 0
33 -36 -21 0
8 5 25 0
