c CNF generator v0.9
p cnf 50 250
-29 -20 14 0
11 5 -27 0
-11 -27 -23 0
48 37 50 0
7 45 3 0
19 32 11 0
35 18 -24 0
-12 39 -23 0
-13 26 9 0
13 9 30 0
32 28 -22 0
45 -41 19 0
9 -40 -36 0
2 9 3 0
-31 -7 -17 0
-33 -6 3 0
37 50 5 0
-36 10 7 0
15 -39 44 0
9 -12 -11 0
26 4 4 0
-10 -24 -48 0
32 44 -33 0
45 30 37 0
28 38 -41 0
-8 30 47 0
-8 -19 -6 0
4 -32 2 0
6 34 33 0
1 15 23 0
24 21 -13 0
-8 -3 -3 0
-9 36 -13 0
-15 -45 6 0
-13 32 -26 0
32 8 20 0
46 -27 20 0
-3 39 9 0
13 -18 22 0
2 -31 -7 0
-2 -16 6 0
-32 -6 44 0
46 -6 45 0
-22 46 36 0
-12 37 -23 0
39 37 6 0
50 -9 -13 0
34 16 14 0
-11 3 38 0
8 19 13 0
3 13 -11 0
-38 43 20 0
-37 39 45 0
-30 15 43 0
-44 1 -15 0
25 -47 50 0
-7 -19 47 0
-37 20 -38 0
32 35 -10 0
-17 -29 34 0
13 -35 -45 0
-15 -5 6 0
-24 47 31 0
49 34 -6 0
-5 13 -37 0
-28 -49 -43 0
23 -33 36 0
45 -50 -18 0
-21 35 -7 0
7 -28 -7 0
-40 -40 13 0
43 6 -3 0
47 20 -21 0
-24 -4 26 0
35 19 13 0
-17 13 -2 0
-7 10 3 0
38 -35 -47 0
-27 -38 -16 0
8 -4 50 0
19 -25 31 0
-46 -39 10 0
-50 -22 27 0
2 27 33 0
30 33 31 0
1 -8 29 0
-3 15 -29 0
38 11 -20 0
42 28 2 0
-38 -45 21 0
-29 15 -22 0
41 29 7 0
-28 26 -42 0
42 -13 -10 0
-10 -20 49 0
50 -37 26 0
-4 -42 47 0
49 40 -46 0
-47 13 -3 0
26 31 -6 0
-40 -50 24 0
42 -35 -19 0
-34 -36 41 0
16 32 -49 0
-7 29 47 0
43 30 -13 0
5 28 -1 0
-8 11 46 0
-25 -47 22 0
-29 5 50 0
10 -39 50 0
7 9 -30 0
-26 -22 -10 0
-40 -31 23 0
20 42 28 0
-13 -22 38 0
-43 31 -23 0
30 -39 41 0
29 -4 -4 0
35 16 -9 0
42 -47 -24 0
1 15 -46 0
-9 -19 19 0
20 -5 15 0
32 17 6 0
-45 -35 14 0
-7 42 -50 0
-14 -38 33 0
6 -29 27 0
26 22 39 0
-11 -43 -26 0
-48 33 -26 0
11 -6 -13 0
47 36 -7 0
-23 16 -4 0
-46 30 -36 0
38 -36 -32 0
33 -48 13 0
-36 13 -18 0
24 -14 -38 0
-6 -48 20 0
-1 17 30 0
1 -36 -15 0
-47 -27 -40 0
14 -40 -19 0
-14 37 16 0
-11 27 43 0
45 35 31 0
-37 -21 37 0
50 -10 -13 0
-18 22 -21 0
30 25 -25 0
17 33 49 0
25 7 -23 0
-13 50 5 0
-37 -2 -45 0
31 -23 -47 0
14 -47 -48 0
7 -9 -41 0
35 -4 37 0
29 42 49 0
5 4 33 0
-8 -34 -19 0
38 -13 8 0
13 -33 -10 0
32 -34 -30 0
-37 -50 24 0
-4 36 -44 0
46 23 22 0
23 48 -33 0
3 34 6 0
15 20 5 0
-7 -34 -3 0
-44 -27 -10 0
-21 13 -47 0
17 -4 36 0
15 45 40 0
40 43 43 0
48 -33 -12 0
-27 8 47 0
-10 15 48 0
-13 29 36 0
27 16 -43 0
11 -42 -47 0
39 -9 -24 0
20 -11 1 0
-17 22 -45 0
-33 -4 -13 0
-7 -2 -28 0
11 -27 4 0
45 -23 -3 0
5 37 26 0
29 -38 50 0
15 -10 16 0
-50 -4 -34 0
-10 3 -25 0
-24 -45 -11 0
32 -35 14 0
-7 -43 1 0
3 30 11 0
-32 12 16 0
-27 -50 -13 0
-10 -35 -41 0
-43 7 23 0
7 28 3 0
48 -28 26 0
-26 9 -38 0
29 -46 -15 0
24 -38 -27 0
29 19 26 0
-8 -37 -31 0
-7 -23 48 0
-14 12 16 0
45 1 -27 0
-26 -46 32 0
-43 -3 15 0
-39 -10 -18 0
-6 -48 18 0
9 -31 48 0
-9 -13 -3 0
-42 -24 20 0
-39 -28 1 0
30 16 38 0
-28 1 -8 0
-38 -43 28 0
44 -37 7 0
7 2 -21 0
-5 -6 22 0
-32 -20 -2 0
-10 25 23 0
-29 1 14 0
-33 -38 45 0
50 17 38 0
-11 -24 41 0
47 46 9 0
-21 -25 -17 0
36 32 33 0
-30 50 -19 0
-10 -20 -31 0
45 39 17 0
-45 3 13 0
6 7 -31 0
-39 15 47 0
-17 50 -28 0
-35 49 30 0
18 42 -11 0
23 34 41 0
50 -15 -39 0
-31 -5 -9 0
47 -28 -12 0
