c CNF generator v0.9
p cnf 50 250
41 32 18 0
-12 42 -32 0
-30 -24 37 0
3 -48 40 0
-16 34 37 0
-30 40 -18 0
-43 29 -41 0
3 48 -13 0
34 -46 48 0
35 44 -46 0
8 8 3 0
47 -12 30 0
44 34 23 0
19 3 26 0
14 29 13 0
-4 -23 -5 0
35 18 -15 0
-41 19 -9 0
4 19 41 0
28 -13 -45 0
47 -8 -43 0
49 -24 16 0
38 -32 10 0
-38 19 17 0
-42 40 26 0
-16 -42 -34 0
7 7 -16 0
13 -7 -24 0
-33 21 47 0
-42 -49 -48 0
-11 -28 43 0
5 -39 -42 0
12 -9 8 0
-11 -27 50 0
26 16 -12 0
28 -44 46 0
-19 -48 15 0
27 32 -4 0
-12 -5 11 0
24 -39 50 0
45 6 40 0
12 -12 -45 0
14 -5 44 0
-30 32 38 0
-29 -22 23 0
-20 9 -8 0
-6 -29 -26 0
-40 13 39 0
-22 -39 -8 0
32 4 -28 0
12 -47 33 0
-14 -45 -21 0
12 -11 8 0
44 -20 23 0
48 -12 -40 0
39 -4 27 0
-45 18 15 0
29 -38 -47 0
-4 -50 -50 0
-24 -14 38 0
-25 22 16 0
-10 21 -34 0
-12 -24 32 0
-28 -18 17 0
4 34 44 0
6 -30 29 0
47 17 18 0
-8 47 17 0
-39 -23 40 0
-20 -21 40 0
-44 27 11 0
-31 -41 -30 0
44 29 -45 0
35 42 42 0
30 -21 46 0
-37 -9 47 0
-15 26 -17 0
3 5 -43 0
-34 39 -37 0
38 -49 43 0
-34 23 43 0
21 -32 -26 0
-33 37 22 0
-19 31 6 0
-30 -33 46 0
-10 42 -25 0
-31 15 46 0
47 20 3 0
10 -17 -37 0
-5 -38 35 0
-15 43 -31 0
-21 -14 -20 0
-40 27 47 0
9 5 8 0
-40 47 18 0
24 21 -18 0
-39 9 36 0
24 -43 29 0
-28 15 43 0
-42 -46 19 0
41 -44 -35 0
34 21 -40 0
-28 20 47 0
37 35 8 0
-7 22 30 0
-36 -36 49 0
29 -6 -15 0
30 42 -25 0
46 -44 5 0
8 -29 31 0
-47 44 -46 0
-15 15 -37 0
-13 -20 -28 0
50 49 -5 0
-21 -37 35 0
-3 -7 -26 0
5 -48 -16 0
44 -14 50 0
28 18 28 0
4 17 -30 0
-12 8 38 0
-16 -13 -14 0
-19 6 46 0
16 -16 16 0
28 -50 -22 0
45 -29 22 0
-3 19 33 0
-15 44 2 0
46 -20 18 0
43 -21 41 0
-21 21 6 0
-23 -17 27 0
48 -31 -31 0
-35 -14 46 0
30 6 -3 0
-43 -44 43 0
39 5 26 0
-3 -37 -13 0
-27 -44 44 0
-44 -26 46 0
-9 -50 3 0
-42 -1 32 0
19 -12 45 0
-43 -17 -4 0
-15 43 44 0
-20 10 5 0
-25 2 -24 0
-13 5 -5 0
-45 42 35 0
-50 50 -47 0
-13 11 -24 0
-44 47 16 0
-3 -41 -46 0
-14 -33 -48 0
32 8 -1 0
31 -45 47 0
19 -16 7 0
-40 3 42 0
11 49 -7 0
-34 17 -35 0
-44 33 -3 0
45 -14 -12 0
46 39 19 0
7 20 45 0
-50 8 48 0
-25 -2 9 0
40 -13 47 0
-34 -9 -42 0
-46 -41 27 0
-31 -21 49 0
22 33 39 0
2 14 -30 0
16 -7 42 0
37 7 10 0
28 21 20 0
10 -35 -33 0
2 40 9 0
-38 -46 -38 0
15 -22 31 0
31 5 -5 0
11 37 -3 0
16 -11 26 0
8 44 42 0
27 19 46 0
45 30 -16 0
-48 -48 28 0
14 -41 -40 0
-13 48 -9 0
48 16 -37 0
-13 -16 -35 0
2 33 32 0
17 14 37 0
-50 27 41 0
-32 44 29 0
-11 13 -6 0
38 50 35 0
-14 8 -11 0
28 -50 -13 0
30 18 15 0
-26 15 21 0
26 35 10 0
2 -26 -13 0
30 -18 -18 0
-48 -38 50 0
-5 33 22 0
35 1 -2 0
36 -7 -6 0
10 -46 -20 0
-4 4 35 0
-45 20 -24 0
49 22 48 0
31 -24 -38 0
-1 50 -27 0
-31 35 47 0
-23 12 36 0
8 -15 40 0
-37 -6 10 0
-42 32 20 0
-1 29 13 0
-25 41 32 0
-17 -42 44 0
-46 38 -7 0
-40 49 11 0
22 28 -8 0
-47 42 8 0
-12 -7 10 0
44 -8 13 0
-28 -31 6 0
-28 7 36 0
-13 3 43 0
-14 -45 -2 0
-37 6 -9 0
-50 33 -7 0
22 -5 15 0
-49 -43 5 0
35 6 48 0
-46 39 33 0
-12 -22 -34 0
39 14 -49 0
19 36 1 0
-38 -28 30 0
10 1 -47 0
-8 -8 5 0
-47 -42 -43 0
37 -41 -28 0
-29 -38 -27 0
-50 -13 -1 0
-47 27 -26 0
-26 27 -32 0
-42 -45 -14 0
