c CNF generator v0.9
p cnf 50 250
-13 -15 -3 0
2 -38 -14 0
-15 45 18 0
-27 -14 -44 0
46 12 12 0
-45 42 -14 0
26 -20 -49 0
-30 -37 -14 0
18 47 12 0
-23 5 -45 0
-22 33 -46 0
-8 50 -4 0
10 -43 -32 0
3 34 21 0
5 -28 -37 0
-11 36 40 0
-42 4 41 0
-26 -14 -20 0
-48 -11 42 0
32 31 11 0
36 -45 26 0
47 20 21 0
25 11 -39 0
33 4 49 0
37 17 -42 0
19 -15 -21 0
9 -14 48 0
-32 -15 19 0
34 -24 -14 0
-19 38 45 0
39 26 6 0
-19 -16 -35 0
-23 -50 39 0
39 46 22 0
49 -9 35 0
-12 -49 -5 0
29 -32 -23 0
-26 30 -24 0
-37 33 31 0
10 41 -31 0
27 -40 -42 0
-47 38 14 0
-10 -17 -3 0
17 -46 -45 0
-49 1 28 0
-23 -3 -40 0
46 40 31 0
29 -18 -40 0
41 2 -7 0
-25 41 19 0
33 25 -7 0
48 -2 36 0
-48 -32 35 0
-11 28 33 0
23 3 42 0
-29 25 29 0
-3 -2 -25 0
7 -16 50 0
13 -4 4 0
-37 25 23 0
32 33 30 0
28 30 44 0
37 31 -37 0
44 -5 -25 0
33 -46 -37 0
11 22 -10 0
-18 -25 -31 0
-20 -18 -32 0
-46 31 30 0
-31 -45 -24 0
9 13 11 0
-20 36 -12 0
48 -17 32 0
-44 28 -37 0
-12 41 2 0
44 47 -23 0
-45 44 24 0
-36 -48 27 0
8 31 15 0
-41 43 45 0
1 -18 -11 0
-19 -4 -19 0
-19 -36 -22 0
-4 -13 -27 0
18 -9 -26 0
12 -41 -26 0
44 -41 27 0
22 -3 42 0
8 5 15 0
-37 50 48 0
35 -38 -33 0
-33 -50 45 0
1 16 -22 0
19 26 -13 0
-40 50 5 0
49 -7 41 0
31 -18 -30 0
-22 22 -2 0
-23 29 -25 0
-7 36 26 0
-37 31 -13 0
1 45 -48 0
16 4 -9 0
13 36 -48 0
46 -5 -2 0
36 -21 -38 0
-36 49 28 0
-36 30 40 0
-8 -34 -40 0
-40 9 4 0
49 20 24 0
-37 49 47 0
41 -29 -21 0
17 3 10 0
-32 39 -7 0
47 -23 -13 0
18 21 47 0
-20 50 12 0
-47 -21 30 0
12 46 -45 0
-16 39 39 0
-35 -50 -39 0
-19 18 -5 0
-27 -21 21 0
40 -11 -16 0
-14 35 -27 0
-3 35 32 0
30 34 1 0
35 39 2 0
34 8 17 0
-14 22 -11 0
-50 -25 15 0
20 37 11 0
-37 33 4 0
7 -6 -7 0
-39 -33 -31 0
22 -30 36 0
1 -48 23 0
12 -25 17 0
-25 -15 41 0
20 -45 16 0
-3 36 3 0
-46 1 -34 0
37 -48 -35 0
-6 16 -45 0
27 -7 42 0
47 -42 12 0
29 -28 47 0
-30 -44 -41 0
-26 3 8 0
-13 -20 -23 0
-34 -12 26 0
3 -36 29 0
35 -13 27 0
-19 -28 -20 0
15 37 30 0
4 -6 21 0
-5 -37 -23 0
46 47 -26 0
21 23 43 0
-21 35 43 0
47 -11 -4 0
31 10 43 0
11 4 -15 0
-14 -35 -20 0
25 3 3 0
39 -37 -25 0
-30 -11 -5 0
-23 19 44 0
-28 -9 -16 0
44 19 35 0
-3 -47 -28 0
-18 -19 29 0
-27 -8 43 0
-29 18 23 0
-18 -17 31 0
-13 -15 9 0
-45 18 4 0
41 45 -11 0
46 10 46 0
9 46 -42 0
10 2 -16 0
8 12 -46 0
50 10 -7 0
-10 18 36 0
24 -3 8 0
15 -15 32 0
-37 32 34 0
-45 -28 -11 0
-38 -33 40 0
-50 24 38 0
45 -31 -24 0
16 49 1 0
7 -45 -9 0
-44 37 -39 0
-6 -42 27 0
-19 19 38 0
-5 45 25 0
-48 48 -9 0
46 45 36 0
13 11 20 0
9 -36 25 0
44 -6 -5 0
-25 -7 -9 0
-14 -37 25 0
-31 -32 1 0
12 -25 38 0
-20 -26 -23 0
-41 -46 10 0
-20 -14 50 0
26 40 -6 0
-38 -29 28 0
29 9 32 0
-34 27 10 0
35 43 -3 0
12 12 -11 0
-17 -3 42 0
8 -44 -16 0
-41 3 -33 0
16 26 -27 0
-36 -36 -18 0
-42 36 3 0
44 17 43 0
-11 -22 -4 0
4 17 -31 0
-18 -4 -21 0
3 -3 48 0
-41 4 25 0
-19 49 -39 0
-13 -33 -21 0
-3 -5 39 0
37 -33 27 0
-7 36 27 0
16 -43 47 0
-6 35 -49 0
-19 8 -47 0
8 -35 10 0
-41 -35 -25 0
-45 -38 -23 0
-3 -1 29 0
-42 31 12 0
-16 -28 2 0
-21 -35 -10 0
3 -5 -15 0
26 -49 -17 0
29 -12 31 0
23 -23 -29 0
7 -4 -40 0
48 48 13 0
29 46 -22 0
