c CNF generator v0.9
p cnf 50 250
-42 -47 5 0
44 -5 -2 0
43 20 -35 0
20 -50 3 0
22 -10 17 0
-7 -47 -19 0
3 -3 -24 0
16 -47 -33 0
23 41 -50 0
-49 33 -30 0
-38 -28 -28 0
-2 -48 -3 0
-47 11 -10 0
-29 -38 -21 0
14 44 37 0
-46 -24 -17 0
3 -12 -22 0
-22 5 47 0
22 1 -18 0
50 -1 -3 0
18 40 -33 0
41 30 30 0
27 27 -38 0
38 6 -47 0
11 38 -38 0
-5 18 44 0
-44 -19 11 0
-40 -27 -38 0
34 -28 10 0
-8 -32 -37 0
-15 -37 33 0
-44 4 -24 0
49 -1 10 0
32 42 31 0
-10 -30 21 0
37 -45 12 0
6 6 -25 0
-27 49 33 0
-33 9 -5 0
1 -8 -38 0
1 -11 -39 0
-27 14 6 0
21 23 27 0
-2 -45 -43 0
-1 34 -50 0
-24 21 -19 0
35 23 49 0
-42 -1 -13 0
15 21 36 0
43 30 41 0
-20 42 -6 0
-18 -21 49 0
45 43 -48 0
14 6 -22 0
-16 47 -14 0
-43 49 -29 0
-49 44 -40 0
1 -37 -49 0
-7 28 -30 0
-38 25 41 0
-12 6 40 0
-22 -1 -28 0
-34 10 40 0
-9 -8 -38 0
33 25 -13 0
-42 23 -41 0
-2 -50 40 0
-38 -46 46 0
40 39 45 0
6 -7 36 0
-12 13 7 0
39 25 -44 0
-26 -29 -43 0
-36 1 -37 0
-7 9 34 0
-31 19 1 0
-13 30 -3 0
43 9 38 0
41 -38 13 0
-34 33 23 0
40 -34 21 0
43 15 9 0
-29 24 45 0
49 -11 -27 0
-23 30 -41 0
-31 13 -49 0
48 -5 -39 0
-8 -13 -3 0
42 16 47 0
43 22 -24 0
43 -8 42 0
50 40 32 0
-20 -27 18 0
-30 46 -27 0
46 -10 18 0
-33 47 13 0
46 -39 12 0
32 42 4 0
45 14 6 0
8 49 -37 0
15 41 -27 0
-42 -8 24 0
-33 34 9 0
-5 -30 1 0
48 47 -18 0
23 10 10 0
-19 23 -47 0
-19 40 14 0
-46 42 -4 0
26 6 -10 0
-5 -31 22 0
42 -34 -42 0
24 26 23 0
-37 -28 21 0
-5 3 25 0
-40 49 -6 0
27 -27 -47 0
-31 -43 6 0
2 47 -3 0
-6 11 -29 0
19 -32 -39 0
25 -11 43 0
-2 25 18 0
4 -20 7 0
-35 -29 23 0
-38 -46 50 0
-41 -43 14 0
12 -3 -29 0
-16 -36 -18 0
-29 -23 10 0
10 -3 -39 0
21 38 -8 0
-3 -43 3 0
-26 36 -25 0
38 6 -24 0
-11 13 -21 0
17 -8 -43 0
28 -11 13 0
1 -9 -48 0
-39 -8 45 0
-34 -8 -16 0
-13 27 -33 0
16 -24 4 0
-34 16 -37 0
-14 29 49 0
-7 11 11 0
-13 -11 44 0
15 -13 48 0
-42 -23 24 0
-48 39 -41 0
16 23 -35 0
-32 50 -37 0
-32 42 -35 0
-17 48 -37 0
-39 47 39 0
-10 13 -30 0
-31 6 7 0
27 9 -46 0
-3 -11 6 0
-26 40 -10 0
-36 50 -41 0
49 46 19 0
14 37 11 0
31 -41 -15 0
-8 -49 40 0
4 -33 45 0
19 1 -40 0
26 4 -28 0
-4 13 39 0
3 -47 -46 0
9 -21 -13 0
37 -37 -47 0
19 -38 43 0
15 -33 18 0
14 -42 4 0
45 -46 36 0
-4 44 -34 0
42 -43 41 0
-2 -27 22 0
38 47 1 0
27 5 35 0
34 32 50 0
10 21 19 0
32 -12 -7 0
-27 -39 -35 0
-31 48 2 0
-16 -36 44 0
-7 -17 16 0
24 -4 -1 0
38 -27 -39 0
-2 -45 -8 0
9 -37 25 0
2 21 9 0
-14 -14 -23 0
16 4 49 0
34 42 16 0
21 42 -10 0
-2 -7 46 0
-2 37 50 0
19 -29 16 0
25 36 -14 0
33 12 -31 0
-25 44 -3 0
-4 -38 8 0
30 26 -40 0
-37 11 15 0
-43 -21 40 0
-4 -31 -2 0
40 -23 32 0
-1 -22 16 0
39 24 -50 0
9 -24 -15 0
23 18 3 0
35 -29 4 0
13 23 -11 0
40 -26 9 0
-26 27 43 0
-12 31 -25 0
-22 -47 -17 0
-41 -13 -9 0
49 -25 3 0
1 -5 23 0
-8 9 18 0
42 20 -5 0
-36 -35 -20 0
-44 3 -21 0
11 -20 8 0
26 -12 -28 0
43 45 25 0
15 18 -9 0
-27 -21 33 0
39 -37 -15 0
-32 19 40 0
30 48 50 0
38 -18 -8 0
-43 35 -37 0
41 -8 20 0
-13 -43 34 0
14 7 7 0
49 -22 -3 0
28 6 -13 0
-15 -14 -16 0
-26 37 -29 0
6 -28 22 0
44 27 -21 0
-46 -34 23 0
-3 -50 45 0
24 -31 -18 0
15 32 -35 0
27 -33 -8 0
