c CNF generator v0.9
p cnf 50 250
25 -7 32 0
14 -19 4 0
-39 -23 7 0
-21 -27 49 0
-48 38 -6 0
17 -17 -13 0
-22 -9 20 0
-18 -36 32 0
-26 22 -34 0
21 3 -48 0
-48 18 5 0
-20 36 18 0
29 -19 -47 0
26 -8 -21 0
-29 3 32 0
-43 20 -19 0
-45 -29 9 0
35 -24 -48 0
13 25 23 0
-33 -20 10 0
-7 28 -4 0
-6 45 -38 0
15 10 -50 0
38 28 -1 0
45 19 31 0
41 40 35 0
47 27 33 0
20 42 49 0
-48 6 30 0
18 49 -43 0
-42 -36 16 0
1 -31 -6 0
-33 27 29 0
-31 -34 -15 0
-15 -34 26 0
-13 -32 32 0
4 42 37 0
37 48 -28 0
18 -21 23 0
10 -24 -23 0
-30 -34 26 0
-16 48 25 0
-48 32 50 0
-16 -4 -9 0
-26 -47 50 0
-45 44 -31 0
48 32 -46 0
26 28 33 0
40 16 31 0
-44 -7 33 0
-47 -8 -48 0
-31 6 -7 0
-35 18 -23 0
18 45 50 0
-45 -18 -24 0
-2 -37 -13 0
5 -26 -44 0
9 22 22 0
9 -50 5 0
-48 29 -33 0
-6 17 -3 0
36 -8 43 0
-41 -22 -40 0
-27 11 -45 0
-45 26 -43 0
5 -22 -14 0
31 -12 -7 0
30 -50 -26 0
-31 -8 -6 0
-30 20 -10 0
6 30 -4 0
-34 49 -47 0
-20 20 1 0
-27 -3 -39 0
-14 8 -12 0
-21 -29 17 0
-43 -29 2 0
-20 34 9 0
-48 -21 27 0
-44 -7 15 0
45 -8 -28 0
22 -27 30 0
-25 29 18 0
-36 -14 -22 0
46 -22 8 0
-46 44 44 0
-15 30 -42 0
-19 14 26 0
14 6 -34 0
-16 26 -47 0
29 24 -30 0
18 50 22 0
36 9 -27 0
33 5 -6 0
14 17 29 0
27 22 5 0
37 47 -50 0
-20 37 -5 0
1 -10 37 0
13 -18 31 0
-19 -11 26 0
-21 37 15 0
-24 13 15 0
48 45 3 0
-35 42 22 0
42 34 -41 0
36 -34 -17 0
3 50 -23 0
26 49 33 0
36 32 38 0
11 16 -8 0
-8 22 -28 0
24 -42 -36 0
2 50 -6 0
37 -31 -8 0
-12 -24 -33 0
50 -8 -44 0
-17 -24 39 0
-30 -4 -29 0
-5 -16 -42 0
24 -15 -7 0
-33 11 33 0
41 -49 -48 0
4 45 49 0
-30 -23 -30 0
49 -6 9 0
12 37 27 0
-28 -17 8 0
-27 32 2 0
18 7 -34 0
19 16 -24 0
28 -40 23 0
-2 31 -27 0
22 15 35 0
-31 -31 11 0
-42 6 -17 0
-18 33 47 0
-8 46 34 0
43 -28 -33 0
32 -38 7 0
-19 -18 13 0
18 14 6 0
41 -7 -5 0
12 -37 -18 0
-11 2 -24 0
5 -33 42 0
50 -44 -8 0
39 30 -42 0
-29 -24 22 0
-21 -13 -26 0
40 -49 -45 0
17 19 -21 0
-17 -20 22 0
18 3 8 0
45 -3 -35 0
43 -24 44 0
-14 33 50 0
-34 10 48 0
27 -6 3 0
-16 30 -43 0
1 23 -30 0
15 1 5 0
-27 6 -49 0
5 -5 -4 0
2 11 1 0
35 41 13 0
-46 26 44 0
-9 19 -5 0
-22 11 21 0
30 31 -45 0
-29 29 -44 0
-17 41 -1 0
22 -40 -6 0
32 21 -29 0
-36 -14 32 0
-6 -18 33 0
-7 -24 20 0
-2 -48 -23 0
28 44 -20 0
2 -17 -28 0
34 1 15 0
-4 -12 33 0
37 -15 -38 0
-39 -4 -15 0
9 -43 33 0
-22 -16 -34 0
-8 -2 45 0
37 20 -45 0
15 -13 -38 0
49 41 -7 0
11 -6 -26 0
-48 -1 -40 0
-36 14 -26 0
19 -9 12 0
48 10 -35 0
-21 -29 -9 0
-8 -49 -29 0
40 49 -21 0
-28 -49 -16 0
-1 -22 -22 0
7 -36 27 0
8 37 42 0
-37 31 44 0
-47 2 50 0
11 21 -44 0
-19 -15 -35 0
-48 41 -35 0
5 -11 -17 0
32 9 40 0
13 -33 3 0
-24 29 39 0
39 1 9 0
-27 -19 -25 0
25 13 -19 0
48 44 43 0
-37 16 1 0
-13 32 8 0
38 -8 -43 0
28 23 46 0
-45 3 -8 0
-41 -42 38 0
16 -9 3 0
-5 22 2 0
38 -8 -27 0
46 28 28 0
-21 -45 16 0
-28 -48 8 0
-14 -43 24 0
-42 -43 -37 0
-17 -41 9 0
3 -23 -48 0
30 6 -46 0
26 28 50 0
-20 30 45 0
-8 8 -32 0
7 -32 -34 0
27 -42 -4 0
30 32 3 0
-22 23 35 0
47 34 -4 0
12 47 -28 0
29 28 -21 0
-25 -43 15 0
-6 32 -27 0
-42 44 45 0
-28 3 -7 0
1 32 -14 0
-23 -19 -39 0
5 -47 35 0
-30 21 -33 0
