c CNF generator v0.9
p cnf 50 250
1 8 -39 0
-39 21 -7 0
-43 45 -13 0
-15 7 -48 0
34 34 -43 0
-16 -49 47 0
-37 14 -31 0
-43 42 -12 0
27 32 -25 0
47 6 -35 0
-25 15 41 0
-33 31 -16 0
35 -47 -26 0
13 32 -16 0
4 -43 -26 0
-36 13 -3 0
-50 26 43 0
-27 20 -20 0
26 50 36 0
9 -19 -47 0
-38 -11 -17 0
1 -26 -29 0
-30 -40 5 0
24 9 -11 0
17 -31 -18 0
49 34 -41 0
-10 -34 -8 0
-19 16 -7 0
20 41 -7 0
-24 4 -19 0
-27 -48 41 0
-11 -16 14 0
41 -19 -21 0
-43 -1 -34 0
-38 -11 -12 0
-9 39 -24 0
2 -6 -42 0
21 13 39 0
-26 46 -11 0
-26 13 -17 0
9 17 -27 0
-18 23 -19 0
-41 43 40 0
-21 30 21 0
-19 -36 -43 0
38 2 18 0
-33 42 -49 0
29 -5 -1 0
-17 20 25 0
48 43 20 0
48 -41 42 0
46 23 -45 0
27 -13 -46 0
41 29 27 0
-43 38 17 0
-39 -38 8 0
-49 10 31 0
22 41 -18 0
46 32 12 0
46 -9 -18 0
18 -20 -9 0
44 34 -36 0
16 -17 -19 0
-25 -46 -42 0
49 33 49 0
38 -9 48 0
-26 -37 -41 0
-20 7 22 0
-42 -15 20 0
42 35 39 0
-28 -38 -48 0
-45 44 -6 0
-22 39 -4 0
21 -41 29 0
-22 -48 40 0
-47 -32 14 0
-16 -37 -33 0
-44 35 3 0
33 36 24 0
-42 -23 12 0
-14 -30 29 0
2 -8 3 0
39 -19 50 0
4 39 3 0
26 49 -16 0
-28 -50 -46 0
-30 -4 36 0
-17 -41 31 0
41 31 46 0
-16 -35 2 0
28 28 -9 0
-10 -24 50 0
-10 -19 -8 0
-14 47 -25 0
46 39 -17 0
-50 -30 34 0
11 -46 -17 0
-35 -23 27 0
36 30 46 0
25 -14 46 0
-34 -1 -50 0
8 -29 19 0
-29 -36 50 0
33 1 3 0
17 2 3 0
-22 -24 25 0
20 14 42 0
-47 25 -35 0
-31 -36 25 0
43 -9 -42 0
-41 -36 -33 0
-17 -42 20 0
46 -43 39 0
-39 -43 8 0
23 -48 -40 0
-12 42 2 0
-4 -31 -36 0
8 -37 -32 0
8 15 19 0
-3 -6 -14 0
21 -34 1 0
25 -10 1 0
-37 -34 38 0
9 -46 -43 0
-45 -46 12 0
-22 -35 -35 0
2 -7 48 0
24 45 42 0
44 17 41 0
2 -17 -6 0
5 -5 16 0
50 12 40 0
-28 27 33 0
25 25 9 0
-2 42 20 0
22 35 41 0
26 -12 -48 0
50 -34 35 0
27 -39 36 0
-38 47 37 0
7 -32 -29 0
-31 -14 -37 0
-13 -32 -15 0
-5 -1 -31 0
-45 31 -49 0
27 26 29 0
-42 21 45 0
-46 -10 28 0
42 30 -38 0
-44 -6 33 0
-27 38 -18 0
20 -30 -14 0
7 -48 -44 0
-15 -17 -19 0
40 -46 7 0
-1 -7 26 0
-25 -36 38 0
20 -25 -26 0
-24 -11 -34 0
-4 34 4 0
-19 44 23 0
29 28 -30 0
20 46 19 0
-25 -9 -16 0
46 -10 13 0
7 49 38 0
-31 23 -30 0
3 8 -22 0
-9 8 -32 0
2 -32 -21 0
48 -31 26 0
26 -14 -28 0
29 21 19 0
-20 -23 -36 0
29 44 14 0
32 38 -40 0
9 -24 -27 0
50 -33 -22 0
-15 -12 35 0
-12 -13 -8 0
41 -29 -40 0
44 -46 13 0
40 -39 -17 0
40 47 14 0
-23 -35 22 0
-15 -4 25 0
34 -45 8 0
-33 39 -1 0
4 47 4 0
22 -12 -36 0
18 -29 35 0
34 8 7 0
7 -27 -50 0
24 22 8 0
45 -42 5 0
14 -48 -50 0
-22 28 -44 0
-8 4 17 0
24 1 16 0
-20 -25 44 0
-33 -16 47 0
-50 -16 -34 0
-8 8 46 0
3 -34 -22 0
-24 -4 35 0
-25 32 43 0
-47 -16 4 0
-40 4 -7 0
45 -30 -24 0
24 31 -24 0
6 45 28 0
21 26 -6 0
-22 -10 34 0
-12 29 -17 0
46 -40 16 0
-31 -25 -9 0
-20 49 17 0
-1 -37 15 0
45 5 -47 0
-27 -23 -6 0
-3 21 -49 0
47 -48 43 0
14 48 7 0
48 21 15 0
-30 -1 20 0
47 30 49 0
-45 -11 21 0
28 -30 43 0
39 20 36 0
-30 -22 -2 0
29 -38 32 0
-3 -43 -36 0
-42 10 47 0
28 -36 -4 0
-1 27 -16 0
39 -10 49 0
40 -40 15 0
-18 -15 2 0
25 -11 -14 0
32 48 -40 0
-35 -36 -12 0
-36 1 -38 0
19 -2 -19 0
-47 -17 -2 0
22 41 25 0
49 -5 7 0
33 -47 -5 0
7 -16 -47 0
14 -4 -11 0
-21 48 -11 0
