c CNF generator v0.9
p cnf 50 250
49 30 -4 0
11 -25 -40 0
26 -6 46 0
-20 45 -19 0
-45 33 -9 0
-19 -11 36 0
-3 -27 7 0
-23 -33 18 0
-19 -26 17 0
47 41 -23 0
36 7 -22 0
-29 47 -12 0
23 43 -32 0
37 -12 -45 0
49 15 34 0
23 17 30 0
-37 -14 -46 0
8 -13 24 0
38 -41 -16 0
8 -30 -47 0
-14 14 30 0
-12 45 -15 0
12 -36 13 0
-32 17 13 0
-31 27 -25 0
24 -6 41 0
-47 24 -18 0
18 -46 50 0
-24 -12 24 0
46 -17 -41 0
13 -4 20 0
-3 -24 -14 0
39 -27 23 0
13 49 8 0
22 -20 41 0
-32 -13 -37 0
3 -3 -43 0
1 39 20 0
-12 1 6 0
-27 -49 24 0
14 25 17 0
11 -38 -40 0
-18 15 26 0
14 24 -14 0
-2 -36 25 0
16 38 -39 0
-7 -20 -13 0
-5 7 5 0
-28 34 16 0
-38 10 40 0
6 26 -34 0
-5 42 46 0
18 16 34 0
-28 38 -37 0
18 -23 34 0
-9 -39 36 0
30 21 -31 0
-15 30 -12 0
45 -48 -33 0
-32 3 -11 0
24 27 2 0
-28 -48 1 0
-26 -29 4 0
-47 -11 36 0
-29 26 41 0
26 11 -31 0
28 23 16 0
-48 25 -2 0
-26 14 44 0
-35 32 1 0
50 26 -4 0
50 6 21 0
-8 -9 30 0
42 -7 45 0
4 -47 -3 0
14 25 -7 0
23 -49 -37 0
-15 8 23 0
-4 29 -36 0
-37 34 4 0
29 -34 -6 0
14 8 49 0
10 8 28 0
9 16 -25 0
-41 40 33 0
-15 8 12 0
38 -15 -42 0
-50 10 -2 0
26 -3 -6 0
5 46 31 0
49 37 39 0
-16 -21 -33 0
-44 4 33 0
-50 26 29 0
36 -5 32 0
6 -14 -30 0
-33 17 31 0
-34 -16 30 0
-21 28 13 0
28 -43 46 0
8 -2 -6 0
-22 -10 -35 0
8 21 -31 0
-1 -17 50 0
-3 43 -47 0
-20 28 -22 0
-36 -19 -34 0
-23 -48 32 0
-44 -24 46 0
-30 -43 7 0
10 4 13 0
21 39 38 0
36 42 14 0
18 -23 -15 0
-8 -29 10 0
6 -30 38 0
-28 20 -13 0
3 5 39 0
-3 -44 -49 0
-37 33 -27 0
-12 31 13 0
-30 -15 40 0
-18 35 44 0
39 -36 -36 0
-2 4 23 0
-19 33 -9 0
17 -32 -20 0
16 -39 -14 0
23 -34 -4 0
48 -22 44 0
-47 -9 28 0
-23 -16 -25 0
-34 -21 45 0
11 46 22 0
25 -24 -19 0
-16 10 28 0
-2 15 -43 0
40 32 -40 0
-10 2 -44 0
24 19 -36 0
39 -8 50 0
14 -13 -19 0
23 39 -12 0
31 -44 -5 0
46 28 39 0
-50 -50 -14 0
35 -5 -46 0
-30 -49 20 0
-50 -41 15 0
6 36 -2 0
25 -46 11 0
-7 44 1 0
-38 21 -16 0
40 37 -30 0
-46 -45 8 0
-15 -3 -42 0
37 -46 16 0
-26 19 -5 0
3 -14 44 0
-33 -16 -38 0
-35 49 -27 0
24 -20 14 0
11 -32 -31 0
-33 10 -32 0
20 16 49 0
23 46 31 0
42 47 -12 0
2 41 35 0
-47 40 -33 0
45 -5 38 0
31 42 6 0
18 5 24 0
-23 12 32 0
37 44 -33 0
-3 -14 43 0
-22 21 25 0
21 -19 26 0
49 -47 -15 0
-31 -6 16 0
-14 21 -3 0
49 1 28 0
-38 -35 48 0
6 -45 -40 0
37 9 16 0
-44 1 29 0
-15 -24 31 0
36 -17 -49 0
-11 19 4 0
-19 29 -16 0
-11 46 -3 0
11 -16 31 0
2 -37 -15 0
-46 11 7 0
5 31 26 0
6 -24 40 0
-10 10 -21 0
-24 -25 21 0
-2 22 1 0
-49 22 -30 0
39 39 7 0
-6 49 -30 0
8 23 -7 0
25 -49 -36 0
-44 32 4 0
28 -40 40 0
49 -16 20 0
-47 46 47 0
-40 38 42 0
-1 -27 38 0
41 -48 26 0
-48 24 10 0
-40 -18 -45 0
2 50 10 0
-18 9 -36 0
45 25 -19 0
-22 -3 33 0
16 -5 46 0
-29 21 -6 0
-21 31 -48 0
-15 42 -30 0
2 19 -30 0
32 -14 -14 0
27 -26 3 0
-9 47 -44 0
35 -21 47 0
24 13 3 0
29 13 -10 0
22 29 -32 0
-14 -38 -43 0
42 -3 -29 0
-6 27 42 0
14 -30 50 0
33 10 25 0
45 31 7 0
-36 37 -12 0
46 32 -47 0
2 39 36 0
-15 -9 5 0
-39 -13 -2 0
-39 6 -31 0
-44 -42 28 0
38 -22 5 0
1 -42 -7 0
-36 -16 -12 0
46 26 -43 0
-14 44 -48 0
-12 2 -38 0
41 -22 -33 0
-48 -10 -24 0
41 7 9 0
