c CNF generator v0.9
p cnf 50 250
28 36 14 0
17 -31 21 0
46 -47 -38 0
28 -38 -47 0
20 10 -16 0
50 -15 -25 0
-19 12 -10 0
-41 -4 20 0
-10 -41 48 0
-13 20 -22 0
6 10 -10 0
16 -11 26 0
-47 -49 21 0
-36 -12 9 0
3 45 -38 0
40 -42 -46 0
28 -13 -28 0
-15 5 -29 0
35 -7 41 0
33 -15 -47 0
41 -9 9 0
-23 2 33 0
10 -36 34 0
-22 -29 12 0
-49 44 -9 0
45 45 33 0
43 2 8 0
43 -42 -16 0
47 50 -24 0
17 -26 37 0
-48 5 15 0
-49 12 31 0
-29 -28 33 0
29 -40 43 0
-40 -21 17 0
-36 20 -24 0
-18 -47 49 0
43 44 -27 0
-17 46 -39 0
-21 -17 49 0
-15 40 -13 0
-14 18 -34 0
-31 1 43 0
41 -44 -25 0
-2 -24 -44 0
-45 -22 28 0
-31 -32 -31 0
-40 12 -19 0
-24 -19 1 0
-13 -25 -21 0
17 3 28 0
-11 -9 43 0
6 10 -48 0
9 24 -27 0
-9 -46 -8 0
-34 -39 -13 0
-1 17 26 0
11 20 -48 0
42 -45 -50 0
-6 10 47 0
44 -5 47 0
7 -35 -18 0
46 13 11 0
-48 7 -47 0
38 -6 26 0
-22 46 -47 0
-44 31 -36 0
27 23 -4 0
-24 -17 -21 0
27 -35 46 0
7 -37 -50 0
1 -2 -1 0
-3 -6 -30 0
-38 -22 42 0
34 29 5 0
23 -12 -40 0
-28 14 11 0
37 -31 35 0
-5 39 31 0
48 21 15 0
-36 -36 -4 0
1 -44 46 0
19 -41 -39 0
36 -16 43 0
5 -4 -2 0
33 -36 -47 0
-9 -4 -34 0
2 2 44 0
43 -15 -37 0
34 3 10 0
35 -4 1 0
-37 -17 -11 0
-2 -13 -23 0
-3 -25 23 0
-16 -30 4 0
-34 -35 27 0
25 -17 49 0
26 -49 18 0
-36 -16 -31 0
50 -29 43 0
28 49 23 0
18 13 -46 0
37 -17 41 0
13 16 -24 0
-28 18 -31 0
40 -46 42 0
-47 -36 -8 0
-23 35 18 0
23 -36 41 0
1 25 48 0
-12 34 40 0
-38 23 -25 0
7 -7 17 0
-10 32 -18 0
-43 21 -17 0
-24 -26 25 0
13 -47 -13 0
41 -38 -13 0
-17 -35 48 0
46 21 15 0
40 -27 41 0
-18 -40 -14 0
-12 13 43 0
-18 -21 -22 0
-26 -15 -12 0
3 -40 31 0
-46 43 -19 0
-15 35 25 0
-9 -11 19 0
-3 -47 -48 0
34 -14 -21 0
5 -46 -47 0
29 -35 46 0
-18 -3 -49 0
23 -3 45 0
9 31 -34 0
23 -25 11 0
50 -8 44 0
-46 -4 13 0
-45 27 -48 0
8 36 -36 0
45 -30 -10 0
48 -19 -14 0
-9 7 19 0
39 30 39 0
11 -37 -16 0
-3 45 -15 0
-47 1 32 0
-6 -19 -1 0
-29 -40 39 0
-43 -33 7 0
-16 -36 -42 0
-24 -3 -48 0
-1 -27 -19 0
-49 -10 37 0
6 -4 6 0
44 -27 -44 0
-42 16 -19 0
-44 -10 45 0
18 43 -8 0
4 14 2 0
-14 20 -5 0
6 -13 16 0
-50 9 -9 0
-35 21 35 0
-8 -44 -31 0
-27 -11 -28 0
-27 46 -38 0
48 -31 -8 0
-44 -46 11 0
26 28 22 0
6 -40 13 0
-15 29 -22 0
-45 -15 -31 0
23 11 -40 0
-13 49 39 0
8 5 -38 0
-38 13 37 0
-25 -25 -7 0
-47 -20 -28 0
-4 18 10 0
47 -12 49 0
-7 -42 -47 0
8 -47 26 0
26 34 20 0
-21 26 -37 0
-13 -48 -31 0
3 -19 22 0
38 14 -4 0
44 -14 13 0
-40 -10 -4 0
-45 7 3 0
-50 10 -40 0
-45 -18 9 0
-35 -26 9 0
30 -8 -33 0
-22 -32 -23 0
42 -33 -25 0
-35 -17 -22 0
-10 39 -28 0
23 -34 -44 0
-11 42 -21 0
-1 -22 43 0
-49 3 -5 0
-50 24 4 0
-39 -10 -5 0
-9 46 28 0
16 -37 -24 0
-28 5 30 0
-14 -42 -46 0
30 50 -24 0
-12 27 17 0
41 -48 15 0
-50 -9 -28 0
48 14 14 0
39 -14 43 0
-33 5 -19 0
-10 -50 5 0
-46 18 -15 0
-33 -40 12 0
34 49 12 0
-34 -8 -1 0
-15 -38 -15 0
18 -7 -44 0
28 -47 -19 0
-44 -38 34 0
-1 -15 -5 0
44 23 41 0
3 -24 -26 0
-25 -29 -41 0
-3 48 -29 0
-1 7 26 0
45 -16 34 0
-6 11 -38 0
-19 -20 -44 0
37 -42 50 0
8 -38 -42 0
-9 -28 20 0
29 32 -24 0
49 -35 24 0
3 -50 -10 0
-50 35 5 0
-21 42 -41 0
-9 12 19 0
39 28 -40 0
-30 39 -50 0
-4 -14 -42 0
-43 13 -11 0
-5 48 -11 0
-37 1 2 0
