c CNF generator v0.9
p cnf 50 250
9 -30 -14 0
48 -34 9 0
-40 -48 47 0
-3 21 -18 0
-45 -48 -38 0
22 -11 23 0
-22 -37 -38 0
-45 4 16 0
-20 -33 37 0
-39 -23 -15 0
47 -26 24 0
43 42 -43 0
14 -15 46 0
-13 16 -45 0
-50 14 30 0
23 26 -11 0
14 -47 -50 0
-18 -37 34 0
26 32 -27 0
13 3 44 0
33 -40 24 0
50 45 -1 0
-5 4 20 0
-26 -28 -36 0
-45 -48 -40 0
29 -21 -47 0
17 4 2 0
47 6 26 0
12 20 7 0
43 -8 25 0
-8 34 42 0
49 29 10 0
-47 49 -27 0
-43 -7 -20 0
-20 -46 -27 0
-29 -44 -11 0
20 40 -40 0
13 -39 39 0
-44 -46 2 0
-6 -43 -25 0
-8 45 4 0
-41 32 16 0
5 -38 -39 0
-22 6 7 0
29 10 -20 0
-37 45 -33 0
46 -31 24 0
45 -7 2 0
-33 -47 34 0
-21 20 12 0
9 -12 25 0
19 37 28 0
-10 21 17 0
32 37 18 0
-43 2 48 0
-24 32 -17 0
-44 -47 8 0
-37 36 -18 0
-48 -1 -19 0
-47 45 28 0
-10 42 -7 0
18 42 34 0
-49 2 18 0
-8 49 -32 0
6 50 -36 0
-22 -38 -26 0
-7 40 33 0
-23 7 -2 0
38 47 13 0
20 -3 -6 0
-1 8 28 0
-18 -17 -47 0
-25 30 -39 0
-9 -19 -35 0
-7 -28 6 0
35 -1 34 0
-21 14 7 0
-12 28 -48 0
5 -48 15 0
15 -31 35 0
-17 -47 43 0
-21 -11 35 0
13 2 42 0
-7 11 -28 0
-20 -15 44 0
19 -12 -15 0
-27 -40 12 0
15 -26 14 0
32 -47 -20 0
30 48 32 0
-49 -41 46 0
-17 -9 2 0
41 -17 43 0
-13 15 2 0
29 6 -28 0
48 34 5 0
32 -40 18 0
-36 3 -17 0
-25 -28 2 0
33 -12 31 0
-23 38 -49 0
-45 -2 -24 0
18 27 38 0
40 16 -14 0
-36 -24 37 0
44 13 -20 0
27 -4 -12 0
3 -36 44 0
4 36 -26 0
35 44 36 0
-31 -10 1 0
50 17 4 0
-23 35 29 0
-17 -44 -22 0
-10 2 -36 0
13 -29 30 0
35 -27 -48 0
29 -12 -44 0
-15 9 -44 0
-15 27 -13 0
25 -17 30 0
33 -45 -41 0
46 2 -35 0
-32 -1 -10 0
50 17 37 0
-43 15 35 0
16 -1 -20 0
43 -11 26 0
44 -17 21 0
43 34 -22 0
24 -10 34 0
31 41 -46 0
16 21 -14 0
42 -11 37 0
20 48 42 0
-34 -21 5 0
3 -30 -43 0
-40 -24 9 0
-14 -37 -35 0
-21 -44 -46 0
9 -31 43 0
-26 -4 -20 0
-4 25 28 0
29 19 6 0
15 43 -40 0
-25 -16 -47 0
-37 -28 8 0
19 46 -20 0
40 37 -27 0
46 17 -32 0
-43 -40 -38 0
32 -37 -3 0
20 -37 -22 0
38 -13 46 0
39 -39 -39 0
14 -35 -43 0
44 -43 -19 0
-42 1 47 0
-50 24 12 0
-32 46 28 0
30 -15 -47 0
49 16 43 0
44 30 12 0
27 27 -47 0
-9 -8 -32 0
7 12 -44 0
15 -47 12 0
14 23 -16 0
32 48 42 0
12 -42 50 0
-12 19 -41 0
35 37 16 0
-43 -3 -22 0
-15 -24 21 0
-39 -13 -50 0
46 -21 -22 0
-27 -27 -46 0
-39 11 25 0
5 -38 -9 0
-8 -42 -23 0
-23 7 1 0
33 -6 -39 0
-19 9 34 0
-36 14 -10 0
-40 38 -14 0
21 18 33 0
-28 28 -10 0
-43 -1 -49 0
-3 -27 15 0
-50 -26 -26 0
-8 -8 6 0
17 5 18 0
-27 -39 24 0
7 -26 44 0
10 -7 37 0
-12 46 48 0
18 -30 -25 0
-35 28 -7 0
-48 24 37 0
-1 50 -49 0
-11 40 -27 0
-9 32 -10 0
-4 -40 -36 0
-27 -23 -34 0
10 42 6 0
-46 -27 -14 0
16 28 -6 0
18 47 48 0
-42 -23 31 0
22 33 -5 0
-14 -41 41 0
6 43 -25 0
8 -13 -21 0
16 23 -27 0
-28 -21 -28 0
-4 -14 -30 0
-33 7 -24 0
-38 32 29 0
16 11 20 0
-10 31 -24 0
39 -33 -8 0
-33 16 -10 0
34 -9 -15 0
-32 -10 -24 0
1 -35 -2 0
-21 15 -50 0
14 4 -10 0
37 24 42 0
45 -34 -32 0
-22 -34 34 0
-14 9 -19 0
41 -8 -48 0
-35 25 8 0
10 13 -11 0
7 -10 2 0
2 -34 -31 0
-18 -6 -39 0
47 44 19 0
23 41 11 0
8 -23 -49 0
36 10 -34 0
-30 -49 29 0
32 39 -4 0
33 50 -41 0
-21 -38 -23 0
21 24 44 0
3 39 -29 0
8 35 -39 0
3 4 -43 0
3 2 -3 0
