c CNF generator v0.9
p cnf 50 250
-21 -37 37 0
-11 11 -15 0
-7 8 -31 0
-22 -46 31 0
23 38 -35 0
39 -30 -27 0
5 40 -18 0
-47 -1 36 0
-32 -3 32 0
32 -35 -5 0
12 -35 27 0
-47 27 -15 0
-18 46 -14 0
-15 -49 -42 0
-14 26 16 0
11 -39 12 0
40 18 39 0
-36 23 30 0
14 34 -21 0
-30 -19 -45 0
20 -23 50 0
-37 -41 8 0
28 -29 46 0
-36 -1 -29 0
37 -20 -1 0
19 -26 -47 0
1 50 23 0
13 45 48 0
12 -21 32 0
29 -7 -29 0
20 -32 7 0
33 -7 -24 0
-13 20 44 0
23 -9 50 0
31 35 -42 0
-16 -7 -27 0
-19 -20 1 0
8 -11 -31 0
3 -10 -5 0
-11 33 -7 0
45 27 35 0
-3 20 9 0
9 38 -19 0
40 21 49 0
-31 -16 38 0
-32 -24 22 0
-26 -2 49 0
-45 19 -15 0
-30 -42 -16 0
-16 14 10 0
8 -34 29 0
12 2 -17 0
37 -34 5 0
-11 5 -50 0
26 -40 -24 0
48 -8 -19 0
29 49 -40 0
-27 33 5 0
44 44 -32 0
-19 -20 -47 0
34 9 32 0
40 35 -26 0
3 20 -11 0
-4 -45 10 0
4 6 -11 0
-32 22 24 0
-3 13 -17 0
-12 34 -9 0
37 -8 -14 0
-6 34 28 0
-35 23 -21 0
-15 -48 45 0
3 -5 -22 0
-42 23 -45 0
-31 12 38 0
-28 -20 -41 0
26 -24 1 0
-18 -28 48 0
48 -35 -29 0
-28 -11 43 0
-12 -44 -37 0
12 9 8 0
-18 28 7 0
5 24 16 0
-25 -34 49 0
-21 23 -45 0
28 -2 10 0
40 -3 43 0
27 -35 26 0
39 -36 -16 0
17 -31 -32 0
-11 3 15 0
-14 1 -37 0
9 50 -13 0
34 -1 32 0
-1 5 -25 0
-48 31 13 0
32 6 -45 0
-43 13 32 0
-14 42 42 0
30 6 -31 0
-12 7 -5 0
-39 -28 -20 0
9 -43 11 0
14 -1 -44 0
-32 29 -18 0
-28 -22 -41 0
46 29 -44 0
-25 23 33 0
-10 13 -43 0
-22 -47 -5 0
-30 -5 21 0
3 42 -5 0
17 21 -43 0
-19 -12 48 0
15 -25 -50 0
34 23 30 0
21 -37 42 0
-8 -17 11 0
8 34 -5 0
-19 49 -49 0
-35 35 -26 0
41 -39 30 0
-26 28 10 0
16 -48 29 0
28 12 46 0
-48 36 41 0
40 -39 37 0
-23 25 -44 0
-4 -4 45 0
28 -29 8 0
-50 -1 -3 0
33 -33 41 0
-42 16 -44 0
-35 32 35 0
36 36 -43 0
-14 46 21 0
-34 49 -32 0
25 -9 -4 0
-38 -28 27 0
4 -4 27 0
23 10 -40 0
46 -34 25 0
-27 -37 -38 0
26 22 -10 0
27 10 34 0
-21 -19 18 0
-31 44 -27 0
-40 35 -27 0
-28 -2 47 0
4 49 11 0
-11 1 -40 0
21 23 45 0
44 -49 -38 0
14 -38 2 0
-4 -41 -33 0
-20 40 19 0
-47 -10 -17 0
18 -9 24 0
39 27 30 0
-37 7 -38 0
-45 -24 -46 0
24 20 -45 0
37 -12 -1 0
-35 -21 10 0
-12 -24 -33 0
-48 -6 47 0
13 -16 -31 0
-33 -46 -15 0
-28 -40 -3 0
-19 40 43 0
-8 39 4 0
-45 -40 -29 0
-14 -11 -5 0
17 26 -41 0
32 -24 42 0
-11 -45 14 0
-30 -33 39 0
-14 -17 -15 0
1 21 -33 0
34 -9 -12 0
-4 38 -27 0
3 34 -6 0
-1 -14 -33 0
41 31 2 0
-41 -10 -31 0
34 -48 8 0
-39 36 -24 0
22 -4 -3 0
-5 -46 -2 0
37 -46 -40 0
-47 -10 -1 0
5 1 14 0
-20 -2 39 0
41 49 -41 0
37 -11 -14 0
-20 38 27 0
-18 27 -46 0
-30 12 -35 0
-26 -43 2 0
-22 -1 35 0
23 -12 47 0
-47 45 -36 0
47 10 13 0
39 11 7 0
19 -50 23 0
-41 5 -25 0
3 2 -15 0
36 -5 -50 0
17 38 19 0
-10 46 -4 0
1 38 16 0
-48 -44 49 0
-28 -3 11 0
13 -15 -45 0
28 12 20 0
-48 40 -38 0
-50 28 48 0
20 23 39 0
26 -31 -1 0
3 34 21 0
7 22 -28 0
-5 50 -47 0
20 -30 46 0
7 11 15 0
-41 -38 22 0
24 27 -33 0
-10 -23 -38 0
47 48 -25 0
28 39 -39 0
27 -32 29 0
-49 -37 13 0
-26 -22 -27 0
-9 -45 -17 0
35 23 -30 0
19 -37 -28 0
-16 25 1 0
39 7 -37 0
12 1 -10 0
-4 -29 47 0
43 -18 -22 0
2 -46 -50 0
-11 42 7 0
-33 -50 47 0
10 35 18 0
-48 -22 -27 0
-36 -22 50 0
13 41 -32 0
-24 1 30 0
-31 -48 5 0
