c CNF generator v0.9
p cnf 50 250
20 -9 33 0
-43 45 12 0
-34 -36 -46 0
-4 -31 36 0
37 -50 26 0
-38 14 48 0
15 23 36 0
18 -23 -11 0
48 -27 -35 0
37 -1 -41 0
23 38 -31 0
-10 16 -5 0
25 37 -13 0
4 19 -1 0
24 36 -22 0
45 -26 -45 0
-31 8 13 0
-7 32 -17 0
-42 -33 37 0
-21 1 3 0
40 -47 -49 0
11 -49 9 0
-3 -16 -36 0
36 -14 -32 0
-21 -44 -40 0
27 -35 -28 0
20 -4 28 0
-46 -44 20 0
-2 13 -6 0
19 -30 -31 0
13 -11 49 0
-45 -5 35 0
-42 45 -4 0
-38 -6 42 0
-24 -22 43 0
-46 30 43 0
-44 -7 -22 0
29 26 -10 0
4 34 21 0
5 18 9 0
22 21 32 0
-30 -3 -31 0
-46 -38 3 0
14 18 5 0
-1 37 -6 0
30 15 15 0
-4 44 16 0
45 -24 -29 0
41 47 -9 0
17 -21 3 0
2 -25 36 0
-31 -6 25 0
12 8 -9 0
-25 34 -40 0
-44 -44 12 0
4 44 39 0
35 40 50 0
-44 32 46 0
-8 -36 -9 0
-11 -21 -49 0
15 -45 4 0
-26 -8 9 0
5 -19 -42 0
37 -18 -15 0
35 -19 30 0
8 27 -3 0
-6 23 -20 0
26 -15 43 0
37 12 -49 0
20 -34 -34 0
-43 -30 3 0
25 10 1 0
-41 47 12 0
18 -30 31 0
6 -1 41 0
-41 11 23 0
-6 5 4 0
-40 44 -35 0
15 -42 -43 0
-48 47 40 0
-44 43 14 0
17 -21 30 0
-28 50 -6 0
-1 -19 -27 0
32 -44 48 0
-18 -1 -31 0
10 -4 18 0
-44 -41 -29 0
-19 -12 -30 0
-33 -50 -42 0
-6 31 14 0
-2 25 -5 0
15 50 17 0
-46 18 44 0
8 7 8 0
-41 -47 34 0
-45 39 -15 0
12 -45 -22 0
-8 14 -9 0
46 -42 -45 0
-22 6 48 0
-37 38 -21 0
-46 -38 -28 0
-45 3 5 0
-18 -2 17 0
28 2 -38 0
-47 34 -22 0
47 -11 3 0
-5 31 -25 0
39 37 11 0
9 12 -33 0
24 -6 20 0
34 -16 14 0
17 -45 -13 0
-32 7 -30 0
1 40 -33 0
-44 26 46 0
41 -5 47 0
-25 -17 4 0
-45 34 46 0
23 -23 -27 0
-50 -18 12 0
10 8 -43 0
-37 -32 39 0
39 48 -9 0
-38 -9 20 0
-28 -25 -3 0
-21 -32 19 0
48 20 -34 0
-42 10 -11 0
24 -26 13 0
-39 -19 -35 0
-43 1 -32 0
40 -1 -7 0
38 22 11 0
33 26 7 0
-20 -5 9 0
-10 -25 -8 0
23 23 16 0
32 26 32 0
25 15 -21 0
-25 -50 39 0
34 -13 40 0
-20 11 -49 0
-22 26 -27 0
30 13 -6 0
-29 3 15 0
4 -9 -48 0
-10 -38 23 0
34 -20 47 0
-45 42 22 0
45 13 31 0
13 -15 5 0
-5 -37 -46 0
45 -7 44 0
36 -38 10 0
-38 46 -18 0
23 45 -7 0
9 -30 9 0
24 -43 -25 0
-21 -40 -33 0
32 -47 -37 0
4 44 32 0
-10 -28 -39 0
-28 -25 40 0
-44 -27 -46 0
13 -4 43 0
5 -41 -22 0
-7 9 33 0
2 -46 -20 0
-25 18 39 0
39 32 10 0
42 -22 13 0
-34 -41 40 0
-42 -29 -28 0
38 14 -31 0
29 24 2 0
4 6 26 0
-21 14 16 0
16 25 -12 0
-27 -46 47 0
33 -28 16 0
6 -26 -10 0
22 6 50 0
-14 17 -23 0
-33 -16 -47 0
41 -6 41 0
-48 -44 41 0
16 44 -14 0
38 3 -34 0
26 21 43 0
40 -20 20 0
20 -47 30 0
38 -11 -45 0
-23 -42 4 0
-27 12 15 0
10 -40 9 0
35 22 24 0
-3 -13 -22 0
-22 24 -40 0
46 14 11 0
9 1 -8 0
6 27 19 0
-36 -24 17 0
17 -48 -26 0
-47 -48 40 0
-13 -16 41 0
50 3 24 0
11 10 -25 0
6 32 -46 0
-34 15 40 0
-43 -6 -22 0
5 -2 -7 0
-12 19 -43 0
20 3 20 0
5 -11 -43 0
-28 -17 -7 0
-37 -12 -25 0
-38 -46 -48 0
9 45 36 0
-40 20 38 0
-5 -20 -35 0
-36 -50 12 0
45 45 -34 0
23 -37 25 0
34 -13 -50 0
-29 -49 10 0
-34 -19 3 0
19 -21 -1 0
-27 50 -16 0
15 3 -11 0
-44 3 30 0
36 -41 26 0
-1 27 22 0
-36 -39 39 0
-47 -11 21 0
24 -9 12 0
12 23 -19 0
-8 -14 14 0
-48 -32 3 0
14 -38 45 0
-10 15 -30 0
-28 -6 -11 0
2 22 4 0
-2 -48 -43 0
27 -25 -38 0
50 -4 -29 0
34 35 31 0
19 -1 -18 0
-25 42 44 0
