c CNF generator v0.9
p cnf 50 250
-31 6 -40 0
-38 44 -45 0
-44 50 24 0
42 -22 -27 0
-11 22 -27 0
41 -9 -17 0
31 46 -39 0
-33 14 -34 0
8 39 22 0
11 31 -5 0
-8 -48 -38 0
50 -14 -28 0
-1 41 7 0
-4 -33 6 0
-19 -2 -6 0
-3 46 31 0
14 17 -11 0
-24 -34 -7 0
34 -19 -24 0
-11 27 -50 0
-28 34 -41 0
39 27 -30 0
29 -5 41 0
37 49 -35 0
21 -22 -21 0
-9 40 24 0
-6 41 11 0
37 15 3 0
18 -9 14 0
17 10 -17 0
18 50 -48 0
25 -50 6 0
-49 45 41 0
-7 31 -23 0
-3 -49 -14 0
24 16 -40 0
50 41 -28 0
-17 15 -49 0
-21 23 -27 0
-7 -28 17 0
-46 34 -43 0
-19 -49 -30 0
30 36 35 0
-41 40 26 0
-21 17 -9 0
-8 -32 24 0
29 -41 10 0
4 20 -5 0
-32 30 -37 0
-20 23 1 0
-27 24 28 0
34 -44 3 0
18 -16 26 0
-3 -37 -45 0
44 -35 -27 0
-49 -12 29 0
-30 -43 -4 0
26 -20 -31 0
8 27 30 0
50 -13 -32 0
14 -16 7 0
-18 15 -23 0
28 -23 -8 0
-45 -50 26 0
-1 32 23 0
-44 2 -16 0
33 42 -18 0
33 -36 2 0
24 -33 29 0
28 -41 -5 0
-7 38 5 0
-2 22 18 0
3 -35 37 0
46 -16 -44 0
47 -50 14 0
-47 -19 49 0
48 -26 45 0
-23 22 -48 0
50 3 30 0
42 35 -18 0
40 36 -20 0
36 42 6 0
-23 12 -2 0
-36 -33 -28 0
-7 -12 -40 0
-7 -10 36 0
-41 16 -11 0
-45 -16 20 0
-31 -37 35 0
49 -9 34 0
22 -45 -31 0
19 -38 -17 0
-29 -3 -4 0
-46 27 -49 0
-1 29 16 0
22 28 43 0
-43 43 9 0
9 11 -16 0
4 11 -38 0
-34 -11 -5 0
25 -23 43 0
24 4 -20 0
1 5 -9 0
-26 15 -45 0
-2 24 9 0
-26 39 -39 0
-1 45 -11 0
-24 -33 -40 0
23 -8 -41 0
-11 7 35 0
34 9 -16 0
49 -28 -13 0
42 -9 -13 0
-17 -4 -41 0
26 9 -31 0
-43 -27 47 0
-28 11 9 0
-39 -20 11 0
22 32 25 0
39 41 48 0
34 -6 38 0
-1 4 -13 0
12 34 7 0
48 29 22 0
8 44 -27 0
-14 18 17 0
-23 18 34 0
-7 8 1 0
17 -10 -34 0
34 -3 38 0
9 2 49 0
-40 21 41 0
-46 -32 34 0
23 15 13 0
-47 -23 21 0
-5 7 -41 0
25 -16 -1 0
13 -41 26 0
-6 29 28 0
28 31 -13 0
-30 38 -27 0
-46 49 -31 0
2 7 -18 0
-42 37 18 0
48 15 -29 0
-50 -7 2 0
28 40 9 0
36 20 37 0
39 22 27 0
20 -33 -1 0
-33 3 -42 0
-15 39 -16 0
-19 -19 35 0
-28 46 42 0
-43 42 -18 0
7 6 15 0
49 -34 42 0
-39 46 -5 0
18 42 -16 0
-28 -40 -22 0
17 -7 3 0
-7 41 -11 0
13 -38 1 0
35 -46 -18 0
-9 23 -36 0
5 32 -10 0
18 24 45 0
27 -24 -34 0
12 -35 -41 0
32 16 17 0
-37 -41 10 0
3 -37 30 0
-49 -50 -41 0
-50 -31 -12 0
-20 -39 -47 0
-15 -48 -29 0
-44 14 -9 0
-7 23 -25 0
18 29 -28 0
-39 -4 -18 0
10 40 42 0
12 36 -15 0
9 -2 30 0
26 44 18 0
-34 16 6 0
-42 42 -14 0
-21 9 -48 0
-16 -43 -12 0
20 -21 10 0
-40 -2 -15 0
-35 -34 -24 0
-9 -26 -33 0
15 -11 40 0
38 -34 -4 0
-30 39 36 0
23 -42 -15 0
2 -47 32 0
17 -47 4 0
10 12 24 0
-23 30 12 0
10 -37 -18 0
-28 -34 -29 0
-21 10 -38 0
9 -29 43 0
-24 22 30 0
-13 39 -31 0
-26 -8 7 0
-18 11 -47 0
25 -17 -19 0
-7 -25 15 0
2 49 -16 0
15 -18 -42 0
19 -43 -19 0
-21 41 23 0
34 31 6 0
-28 -34 -38 0
5 17 10 0
41 27 -7 0
46 -35 32 0
49 -42 23 0
29 -35 39 0
17 -16 -12 0
28 36 -31 0
30 20 24 0
8 2 -31 0
-16 34 -2 0
48 7 -7 0
-10 -13 -14 0
43 30 -36 0
32 50 -44 0
27 39 -40 0
23 -43 -33 0
45 18 -42 0
-42 26 -43 0
-40 10 26 0
39 22 7 0
7 -18 10 0
-8 -35 -34 0
30 -30 -38 0
30 -13 -44 0
41 -14 3 0
45 -47 22 0
-40 47 -43 0
-13 17 9 0
-10 27 -46 0
29 -4 49 0
20 -20 3 0
-43 14 17 0
-17 -1 -13 0
-37 -39 -43 0
