c CNF generator v0.9
p cnf 50 250
-19 -42 -8 0
5 11 11 0
-42 19 -14 0
-21 -16 39 0
-36 11 -38 0
-47 -40 42 0
13 35 49 0
-33 42 9 0
-42 9 -28 0
21 1 42 0
40 44 1 0
-12 12 49 0
-13 48 -38 0
47 27 -31 0
42 -35 -17 0
-6 -31 14 0
-6 -49 -31 0
33 42 -39 0
-36 -19 20 0
8 -29 -44 0
-8 27 21 0
-1 42 1 0
-46 -41 38 0
18 46 6 0
49 11 -44 0
-8 38 50 0
3 21 -18 0
7 -43 -22 0
22 44 -49 0
-34 16 -19 0
47 38 -40 0
-1 11 18 0
18 -7 9 0
-42 49 25 0
-41 25 -32 0
-49 -18 -45 0
41 22 9 0
16 -18 4 0
23 -22 3 0
-8 50 -27 0
16 -3 -46 0
31 -23 10 0
36 39 -27 0
49 -50 46 0
-10 28 -22 0
3 30 -38 0
-11 10 -14 0
-41 11 25 0
32 -27 -15 0
-30 35 30 0
1 5 -43 0
26 27 -40 0
11 22 50 0
22 21 -11 0
30 6 -23 0
47 -43 14 0
20 -20 35 0
-7 -43 37 0
-3 -10 6 0
-14 7 -22 0
2 -14 25 0
44 43 46 0
22 3 15 0
-1 -3 -15 0
40 -35 -23 0
46 -18 -24 0
43 19 6 0
-29 -20 12 0
41 14 -10 0
-42 8 -12 0
34 8 20 0
-35 -17 -33 0
42 -32 33 0
8 9 21 0
-50 -17 -27 0
-46 4 21 0
-9 2 -4 0
9 26 -26 0
1 -19 -26 0
37 32 -25 0
31 39 20 0
3 47 23 0
38 -41 6 0
24 -45 -50 0
3 11 7 0
25 40 20 0
-18 -35 17 0
11 9 -14 0
-21 -7 -48 0
-39 -24 10 0
19 47 29 0
23 -18 -7 0
-14 14 42 0
29 -24 -42 0
-46 33 7 0
-43 30 -28 0
33 23 46 0
49 2 27 0
24 50 19 0
14 -33 -14 0
-26 -5 -47 0
-29 -43 -44 0
-14 -8 5 0
50 3 39 0
-36 48 18 0
5 -41 -11 0
38 -24 49 0
-13 -12 -14 0
2 -34 39 0
-38 28 -23 0
32 10 10 0
2 -12 49 0
7 42 45 0
-32 14 13 0
17 43 -50 0
-48 -13 29 0
-22 38 -25 0
-44 -23 -4 0
5 -1 -43 0
-48 6 24 0
6 -25 -13 0
46 -28 -4 0
-33 25 -2 0
-36 -36 15 0
8 -44 6 0
49 45 -22 0
46 -47 -40 0
24 13 38 0
-7 39 15 0
8 12 -16 0
17 36 -11 0
-34 17 -7 0
-50 -35 -14 0
-1 41 -4 0
38 -42 43 0
49 -36 -25 0
50 -1 27 0
-24 -34 -39 0
30 25 -41 0
34 39 -23 0
-29 2 25 0
-17 -6 -12 0
18 6 -28 0
43 33 -11 0
43 -34 -30 0
31 -19 4 0
6 33 39 0
-26 -34 43 0
-28 39 36 0
-5 49 21 0
-41 -8 50 0
24 30 -9 0
37 -29 -36 0
-16 -19 32 0
-31 48 35 0
-24 -48 5 0
-14 25 28 0
26 -32 -40 0
-24 17 44 0
-36 33 -41 0
-46 -17 -21 0
15 -20 -13 0
32 -11 -8 0
23 -12 12 0
7 14 -8 0
-32 25 -1 0
-11 -46 7 0
-9 -8 4 0
47 -37 20 0
-9 -8 -41 0
-20 -36 -5 0
-50 -7 23 0
-43 7 -48 0
-48 32 47 0
4 26 20 0
-40 -50 -27 0
-10 13 10 0
43 -44 20 0
45 -45 45 0
18 -10 -28 0
-38 6 -13 0
39 -34 -44 0
11 14 13 0
-14 32 41 0
-35 29 32 0
-19 25 -14 0
3 24 23 0
14 -19 -31 0
-41 -2 21 0
-28 -11 16 0
-10 -6 -31 0
43 -36 -8 0
-23 21 24 0
-38 8 -11 0
-22 4 -35 0
-15 4 48 0
10 -47 -17 0
25 20 22 0
11 45 20 0
4 48 -35 0
-5 -27 20 0
-45 11 38 0
-16 33 47 0
-15 10 -11 0
-50 -33 -32 0
45 10 46 0
-32 16 -7 0
-13 -1 -16 0
-10 45 -43 0
-44 27 -4 0
24 14 -25 0
16 25 46 0
4 -4 45 0
-22 32 -49 0
-27 -9 17 0
-8 22 28 0
-16 -18 31 0
-37 -4 11 0
-35 -21 -10 0
-2 -46 -50 0
9 -20 6 0
49 -42 22 0
-34 35 -14 0
9 5 -9 0
-40 21 37 0
-43 -36 13 0
-23 11 -20 0
9 17 32 0
39 -48 9 0
42 -47 -33 0
-26 34 -4 0
-2 -30 -38 0
-32 29 37 0
-34 12 -13 0
47 -2 -3 0
7 19 -17 0
-12 -35 21 0
27 44 -34 0
-26 26 43 0
-33 2 46 0
-43 -41 43 0
23 30 14 0
-24 50 -29 0
-7 -32 -41 0
-36 13 -45 0
-28 42 -20 0
31 48 -50 0
44 20 -38 0
30 -6 39 0
-31 48 -34 0
