c CNF generator v0.9
p cnf 50 250
44 37 37 0
-16 -1 -36 0
-34 -28 17 0
-17 1 -32 0
-47 -7 -29 0
-24 48 28 0
-38 14 35 0
-47 50 -34 0
8 -26 27 0
3 47 -38 0
18 -1 -27 0
27 48 -10 0
-38 17 -21 0
8 17 -41 0
5 -24 -37 0
-28 -1 22 0
15 32 33 0
3 33 -38 0
13 -13 47 0
-35 2 42 0
-15 19 -50 0
9 -21 22 0
1 -4 -33 0
-49 -47 -27 0
-33 -30 -39 0
-22 8 -2 0
21 21 -31 0
17 8 -24 0
46 -36 -40 0
2 8 -43 0
19 44 -13 0
-40 -9 -5 0
-46 11 21 0
-26 23 -43 0
-50 27 -16 0
36 -20 33 0
6 33 -31 0
24 42 3 0
-32 47 -18 0
31 -35 -5 0
-15 22 -12 0
-31 -21 6 0
15 44 1 0
37 -44 -12 0
-3 36 -18 0
31 -15 47 0
17 -47 -49 0
21 -41 40 0
22 -16 -18 0
46 47 37 0
4 -20 44 0
49 -13 -1 0
-50 -30 -28 0
-29 -4 36 0
26 38 -38 0
19 30 46 0
-25 -12 38 0
48 44 22 0
-45 2 -11 0
-39 -12 -44 0
19 36 -42 0
38 -8 40 0
5 -41 -10 0
-3 17 -46 0
-45 -39 -41 0
-4 37 -31 0
16 -16 33 0
-19 -48 31 0
-15 -18 18 0
10 21 -16 0
-20 49 34 0
-13 9 -5 0
25 -25 -32 0
-3 -1 -19 0
24 4 -43 0
36 7 45 0
6 16 -36 0
-37 -41 38 0
-50 -36 -2 0
-2 2 18 0
-14 -32 31 0
20 11 32 0
4 5 41 0
14 -38 -37 0
-18 -13 1 0
-36 -28 10 0
-15 46 -38 0
33 5 41 0
-47 28 -5 0
-45 -16 -14 0
41 -46 -25 0
37 3 48 0
-35 49 -11 0
-32 -12 48 0
9 -1 3 0
15 46 -5 0
30 -23 29 0
-10 32 44 0
-45 -42 -34 0
3 43 -30 0
-3 -17 29 0
6 12 -2 0
14 -24 37 0
-2 -48 50 0
-7 -23 -24 0
19 26 -16 0
15 46 -25 0
-17 39 -23 0
24 2 50 0
-29 -18 -21 0
-20 -32 27 0
43 -26 27 0
-13 -28 36 0
48 -31 7 0
31 -48 -12 0
41 21 6 0
-19 -34 -45 0
-50 5 -38 0
36 -32 -25 0
3 -50 -50 0
25 18 -44 0
39 18 49 0
37 7 -17 0
8 6 -42 0
-2 -25 14 0
-22 -15 -45 0
-36 -8 34 0
-21 -24 9 0
-1 6 -48 0
27 -22 -11 0
-47 33 -19 0
-26 -9 -31 0
18 48 40 0
18 -42 21 0
-10 -10 20 0
-27 18 -6 0
-25 37 -34 0
-3 -42 41 0
46 -47 17 0
-10 27 -20 0
-48 28 22 0
28 36 -28 0
-47 -37 14 0
-25 43 -33 0
-38 33 -44 0
38 -10 -36 0
-37 23 31 0
-5 27 16 0
15 12 -15 0
-29 47 -8 0
15 28 -4 0
-50 25 -19 0
-49 50 35 0
7 3 -47 0
47 1 33 0
40 26 -29 0
34 28 -7 0
43 -15 -13 0
-27 -41 17 0
7 10 -13 0
18 -48 10 0
31 4 -4 0
-22 -39 24 0
2 -23 -41 0
-42 10 -20 0
2 14 -2 0
20 19 45 0
-30 34 18 0
-19 41 -42 0
28 -42 8 0
-21 1 27 0
-40 3 43 0
27 30 -10 0
47 -5 -29 0
17 -29 -11 0
21 -36 -2 0
5 -30 -27 0
-6 -40 -10 0
-37 -4 -23 0
7 -6 -43 0
-43 -5 44 0
-1 37 49 0
18 -37 28 0
-6 -25 24 0
-13 -37 32 0
-23 21 19 0
-25 17 -12 0
25 -41 -23 0
-28 -50 -44 0
21 -16 38 0
-40 -20 -36 0
-8 34 -5 0
13 1 -33 0
30 -19 -33 0
-47 -34 32 0
24 50 -39 0
50 26 34 0
10 25 37 0
7 -40 -25 0
7 19 -14 0
-33 10 14 0
-48 7 -24 0
-23 -30 42 0
48 33 -2 0
-15 3 24 0
32 44 18 0
43 6 -34 0
-3 5 32 0
-4 46 -49 0
29 39 -5 0
28 21 42 0
-43 38 -47 0
-45 -45 -9 0
-16 14 -37 0
4 -48 -25 0
8 6 48 0
-1 37 -13 0
-40 26 31 0
-12 19 -40 0
-37 16 34 0
36 34 -41 0
-14 23 22 0
-46 31 -22 0
5 -44 1 0
8 -16 30 0
-17 27 16 0
46 35 13 0
-6 -40 23 0
-12 21 -11 0
35 -17 4 0
27 3 12 0
-11 31 -1 0
-23 13 -2 0
11 46 37 0
-44 36 37 0
-25 45 -43 0
39 27 -2 0
19 -11 -45 0
-39 10 -42 0
-36 -6 -37 0
-12 1 -41 0
-38 -19 -45 0
-40 31 8 0
-2 -17 27 0
17 2 -2 0
-37 18 18 0
-11 -11 16 0
10 20 -19 0
-3 -2 -40 0
-11 -24 24 0
