c CNF generator v0.9
p cnf 50 250
-45 -19 -50 0
-28 -21 22 0
24 -47 -6 0
17 49 -39 0
-32 2 -24 0
42 -6 -43 0
34 -33 18 0
-35 -36 -34 0
-42 -25 -13 0
-45 -39 11 0
-26 -50 10 0
-9 40 -11 0
43 -9 -32 0
-11 -6 -38 0
-25 34 -10 0
-26 33 14 0
-48 36 -48 0
31 26 -9 0
1 43 31 0
-13 -14 48 0
50 46 -25 0
22 48 -6 0
7 -49 37 0
1 -34 39 0
27 -43 -40 0
-37 -28 1 0
-29 -21 14 0
10 17 -47 0
34 2 -50 0
-35 12 -23 0
13 -37 39 0
41 -2 50 0
39 11 38 0
1 21 -14 0
42 42 -2 0
-10 -9 -44 0
-24 15 -50 0
-5 48 45 0
50 -26 17 0
2 -30 39 0
29 16 -7 0
-28 -24 49 0
-9 -45 -27 0
-23 -12 -46 0
-15 -25 -35 0
44 -21 -37 0
-2 26 -32 0
45 20 -34 0
14 29 -39 0
-46 29 28 0
-1 -24 -31 0
-22 -34 35 0
-16 12 -10 0
-15 -40 -30 0
-33 38 33 0
-38 38 -21 0
-12 27 -29 0
-49 -45 -44 0
17 -38 22 0
-9 -7 20 0
-18 -50 33 0
43 30 41 0
24 -7 -6 0
-20 -15 8 0
-14 -23 39 0
7 -39 -3 0
-19 -47 -11 0
-22 -39 24 0
37 -40 45 0
13 -9 49 0
3 -21 -11 0
-14 2 45 0
44 -11 -48 0
16 36 -3 0
45 25 -38 0
19 -44 43 0
16 -10 2 0
8 10 -10 0
-30 2 26 0
-15 -21 50 0
35 -21 18 0
3 -16 38 0
-16 -38 -4 0
-38 36 18 0
16 15 -38 0
30 -45 -40 0
22 28 -34 0
-37 -40 33 0
8 -28 28 0
38 15 18 0
-34 35 -40 0
40 -13 46 0
-29 -21 36 0
27 48 -3 0
-20 -26 25 0
-13 11 3 0
36 -17 37 0
31 5 -7 0
-45 22 35 0
48 -19 -24 0
14 9 1 0
-22 19 20 0
-14 -11 2 0
7 -26 -49 0
12 -50 6 0
38 -45 -1 0
12 14 7 0
1 38 20 0
-23 16 -49 0
-4 25 -6 0
5 -14 -35 0
-12 46 -9 0
-48 -41 12 0
8 39 14 0
48 36 3 0
-25 2 -38 0
40 -43 -26 0
-14 31 32 0
-22 45 -45 0
16 46 -43 0
12 12 -10 0
-42 12 -37 0
38 29 -39 0
22 -25 29 0
29 31 -41 0
-29 -8 40 0
-21 46 -18 0
29 -50 -15 0
-18 26 48 0
6 -49 22 0
39 -21 35 0
8 9 28 0
-35 -42 -48 0
-46 -40 22 0
30 31 -20 0
23 -33 21 0
-49 -38 21 0
48 -27 16 0
-13 -17 24 0
-20 -30 21 0
-3 -16 -48 0
-14 4 -47 0
-13 -5 43 0
36 -2 -36 0
11 39 -47 0
-46 28 -48 0
-4 -29 -9 0
-23 39 -25 0
4 -12 -33 0
20 32 36 0
29 -25 -37 0
-24 35 6 0
-37 23 17 0
5 -24 29 0
13 46 1 0
-25 -6 -6 0
32 -33 -22 0
-24 21 -11 0
-7 -39 39 0
5 20 16 0
-38 -50 -13 0
-40 -37 2 0
-41 40 -41 0
-34 17 20 0
6 -41 26 0
-4 6 14 0
43 -5 -18 0
27 21 32 0
-7 -33 16 0
6 -42 8 0
48 -24 6 0
35 -26 26 0
-4 -38 26 0
48 -25 -37 0
32 6 7 0
-33 7 -6 0
12 -21 -44 0
-9 -36 46 0
24 -24 -6 0
-2 47 11 0
46 -17 29 0
-10 29 -45 0
-25 -16 8 0
-13 -46 42 0
20 -26 38 0
-17 8 -1 0
14 44 25 0
41 -26 1 0
28 4 43 0
13 35 -4 0
13 34 -39 0
-38 25 8 0
9 -40 28 0
34 30 -21 0
9 -4 49 0
21 -28 -36 0
39 23 22 0
-22 6 10 0
-43 47 6 0
23 18 45 0
23 -33 15 0
3 -49 -7 0
-37 1 47 0
46 -19 -12 0
42 -10 19 0
-11 -29 22 0
4 39 14 0
-21 13 -11 0
-9 -46 -1 0
-35 7 1 0
6 39 23 0
3 17 50 0
-46 -12 -37 0
13 44 1 0
19 38 16 0
-31 26 47 0
-24 -9 -30 0
45 -46 1 0
-23 -39 -44 0
-30 -39 -8 0
43 -47 -35 0
-50 15 -17 0
-17 31 -5 0
-17 -43 -32 0
-13 -46 24 0
-39 -42 50 0
-29 2 -9 0
-41 -42 -4 0
13 -30 -11 0
-16 -46 -12 0
9 -22 -34 0
-11 -23 25 0
29 46 45 0
-11 -22 -17 0
-24 -21 9 0
37 -4 -1 0
-2 19 -7 0
-16 -2 18 0
-14 30 -37 0
-42 -33 2 0
-15 -34 -41 0
-13 -37 7 0
-2 1 33 0
32 20 -4 0
-21 -45 42 0
5 19 18 0
49 -44 -11 0
-16 49 43 0
-13 -4 -17 0
-1 -34 -7 0
