c CNF generator v0.9
p cnf 50 250
47 39 22 0
38 23 -32 0
38 -38 -1 0
44 -37 38 0
26 -46 40 0
23 -49 -14 0
26 -1 -7 0
-30 -47 41 0
-29 -9 -6 0
-33 -7 28 0
-23 -40 45 0
-49 19 -41 0
-46 -6 -3 0
11 -26 19 0
40 30 14 0
-16 -32 3 0
8 -48 39 0
-29 46 7 0
17 -25 -32 0
-2 -28 -4 0
10 -19 -16 0
27 -6 33 0
-1 31 15 0
48 39 22 0
31 -12 -13 0
26 -15 -26 0
12 -38 -22 0
30 28 -16 0
-9 9 -44 0
39 46 23 0
37 25 3 0
-27 40 -17 0
-23 21 23 0
-24 30 -7 0
48 -10 -14 0
-22 -31 29 0
19 19 40 0
-28 -43 -16 0
8 24 -26 0
-14 22 22 0
9 14 -44 0
-1 43 12 0
31 50 -10 0
-16 -39 9 0
-35 -48 -41 0
-41 5 47 0
-30 23 28 0
34 50 -8 0
40 -39 42 0
-10 50 -50 0
33 -44 37 0
44 25 24 0
-38 24 11 0
47 36 38 0
-47 36 40 0
-2 9 -9 0
7 -13 -28 0
-32 -27 32 0
-17 -16 -41 0
-27 14 14 0
48 -7 41 0
-13 -23 -1 0
18 -46 26 0
-47 17 35 0
-41 -5 -16 0
-37 15 -33 0
21 16 2 0
-30 27 23 0
-30 -39 17 0
24 50 34 0
-41 -7 -32 0
-2 34 19 0
-1 -43 16 0
36 23 32 0
-11 28 -8 0
19 -44 42 0
25 -6 -31 0
-10 42 -6 0
21 -41 -27 0
-40 -32 -27 0
-34 35 20 0
37 23 -11 0
-43 -10 39 0
31 36 22 0
-23 -23 -43 0
23 -41 14 0
-25 -28 -44 0
31 -38 -40 0
19 18 7 0
-46 1 -11 0
10 -45 1 0
24 10 -7 0
12 12 -10 0
-27 28 1 0
42 38 -24 0
13 32 21 0
-19 -11 23 0
49 34 11 0
24 -4 31 0
-12 -19 -19 0
48 29 18 0
-42 13 -37 0
10 44 -42 0
44 29 -40 0
-27 13 29 0
-26 -13 42 0
-42 34 -3 0
-6 25 -23 0
-29 46 -40 0
4 -28 -40 0
-31 23 -24 0
-26 18 9 0
-44 26 -10 0
-3 -43 -23 0
-37 18 -2 0
-11 34 10 0
50 -33 -3 0
-36 -48 -36 0
-29 29 28 0
25 20 -47 0
-49 -42 50 0
28 43 -38 0
38 -45 -12 0
-9 -1 -16 0
-48 -25 38 0
31 36 -41 0
31 -34 39 0
13 9 46 0
4 47 19 0
17 11 -1 0
36 33 5 0
5 48 9 0
35 17 41 0
22 18 -23 0
-46 13 4 0
30 -12 1 0
-40 -34 27 0
-5 -39 21 0
-7 -50 1 0
-40 46 -39 0
-6 -41 42 0
-36 -23 -11 0
-33 -43 -33 0
17 47 -43 0
44 30 -11 0
48 46 -24 0
17 -30 42 0
-50 37 48 0
-44 -3 27 0
16 -9 -4 0
8 -31 -34 0
47 -6 -6 0
21 -44 -1 0
23 49 27 0
-50 27 30 0
14 21 49 0
47 28 -23 0
-20 -21 -43 0
40 30 -42 0
-7 -39 -35 0
14 -50 17 0
11 46 23 0
-19 -35 -18 0
-39 -40 -41 0
-39 25 -2 0
46 43 10 0
-13 -18 22 0
-16 35 -36 0
30 18 32 0
49 5 -37 0
-20 15 44 0
2 5 48 0
44 -15 15 0
-30 34 21 0
-46 18 -6 0
1 7 34 0
-13 16 10 0
4 37 -18 0
-7 -38 -40 0
29 -21 20 0
26 -33 21 0
40 -30 -22 0
-8 22 -46 0
15 48 -5 0
32 -46 -10 0
-19 29 29 0
34 47 50 0
-6 7 -25 0
48 25 39 0
26 43 -14 0
43 43 35 0
-1 24 46 0
46 18 6 0
-29 28 -15 0
-30 26 30 0
-38 -11 -7 0
8 -6 25 0
-47 -48 12 0
-20 -19 -34 0
-3 18 -50 0
28 7 -26 0
19 -4 8 0
-23 -9 48 0
-44 22 -16 0
-15 -42 -2 0
28 -30 15 0
14 27 5 0
-8 -2 39 0
-11 -18 -36 0
-1 -9 -34 0
30 29 8 0
-7 -4 28 0
-3 -44 4 0
-30 -45 40 0
-46 -1 50 0
37 -32 43 0
-50 -16 9 0
42 12 -9 0
-34 -35 -8 0
-11 -4 -19 0
35 -46 39 0
-25 -12 -8 0
-32 -44 22 0
-45 -16 -11 0
5 -41 10 0
-38 -9 11 0
8 -35 -32 0
34 -21 38 0
30 -4 -19 0
-5 -7 47 0
-46 49 50 0
33 17 -2 0
-39 -4 -28 0
-21 -46 28 0
12 20 -6 0
-11 -21 19 0
-42 -4 -27 0
-48 43 21 0
-15 -37 10 0
-1 -39 17 0
-2 -38 25 0
-29 -16 -14 0
-50 -19 -34 0
35 36 -29 0
-7 -31 -48 0
25 16 18 0
33 6 -18 0
11 -1 28 0
9 1 3 0
-28 -41 26 0
