c CNF generator v0.9
p cnf 50 250
1 -24 -43 0
-13 -38 -26 0
26 -12 -27 0
2 38 18 0
-5 -48 13 0
40 49 -37 0
15 -40 -34 0
-19 -33 31 0
-29 -11 35 0
41 -25 21 0
-26 3 -4 0
-30 -47 -9 0
-22 -45 -48 0
8 12 9 0
43 -34 -42 0
-50 -35 -27 0
9 25 -24 0
22 -10 -17 0
19 24 49 0
43 7 -25 0
-21 44 47 0
-22 48 -16 0
39 -17 -49 0
28 -28 -29 0
-17 -18 22 0
24 -15 -24 0
23 -2 -14 0
44 -46 -50 0
-10 -44 18 0
-34 6 -28 0
6 -32 14 0
-5 22 5 0
-38 38 21 0
-24 12 28 0
-25 38 7 0
16 -29 6 0
42 30 2 0
-1 14 16 0
22 -12 13 0
46 -47 -17 0
-27 27 16 0
36 49 -26 0
-2 8 -11 0
14 -38 -34 0
-39 36 48 0
18 8 16 0
15 25 43 0
-13 -40 24 0
43 -25 -11 0
9 -35 -47 0
47 41 -16 0
20 -4 -34 0
6 27 24 0
11 -36 -6 0
31 30 6 0
-22 23 -32 0
-20 18 -50 0
33 -11 -17 0
39 14 -29 0
6 -4 -11 0
-6 32 -26 0
37 43 -18 0
34 49 -18 0
-17 48 27 0
45 5 4 0
-45 -4 50 0
-37 26 31 0
-24 32 38 0
28 -30 -21 0
-35 -23 -32 0
-37 38 -29 0
-27 2 -12 0
-9 -33 30 0
12 -6 -20 0
-14 6 49 0
35 -48 -24 0
26 28 43 0
-33 13 -18 0
17 7 -10 0
14 38 -17 0
27 33 -29 0
33 -30 -4 0
-13 -16 -38 0
21 26 -37 0
-11 30 -41 0
-28 -49 22 0
28 -35 13 0
6 20 -18 0
-13 -10 10 0
-32 48 -27 0
-41 21 -9 0
11 -18 16 0
13 -25 -39 0
-37 -34 -28 0
2 -46 -15 0
-26 -11 -17 0
25 -15 42 0
6 -4 50 0
-3 10 11 0
46 21 17 0
-18 28 2 0
-48 -50 -25 0
32 -43 -15 0
-43 32 -38 0
-1 45 3 0
-45 40 46 0
6 29 -22 0
32 -22 -45 0
-14 -5 -28 0
17 -45 17 0
36 18 -16 0
-15 23 -30 0
34 37 50 0
22 -40 48 0
17 -29 -13 0
49 -7 42 0
44 -28 -7 0
-25 -23 5 0
23 -26 21 0
-9 -24 -28 0
-50 46 31 0
-49 34 26 0
27 28 29 0
-19 30 9 0
-44 -10 -3 0
-32 6 -23 0
13 41 -7 0
6 -48 33 0
-40 4 -1 0
18 -4 -26 0
-40 -10 -44 0
28 -36 7 0
16 33 -32 0
-27 -35 -28 0
-18 -43 -41 0
-46 45 23 0
-39 -10 -33 0
-33 -34 24 0
-4 -8 -27 0
-5 -24 -47 0
2 -31 -14 0
33 -3 -41 0
-24 -42 -9 0
-27 -40 -21 0
-2 -36 41 0
-8 -17 28 0
37 31 -2 0
36 -15 -19 0
25 21 -20 0
-10 1 39 0
-27 -5 -36 0
-20 -21 -44 0
17 -4 -27 0
-10 -49 -32 0
13 35 5 0
-28 38 18 0
-2 38 -8 0
38 3 16 0
5 22 -12 0
-3 11 -45 0
-14 36 -44 0
-33 -48 -17 0
18 16 38 0
19 27 -30 0
-40 22 45 0
28 25 13 0
37 28 21 0
-46 -26 -20 0
-49 -7 -39 0
44 34 -14 0
-25 13 -4 0
46 -45 -9 0
-39 -18 -15 0
39 23 -2 0
-39 -44 -7 0
-1 -25 -47 0
-11 -40 -50 0
-50 26 -40 0
-24 -15 8 0
-41 -36 -44 0
8 -25 -20 0
24 6 16 0
36 -7 -28 0
-20 50 7 0
38 50 13 0
4 -2 -1 0
13 -45 31 0
-33 -29 -6 0
35 25 28 0
39 -16 -3 0
12 16 46 0
-34 50 -25 0
-10 -22 -27 0
1 -27 25 0
-30 27 41 0
-3 -13 20 0
-33 -43 41 0
22 10 38 0
-43 -48 -41 0
39 13 31 0
-17 -46 -1 0
9 28 39 0
-11 -36 50 0
-34 -49 -5 0
-21 -19 35 0
29 7 23 0
-29 8 -47 0
-37 -12 11 0
-4 -37 -3 0
-49 -6 14 0
6 35 -50 0
33 47 -13 0
40 44 8 0
-7 -50 20 0
-2 -7 17 0
36 27 -9 0
-34 43 39 0
-15 33 46 0
24 -41 13 0
8 -11 -37 0
-16 23 -6 0
38 43 25 0
41 -7 47 0
-21 -25 26 0
-22 -31 -6 0
26 -47 8 0
-43 4 42 0
17 44 43 0
-29 46 49 0
-6 36 18 0
-15 20 -47 0
21 21 -10 0
44 10 39 0
-38 -48 -37 0
22 -6 45 0
-33 -7 -21 0
-43 14 13 0
-10 -9 37 0
-48 -4 48 0
19 -27 -49 0
-49 -13 32 0
46 -32 -6 0
17 -26 -38 0
-11 -37 17 0
-49 -42 -20 0
5 -41 22 0
12 27 -22 0
-4 -33 -43 0
41 23 -31 0
15 15 -31 0
