c CNF generator v0.9
p cnf 50 250
27 -49 37 0
-31 -30 45 0
-34 -6 45 0
32 20 -43 0
-31 26 29 0
19 44 24 0
-9 44 -23 0
50 12 -18 0
-22 -13 -6 0
-12 13 -29 0
25 14 -13 0
32 -42 7 0
-2 17 -26 0
19 -25 10 0
37 -6 44 0
14 18 38 0
-21 -39 -4 0
-24 1 -47 0
10 -7 4 0
-32 -37 -9 0
-45 -37 12 0
29 -17 27 0
-9 -41 32 0
35 9 -44 0
4 7 46 0
-8 4 35 0
-40 -43 -21 0
12 42 -48 0
13 42 10 0
6 -49 34 0
-41 14 -21 0
50 -46 -42 0
3 -16 13 0
35 -21 -1 0
-50 22 8 0
-31 -15 30 0
18 39 1 0
33 16 32 0
-22 36 9 0
26 -6 4 0
-26 39 46 0
-47 -33 15 0
38 -14 23 0
-47 -44 21 0
-50 -37 -5 0
37 11 19 0
42 -7 8 0
15 -35 -36 0
-49 -36 40 0
46 12 -25 0
-14 45 -8 0
50 -33 46 0
10 44 18 0
17 36 9 0
-32 -44 35 0
-5 40 23 0
-1 35 -20 0
-26 -22 -7 0
-29 12 -44 0
-24 -40 -41 0
-4 -2 36 0
-49 40 29 0
-34 20 -47 0
-19 -45 -39 0
-22 12 -49 0
32 16 8 0
44 -42 6 0
-45 -47 46 0
-13 37 -32 0
-31 47 -5 0
45 29 -49 0
46 45 35 0
-32 42 39 0
15 -38 32 0
36 -23 28 0
38 5 -7 0
-29 6 -13 0
10 33 -19 0
-27 11 -25 0
37 5 5 0
-15 -44 33 0
-28 35 -48 0
-10 17 -41 0
3 -48 45 0
26 -23 11 0
49 -4 -37 0
25 -25 -18 0
-25 -43 -50 0
22 37 -46 0
-41 12 9 0
-4 -7 15 0
-25 -6 11 0
38 -21 -6 0
5 40 -14 0
13 -37 10 0
-44 49 11 0
-31 9 25 0
14 -40 2 0
42 -50 9 0
-19 -3 31 0
36 -30 -6 0
-49 -5 -28 0
-30 -46 -33 0
45 30 -21 0
31 -8 23 0
-31 -11 12 0
1 13 -34 0
-25 -7 45 0
1 23 48 0
-34 -1 46 0
-10 7 -3 0
-20 21 50 0
-49 -15 -31 0
31 32 -17 0
18 25 37 0
30 50 49 0
-20 3 18 0
-21 18 -29 0
-12 -30 -29 0
-34 -12 -49 0
16 29 49 0
-11 11 41 0
-30 30 17 0
-40 -13 48 0
27 14 43 0
-12 41 -5 0
24 -29 -37 0
-39 49 38 0
18 42 -46 0
31 40 -16 0
-36 -9 -40 0
-45 43 -23 0
43 -44 33 0
1 44 47 0
25 -19 -40 0
22 -11 -2 0
46 35 10 0
9 35 -47 0
-42 22 -22 0
-32 1 33 0
-40 11 44 0
2 39 -34 0
37 16 -35 0
17 -18 -41 0
39 -9 -4 0
44 9 30 0
-23 23 -45 0
49 -38 -40 0
-25 -17 6 0
-1 -23 47 0
-9 18 6 0
-23 39 -21 0
32 -7 -5 0
-18 -13 32 0
17 -8 -22 0
-10 21 36 0
45 27 5 0
-28 -8 25 0
22 44 -49 0
1 4 -12 0
-24 7 34 0
-22 20 -32 0
45 -37 33 0
-29 49 -37 0
18 11 8 0
-37 13 -48 0
-48 -12 3 0
18 -1 34 0
20 -17 6 0
7 22 -35 0
26 -25 27 0
-16 -11 -35 0
-22 50 -42 0
8 6 -36 0
-19 -39 -30 0
38 -6 -28 0
39 48 -28 0
-23 -11 3 0
-11 35 49 0
40 10 6 0
45 14 9 0
24 -49 25 0
-48 -23 -23 0
24 36 -27 0
23 3 -10 0
-4 -17 -14 0
-23 -27 -50 0
-34 11 -27 0
-18 12 -21 0
-9 -12 -32 0
13 -27 27 0
44 -46 7 0
-45 -22 3 0
15 -29 14 0
-18 -3 -2 0
37 47 37 0
-21 37 41 0
26 50 26 0
12 -17 1 0
19 -14 50 0
-5 21 49 0
-20 -15 29 0
-22 30 42 0
15 13 37 0
-34 -12 2 0
38 34 10 0
-44 -38 49 0
-33 -50 -32 0
42 32 -11 0
35 -24 -42 0
20 -5 -2 0
46 32 -41 0
1 -19 -44 0
36 42 -4 0
22 -35 8 0
-12 18 -28 0
-41 -44 33 0
-36 -23 -11 0
45 -33 -24 0
-18 -40 -34 0
39 33 9 0
39 13 4 0
33 34 -20 0
10 -8 -33 0
25 40 16 0
38 -28 -43 0
-23 21 -42 0
-4 45 -43 0
3 15 -38 0
-39 21 -25 0
11 48 9 0
7 -14 28 0
12 3 -14 0
-46 37 -7 0
9 37 37 0
7 -11 32 0
-34 -13 14 0
-47 -27 -4 0
-48 -12 -10 0
15 -27 -36 0
6 -19 20 0
-36 -32 -4 0
47 -14 4 0
-32 32 31 0
-10 -18 -22 0
-29 -12 21 0
12 -27 -36 0
18 19 35 0
46 -48 -22 0
14 -14 -25 0
