c CNF generator v0.9
p cnf 50 262
-20 -10 -2 0
-18 19 -14 0
44 -19 31 0
-49 -37 32 0
13 -1 -16 0
-43 46 -20 0
-12 11 -27 0
-9 -32 30 0
31 3 -1 0
36 1 -50 0
-27 7 11 0
25 -14 -23 0
-13 -9 -47 0
-38 47 -45 0
22 -25 37 0
20 11 3 0
40 20 40 0
29 -33 -26 0
-34 46 -45 0
24 19 -28 0
35 10 37 0
-9 -35 39 0
-18 -48 18 0
-39 -11 15 0
22 1 40 0
19 23 -16 0
-10 49 10 0
41 -49 13 0
-14 37 -50 0
-22 -38 -6 0
15 -11 15 0
9 44 42 0
-49 -37 10 0
19 -11 38 0
15 -42 -29 0
-50 33 -26 0
-13 35 11 0
-38 -25 1 0
-40 -45 -42 0
39 -4 28 0
-39 -2 19 0
-10 -5 -29 0
14 10 -25 0
11 -45 2 0
33 -42 -19 0
39 -20 22 0
-5 32 -16 0
50 10 -27 0
19 35 47 0
1 -14 -49 0
-11 32 44 0
-44 34 -18 0
-36 10 -39 0
-20 -21 -15 0
47 -50 -21 0
40 25 -6 0
-24 -30 -3 0
24 -21 40 0
-46 4 17 0
3 -20 12 0
34 39 27 0
3 44 -22 0
6 33 -49 0
13 42 -20 0
-28 -29 -37 0
7 -41 28 0
-47 -48 -12 0
-9 17 -12 0
-5 -21 33 0
39 37 -27 0
-28 18 -21 0
-17 -43 -31 0
-25 -40 -3 0
-32 -40 30 0
17 50 2 0
41 5 29 0
-44 -20 -47 0
47 -33 -19 0
37 36 -32 0
42 -5 -38 0
32 -4 21 0
41 4 -29 0
13 28 -30 0
27 -3 36 0
-30 -19 -18 0
-12 -3 -28 0
-13 -3 -33 0
36 -28 -11 0
46 23 38 0
7 -18 36 0
-4 19 -35 0
-22 -17 20 0
50 11 18 0
-17 -29 5 0
11 -9 -32 0
22 22 47 0
1 -22 5 0
-44 -36 36 0
-48 31 37 0
14 50 -43 0
17 -49 -2 0
-37 13 5 0
22 15 1 0
-29 -27 44 0
-4 46 -7 0
48 40 -50 0
39 15 -30 0
13 23 -2 0
6 -32 -41 0
41 21 -50 0
-23 -39 -19 0
24 28 40 0
40 48 -9 0
-6 -13 -44 0
-27 5 -9 0
46 3 16 0
36 7 5 0
-16 21 -37 0
38 25 10 0
5 8 -7 0
-35 29 25 0
20 46 38 0
-43 -26 -24 0
-36 -4 21 0
-22 -36 8 0
30 8 11 0
-8 34 37 0
7 -18 34 0
36 14 -4 0
-35 -5 -28 0
49 15 -21 0
40 32 -41 0
25 12 6 0
-4 11 7 0
37 -30 -14 0
31 30 -41 0
-22 14 -1 0
-5 37 27 0
-46 31 29 0
-49 -11 -25 0
-12 8 42 0
32 -34 7 0
43 -10 -16 0
37 27 -43 0
35 2 -10 0
-26 -5 16 0
-23 -49 47 0
47 46 -43 0
30 38 -47 0
-26 -47 -47 0
6 10 7 0
-7 -47 -10 0
11 -20 -50 0
-23 -13 -1 0
-45 5 40 0
38 -23 49 0
-40 31 -31 0
38 15 -11 0
-15 47 20 0
-48 4 -3 0
-12 -42 -25 0
-42 21 -36 0
6 39 -43 0
-8 -33 -2 0
-45 41 -20 0
-12 -13 -41 0
15 -49 7 0
-12 40 6 0
38 -30 -36 0
-16 24 45 0
12 -28 12 0
45 44 -47 0
10 2 -30 0
18 -26 39 0
-45 -5 40 0
42 -26 -12 0
-28 -50 12 0
-29 50 7 0
41 50 -5 0
31 48 50 0
-4 17 -40 0
-16 1 -37 0
31 4 29 0
-41 -15 26 0
-5 19 38 0
-50 12 -10 0
-20 -18 9 0
18 -41 -38 0
-6 43 -39 0
42 -42 -31 0
-20 -38 -4 0
-25 -2 -35 0
7 36 20 0
-9 26 30 0
9 31 5 0
-22 30 -44 0
-5 12 -12 0
-47 -41 42 0
-14 -35 -7 0
-20 -35 46 0
33 -29 26 0
39 41 2 0
33 -45 -20 0
-34 46 -36 0
-39 -44 7 0
-27 -41 -2 0
39 -20 45 0
15 -12 -35 0
4 -36 10 0
5 31 -4 0
19 2 8 0
29 42 30 0
-27 -36 -33 0
25 17 -24 0
-37 19 18 0
48 29 -18 0
30 18 -36 0
-7 9 42 0
-18 -8 28 0
-40 34 3 0
28 -41 -24 0
36 -41 -5 0
-49 -28 -38 0
-3 -35 40 0
-23 16 21 0
40 47 -29 0
-3 33 -34 0
50 5 39 0
9 47 -40 0
7 37 -24 0
-23 -41 3 0
23 -30 -11 0
9 49 -3 0
11 8 32 0
-3 36 -21 0
-46 5 42 0
-39 9 21 0
43 -26 6 0
-18 47 33 0
-45 21 -46 0
30 10 -29 0
-14 14 -39 0
-14 5 -19 0
13 -12 -8 0
-17 1 -41 0
-44 -31 5 0
47 29 -36 0
-3 -31 32 0
-25 -29 19 0
45 48 13 0
-23 -13 3 0
4 10 5 0
-27 5 18 0
50 33 -25 0
33 -46 16 0
30 -9 -41 0
-42 -27 15 0
-13 20 7 0
-28 -50 -33 0
-1 24 -40 0
-28 38 -31 0
-45 -4 -1 0
