c CNF generator v0.9
p cnf 50 262
33 7 2 0
40 49 43 0
-2 38 -31 0
-18 -4 16 0
-16 42 -12 0
-36 -12 -8 0
-39 49 -41 0
5 -9 -43 0
-34 35 41 0
-39 16 42 0
21 -35 45 0
36 -38 10 0
38 26 46 0
8 -27 -26 0
49 41 -39 0
28 -33 10 0
-12 -16 -15 0
-28 11 -41 0
-13 -28 -34 0
20 18 -46 0
34 -34 14 0
11 -22 -18 0
-12 -46 -13 0
22 -14 44 0
23 34 -34 0
-49 19 -25 0
-23 20 -18 0
32 4 -33 0
-47 -30 3 0
-19 -30 -30 0
-45 -8 4 0
-25 25 -24 0
-32 48 -22 0
-36 36 13 0
39 -23 22 0
-48 43 -4 0
22 -36 2 0
-25 -42 22 0
-10 -15 -4 0
-10 -47 45 0
-36 42 -12 0
12 -2 -40 0
19 35 -29 0
48 -8 -43 0
46 -47 43 0
-1 -24 -26 0
41 35 30 0
-46 15 11 0
39 -20 -15 0
38 -34 -12 0
-11 8 -18 0
-13 3 44 0
6 33 24 0
-6 -32 -43 0
26 -13 46 0
41 7 38 0
-45 -40 46 0
-36 -47 -9 0
8 -23 47 0
20 10 50 0
-33 -46 -43 0
-16 28 23 0
18 -40 -37 0
40 -18 -9 0
3 -35 -41 0
48 -14 11 0
-19 28 9 0
-37 31 -9 0
-7 -47 -27 0
42 14 9 0
43 1 9 0
-18 24 -26 0
44 -1 49 0
38 35 39 0
-29 3 -42 0
-17 27 -39 0
34 -1 -28 0
49 41 11 0
-16 -31 3 0
16 -23 6 0
-8 -13 30 0
-1 8 -27 0
20 -43 -25 0
50 11 47 0
38 12 -49 0
8 47 16 0
-29 22 15 0
-44 -5 34 0
23 -38 3 0
-30 14 33 0
-24 -10 -23 0
30 18 -9 0
-11 -19 -15 0
-3 -31 -1 0
-40 33 24 0
34 11 -9 0
-34 -27 -41 0
27 1 -4 0
-25 31 -31 0
36 -40 20 0
19 -21 -8 0
45 15 47 0
-25 11 -20 0
-10 -36 -33 0
42 -5 -15 0
-12 19 -16 0
15 -15 12 0
34 5 -8 0
18 23 -8 0
6 -8 15 0
-29 -7 46 0
42 -9 -22 0
-27 -25 31 0
38 -45 50 0
-7 -18 -17 0
-18 -14 5 0
-16 -13 -1 0
-19 -39 -22 0
-45 27 -6 0
-34 -20 -26 0
-18 14 -13 0
47 10 -36 0
-15 -45 6 0
-21 -42 16 0
-17 -39 -6 0
-28 -26 -17 0
20 -12 5 0
-45 -40 49 0
-26 -30 -1 0
-48 -2 -27 0
-41 31 -5 0
27 8 25 0
35 -26 42 0
-8 1 -34 0
-6 -20 -29 0
6 -37 13 0
-41 -7 2 0
37 -12 31 0
-22 47 -49 0
-15 40 8 0
26 50 -47 0
7 -15 15 0
-30 43 16 0
-24 -13 -35 0
4 45 48 0
-31 -2 -47 0
14 -19 -46 0
14 -43 -40 0
12 31 -37 0
-39 41 50 0
-2 20 50 0
35 42 20 0
36 8 35 0
20 -25 18 0
1 6 26 0
2 -16 -24 0
-29 42 12 0
-32 41 -17 0
-46 -41 45 0
-9 35 -3 0
37 -14 7 0
29 20 -34 0
23 -20 -38 0
36 22 -4 0
38 -46 41 0
31 10 -28 0
-36 11 23 0
4 -25 39 0
35 19 41 0
-38 -43 -46 0
-29 -2 -22 0
-1 -9 -1 0
-34 -21 -35 0
44 -46 -13 0
-9 4 -21 0
23 45 -37 0
32 -32 -37 0
-36 -46 31 0
-37 -38 -28 0
49 -13 44 0
30 -30 19 0
-28 -12 -41 0
-34 25 -41 0
49 -9 -48 0
-46 43 4 0
19 -30 -21 0
32 22 -39 0
39 -37 -47 0
11 -20 -5 0
29 26 10 0
31 -25 27 0
-1 47 17 0
-29 -41 11 0
4 -1 20 0
-45 44 40 0
-27 -4 -48 0
-22 -28 -28 0
-26 32 31 0
-26 26 5 0
8 13 44 0
40 6 -5 0
9 6 47 0
23 -12 -1 0
23 25 -22 0
-11 -32 22 0
45 -25 -37 0
45 -44 -33 0
-13 18 44 0
11 3 -40 0
-27 11 -48 0
27 -16 42 0
18 44 13 0
49 -46 -9 0
4 16 39 0
-35 2 -25 0
-18 10 -27 0
21 11 27 0
-1 13 48 0
16 -36 6 0
21 -21 -33 0
-1 -28 -15 0
37 24 -47 0
-31 -11 14 0
-27 -36 -27 0
40 -45 3 0
19 -15 6 0
2 6 32 0
-43 -34 30 0
-24 49 50 0
6 -38 -10 0
5 -20 -34 0
32 -41 -43 0
34 -25 -3 0
45 5 -30 0
34 7 10 0
-29 26 -5 0
-25 4 -50 0
24 37 -6 0
-38 -24 3 0
-28 -50 -38 0
11 -32 -19 0
-38 -29 -16 0
-50 6 20 0
29 12 -15 0
-41 7 -50 0
-48 -12 -10 0
-46 -14 39 0
22 23 -1 0
-34 16 43 0
3 -42 -7 0
-10 -14 -13 0
-5 -28 2 0
36 10 38 0
44 -25 20 0
22 16 -26 0
45 42 -3 0
8 2 -3 0
35 -24 -29 0
22 36 -8 0
35 10 8 0
-17 -46 -7 0
49 -41 -5 0
