c CNF generator v0.9
p cnf 50 262
-34 48 16 0
16 -45 -22 0
-15 -13 -31 0
11 40 5 0
-4 -1 15 0
17 -30 -30 0
16 -12 45 0
-33 -45 33 0
10 12 -12 0
-5 37 -21 0
22 6 12 0
34 -50 -3 0
-45 -12 -9 0
-38 45 -47 0
32 -5 -24 0
17 17 -41 0
33 41 -37 0
30 -39 -32 0
-42 -5 -16 0
-28 32 3 0
-49 25 46 0
-3 6 -24 0
17 -9 -8 0
4 -29 -28 0
38 -38 -46 0
2 -43 40 0
-39 39 -1 0
16 14 -29 0
22 -7 -50 0
-6 23 33 0
6 -36 13 0
-32 49 43 0
-44 -10 13 0
22 -22 8 0
39 40 37 0
-34 -2 -2 0
31 -12 47 0
17 -6 -27 0
25 -11 -46 0
11 10 -42 0
-26 -45 7 0
-27 -3 -27 0
19 -45 16 0
-18 30 40 0
25 22 -38 0
46 -14 -7 0
49 -13 -47 0
14 1 -35 0
-6 -22 -4 0
-19 22 -22 0
10 38 13 0
-13 -6 -41 0
9 23 38 0
-45 -30 -18 0
31 -12 15 0
34 -30 -24 0
44 14 13 0
-6 -45 12 0
12 -13 -17 0
-34 -34 37 0
39 7 44 0
33 42 -9 0
18 -24 14 0
4 3 -24 0
-42 -33 -2 0
4 -40 49 0
35 -48 41 0
37 1 19 0
-19 8 22 0
-25 -44 40 0
-45 15 -45 0
-9 1 -31 0
27 -21 21 0
44 32 -28 0
10 42 45 0
6 17 18 0
28 28 -38 0
-15 -50 40 0
-41 -48 35 0
4 -41 -28 0
-27 45 -39 0
-49 1 -31 0
-46 35 -44 0
1 -4 41 0
2 -9 -5 0
24 17 40 0
45 36 -48 0
34 -27 -5 0
-47 26 39 0
17 3 -26 0
7 12 -4 0
25 9 13 0
38 -1 -31 0
8 32 -44 0
-20 -14 8 0
36 -25 39 0
43 -45 50 0
8 -22 -1 0
-13 32 12 0
13 -31 7 0
30 -23 36 0
29 26 -27 0
-29 24 27 0
-35 -13 -33 0
17 -20 8 0
-45 7 38 0
-33 2 -37 0
-44 22 23 0
-8 46 41 0
-35 11 31 0
17 -34 8 0
-7 7 14 0
-43 35 17 0
8 -17 -13 0
29 7 9 0
15 -13 -43 0
6 23 -47 0
21 34 -6 0
-1 -23 -31 0
-18 -36 -39 0
30 -10 48 0
12 15 32 0
-46 -19 47 0
3 -33 25 0
30 35 -37 0
22 43 -31 0
4 49 -20 0
13 -33 40 0
41 19 37 0
-46 -1 35 0
46 44 -40 0
2 6 -12 0
-9 5 35 0
30 34 44 0
-29 16 -27 0
-13 -28 -39 0
35 26 43 0
21 -38 -21 0
11 -47 47 0
-42 -30 -23 0
-16 8 -5 0
48 -9 -4 0
-3 -36 -11 0
-46 15 -23 0
-24 34 -16 0
-1 -19 -46 0
35 -31 -25 0
25 -44 -47 0
-38 -49 28 0
-50 8 -22 0
-27 34 -2 0
-12 -3 -49 0
-29 -48 -17 0
-16 21 17 0
21 42 -46 0
-29 -34 4 0
-8 -2 -15 0
-42 -40 -24 0
20 5 -36 0
47 43 -7 0
-32 -7 24 0
-43 -42 -14 0
24 16 -20 0
-48 13 -2 0
27 10 -18 0
47 22 -42 0
11 -33 -41 0
-3 -43 -3 0
-7 -2 1 0
19 30 -36 0
8 27 -31 0
39 -47 20 0
40 -33 -46 0
6 -21 -21 0
5 42 4 0
-7 -49 -9 0
46 -36 -42 0
12 -7 42 0
-11 19 14 0
-25 -19 -19 0
-11 -36 1 0
22 37 43 0
31 -48 -32 0
49 46 -1 0
18 49 -13 0
38 32 -31 0
-1 -31 33 0
-33 -21 -47 0
-19 39 4 0
9 26 47 0
46 38 -46 0
16 17 -42 0
28 -45 14 0
33 -13 21 0
-31 -21 -21 0
-38 46 -11 0
-35 -38 -36 0
22 -18 18 0
-12 37 -44 0
28 -17 8 0
34 38 -6 0
-48 11 -5 0
-24 46 17 0
-41 4 -27 0
33 34 -12 0
-19 -7 -42 0
20 -26 -15 0
42 19 -44 0
-47 32 45 0
-9 -2 -5 0
4 48 38 0
6 44 -19 0
-40 8 42 0
-6 8 34 0
-43 13 -48 0
40 13 11 0
-20 -7 -33 0
22 20 -38 0
-33 8 32 0
-1 -6 50 0
26 -23 38 0
22 21 -6 0
46 -44 -46 0
-43 11 14 0
1 -32 -44 0
2 36 -22 0
-31 27 48 0
-20 5 -43 0
3 -40 -27 0
42 21 -3 0
-22 26 -33 0
12 18 47 0
-18 -20 46 0
15 -33 34 0
-5 6 -33 0
3 35 50 0
23 21 -50 0
-39 47 13 0
18 8 8 0
-36 7 25 0
-43 -18 -15 0
-36 -9 20 0
-49 3 -2 0
14 -21 28 0
45 -27 19 0
48 -2 -7 0
24 -25 33 0
-22 35 -46 0
-31 -8 40 0
33 -17 6 0
-14 -19 37 0
28 -21 -1 0
7 -42 -40 0
-13 36 34 0
21 29 -14 0
48 4 -27 0
-34 22 16 0
45 27 -48 0
26 -28 38 0
32 -42 31 0
-3 -39 33 0
24 -24 -34 0
