c CNF generator v0.9
p cnf 50 262
-49 41 22 0
-23 -12 -15 0
-42 27 33 0
-5 -26 13 0
-5 -28 3 0
-48 -20 23 0
43 -31 6 0
2 37 31 0
36 -44 2 0
18 31 27 0
26 -47 44 0
6 24 44 0
16 38 -34 0
-30 -34 42 0
-34 39 -15 0
-18 -29 40 0
-35 -50 10 0
29 -45 -9 0
-17 15 -12 0
17 -44 29 0
1 -19 -15 0
-30 -32 45 0
46 19 -27 0
22 19 -8 0
41 -17 4 0
-29 6 34 0
6 -29 12 0
-11 -32 25 0
14 26 30 0
21 -18 16 0
49 -34 -9 0
34 14 -10 0
-39 12 -14 0
-22 40 -43 0
-3 7 17 0
-20 -18 39 0
30 29 -48 0
-34 31 -42 0
-29 -17 12 0
-46 -13 -19 0
-47 -33 48 0
-37 49 24 0
33 -34 17 0
-37 46 14 0
-25 46 38 0
28 -34 -23 0
-49 24 29 0
-21 -18 33 0
-49 -1 37 0
-34 33 25 0
-47 30 2 0
-8 27 28 0
-25 -10 25 0
-50 -14 4 0
11 39 15 0
19 -40 -34 0
38 -36 45 0
-33 39 -37 0
12 -12 -40 0
50 -45 36 0
-15 -6 5 0
-36 -34 35 0
-20 -27 -17 0
-34 16 -4 0
-9 27 27 0
7 -19 2 0
32 50 39 0
-15 21 -5 0
-48 -9 -4 0
-41 20 50 0
39 3 -4 0
43 39 -45 0
26 31 48 0
-36 44 11 0
-17 -24 50 0
5 14 25 0
-38 35 -2 0
-1 12 -43 0
9 39 23 0
42 3 40 0
13 47 15 0
20 32 -47 0
-48 -38 6 0
-10 -37 -16 0
-40 3 -22 0
-49 23 -26 0
6 49 -8 0
2 14 -35 0
3 10 -37 0
-12 45 -38 0
-19 26 5 0
17 40 37 0
-10 -36 -47 0
31 10 -44 0
-41 -9 8 0
-3 -4 -21 0
11 -44 -28 0
-37 -37 -40 0
39 -41 4 0
24 -43 20 0
13 -41 44 0
-5 -22 -11 0
42 28 22 0
12 50 16 0
-4 48 28 0
43 -20 28 0
30 2 30 0
-6 34 27 0
-21 -14 -48 0
32 -37 -6 0
-35 -33 -49 0
31 -4 -7 0
23 -24 -5 0
29 4 27 0
-18 47 39 0
-14 28 -30 0
-33 27 31 0
31 -24 -10 0
-18 23 12 0
5 -13 4 0
-4 -34 34 0
-2 -32 -40 0
-9 41 -41 0
-28 29 -23 0
-11 -37 -24 0
-47 1 34 0
-44 46 -26 0
-47 49 -28 0
-29 -48 12 0
-37 -4 -5 0
20 -38 50 0
20 -42 -43 0
26 35 21 0
-49 -9 -1 0
-44 -44 -11 0
-3 19 -28 0
19 4 -30 0
-48 -40 30 0
26 -21 32 0
48 -30 6 0
-30 -35 -3 0
-33 -25 -10 0
-33 14 -34 0
-46 -41 1 0
33 45 -1 0
46 -36 -3 0
14 -20 -4 0
-16 20 -38 0
30 41 34 0
16 -9 -43 0
-47 -9 14 0
-7 33 35 0
-38 -5 33 0
23 10 -31 0
50 17 -22 0
-35 -16 -33 0
4 -23 43 0
14 42 37 0
-37 1 46 0
37 25 -13 0
20 -21 -5 0
-7 4 19 0
25 -46 35 0
21 -33 -46 0
-38 28 13 0
42 -49 20 0
-21 45 33 0
-36 1 -15 0
40 39 -41 0
-39 -46 -36 0
49 -43 -17 0
40 25 38 0
47 -2 -45 0
21 28 44 0
-47 -42 6 0
-36 8 -26 0
10 -32 -45 0
21 -2 18 0
37 -17 -49 0
-42 -16 42 0
-4 -43 25 0
-12 -12 -46 0
37 -25 41 0
26 47 6 0
1 15 11 0
-47 -22 7 0
-46 45 -6 0
-27 44 1 0
29 -7 19 0
30 -40 -15 0
-48 -42 -11 0
-3 -33 -12 0
10 -9 17 0
-7 -40 33 0
12 21 -12 0
4 2 25 0
17 47 -21 0
47 22 -10 0
-38 -25 6 0
-35 2 -14 0
50 6 -29 0
-17 -42 -9 0
11 -35 -5 0
14 -41 -10 0
-26 14 50 0
-3 -28 23 0
-11 -31 15 0
23 18 -44 0
37 -3 37 0
-4 -20 30 0
-21 4 -32 0
9 -14 6 0
37 16 16 0
19 38 31 0
49 13 -50 0
6 -17 -28 0
-41 -30 6 0
37 -36 -48 0
-27 -45 32 0
-50 43 38 0
41 -3 19 0
-9 24 -20 0
-47 -45 50 0
-28 -6 31 0
15 26 -20 0
-43 14 -19 0
-41 -26 45 0
13 5 -19 0
-28 -18 30 0
-6 -19 2 0
47 27 25 0
-30 37 1 0
30 -43 -50 0
14 -46 43 0
23 34 37 0
-4 14 2 0
50 -39 23 0
-25 -10 -10 0
-26 -9 42 0
13 43 1 0
-31 3 -17 0
-50 -36 -21 0
-3 10 -7 0
-47 -16 37 0
-25 11 45 0
-8 -7 -1 0
-23 6 -19 0
-24 23 43 0
47 38 -42 0
9 48 -7 0
-22 47 22 0
-45 -11 -8 0
-16 -20 -48 0
-27 25 -8 0
-23 11 -3 0
5 50 30 0
-18 47 -37 0
30 12 7 0
43 -7 48 0
17 -46 12 0
-30 -1 -34 0
42 -25 36 0
