c CNF generator v0.9
p cnf 50 262
14 13 3 0
-24 4 15 0
-31 -45 -48 0
-33 -16 -13 0
-19 -47 -8 0
35 15 7 0
-35 3 -35 0
-28 48 -13 0
-4 2 43 0
38 -31 -2 0
28 -25 19 0
-14 -21 -45 0
-13 -2 -42 0
10 -15 -20 0
41 -27 31 0
25 37 -15 0
24 30 15 0
1 44 21 0
19 -3 -4 0
27 -24 40 0
1 -46 -35 0
9 -19 47 0
-7 19 5 0
-20 36 -39 0
-11 3 39 0
49 -37 33 0
43 -50 -7 0
27 40 14 0
-2 -24 -16 0
-28 -41 -50 0
-13 -25 23 0
-10 6 2 0
19 14 -41 0
-38 15 -13 0
25 27 4 0
-50 -14 -17 0
37 1 9 0
-13 -7 -20 0
36 50 -37 0
31 3 -44 0
38 -3 46 0
10 -25 28 0
30 38 22 0
9 2 -28 0
33 -50 21 0
-26 -28 5 0
34 9 3 0
19 45 -34 0
16 -32 -24 0
43 21 22 0
-24 27 4 0
-9 47 -35 0
-3 -50 -23 0
-7 -5 -7 0
12 19 17 0
-7 49 -46 0
29 7 24 0
-33 16 -23 0
-31 -7 26 0
-25 -14 -43 0
-22 27 50 0
-14 28 12 0
23 27 -34 0
-42 -20 -11 0
-8 2 35 0
-35 -20 -47 0
33 40 6 0
10 28 -4 0
-25 -17 -24 0
-35 -21 1 0
-18 48 40 0
-28 -43 -6 0
40 2 30 0
-48 10 -12 0
-43 -11 47 0
30 -49 -39 0
14 20 -23 0
26 27 24 0
19 2 -34 0
-45 -29 46 0
39 16 15 0
-15 46 -12 0
19 45 9 0
7 46 -3 0
-29 45 25 0
18 35 -32 0
9 45 -43 0
27 16 8 0
46 -16 38 0
31 15 34 0
30 -20 -12 0
-16 41 18 0
-34 35 -45 0
29 -48 9 0
3 15 6 0
-33 -47 -2 0
12 -37 1 0
-39 27 41 0
49 10 43 0
-14 -24 -1 0
-3 -47 -33 0
-38 39 -16 0
-30 -36 -36 0
7 21 -18 0
33 -47 -41 0
-41 31 6 0
-40 -9 -36 0
-17 -35 -11 0
44 43 -14 0
26 22 -46 0
35 10 -30 0
37 -20 9 0
43 16 -22 0
-39 -1 27 0
11 -37 -21 0
-13 -23 -37 0
16 -33 46 0
2 3 37 0
-13 12 48 0
15 5 -39 0
-24 14 -49 0
-47 -12 40 0
-22 21 -35 0
8 37 42 0
-31 49 37 0
-41 9 -37 0
-45 -49 18 0
-16 46 -7 0
1 36 -7 0
6 -30 -17 0
4 -33 -39 0
-6 6 -4 0
-50 -47 -8 0
37 49 -4 0
8 -28 44 0
35 47 -44 0
-24 50 -37 0
-43 -14 29 0
-49 -10 3 0
50 -42 43 0
22 -43 -32 0
44 -6 -44 0
50 -7 -34 0
-18 11 4 0
10 37 19 0
18 -24 45 0
-30 20 -49 0
-44 -4 -29 0
-8 -32 -34 0
44 14 24 0
8 -2 -14 0
15 -42 43 0
1 27 -26 0
-47 30 -40 0
50 -42 7 0
-47 30 14 0
-17 27 50 0
-48 -44 -11 0
38 -16 -19 0
33 -24 -11 0
-15 9 -18 0
27 45 29 0
30 -12 2 0
1 -4 38 0
-2 3 43 0
-26 -42 -10 0
26 10 6 0
21 -7 42 0
3 33 43 0
50 16 33 0
6 -32 48 0
-38 -34 50 0
43 -26 32 0
-13 -11 -26 0
10 -22 28 0
-49 41 41 0
-12 -17 17 0
50 -17 26 0
-22 -18 30 0
-42 -27 13 0
31 4 14 0
10 42 -9 0
-9 -49 42 0
-44 -47 -20 0
-40 -21 11 0
-5 -49 6 0
20 -46 -48 0
-2 -29 -12 0
42 -29 -37 0
-48 -42 -37 0
36 -21 -23 0
18 -42 46 0
-5 -38 -44 0
50 -46 31 0
49 25 -12 0
4 32 -33 0
-1 -22 -41 0
49 -16 7 0
8 50 -8 0
-49 -28 13 0
-17 6 35 0
-4 15 50 0
-45 -18 35 0
-11 40 10 0
18 -16 2 0
1 -11 -17 0
-15 -13 2 0
24 10 6 0
-28 -46 50 0
-45 -25 40 0
-16 15 -12 0
-39 12 25 0
-28 -16 25 0
38 -45 10 0
37 33 -22 0
43 -38 16 0
21 -42 48 0
43 44 -16 0
-25 13 -25 0
-27 22 -21 0
-29 -11 16 0
18 36 19 0
-33 40 -48 0
-24 -4 -8 0
31 45 -49 0
1 38 32 0
-2 -34 -44 0
44 15 -29 0
-18 36 6 0
-24 3 48 0
20 26 -8 0
3 26 26 0
7 44 -25 0
38 -31 24 0
-40 -32 -35 0
3 12 39 0
-27 17 -44 0
50 -19 13 0
-45 -36 -26 0
4 -13 -35 0
-30 2 -16 0
23 18 30 0
33 -5 37 0
-10 46 -29 0
-49 -32 -35 0
11 -38 -6 0
-6 -33 18 0
-47 -2 10 0
-8 -41 -33 0
16 24 15 0
-5 11 -49 0
-34 -39 46 0
-38 39 50 0
-44 16 -9 0
-10 9 24 0
-19 4 31 0
35 -34 25 0
31 -9 44 0
-13 -40 41 0
25 17 1 0
25 17 26 0
-50 -4 27 0
