c CNF generator v0.9
p cnf 50 262
-29 -20 6 0
43 7 44 0
3 1 14 0
24 37 34 0
33 13 49 0
15 14 45 0
50 -4 -46 0
-17 -38 -46 0
34 -16 -14 0
-15 14 -9 0
-10 -20 38 0
49 -31 19 0
-5 20 -38 0
32 29 43 0
-2 -2 26 0
-25 13 24 0
32 -26 43 0
-47 -30 36 0
-47 26 -13 0
-15 -28 -49 0
37 -3 22 0
-20 26 -41 0
-23 17 45 0
4 -16 23 0
11 -49 -21 0
45 -5 -9 0
-26 -20 -36 0
44 -14 -16 0
41 4 14 0
-49 8 46 0
9 -8 15 0
31 -10 -14 0
35 -39 -20 0
29 40 4 0
42 -1 36 0
-28 -28 35 0
33 9 -40 0
31 -9 -48 0
41 23 -16 0
-42 -29 -13 0
-11 -10 -4 0
29 -32 23 0
47 35 -28 0
-17 8 -10 0
-38 46 16 0
8 -50 -3 0
-10 43 17 0
7 -7 -34 0
-23 -50 -22 0
33 49 43 0
46 -1 4 0
-9 41 34 0
32 28 44 0
31 25 21 0
-15 -42 1 0
-24 20 19 0
11 -20 20 0
-43 39 43 0
10 -18 42 0
-44 -8 46 0
-10 41 20 0
-25 13 -28 0
-15 37 42 0
-28 -41 -38 0
-22 3 -40 0
-37 -47 19 0
-4 7 -4 0
-5 34 21 0
-42 -10 -5 0
18 36 -28 0
-47 -2 -40 0
-23 -48 -32 0
-25 -48 45 0
-16 27 -46 0
8 -21 5 0
11 11 16 0
35 5 41 0
-50 13 28 0
-4 10 27 0
4 38 46 0
-7 50 5 0
-14 -11 12 0
-40 26 -24 0
-19 31 -6 0
42 11 -1 0
-12 46 23 0
6 -37 33 0
-10 50 11 0
-18 -24 -27 0
-20 18 41 0
-8 8 38 0
19 22 12 0
-35 -11 -29 0
-48 -26 36 0
-34 23 9 0
-12 7 -27 0
36 -24 19 0
-14 -45 4 0
-25 21 26 0
-39 -21 -5 0
-50 -40 1 0
12 31 -11 0
10 2 -46 0
-5 26 -23 0
-42 42 -13 0
-3 -35 -46 0
19 -38 -47 0
18 14 47 0
33 -9 24 0
-37 -3 23 0
30 11 -38 0
-2 -41 2 0
40 -6 -48 0
-22 -45 -40 0
-1 -16 -42 0
-32 -21 45 0
26 -17 39 0
5 -12 23 0
20 -36 -35 0
32 24 -47 0
-37 -7 -25 0
-18 -42 -29 0
-46 44 30 0
-29 34 43 0
-48 -43 7 0
49 -42 19 0
-20 -8 -26 0
-35 -3 31 0
49 -12 -1 0
30 -6 -45 0
43 2 26 0
12 -22 19 0
-30 -25 42 0
35 35 3 0
20 -35 -9 0
-21 47 -32 0
-41 27 -16 0
-12 -2 44 0
-44 8 -13 0
21 38 3 0
-1 45 -19 0
-3 34 10 0
15 26 -49 0
30 12 -13 0
49 -20 -29 0
4 -44 16 0
14 19 26 0
30 -29 37 0
-18 7 42 0
-4 -5 40 0
-9 -47 -12 0
-2 46 -1 0
-45 7 18 0
44 13 -15 0
-20 48 44 0
-16 25 -25 0
31 29 -38 0
2 49 8 0
9 -41 -30 0
-1 25 -46 0
-40 -29 4 0
-17 -10 -50 0
45 9 46 0
-11 31 -31 0
14 -29 -40 0
-17 48 15 0
4 6 5 0
-43 -46 33 0
49 20 40 0
-11 49 -22 0
23 10 -34 0
27 35 -43 0
-14 -9 8 0
31 -2 15 0
-45 50 -23 0
-14 13 -24 0
-42 -36 -26 0
8 28 23 0
41 15 -3 0
42 -21 42 0
4 -24 -8 0
-36 49 -8 0
-16 -1 -2 0
-49 -1 48 0
-22 -38 -36 0
-20 -22 -44 0
-37 -5 -48 0
-8 43 -14 0
-22 18 32 0
-33 -23 -1 0
-50 50 33 0
-26 -31 50 0
-5 16 -4 0
11 -8 47 0
43 -21 -6 0
8 -48 28 0
-1 50 12 0
10 -10 50 0
6 31 6 0
34 36 22 0
-30 44 25 0
3 -18 38 0
17 -6 48 0
-29 -1 23 0
-15 -5 -16 0
48 -33 3 0
-13 9 40 0
-32 -42 -1 0
-11 9 13 0
46 -4 12 0
-44 -34 -39 0
-1 -11 36 0
49 46 -31 0
-18 34 -33 0
-29 34 -15 0
-1 -32 -2 0
31 -4 10 0
33 -41 -24 0
17 45 19 0
27 -44 -40 0
10 -25 32 0
-16 -41 -20 0
-10 17 43 0
-50 17 39 0
-30 -15 -40 0
14 -36 -27 0
-11 8 -49 0
-1 45 -9 0
-45 -29 38 0
37 -38 47 0
-36 17 -14 0
27 14 -6 0
-22 15 -48 0
-40 -27 42 0
22 16 -18 0
39 -29 45 0
24 12 -27 0
-45 49 -32 0
8 -4 26 0
-37 11 32 0
-18 46 -31 0
7 -4 -35 0
27 -49 18 0
20 35 -6 0
27 5 2 0
-38 18 42 0
-20 12 38 0
-34 14 18 0
-41 -5 16 0
-10 32 10 0
-14 26 -47 0
-22 43 -5 0
11 -44 1 0
49 7 9 0
-20 -5 37 0
-17 48 29 0
-23 -22 -41 0
17 20 -23 0
25 26 -15 0
25 -41 44 0
11 18 -12 0
-20 -24 -14 0
