c CNF generator v0.9
p cnf 50 262
15 -28 -32 0
32 6 31 0
-10 39 -35 0
44 36 36 0
26 -13 -9 0
-16 50 -41 0
-47 6 13 0
-13 8 34 0
31 -35 44 0
-35 46 9 0
19 22 -2 0
15 -9 -33 0
-43 49 20 0
2 -10 36 0
-30 45 47 0
12 4 -12 0
7 -4 -3 0
32 -37 14 0
-9 -26 9 0
30 -3 13 0
-42 -14 -46 0
8 -33 -2 0
-31 20 -33 0
22 -42 37 0
-35 5 -40 0
-1 -35 -16 0
-40 47 13 0
-16 32 -4 0
3 14 -14 0
-11 -38 17 0
-1 48 44 0
18 31 -42 0
-21 12 17 0
-27 16 5 0
17 42 8 0
-28 -49 -12 0
-49 16 -49 0
-5 -1 -31 0
50 10 41 0
31 3 9 0
-28 44 31 0
-8 14 15 0
-9 23 40 0
23 31 44 0
26 -41 7 0
44 -2 -19 0
45 -28 -16 0
5 -36 38 0
-10 -48 43 0
30 5 6 0
-36 -17 26 0
-49 45 -37 0
-50 -49 -44 0
11 -31 18 0
43 14 -37 0
6 14 13 0
41 -6 -40 0
26 -13 -47 0
15 1 9 0
-24 -1 -31 0
44 -1 -29 0
22 34 -44 0
31 -30 -28 0
-47 -32 -49 0
18 20 14 0
-35 50 -17 0
12 -33 -15 0
-43 42 -48 0
29 -27 -36 0
-4 -16 1 0
-39 -39 24 0
-24 -40 -30 0
-42 -33 43 0
-35 14 -5 0
9 -35 -44 0
-17 22 -47 0
1 16 36 0
42 20 -10 0
-5 -44 -20 0
-41 27 -37 0
-38 -50 -43 0
26 -31 1 0
-4 7 11 0
23 7 1 0
25 15 35 0
40 -20 16 0
-33 -1 48 0
41 34 -30 0
-1 -50 -30 0
49 -37 -20 0
-50 -37 -21 0
28 -39 29 0
-50 28 11 0
-44 -37 -8 0
-34 8 -11 0
14 20 -38 0
-21 44 47 0
-23 -32 39 0
-38 46 -18 0
46 -37 -43 0
-9 -46 26 0
30 18 -27 0
2 30 -11 0
14 -15 -13 0
-10 12 -32 0
-40 5 32 0
-39 -9 -21 0
-28 35 -9 0
41 -14 34 0
36 15 25 0
-40 48 43 0
6 11 -36 0
13 29 -46 0
3 38 7 0
23 6 -50 0
-48 -8 -33 0
21 -33 26 0
-45 -8 26 0
29 -11 13 0
16 12 10 0
-7 -27 42 0
34 -43 -29 0
-41 -33 8 0
15 -17 -6 0
11 -21 -43 0
25 43 -34 0
-50 37 -30 0
13 23 -16 0
50 20 -17 0
11 6 10 0
-13 13 -26 0
17 -42 19 0
26 6 -40 0
-37 -27 -49 0
3 10 2 0
-27 -45 35 0
48 -22 -5 0
-27 33 42 0
43 -11 -31 0
-34 14 -25 0
-39 36 -49 0
13 -40 -37 0
48 4 -12 0
19 -43 31 0
-26 -21 -2 0
17 8 10 0
25 40 -15 0
46 -44 41 0
-9 27 46 0
32 -35 48 0
37 14 -24 0
13 -33 2 0
13 44 12 0
-13 -30 -26 0
-20 -33 -24 0
36 -11 -15 0
5 -37 -7 0
2 12 -32 0
-46 -21 21 0
14 24 -47 0
27 40 48 0
-5 45 24 0
11 4 -1 0
26 -18 -36 0
20 -17 23 0
-49 -37 50 0
14 12 19 0
29 20 -47 0
-20 -7 50 0
-21 -29 48 0
-5 -22 -39 0
-23 -45 -21 0
13 36 -29 0
-1 48 -34 0
45 -48 12 0
22 45 8 0
37 28 45 0
26 -45 -15 0
-20 -7 -33 0
33 26 32 0
34 -43 -14 0
-44 41 -15 0
-36 38 -3 0
8 -37 -28 0
43 -13 22 0
-31 -16 44 0
38 -44 -3 0
-7 9 40 0
-41 -27 15 0
-1 -27 -12 0
29 -2 7 0
-10 -1 -21 0
-48 6 20 0
-39 -15 -3 0
-27 1 -44 0
-46 -21 -19 0
-18 45 -46 0
9 -9 -22 0
-12 -20 -41 0
26 36 -3 0
-42 21 2 0
47 -48 12 0
-26 -49 12 0
35 -14 41 0
-9 7 -14 0
-6 17 -33 0
-40 -42 -43 0
-45 -43 22 0
7 1 -12 0
38 -47 21 0
-49 -50 -20 0
-4 13 -41 0
14 -10 -7 0
-15 9 -4 0
12 22 -47 0
-16 -48 -47 0
33 2 -16 0
-40 -33 40 0
1 -18 27 0
14 -21 -21 0
-33 19 8 0
-28 -8 -37 0
33 48 38 0
41 40 47 0
-5 23 -2 0
-31 14 39 0
31 -9 22 0
1 -35 -44 0
24 -32 44 0
-17 -49 -41 0
29 1 -14 0
30 -25 -8 0
34 -26 39 0
-1 -29 -49 0
24 -3 23 0
34 39 37 0
25 -2 -35 0
28 -10 -48 0
-19 10 -10 0
8 -47 42 0
20 -2 41 0
-30 -12 -29 0
12 -19 -22 0
-19 -14 38 0
-27 31 -37 0
-31 17 7 0
33 6 -24 0
-23 -7 32 0
-40 45 14 0
18 46 50 0
17 20 44 0
-46 13 -11 0
-15 -43 -18 0
40 49 19 0
44 26 18 0
48 -1 39 0
31 -17 4 0
-42 -15 8 0
-7 -42 -28 0
5 47 -43 0
20 -47 1 0
-25 -37 45 0
