c CNF generator v0.9
p cnf 50 262
-22 25 -50 0
25 21 -33 0
-25 13 17 0
36 8 10 0
31 -5 -15 0
8 -41 -33 0
-13 -3 -1 0
-18 -2 42 0
-6 -17 39 0
49 1 -5 0
-23 49 31 0
-13 -32 -34 0
4 26 -40 0
24 14 -19 0
-2 1 2 0
-39 17 50 0
-36 24 -23 0
50 3 40 0
-7 21 49 0
1 -5 6 0
-37 42 47 0
-47 -11 29 0
-9 -35 -39 0
48 40 -14 0
-50 45 -4 0
44 -12 -45 0
47 18 -28 0
21 45 15 0
14 -12 -5 0
14 16 -43 0
-29 -13 43 0
29 -35 -15 0
-21 -35 39 0
-34 21 -19 0
32 35 -41 0
-26 -17 -7 0
43 -11 29 0
14 -44 10 0
23 38 38 0
-41 32 13 0
20 -28 -21 0
12 -9 -12 0
27 35 39 0
-27 29 -49 0
24 -36 42 0
38 -47 42 0
21 2 -35 0
-13 -27 8 0
14 -23 -10 0
29 7 -10 0
-18 -14 -39 0
46 -43 -5 0
-40 -3 33 0
-27 45 -47 0
17 50 50 0
4 -24 -49 0
-11 15 -13 0
-5 12 -3 0
12 -46 32 0
-12 -14 -3 0
-34 10 -3 0
31 12 -1 0
40 -35 -13 0
40 2 -3 0
21 47 -15 0
-2 -31 -8 0
-29 -7 19 0
11 3 -33 0
-5 35 -39 0
-6 43 23 0
45 38 4 0
27 -21 6 0
-48 2 -4 0
-8 -34 -4 0
-8 31 24 0
-36 21 25 0
33 24 34 0
48 -11 -5 0
26 20 -50 0
24 -18 -33 0
-27 31 25 0
40 14 -50 0
-25 2 -46 0
-39 -29 46 0
-12 1 -37 0
24 1 14 0
-31 13 44 0
-20 1 41 0
6 -49 13 0
-32 -39 -2 0
-41 -19 -22 0
2 -23 -18 0
-40 33 -5 0
23 -37 18 0
3 -34 -48 0
7 50 34 0
-32 33 30 0
29 -13 -32 0
28 -39 -50 0
17 33 -22 0
-43 -9 -17 0
14 24 -48 0
-37 -25 47 0
26 47 -45 0
21 -39 46 0
-44 30 -29 0
-43 -9 27 0
-28 -30 37 0
40 50 -15 0
-23 -21 -48 0
-26 -2 31 0
-2 14 -32 0
-37 14 -49 0
-21 -36 -22 0
-8 9 37 0
21 -7 18 0
-47 13 40 0
14 45 -34 0
-36 21 9 0
13 -15 5 0
33 10 30 0
-38 -35 45 0
38 33 -4 0
6 -36 22 0
-19 -47 12 0
-21 28 48 0
-38 8 14 0
-43 -18 -11 0
10 47 2 0
-5 47 -21 0
-11 35 -28 0
-21 49 -44 0
25 -36 -38 0
10 -19 -8 0
-46 -44 -3 0
-45 -47 27 0
30 -22 -27 0
30 -8 23 0
-32 -12 -10 0
-23 -31 40 0
24 10 39 0
17 12 -41 0
33 1 -3 0
11 -12 42 0
-46 32 -41 0
28 -35 39 0
-37 37 -16 0
-37 -27 45 0
-8 33 -24 0
-27 39 8 0
8 -44 -6 0
33 -3 -13 0
-6 22 -35 0
-19 14 -8 0
-39 1 -2 0
10 43 -13 0
14 34 -16 0
-15 -11 -49 0
24 19 28 0
-13 1 -40 0
11 -7 10 0
-19 13 12 0
12 25 12 0
-13 9 46 0
7 -40 8 0
44 44 19 0
50 32 1 0
18 -15 42 0
8 -35 44 0
-42 11 -28 0
-38 48 41 0
3 23 15 0
48 39 -26 0
12 50 36 0
1 43 -16 0
-39 -24 38 0
40 45 -15 0
-48 -14 26 0
-22 -26 4 0
-25 -39 -15 0
-46 22 -23 0
-39 -29 38 0
-35 24 39 0
-12 11 12 0
-39 29 15 0
-18 9 -3 0
-21 13 20 0
44 -26 -3 0
-18 -27 41 0
-35 -5 48 0
23 -26 -39 0
-23 35 17 0
-7 10 -18 0
-17 -44 11 0
15 33 -5 0
38 27 -39 0
-35 -5 27 0
33 -26 -19 0
23 -8 -36 0
-49 21 -38 0
26 36 -33 0
31 45 -12 0
-21 -13 -8 0
-40 44 14 0
2 3 -5 0
-48 -44 36 0
40 24 46 0
-31 -12 21 0
37 8 41 0
-13 -14 -2 0
3 -10 16 0
-40 -41 -48 0
37 -7 -34 0
-21 40 -20 0
5 -43 26 0
36 3 -3 0
-6 39 -50 0
-41 24 5 0
34 -43 48 0
41 -2 -39 0
11 -32 -16 0
4 -49 -15 0
-31 -15 -34 0
6 48 45 0
21 -30 40 0
39 -34 38 0
-5 -42 -36 0
47 46 -26 0
-28 49 50 0
13 -11 -48 0
-50 16 -44 0
-5 37 19 0
8 10 2 0
5 6 45 0
23 -1 -31 0
-3 29 -26 0
-3 26 -49 0
49 16 -45 0
40 48 46 0
41 -40 -7 0
4 -45 -1 0
-34 41 -48 0
-31 -2 16 0
-21 -6 -8 0
39 15 31 0
46 -29 9 0
12 -44 32 0
-19 -49 -41 0
-50 -11 50 0
3 -13 46 0
-48 -42 32 0
21 3 13 0
14 -49 -36 0
-5 -32 -14 0
31 -26 1 0
44 -10 -48 0
19 -49 -48 0
48 -19 45 0
40 24 25 0
-43 -50 -15 0
-44 -46 25 0
-8 23 35 0
