c CNF generator v0.9
p cnf 50 262
-50 -43 -50 0
-32 15 42 0
-13 -3 24 0
-2 -12 34 0
2 -48 2 0
-46 43 9 0
36 -32 21 0
20 50 -48 0
-6 -50 15 0
-44 22 41 0
8 31 50 0
17 -12 -41 0
33 -4 -11 0
34 -2 15 0
-38 46 15 0
-30 43 48 0
-1 -25 -24 0
46 -3 2 0
-10 12 45 0
-22 -5 -24 0
10 28 12 0
-7 -6 22 0
40 2 8 0
44 45 -50 0
-40 -48 -26 0
-31 17 42 0
40 -11 6 0
50 7 -42 0
28 32 -25 0
21 -4 -33 0
-31 19 -14 0
46 26 -36 0
31 -34 28 0
35 31 -20 0
-30 14 46 0
10 10 30 0
40 -18 33 0
-45 11 30 0
21 -9 40 0
-26 -31 -38 0
-33 -42 9 0
7 23 -43 0
5 11 -1 0
50 -40 -17 0
32 20 25 0
2 46 23 0
-7 -19 -25 0
-40 -21 -1 0
-2 8 -43 0
21 43 -12 0
30 49 -12 0
1 47 -17 0
35 -19 -11 0
21 6 -10 0
-14 18 27 0
-2 -17 -48 0
-27 -6 -17 0
26 46 -27 0
-22 -6 15 0
-46 31 28 0
39 -35 -24 0
8 -28 -2 0
25 48 8 0
15 -27 17 0
-12 -32 -39 0
-36 -39 19 0
26 44 -11 0
-44 -21 -40 0
7 -21 14 0
27 42 -10 0
-34 -47 -24 0
-37 27 -8 0
34 49 9 0
44 10 -20 0
-46 15 -41 0
45 -23 -16 0
-20 -47 -13 0
23 -32 49 0
-35 7 -3 0
-4 -49 -40 0
-33 -21 5 0
-30 45 46 0
-28 47 -46 0
25 -20 -36 0
-29 -26 -49 0
-47 -14 -47 0
16 -2 -12 0
36 5 25 0
32 46 48 0
14 31 -18 0
-44 -25 -23 0
11 -27 -41 0
-26 -17 -24 0
25 36 -36 0
-8 -39 46 0
-23 48 23 0
41 32 49 0
-26 19 9 0
-27 6 -21 0
26 -5 -14 0
-35 3 45 0
-46 -12 8 0
-8 32 -9 0
8 8 -38 0
49 -14 -9 0
-26 -35 -22 0
16 19 -8 0
48 18 6 0
15 32 8 0
36 38 40 0
7 -26 -40 0
36 -6 35 0
21 9 -28 0
5 -43 -41 0
-34 -48 -27 0
-26 41 -41 0
4 19 -10 0
-9 -34 15 0
-9 -39 29 0
-49 -39 -21 0
-33 -29 -20 0
36 17 -49 0
-38 -37 -30 0
29 19 13 0
-48 -4 23 0
4 -44 7 0
-31 8 -10 0
-12 -24 28 0
-23 8 12 0
-27 29 22 0
46 -40 -16 0
-7 -6 38 0
44 42 -36 0
-22 -28 26 0
25 -40 -42 0
-37 3 -34 0
7 47 -35 0
17 42 18 0
-41 -28 15 0
-39 -3 -12 0
39 -39 -25 0
27 8 47 0
11 38 -49 0
30 -26 16 0
-22 10 6 0
36 20 4 0
-41 -36 -16 0
38 -47 48 0
4 25 18 0
-15 46 -28 0
-3 2 -40 0
-36 -47 -43 0
9 6 13 0
30 50 -23 0
-12 16 -3 0
33 43 -22 0
6 16 9 0
9 -44 42 0
48 43 14 0
-41 46 -42 0
-32 -47 -26 0
1 -14 -18 0
12 36 33 0
22 36 29 0
-11 3 -40 0
8 33 42 0
41 40 13 0
-17 -43 -9 0
20 18 -20 0
1 26 8 0
-22 -1 -10 0
31 4 -2 0
23 -16 -28 0
-26 -48 18 0
-23 17 15 0
33 27 18 0
-44 36 17 0
34 20 -31 0
31 6 -27 0
-15 41 -24 0
-45 34 -30 0
-2 -34 36 0
28 -37 -29 0
-34 43 -1 0
-34 41 26 0
-2 -44 46 0
2 34 40 0
39 47 44 0
-46 37 -1 0
20 -21 9 0
17 40 -30 0
28 43 -1 0
-44 24 38 0
-9 42 17 0
3 -19 50 0
-12 -11 -35 0
-24 46 -3 0
44 -33 -35 0
4 40 -15 0
23 -24 -43 0
-46 -38 -44 0
-26 30 -12 0
21 31 45 0
6 -38 -50 0
19 46 -49 0
35 15 7 0
-11 47 -37 0
8 48 35 0
9 -21 34 0
45 47 49 0
-32 10 30 0
-9 31 -44 0
-10 24 -43 0
14 -47 -44 0
12 -42 32 0
14 3 27 0
48 -30 -10 0
50 -35 -13 0
4 -45 35 0
-17 -40 7 0
-50 25 9 0
-39 -31 2 0
-16 -2 18 0
12 27 32 0
-14 -14 -20 0
43 3 40 0
3 43 37 0
19 26 38 0
-25 15 33 0
48 -18 35 0
-4 34 -44 0
34 -17 36 0
46 -13 37 0
8 -31 11 0
41 45 -38 0
-2 31 37 0
-39 40 42 0
7 37 -44 0
15 9 -13 0
3 -45 -32 0
23 19 -11 0
-43 11 10 0
15 4 -45 0
18 -9 -12 0
-1 1 -49 0
-39 -5 24 0
-43 -29 -36 0
9 40 -42 0
-22 37 -29 0
2 17 8 0
2 43 -8 0
-43 4 21 0
8 -15 -15 0
11 44 8 0
16 -33 -25 0
-24 39 -27 0
44 -49 2 0
19 -6 10 0
17 -44 10 0
15 -1 44 0
-26 -17 -13 0
4 -24 -22 0
