c CNF generator v0.9
p cnf 50 262
-28 -33 9 0
30 34 21 0
19 -50 -19 0
10 -35 -20 0
-14 49 -11 0
2 47 26 0
16 33 4 0
-32 -10 3 0
-41 44 -39 0
35 46 17 0
10 31 1 0
50 -28 -6 0
-2 -17 33 0
-41 -18 42 0
2 28 -27 0
-28 31 -47 0
27 -2 16 0
35 10 -48 0
28 12 -5 0
-31 -4 30 0
42 -49 23 0
-50 18 -17 0
44 -3 -24 0
-48 21 4 0
10 -33 -6 0
-47 -10 -31 0
-5 4 -29 0
-38 -4 16 0
-26 6 18 0
15 -27 26 0
15 -40 -43 0
29 41 47 0
-20 35 -47 0
-38 -4 -43 0
-42 13 -21 0
-43 -13 1 0
-7 30 -31 0
17 17 23 0
41 -21 40 0
27 16 -22 0
47 49 2 0
14 27 15 0
-41 8 6 0
-34 -42 -3 0
8 47 -18 0
12 3 -18 0
-23 9 -40 0
7 2 26 0
-6 27 29 0
26 -23 -47 0
46 39 -45 0
-32 -4 6 0
-46 -21 25 0
-45 18 -6 0
-41 -46 -7 0
-6 -38 -49 0
-14 34 -37 0
43 -1 8 0
12 -6 -3 0
30 22 7 0
-17 22 15 0
39 33 41 0
43 46 -20 0
29 -15 -1 0
38 -30 10 0
3 -26 14 0
-36 -29 -24 0
26 23 44 0
-10 -33 47 0
-25 8 -11 0
5 -49 -10 0
15 -11 38 0
-26 42 9 0
5 -13 26 0
1 -48 -8 0
26 26 48 0
-13 26 24 0
16 42 46 0
-11 -42 34 0
-19 4 9 0
47 -10 30 0
32 44 -26 0
-28 46 -2 0
-30 46 -21 0
-40 46 27 0
-22 -7 -14 0
-41 -6 -16 0
-34 -44 -32 0
-35 -17 38 0
-49 17 -40 0
-7 16 49 0
35 -27 -12 0
-7 -23 34 0
-22 -5 -24 0
14 -4 -21 0
-35 6 42 0
36 38 41 0
-19 24 48 0
-20 12 26 0
-20 -12 9 0
-27 -28 -15 0
-34 -38 44 0
-10 -43 30 0
26 25 34 0
28 23 -4 0
-39 -22 18 0
-28 22 -23 0
-46 -2 43 0
23 9 43 0
32 49 -19 0
-39 16 -10 0
-48 1 26 0
-2 41 15 0
-31 -41 24 0
24 -4 37 0
31 -18 -7 0
28 -33 -14 0
18 -38 -46 0
47 -35 -7 0
-27 39 2 0
-19 -25 7 0
39 9 36 0
32 -1 -2 0
27 25 17 0
48 -35 -43 0
42 38 37 0
-14 -22 49 0
-28 30 8 0
-22 9 22 0
-25 12 -36 0
46 12 -4 0
-49 -34 4 0
-2 -4 38 0
-39 12 -13 0
-42 19 14 0
39 22 6 0
13 3 -13 0
-17 -35 -21 0
27 -27 -19 0
-46 15 29 0
-5 50 40 0
-43 27 40 0
35 7 35 0
4 3 33 0
-14 48 36 0
-41 -7 -21 0
10 -18 22 0
-32 -17 -11 0
-2 16 36 0
-5 37 -34 0
-27 45 -38 0
35 -38 41 0
14 1 42 0
18 41 -4 0
-13 48 2 0
-24 -34 -30 0
15 -24 -33 0
-49 -18 28 0
38 26 -9 0
45 18 -36 0
4 35 5 0
44 -9 -10 0
6 14 17 0
-24 -49 20 0
48 -31 -26 0
-24 -14 -14 0
-2 -24 10 0
-26 -45 -14 0
7 -35 46 0
19 26 -3 0
-41 44 2 0
30 -39 -30 0
1 -23 -38 0
-17 40 18 0
-46 -31 -18 0
20 43 15 0
49 -44 6 0
18 40 -7 0
22 -19 3 0
-23 14 -27 0
-33 21 -11 0
-23 -8 9 0
-19 25 -13 0
40 -36 -29 0
37 -8 1 0
21 43 30 0
42 26 27 0
28 -14 49 0
24 -1 -45 0
41 9 -12 0
-2 -27 4 0
-18 -16 -26 0
31 -3 -7 0
40 -19 -42 0
10 22 -9 0
12 23 -17 0
-39 -27 -47 0
-15 36 47 0
42 32 4 0
-3 -2 3 0
-43 -17 -26 0
6 -35 8 0
30 -33 -46 0
24 -26 34 0
33 -37 -37 0
-44 -26 50 0
45 -36 31 0
-10 23 10 0
-17 15 -31 0
-21 36 -30 0
-19 20 3 0
4 6 44 0
11 -28 -39 0
16 11 -42 0
-49 23 -35 0
-35 -41 23 0
-12 48 35 0
20 -25 27 0
6 38 -30 0
-40 -3 -22 0
1 -4 18 0
-3 -4 -15 0
-20 -4 -42 0
48 26 -28 0
7 33 12 0
46 20 -34 0
-15 -34 -29 0
-26 -2 -35 0
-5 38 -2 0
-13 9 -1 0
26 23 -23 0
1 33 32 0
-33 42 25 0
-3 27 -5 0
3 45 -38 0
-41 39 14 0
39 20 -33 0
22 -38 20 0
-21 41 -42 0
-36 29 -42 0
-26 43 47 0
36 -20 46 0
-43 34 -6 0
36 -39 -13 0
48 23 -32 0
33 -5 5 0
19 -47 24 0
-30 3 -31 0
-11 -5 -20 0
17 -3 37 0
31 -42 -1 0
-34 -22 8 0
18 -39 50 0
24 -38 -37 0
26 13 10 0
18 36 15 0
-16 -27 4 0
-41 -17 -22 0
41 13 -22 0
27 -33 50 0
1 41 -9 0
10 35 -21 0
