c CNF generator v0.9
p cnf 50 262
48 -24 32 0
-5 -35 35 0
-35 -2 -5 0
15 2 50 0
-18 -24 10 0
40 16 -34 0
-40 -32 -10 0
6 14 11 0
41 32 23 0
-13 -31 19 0
-28 -43 -48 0
-18 46 -24 0
-48 -41 5 0
1 15 31 0
-19 5 38 0
-29 -45 -25 0
-37 -8 -41 0
-28 -5 33 0
-30 -4 -37 0
-35 24 -37 0
4 -28 29 0
-12 -41 12 0
34 -2 -36 0
-50 -43 37 0
-47 -46 9 0
9 43 35 0
-25 -8 -28 0
-22 -40 -6 0
-22 -24 9 0
6 33 -16 0
19 -48 -13 0
12 37 14 0
34 -26 -25 0
15 48 -42 0
-3 8 -15 0
-5 -42 -46 0
21 -4 -24 0
49 -42 39 0
31 34 -31 0
-12 -49 42 0
-49 -4 -30 0
4 -48 1 0
5 -12 -42 0
-47 -48 44 0
14 3 26 0
47 4 -36 0
34 41 -38 0
38 -50 17 0
40 15 -9 0
-1 -25 44 0
-8 22 -22 0
47 -31 -50 0
-27 -29 11 0
21 -50 11 0
-47 -20 31 0
-7 -27 -2 0
37 -8 -41 0
-2 -24 -36 0
43 -43 -2 0
48 21 10 0
4 1 -31 0
-22 -24 -49 0
-23 -21 17 0
3 -13 -8 0
16 -22 34 0
40 -6 47 0
-38 4 -22 0
-20 -6 50 0
-11 10 11 0
32 -45 40 0
48 8 20 0
7 10 -6 0
39 -35 -50 0
31 38 -17 0
-42 -50 -49 0
-45 41 46 0
41 -49 -15 0
-13 -43 -33 0
11 35 44 0
-24 -5 22 0
-12 -11 -27 0
-19 39 26 0
-47 -33 -34 0
18 8 -43 0
-30 43 -26 0
-21 -1 -50 0
-45 16 14 0
27 10 26 0
45 -35 -10 0
-48 -29 -24 0
27 26 44 0
36 -28 -36 0
-7 -48 31 0
-11 -19 2 0
-25 -38 13 0
-35 23 -22 0
7 -43 43 0
12 -48 -25 0
-4 -36 38 0
49 -6 -6 0
40 8 33 0
-18 9 39 0
-39 -33 29 0
10 22 -28 0
48 6 -6 0
-1 37 40 0
-7 28 -3 0
-14 -48 -50 0
-45 -42 -8 0
-18 -10 -26 0
-1 -42 -36 0
-41 18 47 0
-8 -50 16 0
35 -19 5 0
14 31 42 0
47 -27 -25 0
-18 -16 -25 0
11 49 13 0
1 -24 45 0
-46 -11 -14 0
-12 -16 -9 0
8 31 27 0
-38 -1 12 0
-24 48 -4 0
9 -29 -39 0
22 19 -45 0
-16 -20 7 0
33 -17 -12 0
19 -16 32 0
45 37 37 0
-6 39 -38 0
-42 20 -50 0
3 -18 23 0
43 -44 -31 0
32 28 14 0
14 48 -23 0
3 -30 18 0
-33 -5 8 0
45 -30 -49 0
16 2 49 0
-35 20 -27 0
6 34 15 0
-44 36 28 0
9 27 8 0
-1 41 -8 0
39 -18 -7 0
-5 46 -20 0
18 36 47 0
7 -33 -34 0
-20 -46 -28 0
-33 4 -13 0
7 43 36 0
12 1 4 0
40 -18 10 0
-13 -49 12 0
-42 -12 29 0
13 -14 -32 0
29 26 -43 0
2 16 45 0
32 -30 -5 0
18 1 -30 0
47 -13 8 0
7 18 -32 0
-24 -44 14 0
28 27 -23 0
22 17 -2 0
-43 33 -19 0
-21 -24 -39 0
37 8 -22 0
-33 -50 -19 0
-17 13 -3 0
47 37 -12 0
7 -5 37 0
5 -33 -21 0
2 43 20 0
12 1 -3 0
24 -6 -29 0
29 -41 48 0
-32 -18 -34 0
-45 -14 11 0
-28 -30 41 0
-2 33 23 0
-28 -43 20 0
26 -2 31 0
45 -2 -3 0
-29 50 -9 0
-27 -46 48 0
4 24 -41 0
5 3 -48 0
-20 9 44 0
-49 4 36 0
-47 -14 -12 0
31 45 -45 0
6 -18 36 0
-9 38 46 0
-39 -41 -38 0
-45 27 -15 0
-27 39 10 0
-50 15 9 0
-13 10 40 0
-50 25 -4 0
-26 -42 -21 0
-10 -42 43 0
-38 -12 -9 0
-13 -43 -8 0
25 47 -49 0
-2 49 -23 0
26 -30 -26 0
13 -33 17 0
4 21 42 0
6 -12 -12 0
-8 -29 40 0
-32 -50 -38 0
12 -25 -20 0
46 3 30 0
13 -29 -40 0
30 -6 32 0
28 2 2 0
4 2 38 0
3 -50 -4 0
11 -14 -17 0
22 -27 -50 0
24 -6 22 0
-44 17 -3 0
-42 47 41 0
30 -23 -40 0
1 -5 47 0
4 -21 3 0
-30 -2 -29 0
-38 4 20 0
15 -29 -20 0
-36 -48 26 0
49 -35 -30 0
-50 14 30 0
-20 12 28 0
1 -19 -36 0
19 -2 -2 0
-48 -42 35 0
-48 12 -29 0
-38 -6 49 0
-26 5 34 0
14 -14 -12 0
-27 -36 42 0
-9 -31 21 0
27 24 -35 0
19 15 -14 0
-28 46 27 0
-2 16 -33 0
25 43 49 0
-8 46 16 0
-45 -3 32 0
29 -36 11 0
-38 -36 -30 0
24 47 17 0
-27 1 13 0
-22 25 -47 0
17 41 11 0
-14 -34 -39 0
-12 -23 9 0
13 28 19 0
-21 -38 8 0
-49 10 46 0
