c CNF generator v0.9
p cnf 50 262
-41 -38 -26 0
-18 23 -8 0
33 -26 22 0
24 -32 -25 0
-27 23 -12 0
-4 -13 -11 0
-20 26 -42 0
-36 -16 -47 0
-27 -9 39 0
-47 35 -17 0
26 -34 21 0
21 -38 12 0
-40 47 42 0
20 -27 -19 0
-25 38 -30 0
15 -32 32 0
-23 -31 -17 0
-42 18 -36 0
38 32 6 0
35 32 20 0
37 -6 42 0
-22 -48 -2 0
14 -26 2 0
41 16 34 0
5 10 -46 0
19 -41 19 0
5 -45 2 0
50 -4 -34 0
-45 48 38 0
-16 -1 -16 0
-2 27 14 0
21 18 5 0
-46 -14 20 0
-30 -42 14 0
6 13 47 0
37 -1 -17 0
45 22 41 0
15 17 20 0
37 18 -43 0
39 -45 -3 0
27 -2 -11 0
50 -36 20 0
14 -29 11 0
-41 -11 -50 0
45 17 16 0
-29 23 -45 0
8 -8 -34 0
42 -25 28 0
15 8 -23 0
22 -24 37 0
31 -13 12 0
-9 27 34 0
-36 10 5 0
48 -43 22 0
43 -29 -34 0
-18 32 42 0
-11 30 -40 0
42 -38 37 0
-31 5 -24 0
-8 21 -17 0
-22 -6 -38 0
-48 42 -13 0
37 -33 6 0
6 -49 11 0
41 -30 24 0
45 -49 -21 0
-1 -9 -32 0
-38 -45 43 0
13 -15 27 0
-46 -34 -30 0
-46 38 -6 0
-30 -19 -47 0
-48 6 -1 0
23 46 -43 0
42 12 45 0
3 42 -2 0
11 33 -29 0
-50 20 -24 0
13 27 49 0
-18 19 39 0
-17 33 -11 0
32 -12 -44 0
-38 28 -22 0
17 -3 13 0
-21 -25 26 0
39 7 50 0
41 27 -32 0
-6 -44 3 0
25 34 20 0
-17 -46 -7 0
11 -10 -39 0
31 8 5 0
44 25 -43 0
29 48 -42 0
-26 29 41 0
9 -50 12 0
18 -50 26 0
26 -47 32 0
20 -8 -3 0
-42 -26 -45 0
35 -12 32 0
-21 47 18 0
14 2 -43 0
-39 -41 17 0
-26 41 15 0
21 -2 17 0
-10 1 44 0
-33 14 -21 0
48 11 13 0
-32 2 46 0
-33 1 35 0
-3 -34 45 0
-13 29 8 0
-24 -35 -28 0
45 42 30 0
46 50 7 0
-28 8 48 0
35 29 11 0
-10 18 2 0
-17 1 31 0
25 38 -16 0
39 -45 15 0
29 -26 49 0
-1 -42 -23 0
46 19 -25 0
-44 15 28 0
20 -50 -42 0
14 -44 -4 0
13 27 40 0
22 50 -43 0
-11 -1 -36 0
25 -50 14 0
-25 34 -17 0
-46 18 12 0
41 -14 22 0
-38 -20 23 0
-45 25 -22 0
38 34 31 0
-2 34 7 0
15 1 33 0
49 -43 -22 0
17 3 19 0
26 -12 24 0
6 -1 -47 0
-20 9 -50 0
-36 -11 -39 0
29 9 24 0
-47 8 -37 0
-6 -31 -25 0
-22 29 -23 0
13 -33 3 0
-3 15 -3 0
30 -38 46 0
11 22 49 0
27 29 43 0
25 -46 32 0
-16 8 -40 0
27 47 -28 0
-15 37 22 0
32 9 -32 0
11 50 49 0
-14 -26 -48 0
-20 -4 21 0
23 9 -36 0
40 25 47 0
-49 19 32 0
22 41 49 0
-2 42 25 0
14 -42 -40 0
-32 12 33 0
7 2 9 0
38 9 -30 0
-2 -6 -16 0
-25 -41 2 0
43 41 -4 0
43 18 34 0
-36 40 -32 0
9 12 31 0
-46 25 -1 0
36 -28 -45 0
9 8 -37 0
-24 -35 -41 0
24 4 11 0
25 -19 25 0
48 -45 7 0
-48 34 -49 0
34 18 -39 0
7 25 45 0
16 -35 1 0
20 46 -34 0
39 -32 31 0
17 32 19 0
-46 -35 -15 0
6 27 15 0
-4 41 -35 0
50 -1 47 0
32 -42 15 0
-20 4 -31 0
-32 -11 -45 0
18 48 2 0
-1 31 -11 0
33 29 -24 0
-15 35 38 0
-20 -11 -37 0
23 48 -11 0
-4 38 15 0
-43 8 -44 0
12 11 13 0
19 31 27 0
10 -9 -18 0
17 -39 -41 0
-19 40 -49 0
-7 34 23 0
16 20 -3 0
34 -23 24 0
17 5 26 0
-3 13 -5 0
-13 23 -14 0
-10 -23 -35 0
-7 -29 36 0
14 -18 -1 0
17 -38 -20 0
20 -12 42 0
-37 -18 8 0
38 -14 50 0
-37 49 -10 0
1 -7 12 0
22 13 43 0
-17 -39 -21 0
-22 -12 3 0
-49 -5 -48 0
-18 27 -50 0
47 -28 -11 0
48 -23 -17 0
22 13 12 0
31 17 -14 0
-48 -45 38 0
42 31 44 0
6 -26 -6 0
10 -2 -7 0
-8 37 3 0
15 36 47 0
-1 47 6 0
19 -44 -21 0
1 -27 13 0
-16 42 10 0
-19 -37 -2 0
31 -40 -47 0
-9 46 -18 0
6 18 22 0
-23 10 -41 0
43 -3 10 0
36 -1 -20 0
42 -46 18 0
7 -9 -8 0
13 27 11 0
-20 40 -44 0
38 43 -10 0
-25 -2 4 0
50 9 18 0
-40 -29 25 0
-11 -7 -22 0
