c CNF generator v0.9
p cnf 50 262
-18 -41 -38 0
-6 -13 24 0
40 30 43 0
14 50 10 0
41 -24 -24 0
45 -47 23 0
4 -41 31 0
14 -30 -30 0
-25 -25 -22 0
-21 -3 -6 0
43 15 40 0
-29 -49 -38 0
-23 8 -48 0
-39 -34 9 0
35 20 -2 0
43 37 -23 0
33 -13 5 0
48 -13 10 0
46 14 15 0
-7 15 27 0
-48 -18 21 0
-48 -43 -46 0
-19 -35 47 0
-29 -41 -45 0
-18 46 -49 0
10 38 50 0
39 24 -25 0
10 37 -44 0
17 31 12 0
41 -28 -47 0
-4 4 25 0
-22 -14 -19 0
-49 32 -41 0
-25 23 31 0
1 -46 26 0
-39 10 29 0
47 -9 11 0
1 -43 -38 0
-25 35 -23 0
32 50 -28 0
-30 -19 -17 0
42 -50 11 0
-10 24 2 0
11 -25 -24 0
47 11 -8 0
25 13 -22 0
-4 22 -49 0
-6 49 22 0
49 -28 25 0
-35 43 28 0
-24 -23 -43 0
-11 -5 -15 0
21 -37 22 0
-19 -37 40 0
-33 -4 -34 0
-9 -48 6 0
18 -6 -16 0
25 -18 -18 0
42 15 42 0
16 17 45 0
2 37 22 0
12 -12 20 0
44 24 -44 0
-39 14 28 0
-44 7 -23 0
26 48 -11 0
34 35 49 0
-31 -22 30 0
40 -33 32 0
-4 7 -16 0
1 -35 11 0
-30 -13 -9 0
33 -22 -30 0
-29 -19 28 0
20 1 21 0
-20 -3 -38 0
31 -41 -34 0
9 11 -45 0
-8 -3 21 0
37 -6 -32 0
-42 -28 -10 0
-7 9 50 0
3 -31 -12 0
7 47 -12 0
29 -19 -39 0
17 3 15 0
-2 -26 -11 0
1 24 -22 0
16 35 27 0
-22 -32 15 0
-40 31 30 0
-2 -33 -45 0
-27 33 26 0
14 -7 12 0
-49 36 10 0
-40 -43 -30 0
-40 23 -44 0
-49 13 -37 0
-36 32 -44 0
27 -1 -27 0
-23 -13 19 0
-15 -40 -11 0
10 4 -1 0
2 8 24 0
14 23 45 0
35 -14 -7 0
-42 -12 -10 0
-2 -1 -3 0
33 -2 38 0
-17 22 -41 0
50 -35 14 0
5 46 -21 0
20 37 19 0
40 10 24 0
-2 -34 42 0
-6 49 -43 0
-6 46 10 0
50 -11 -36 0
-42 -32 -25 0
-49 -9 -31 0
-14 -23 -16 0
48 16 43 0
-38 28 32 0
30 -47 -17 0
-10 12 10 0
18 -7 17 0
3 -12 44 0
41 29 -20 0
-7 -41 -3 0
24 -7 -13 0
35 31 18 0
-23 -23 -8 0
-7 -45 -23 0
-34 9 11 0
18 -24 8 0
-16 4 -50 0
-45 -13 50 0
-20 -6 36 0
-48 -22 -45 0
-31 22 41 0
-17 -42 21 0
-1 -39 -46 0
-19 36 -31 0
-12 -45 -41 0
25 -6 14 0
-39 6 -3 0
-27 -22 -32 0
-38 -28 6 0
-48 8 41 0
18 19 -3 0
26 46 -44 0
-37 3 -12 0
9 6 15 0
-40 32 50 0
-44 47 18 0
-31 46 32 0
-8 18 21 0
-24 -19 48 0
-17 -8 -6 0
-39 42 44 0
-15 27 -38 0
3 -12 -22 0
-40 -18 -28 0
13 -3 48 0
1 -9 -34 0
-23 -44 -44 0
50 11 -50 0
-38 -18 -33 0
20 -41 -7 0
24 -21 -19 0
38 23 -6 0
14 4 -28 0
-32 8 -3 0
42 14 -40 0
21 34 -18 0
30 -10 32 0
26 -5 16 0
-34 -10 12 0
42 11 27 0
-1 -30 18 0
-21 47 -21 0
45 -14 -20 0
-11 -16 16 0
21 -31 45 0
-29 -34 36 0
-23 -31 -7 0
50 8 -14 0
11 -30 37 0
25 -43 19 0
34 31 39 0
-45 17 24 0
-43 -1 -24 0
-35 -47 -38 0
-19 -47 13 0
8 42 39 0
23 50 -1 0
21 -16 48 0
21 32 -16 0
18 -27 29 0
-37 -6 3 0
2 -25 -40 0
-31 41 43 0
-44 -35 23 0
-13 -13 45 0
-30 6 -38 0
39 17 -35 0
45 -36 4 0
45 -36 30 0
5 4 -11 0
29 38 30 0
-31 -47 -36 0
5 3 34 0
-6 -27 5 0
-48 -45 -38 0
25 -14 -28 0
26 -41 23 0
-35 -34 -17 0
-12 32 -44 0
48 7 23 0
-40 19 -50 0
16 -3 -38 0
26 15 -4 0
45 -3 1 0
34 -42 -5 0
27 -39 -15 0
-30 28 24 0
-19 39 -37 0
-23 -5 -41 0
-3 -42 -13 0
-32 -8 42 0
-14 8 -36 0
30 -10 38 0
25 16 -40 0
-22 14 -24 0
-21 -8 1 0
-26 4 -10 0
24 32 16 0
40 10 1 0
-33 -4 -47 0
-19 47 39 0
-36 -32 42 0
-24 -20 25 0
-35 5 -39 0
-33 32 7 0
-39 -17 -6 0
-33 -21 39 0
-16 36 -2 0
18 -3 35 0
26 31 -31 0
-37 -16 39 0
-23 25 41 0
-26 18 -12 0
26 14 5 0
10 -17 -18 0
-49 -28 11 0
-24 47 47 0
25 12 37 0
5 -30 -2 0
-24 -33 -45 0
-36 40 -19 0
-33 5 25 0
-32 -15 -50 0
