c CNF generator v0.9
p cnf 50 262
-48 -24 41 0
8 44 -25 0
20 38 -43 0
-5 -22 50 0
49 -14 -1 0
18 13 -48 0
-9 -42 -47 0
-44 33 4 0
-15 -26 32 0
-16 -15 -6 0
42 35 -44 0
-18 16 -38 0
-11 33 34 0
50 22 2 0
16 -34 14 0
33 -34 42 0
4 -46 36 0
22 37 22 0
15 21 -12 0
7 32 -38 0
30 21 -4 0
-41 33 -18 0
26 4 24 0
-50 31 -36 0
33 8 -22 0
-15 24 31 0
10 46 43 0
-49 -29 23 0
22 33 5 0
18 17 50 0
-21 23 30 0
21 41 12 0
39 49 11 0
-6 7 34 0
35 37 21 0
-27 -8 35 0
16 14 44 0
-3 -6 7 0
27 -46 -48 0
17 14 9 0
-32 14 36 0
26 -43 -17 0
19 -45 -16 0
39 -18 47 0
-29 11 24 0
17 24 50 0
39 -19 22 0
6 -22 23 0
-7 -42 -44 0
34 4 -11 0
28 8 17 0
15 49 25 0
33 -22 -34 0
39 19 -24 0
-26 36 -40 0
15 13 -30 0
-44 -24 -10 0
10 8 -10 0
6 2 15 0
-38 -8 28 0
-4 -35 45 0
1 -38 -5 0
17 44 -37 0
-30 -5 45 0
8 -45 -8 0
-4 -18 17 0
-13 -12 9 0
40 3 -24 0
-11 -24 37 0
39 -16 17 0
-18 -4 42 0
47 39 38 0
21 -9 -41 0
28 -21 36 0
-30 39 -33 0
33 -44 -5 0
-25 5 -39 0
-32 -10 28 0
4 -4 -11 0
44 43 10 0
14 -10 10 0
-4 49 -13 0
30 40 15 0
-43 34 39 0
3 -45 -23 0
3 -35 -26 0
-39 38 -26 0
-41 49 41 0
-3 -26 27 0
-49 -42 4 0
36 -1 20 0
39 -43 46 0
-33 -31 16 0
-11 -14 -21 0
11 9 -27 0
-11 32 17 0
39 27 15 0
-25 -21 -4 0
-16 -4 8 0
-42 -9 4 0
-40 39 41 0
-16 -22 36 0
44 32 -50 0
22 -14 -21 0
14 33 34 0
19 -5 -17 0
-9 -27 -35 0
3 12 -23 0
42 34 -42 0
-32 -40 2 0
17 -48 34 0
-13 2 -41 0
2 -37 8 0
-34 -22 32 0
27 -47 -40 0
-45 22 -5 0
-20 8 3 0
-49 2 -12 0
-5 -12 -14 0
-37 -25 31 0
-32 38 3 0
-21 6 4 0
6 13 -32 0
-27 -27 -25 0
-39 49 -11 0
-23 -40 -3 0
26 -33 48 0
23 46 -14 0
49 31 18 0
34 12 -18 0
-22 -6 50 0
-9 -47 36 0
-18 -8 -16 0
10 14 -14 0
-9 35 -39 0
-35 3 13 0
-38 -42 -8 0
25 -35 -9 0
32 -3 28 0
5 -21 -11 0
12 4 -5 0
-45 -32 -13 0
32 -18 -45 0
-47 47 -8 0
3 -42 34 0
18 -1 -12 0
-29 -33 46 0
23 -43 1 0
34 50 24 0
9 46 1 0
-33 -11 -15 0
47 -50 -45 0
18 -32 14 0
11 25 -46 0
37 -40 21 0
46 8 25 0
38 13 1 0
-48 -44 26 0
26 37 -19 0
-23 -50 10 0
4 30 -19 0
33 26 -32 0
-10 -12 35 0
-31 27 28 0
-16 23 -14 0
-18 -50 -33 0
28 -2 -15 0
7 41 -20 0
-17 46 -2 0
-36 -40 19 0
-46 43 31 0
-36 -41 49 0
7 2 35 0
-24 46 10 0
-11 -38 24 0
-33 -14 28 0
30 27 -12 0
-27 28 12 0
12 37 -15 0
-23 -34 -46 0
13 26 -32 0
2 -41 -26 0
20 -19 -19 0
33 19 49 0
-49 -35 13 0
-39 33 -34 0
35 -30 26 0
10 -6 -46 0
-38 -7 27 0
-21 -12 -15 0
-20 -21 -8 0
17 10 -2 0
-12 -1 5 0
9 11 -43 0
-46 35 -12 0
26 29 -21 0
9 16 -40 0
14 -44 -38 0
25 -31 26 0
-11 -35 40 0
33 30 -41 0
-12 50 -19 0
-27 -33 -6 0
-47 24 -26 0
34 -44 8 0
5 46 -48 0
-31 17 9 0
-31 -19 -37 0
-22 24 31 0
31 2 18 0
11 3 50 0
5 36 41 0
-41 -10 -5 0
8 13 45 0
16 10 6 0
14 -31 -17 0
5 -23 32 0
31 46 -1 0
-28 2 -35 0
-27 12 20 0
35 -18 -29 0
-24 31 1 0
35 30 37 0
-30 -14 -2 0
17 -6 20 0
-49 -45 -36 0
-12 39 -49 0
11 -43 29 0
-37 -21 21 0
-12 -47 41 0
-28 -16 -44 0
32 -14 -4 0
-4 -43 -11 0
45 -37 -42 0
-37 -50 47 0
19 19 46 0
13 -38 25 0
-29 -10 38 0
-12 -34 -48 0
41 -16 39 0
44 26 19 0
-2 41 -28 0
41 -25 -39 0
-8 37 7 0
-43 -18 16 0
-32 -29 -38 0
9 1 -32 0
12 34 -42 0
29 2 5 0
32 44 -7 0
6 36 -18 0
-23 15 -22 0
2 -22 -18 0
-50 -35 36 0
-4 -46 -27 0
30 39 46 0
9 5 20 0
-12 40 -28 0
-20 -28 -50 0
24 -16 9 0
-27 -47 -40 0
43 -17 46 0
