c CNF generator v0.9
p cnf 50 262
9 -12 6 0
43 -16 -37 0
-42 45 17 0
13 -32 32 0
5 -2 41 0
35 -22 21 0
-22 19 -35 0
-18 30 -33 0
48 -47 9 0
17 -48 -43 0
-26 -5 24 0
18 -40 19 0
-44 39 20 0
-10 15 10 0
18 -15 -32 0
-12 -14 -35 0
-2 -6 17 0
28 -42 6 0
32 34 12 0
-46 42 14 0
16 -13 -48 0
-15 25 21 0
49 25 -37 0
27 -23 -12 0
46 36 -29 0
23 37 6 0
-44 2 19 0
-12 -16 -49 0
15 36 -13 0
-16 -32 41 0
46 19 29 0
25 -13 -46 0
-19 -37 49 0
-30 -27 -15 0
-7 -45 10 0
-33 19 -13 0
46 10 -10 0
15 -17 4 0
-43 3 -44 0
2 -34 8 0
-22 18 23 0
26 23 -25 0
-11 32 21 0
23 42 -8 0
8 -12 6 0
-14 -17 46 0
19 9 -8 0
-29 24 -37 0
-22 46 -21 0
-14 -7 -10 0
50 -32 31 0
15 -41 -43 0
-15 29 -12 0
-19 -11 -21 0
-45 25 16 0
-20 -24 -46 0
-5 -13 -24 0
-33 19 45 0
20 41 14 0
36 -16 14 0
45 41 -7 0
-27 -21 -44 0
-38 -14 3 0
8 -4 50 0
-15 31 -4 0
-40 -37 29 0
-33 -35 5 0
45 -1 14 0
47 12 -12 0
8 7 43 0
-8 42 20 0
31 -11 -3 0
42 -1 26 0
-4 29 -4 0
-23 -9 -30 0
16 -9 15 0
8 -37 -48 0
-44 32 -36 0
12 -38 21 0
-30 -22 34 0
34 11 -3 0
-12 -36 22 0
44 -31 32 0
-3 -30 -43 0
-34 -7 15 0
-38 -28 -10 0
-19 -36 43 0
-12 2 20 0
43 12 -34 0
-49 -21 -19 0
3 -37 -3 0
32 -23 46 0
21 -7 -50 0
-40 -9 -36 0
-16 45 -12 0
-28 -41 49 0
-7 -41 -3 0
7 24 -47 0
-40 -6 36 0
-29 20 -11 0
17 8 39 0
-37 -16 -18 0
49 14 5 0
10 -41 17 0
12 8 44 0
-11 31 1 0
-17 24 -21 0
-22 -47 -44 0
-42 -40 -28 0
-49 -32 43 0
42 -42 17 0
41 -10 -3 0
-32 -3 35 0
43 43 11 0
-4 30 8 0
22 -29 -26 0
-13 48 33 0
50 -9 38 0
17 -38 -9 0
27 17 37 0
-13 -25 19 0
-43 -27 44 0
48 12 -29 0
-36 29 -31 0
-15 44 21 0
-13 50 8 0
23 -2 -37 0
-43 -30 33 0
-41 21 -37 0
-25 -37 38 0
-21 -23 -20 0
-9 40 -12 0
-34 -49 -38 0
-46 39 9 0
-10 32 -15 0
47 14 50 0
-28 18 46 0
-37 29 -49 0
-40 27 29 0
-21 -36 39 0
-14 -4 -17 0
32 9 -47 0
-19 3 -42 0
-39 46 -43 0
-20 28 28 0
45 -44 -39 0
36 -1 -43 0
38 38 -33 0
9 16 -37 0
-9 -50 -26 0
45 35 11 0
35 -37 -24 0
38 11 44 0
-49 -23 -46 0
-44 -24 34 0
13 -23 21 0
-6 42 -39 0
2 29 -1 0
27 -33 41 0
42 49 31 0
23 -31 14 0
27 -34 -5 0
5 -24 45 0
32 -44 14 0
-29 -22 17 0
1 -41 47 0
39 -34 31 0
34 -39 -8 0
2 27 -44 0
-18 11 -37 0
-43 -35 -18 0
-41 -43 -41 0
9 -4 49 0
7 -50 24 0
-29 34 23 0
-16 -3 -48 0
-44 -46 18 0
8 -7 -46 0
-16 -34 13 0
12 24 -8 0
-6 21 3 0
-17 -4 -40 0
25 19 5 0
-2 1 42 0
16 7 -31 0
38 -13 -8 0
-38 19 6 0
38 -37 -5 0
-10 -42 -46 0
-13 20 -40 0
-44 -47 -6 0
5 -47 19 0
22 -36 40 0
5 40 24 0
6 -17 -31 0
-2 5 21 0
-5 22 -18 0
4 -33 6 0
28 -46 -25 0
-40 30 19 0
-21 -5 48 0
20 45 -15 0
20 25 -24 0
48 -32 18 0
34 32 32 0
9 -31 -17 0
-7 43 -18 0
38 7 22 0
6 40 -41 0
12 46 8 0
50 39 32 0
38 -9 -17 0
-32 5 47 0
-18 -18 -32 0
-35 12 45 0
31 3 23 0
-12 -30 18 0
-15 8 20 0
-38 -39 50 0
-8 35 33 0
21 28 -24 0
31 19 -7 0
29 -24 -31 0
42 -50 7 0
-22 36 8 0
29 43 25 0
45 38 -41 0
-1 -45 34 0
5 50 43 0
3 22 -30 0
-24 -33 33 0
-7 35 -22 0
41 -24 -30 0
-6 -4 -6 0
12 9 42 0
4 43 -36 0
12 7 -41 0
-33 22 -24 0
25 42 -23 0
-47 22 -25 0
19 -32 -36 0
-31 4 5 0
-13 -28 -46 0
16 31 35 0
-28 -49 -44 0
50 -1 14 0
36 -45 -9 0
-24 -37 48 0
-41 11 38 0
28 -12 16 0
-6 -47 45 0
39 -35 -7 0
-22 42 -38 0
38 -9 -1 0
-50 -44 -48 0
-18 46 23 0
43 -43 6 0
-32 41 49 0
41 36 -15 0
-35 50 -29 0
-43 -32 49 0
-45 -31 -41 0
