c CNF generator v0.9
p cnf 50 262
47 35 -35 0
-9 4 5 0
40 -23 36 0
-5 -2 -19 0
-7 -24 25 0
-21 -42 25 0
-42 -21 14 0
-10 -31 -13 0
-35 7 -40 0
-15 -35 -22 0
44 -50 -1 0
33 -6 39 0
-8 -22 -3 0
11 26 39 0
-44 15 22 0
12 45 -48 0
43 7 -29 0
14 -39 -28 0
22 39 -3 0
-18 40 47 0
-3 -9 -25 0
2 4 -2 0
-4 33 -21 0
14 -24 20 0
-17 -4 24 0
32 18 -29 0
-18 -13 -42 0
-18 2 -41 0
36 -45 -27 0
-42 13 40 0
5 -25 40 0
29 44 -46 0
-23 -18 9 0
-43 47 19 0
-22 -14 -29 0
29 -35 45 0
28 -29 23 0
-44 -30 18 0
26 24 -39 0
-12 31 42 0
-17 25 49 0
-50 15 -36 0
-29 38 22 0
-49 -30 -13 0
-4 -50 18 0
17 40 -7 0
30 37 -36 0
-16 28 -1 0
49 7 37 0
23 -2 19 0
25 7 -32 0
-9 -6 -21 0
-36 -9 -21 0
-50 29 -23 0
43 -15 -24 0
11 -31 19 0
17 39 -8 0
-11 1 -33 0
1 8 22 0
12 -49 -48 0
32 -36 3 0
-19 22 13 0
2 -24 -49 0
6 -43 50 0
17 -38 16 0
8 -48 36 0
-44 -2 32 0
18 -47 39 0
28 -26 23 0
10 -27 26 0
20 10 15 0
31 28 47 0
35 -22 -18 0
-9 -49 37 0
11 21 36 0
43 -15 -50 0
-6 -27 25 0
7 -19 -12 0
11 -45 35 0
-11 -3 -25 0
-3 35 24 0
-3 25 40 0
-20 35 4 0
28 16 -4 0
-9 39 22 0
-9 -26 26 0
-4 39 34 0
-14 -16 -46 0
-23 46 2 0
19 -38 13 0
39 -15 5 0
23 -5 -35 0
23 13 -40 0
11 1 -27 0
-44 -17 19 0
-10 -1 18 0
-23 -37 26 0
-47 23 -15 0
26 50 20 0
-25 -4 -37 0
35 10 -1 0
-33 22 20 0
20 33 43 0
5 -2 -40 0
25 -29 -39 0
28 35 -24 0
9 43 -41 0
-26 -27 30 0
-17 -33 -1 0
-35 44 -43 0
-41 2 -32 0
48 3 -5 0
-14 -49 6 0
49 -10 42 0
-38 -48 -27 0
-49 39 -18 0
-45 -37 5 0
-24 -15 -50 0
-21 45 38 0
33 -41 43 0
-41 -25 -18 0
-24 -44 -4 0
28 3 15 0
-37 -10 -35 0
11 46 -22 0
27 -14 34 0
-26 -23 -44 0
-21 -49 -17 0
-47 -47 29 0
-26 -14 9 0
-38 -30 11 0
-16 -39 -45 0
43 -25 25 0
-11 27 34 0
-36 -37 31 0
-28 28 17 0
14 16 10 0
-3 23 3 0
-24 -22 -27 0
-3 21 -40 0
9 -50 24 0
-30 39 45 0
22 -50 41 0
31 46 -15 0
8 2 -41 0
37 -50 22 0
-19 -30 -49 0
33 43 17 0
-21 15 -10 0
-20 -10 -7 0
29 23 46 0
21 -42 -14 0
-18 -32 -12 0
4 4 11 0
-29 46 -46 0
16 -49 -14 0
6 22 -23 0
25 -19 -44 0
-38 13 35 0
-13 -4 -27 0
-4 -45 21 0
-19 -9 -5 0
-2 34 -39 0
-41 41 3 0
-20 8 7 0
38 6 20 0
43 -24 -13 0
30 12 -38 0
-4 31 41 0
27 5 -5 0
-42 23 -21 0
-27 -31 40 0
30 -13 32 0
-6 16 -8 0
-37 21 36 0
-42 -14 13 0
-43 6 -33 0
-35 3 -19 0
-44 -45 29 0
40 42 -7 0
40 44 8 0
8 -3 9 0
-14 30 -24 0
49 21 26 0
26 -5 10 0
42 40 20 0
-22 47 20 0
-42 -38 -18 0
22 9 -16 0
19 32 -3 0
-14 -33 32 0
-24 36 20 0
-32 -37 -44 0
2 -5 -50 0
31 -39 17 0
16 16 35 0
40 33 13 0
-42 47 -32 0
-31 -24 35 0
6 -36 -4 0
-7 -9 -43 0
6 10 1 0
-30 16 -41 0
-6 1 -20 0
-41 13 -22 0
11 31 -12 0
42 15 -9 0
-32 -14 9 0
21 17 23 0
48 11 -49 0
-2 -8 -5 0
-46 -9 2 0
-20 22 47 0
4 44 24 0
-42 -14 -38 0
-18 -40 38 0
25 -47 34 0
28 39 21 0
-15 -17 38 0
-48 8 -11 0
41 17 -41 0
-47 38 -4 0
-24 45 -18 0
13 -1 10 0
-25 -39 -7 0
44 -34 34 0
9 -42 -25 0
19 -50 -44 0
-20 -36 46 0
6 -16 -34 0
12 28 9 0
-24 16 21 0
10 32 48 0
-18 12 34 0
6 33 49 0
36 -26 -34 0
-50 -18 -48 0
49 21 -41 0
-25 32 10 0
-21 -21 -49 0
30 -27 11 0
47 32 32 0
49 -23 -1 0
-22 -49 21 0
32 -39 -13 0
-33 -4 41 0
41 -9 -8 0
-35 47 -12 0
1 21 -47 0
-2 46 -44 0
-26 7 -50 0
-40 9 -41 0
42 19 -42 0
43 -25 -50 0
-42 -6 -7 0
16 -30 16 0
12 36 44 0
-8 12 32 0
-48 -14 -13 0
-9 -42 -20 0
-28 -31 8 0
-2 -14 -17 0
