c CNF generator v0.9
p cnf 50 262
-18 -8 31 0
-32 9 -39 0
-45 -8 -3 0
21 6 -28 0
5 24 -19 0
47 -7 35 0
16 -40 -30 0
-45 -29 29 0
43 45 -7 0
-22 -39 7 0
-37 6 -23 0
-48 -19 20 0
14 43 19 0
-38 26 49 0
-40 36 -6 0
42 50 29 0
-50 4 -21 0
10 40 20 0
-40 -28 -26 0
-11 36 33 0
-36 5 -26 0
37 30 -11 0
46 -31 -8 0
-2 6 47 0
-38 -19 20 0
-5 33 49 0
-46 19 -48 0
18 28 47 0
-32 -40 35 0
10 29 24 0
13 29 46 0
-33 21 34 0
5 30 20 0
-26 25 -10 0
-4 12 -31 0
50 12 33 0
47 47 42 0
-29 41 -7 0
27 16 -22 0
-28 -38 9 0
32 -50 30 0
36 33 -8 0
-13 49 34 0
-28 43 -9 0
-39 2 -44 0
46 48 -38 0
30 -6 -8 0
15 14 -49 0
35 -43 49 0
-36 20 -19 0
46 -25 -18 0
13 -3 22 0
-44 26 24 0
44 25 45 0
-12 31 -17 0
22 -40 -46 0
1 31 -41 0
24 6 -17 0
-50 35 -24 0
-26 16 36 0
19 41 -2 0
46 11 2 0
-22 18 16 0
-46 6 35 0
46 -43 23 0
-32 -11 8 0
47 -22 6 0
-42 -20 35 0
29 -7 49 0
-5 31 -34 0
-18 50 13 0
42 50 23 0
3 -48 30 0
-4 -40 -24 0
-11 35 -6 0
43 -48 17 0
31 -30 -42 0
-18 15 -33 0
-33 26 24 0
-7 4 2 0
-38 -30 -31 0
13 12 40 0
16 2 -4 0
-17 -4 28 0
34 31 38 0
-27 -7 5 0
-18 -35 -23 0
2 -2 -24 0
42 -6 26 0
-36 -39 31 0
-45 13 15 0
-40 -18 26 0
-32 -48 -4 0
29 13 -7 0
-40 -50 29 0
-41 -11 -48 0
23 3 -23 0
25 -13 -3 0
6 -12 12 0
-21 -15 -19 0
6 -48 -38 0
3 -28 -33 0
-19 22 48 0
-39 49 19 0
32 12 22 0
36 -28 46 0
-48 20 -12 0
-16 -19 -15 0
8 43 -2 0
23 1 9 0
-9 46 -7 0
24 -45 -16 0
29 -23 34 0
-19 -40 31 0
-38 -14 7 0
-5 27 -37 0
-13 -8 28 0
14 17 36 0
46 45 -14 0
-28 -23 37 0
-27 -2 -35 0
28 -48 3 0
7 -39 -49 0
35 -37 48 0
-34 -48 -31 0
48 33 23 0
-23 -45 -23 0
-3 27 8 0
-12 37 -26 0
43 17 -49 0
24 28 9 0
40 17 -45 0
26 42 33 0
15 12 22 0
26 40 25 0
23 -22 -19 0
-4 -16 -48 0
16 -47 42 0
9 -20 -21 0
43 -46 25 0
-22 -14 35 0
-10 31 15 0
39 1 41 0
3 -49 34 0
-49 47 -20 0
-17 30 -26 0
18 31 4 0
14 27 -29 0
-18 -41 42 0
1 45 -36 0
-26 -45 -11 0
15 23 17 0
-29 49 46 0
-17 -44 -20 0
-15 -33 36 0
-46 31 -18 0
-49 -5 -33 0
-41 -31 -4 0
-38 44 -29 0
30 12 37 0
-50 -3 38 0
-14 -6 -40 0
9 -30 28 0
-29 32 -29 0
3 13 -50 0
1 49 21 0
42 -12 -34 0
-28 49 21 0
47 -18 -45 0
47 20 31 0
-6 -14 24 0
-50 -45 34 0
49 9 14 0
-17 47 -49 0
11 37 49 0
-29 -24 2 0
-4 -30 41 0
40 27 6 0
21 -49 3 0
-36 32 10 0
-44 47 -10 0
-49 -43 39 0
41 -33 48 0
-11 -48 3 0
26 11 -37 0
33 13 -28 0
-5 18 47 0
-9 -32 -11 0
15 -9 17 0
-16 47 -48 0
29 27 -41 0
18 24 29 0
-37 27 -18 0
30 -26 22 0
25 24 -4 0
14 50 38 0
-28 -12 33 0
34 29 34 0
49 17 27 0
7 6 16 0
23 31 -15 0
5 -40 40 0
-15 24 1 0
-12 36 -47 0
-43 -8 45 0
20 2 -12 0
-15 -34 -8 0
23 -39 12 0
-50 -20 -38 0
-7 15 -20 0
-23 -25 15 0
-41 -6 -50 0
-35 -36 -23 0
39 -23 -23 0
5 -38 -15 0
22 18 -29 0
42 35 -48 0
-43 -28 49 0
31 2 28 0
1 -36 20 0
45 36 19 0
1 11 -10 0
46 -4 -28 0
-48 -36 -3 0
-25 23 -36 0
-43 25 34 0
18 -37 -11 0
-23 27 -28 0
21 -5 -11 0
-31 -9 13 0
41 36 -30 0
24 -8 -2 0
-28 15 -21 0
10 27 46 0
10 8 -18 0
-21 49 29 0
3 -4 -46 0
5 42 18 0
47 -41 -24 0
-5 -21 -7 0
-13 -47 -15 0
-42 -6 28 0
42 11 -49 0
-48 -20 -48 0
16 38 41 0
-9 10 -15 0
46 -16 17 0
28 2 -45 0
-2 -31 -46 0
-14 16 -22 0
-37 -20 -19 0
-3 -18 -1 0
-49 25 -45 0
20 -20 15 0
-21 2 20 0
-50 38 3 0
43 -17 -44 0
8 -31 42 0
24 -19 11 0
-42 -4 15 0
34 30 -46 0
16 30 21 0
