c CNF generator v0.9
p cnf 50 262
-14 9 30 0
-19 -7 27 0
22 1 18 0
29 9 6 0
8 21 -4 0
33 -39 -24 0
-7 48 26 0
-28 -27 44 0
-26 7 -42 0
-40 30 20 0
9 -39 2 0
14 -28 -34 0
50 50 50 0
23 -36 -34 0
37 15 45 0
50 -9 24 0
-44 -31 -18 0
45 -15 -9 0
-16 -27 -3 0
29 -28 -43 0
-5 29 -32 0
42 -2 13 0
-3 22 3 0
5 -45 -41 0
23 2 19 0
-38 -28 21 0
40 -16 35 0
20 -6 -11 0
-2 30 -49 0
-34 -22 -35 0
-22 -11 44 0
20 45 -30 0
40 14 23 0
-29 36 30 0
16 -23 -30 0
-10 -33 41 0
3 32 5 0
-11 -37 -11 0
9 -48 -1 0
-21 -36 37 0
18 27 10 0
-2 -40 1 0
7 -33 6 0
-49 -5 25 0
-21 27 -25 0
47 -3 8 0
-33 24 47 0
-37 6 -39 0
-25 2 42 0
-43 6 -4 0
-24 9 13 0
-45 42 8 0
6 29 18 0
41 24 6 0
9 49 -37 0
41 -3 -9 0
-2 33 -38 0
-14 32 9 0
-33 -2 47 0
-18 6 -15 0
44 14 49 0
38 -35 -40 0
5 6 15 0
16 -38 -13 0
-46 41 -29 0
-25 23 -38 0
3 6 -45 0
-33 -16 43 0
39 45 -50 0
33 -22 -3 0
4 46 35 0
-2 21 25 0
-16 -12 42 0
43 39 50 0
-2 -21 33 0
25 -42 33 0
-3 -18 41 0
16 -10 -15 0
9 -9 22 0
-46 18 8 0
-39 -1 35 0
-4 -33 -36 0
-46 7 1 0
45 43 -41 0
22 38 -18 0
37 27 -22 0
24 -49 -31 0
-14 39 7 0
-36 40 27 0
35 15 -18 0
-47 26 -23 0
-20 31 -31 0
-7 25 42 0
-31 -10 27 0
42 30 30 0
42 26 7 0
-17 -30 39 0
-41 -20 -22 0
-20 46 9 0
-35 8 -48 0
-16 -12 47 0
47 5 -42 0
29 -10 49 0
46 38 15 0
-27 -12 32 0
23 -3 46 0
41 -14 -21 0
-24 -5 -30 0
20 48 32 0
-23 45 -24 0
35 22 13 0
-49 -8 6 0
-29 -16 -34 0
-24 47 -34 0
48 -35 34 0
-1 45 14 0
27 24 -3 0
18 -38 -16 0
-34 -22 33 0
-42 35 -44 0
-32 15 -18 0
26 -3 -41 0
25 -16 42 0
-26 -2 -43 0
1 -50 -18 0
-13 25 -50 0
-29 -41 -23 0
-26 1 -45 0
-3 -34 10 0
-35 -1 -23 0
29 31 11 0
-8 37 41 0
32 35 -46 0
-8 -11 -24 0
-50 11 -29 0
38 11 33 0
-23 -14 -10 0
47 27 27 0
36 -16 11 0
4 4 2 0
-5 -47 -23 0
-33 30 -43 0
-1 37 48 0
-22 -35 -16 0
50 -23 3 0
3 -14 15 0
31 -3 4 0
19 -50 24 0
17 30 -27 0
-43 50 -1 0
-26 37 17 0
-50 41 -48 0
-47 -1 13 0
-13 20 40 0
-39 34 -16 0
-49 -22 -1 0
-18 -8 34 0
44 -48 8 0
-16 -7 -12 0
44 -39 40 0
42 5 -20 0
2 41 -39 0
-15 26 13 0
-14 -11 -50 0
-46 13 18 0
30 10 -5 0
36 -11 21 0
13 -30 21 0
44 -22 -32 0
25 -22 17 0
31 3 17 0
-30 -43 49 0
-26 19 -10 0
49 6 -42 0
-49 -27 -17 0
38 -48 32 0
-37 -14 45 0
-13 4 -15 0
16 21 4 0
12 -18 -35 0
-37 32 -45 0
-32 15 -9 0
-21 -18 34 0
-2 50 15 0
-36 27 -17 0
42 46 -37 0
-19 4 -38 0
43 -22 -24 0
5 25 -46 0
-2 -50 9 0
5 -45 25 0
-17 -31 -42 0
36 -37 22 0
46 39 10 0
-17 47 -43 0
13 48 8 0
46 -22 -21 0
23 -29 -22 0
-42 48 42 0
-2 8 -43 0
50 15 15 0
9 -23 -16 0
-20 -15 31 0
-44 -24 47 0
5 -9 -41 0
43 -41 -49 0
9 10 49 0
30 13 -19 0
9 -3 -13 0
23 -33 -41 0
50 22 -34 0
-33 -48 1 0
45 -26 12 0
21 9 -3 0
-12 -41 -18 0
-36 46 19 0
36 28 41 0
7 -45 1 0
-23 -28 17 0
44 24 9 0
44 -12 40 0
34 -1 40 0
-22 15 47 0
39 31 -13 0
5 -29 32 0
-13 -36 -14 0
44 -30 -45 0
-10 -15 18 0
-42 -48 13 0
-15 9 -1 0
8 40 -44 0
-16 -21 9 0
5 46 -4 0
-16 -21 9 0
37 17 -27 0
20 8 15 0
4 -45 12 0
-36 -37 -42 0
3 -10 12 0
-4 -36 40 0
-12 -33 8 0
-41 -15 -8 0
29 39 7 0
32 20 -28 0
27 12 7 0
-39 -40 20 0
13 -47 -18 0
-11 -15 1 0
-31 1 -14 0
3 -42 16 0
-36 -21 13 0
14 -15 22 0
-41 17 48 0
30 11 -1 0
2 41 10 0
-46 17 49 0
32 -43 -19 0
39 -16 -31 0
-2 33 -5 0
-47 24 -29 0
44 -28 29 0
-10 26 18 0
