c CNF generator v0.9
p cnf 50 275
28 48 3 0
-11 4 -4 0
40 2 -21 0
-28 22 -1 0
-18 -48 -20 0
49 -27 -38 0
36 -16 38 0
-35 25 -46 0
27 41 41 0
24 -35 37 0
-28 -32 -20 0
-33 46 23 0
-25 -11 -16 0
-24 44 -20 0
-31 47 -15 0
-45 2 33 0
-35 -41 3 0
7 -41 33 0
-36 45 -17 0
13 -50 -38 0
44 25 5 0
-14 -18 32 0
-13 -11 -7 0
-23 -15 44 0
-34 -13 23 0
-44 -9 -43 0
23 46 6 0
42 18 -22 0
7 1 -32 0
32 -7 24 0
20 -45 -14 0
-38 43 -21 0
-38 18 12 0
-17 27 24 0
28 26 17 0
-18 41 -12 0
-25 -46 34 0
-26 -24 -16 0
17 -29 48 0
-2 -19 18 0
-12 15 -44 0
-33 17 26 0
-20 -37 -10 0
39 38 44 0
-40 6 -37 0
10 46 -39 0
50 -39 -29 0
-24 -12 34 0
-37 -27 -6 0
-8 -24 -25 0
-1 -49 -30 0
-40 -50 3 0
35 -20 16 0
24 18 28 0
-36 40 -21 0
-23 -32 -20 0
13 -50 -1 0
-40 33 -28 0
21 -42 -1 0
-34 -22 7 0
29 -22 -46 0
-30 -3 -15 0
5 -35 -12 0
18 -42 -11 0
-26 -4 -14 0
6 -44 -40 0
31 -29 16 0
39 46 -49 0
22 -32 46 0
-24 11 -20 0
-10 39 -36 0
35 -16 40 0
-37 12 49 0
35 38 -10 0
12 44 43 0
15 41 -19 0
-42 -49 -14 0
41 -33 22 0
-39 10 -15 0
18 30 18 0
23 -19 18 0
-15 4 2 0
-9 18 44 0
-13 -43 -37 0
31 48 2 0
-6 15 20 0
28 -48 20 0
46 -20 38 0
-18 4 23 0
-31 -38 38 0
8 42 -15 0
-14 40 -28 0
-50 5 -8 0
-19 -32 -5 0
15 -7 -44 0
-44 -37 39 0
-26 -48 47 0
5 -30 32 0
-7 -25 4 0
11 46 -11 0
-44 38 -45 0
34 -25 -6 0
-38 44 36 0
12 -2 25 0
26 -43 -40 0
32 -6 6 0
31 36 -20 0
5 44 -42 0
17 -13 -25 0
10 -17 -39 0
-32 -14 20 0
35 42 -47 0
-35 -22 15 0
-24 -15 -44 0
8 13 -29 0
-20 -5 42 0
-28 -27 48 0
48 -16 15 0
-28 25 16 0
-13 1 -27 0
-14 -3 -23 0
-20 28 17 0
31 -4 -50 0
8 -10 -35 0
-37 39 26 0
-46 -14 22 0
13 -27 -16 0
-26 12 -38 0
46 -47 -11 0
-10 -24 -12 0
-35 -32 11 0
13 -23 28 0
39 46 -32 0
18 38 24 0
-37 -37 -21 0
-3 -23 -22 0
25 -2 -36 0
-40 -31 -28 0
-13 19 18 0
29 -23 31 0
18 -34 9 0
-6 -1 -1 0
11 26 50 0
37 -50 -37 0
-46 4 20 0
41 -41 39 0
15 36 35 0
-16 -28 -25 0
-45 27 12 0
41 21 -3 0
27 -9 6 0
-46 -15 23 0
-17 -11 -13 0
24 38 -28 0
-15 26 -10 0
28 46 8 0
24 -27 41 0
-5 10 -31 0
-9 10 27 0
34 35 -40 0
3 20 -5 0
12 -25 40 0
-35 -41 -4 0
19 -41 -2 0
9 -37 -15 0
31 47 -50 0
27 -26 -9 0
35 -45 49 0
15 -27 -11 0
-47 -13 -27 0
-20 6 8 0
6 7 -44 0
49 -46 -36 0
23 -19 -38 0
44 -10 19 0
12 46 -5 0
44 9 -35 0
-43 7 7 0
-46 4 38 0
31 -23 -42 0
25 7 12 0
-6 -30 -44 0
-45 26 -35 0
38 -34 -18 0
-34 -48 -10 0
44 4 9 0
-20 -32 20 0
-25 28 20 0
-6 -18 41 0
17 20 -2 0
15 12 13 0
-36 38 35 0
27 13 -39 0
8 -39 29 0
-15 10 -48 0
-9 1 -23 0
28 19 2 0
-36 -41 26 0
-20 35 46 0
-26 -41 -28 0
24 -27 -25 0
-41 -1 -20 0
45 3 46 0
-36 -22 -30 0
47 41 -24 0
-7 -26 46 0
-35 35 31 0
10 -38 -25 0
50 33 -24 0
8 -45 -3 0
4 9 -5 0
36 38 -15 0
-4 -11 -30 0
-14 -7 -9 0
8 50 -11 0
-40 -1 -31 0
-26 -23 -30 0
50 6 50 0
12 23 -28 0
-6 1 40 0
-9 -15 -48 0
-13 33 -33 0
47 47 46 0
-27 10 33 0
-16 8 39 0
-45 1 -23 0
-6 -25 21 0
-34 23 31 0
17 -6 49 0
49 30 -7 0
-26 5 -26 0
28 13 -30 0
32 -20 -24 0
47 3 13 0
-33 -32 -16 0
-3 8 3 0
30 20 27 0
24 50 39 0
-40 -18 -12 0
46 5 -17 0
19 -14 19 0
-11 -3 7 0
37 18 18 0
-11 49 13 0
-45 -1 -18 0
-37 21 -44 0
39 -48 -16 0
-19 -24 28 0
12 20 37 0
-29 -10 22 0
-42 -35 -48 0
-9 -29 26 0
28 4 -48 0
-31 27 38 0
46 29 13 0
-45 36 -2 0
3 42 44 0
12 37 -42 0
-26 -3 -40 0
50 -35 -6 0
27 -34 36 0
39 -41 35 0
36 12 47 0
34 25 33 0
-14 26 -46 0
-33 -23 -45 0
30 27 42 0
19 17 35 0
26 31 31 0
-30 -24 25 0
2 -48 -13 0
46 38 -20 0
-26 37 -21 0
22 41 -23 0
3 -43 -11 0
