c CNF generator v0.9
p cnf 50 275
38 13 -38 0
39 9 48 0
9 -37 14 0
31 9 30 0
32 -5 15 0
-18 28 -24 0
-3 -3 -16 0
-2 31 -34 0
45 -24 14 0
-12 -21 -10 0
43 36 -34 0
35 -31 37 0
-17 8 44 0
-22 14 44 0
42 44 48 0
26 -46 -11 0
-27 -13 41 0
-11 -27 10 0
-44 -15 2 0
17 50 34 0
15 50 -24 0
18 15 -23 0
-29 36 -12 0
-15 50 -38 0
17 -46 -39 0
-47 -44 -1 0
50 -23 34 0
-12 -47 44 0
36 19 16 0
-49 -34 -31 0
32 -25 -32 0
-50 45 43 0
29 -25 -14 0
-33 -1 -14 0
-44 5 28 0
47 -41 -22 0
-32 20 -41 0
-14 -15 -5 0
-9 -25 -25 0
-7 35 16 0
5 46 -38 0
-14 -28 16 0
-18 -45 29 0
7 22 18 0
-6 30 40 0
41 38 27 0
-28 -39 -18 0
-10 -30 49 0
3 -15 -21 0
8 -41 25 0
-3 -16 -42 0
-17 24 23 0
-49 -27 14 0
42 -39 -9 0
12 13 -18 0
1 44 -33 0
47 23 18 0
28 -42 -27 0
15 39 -4 0
8 46 -7 0
14 27 -36 0
-42 17 4 0
-50 20 47 0
33 -13 -49 0
-23 -24 8 0
16 -24 42 0
38 -13 31 0
11 -40 45 0
-31 -19 19 0
16 -37 26 0
-40 -4 -34 0
-17 50 -16 0
25 -35 -47 0
-5 21 26 0
1 -34 -20 0
-12 6 -49 0
-45 -49 -38 0
-11 -34 31 0
-14 -11 5 0
50 -3 39 0
12 -17 -40 0
-49 -3 39 0
-29 2 -23 0
12 15 1 0
43 -12 36 0
-15 44 -7 0
43 41 -30 0
7 -17 9 0
-20 49 -2 0
-46 -20 34 0
-44 47 -42 0
37 2 -45 0
-26 -43 2 0
4 46 -49 0
-12 -50 47 0
9 24 34 0
-37 -14 13 0
42 -25 -2 0
29 -9 33 0
-44 5 46 0
36 -30 -6 0
44 -12 -9 0
-26 31 -39 0
-16 -22 9 0
16 -1 -29 0
-38 -16 48 0
-18 -26 -49 0
-31 36 30 0
39 -13 -7 0
24 -24 50 0
46 43 -45 0
4 47 -18 0
-47 -1 -16 0
-38 36 -12 0
-28 11 -29 0
-24 -12 20 0
-44 -37 -8 0
23 -22 32 0
28 -12 37 0
-3 -17 13 0
33 -21 43 0
45 -10 -6 0
-23 11 -11 0
11 -26 42 0
-10 -13 44 0
26 -1 -34 0
-1 -2 13 0
49 -48 -47 0
31 -1 50 0
44 -29 19 0
26 -43 -2 0
-48 -5 29 0
-14 -50 12 0
-7 8 18 0
-1 48 -13 0
-30 -15 -47 0
-24 44 -26 0
8 9 2 0
-23 -45 -50 0
-47 -8 -12 0
-46 -23 -39 0
18 -26 -41 0
43 5 -22 0
13 -50 27 0
48 38 -37 0
-20 19 -41 0
-35 23 31 0
38 33 -38 0
-44 19 -1 0
-43 -21 18 0
26 24 5 0
-13 -33 -47 0
33 -28 37 0
29 -26 -45 0
18 45 -29 0
-7 14 41 0
2 20 -7 0
-3 -30 40 0
47 48 -34 0
47 24 17 0
41 -30 18 0
20 -39 -29 0
-13 -48 23 0
-19 -23 -2 0
7 40 14 0
-9 21 -7 0
-20 13 36 0
-43 -37 26 0
-1 18 20 0
36 50 29 0
32 19 10 0
-13 32 39 0
-10 -49 -47 0
-7 -18 -14 0
-27 2 -9 0
-27 -16 -25 0
27 28 4 0
-39 -49 50 0
35 -1 -47 0
-18 28 -5 0
-21 -49 -37 0
-23 -34 13 0
-9 49 12 0
-21 -23 43 0
24 45 -39 0
5 -42 -14 0
15 -9 46 0
-19 38 14 0
-34 22 -27 0
-18 18 -49 0
-33 -18 10 0
-39 -14 26 0
7 -19 -47 0
42 47 -30 0
7 42 -8 0
-25 -20 50 0
-17 45 -21 0
-46 -43 20 0
-38 21 30 0
16 21 50 0
-42 -37 16 0
34 41 -41 0
-3 -18 41 0
-27 -26 41 0
9 -3 -2 0
8 -29 1 0
-36 22 26 0
-26 -10 -13 0
-14 -43 47 0
38 -24 17 0
-10 -43 21 0
44 5 45 0
7 35 -30 0
-13 13 50 0
5 18 34 0
17 1 -15 0
-2 -26 9 0
7 3 -17 0
6 -15 -8 0
-23 -40 -23 0
-48 -9 -4 0
-39 -27 -35 0
-44 -32 9 0
-37 -20 -34 0
-23 14 -24 0
-25 -17 10 0
32 -31 -47 0
42 21 46 0
-33 -13 8 0
-38 21 -30 0
33 48 47 0
-33 9 -3 0
36 30 30 0
-23 45 48 0
-5 -25 -21 0
-27 -25 -36 0
24 -21 -49 0
45 23 -32 0
32 6 -28 0
-20 -36 -3 0
-6 46 48 0
45 -11 47 0
-35 -49 -3 0
49 -19 35 0
-32 18 -15 0
-18 -40 -13 0
24 11 -43 0
-32 -31 -19 0
14 -20 15 0
17 -25 22 0
-50 46 -19 0
-47 5 22 0
-19 -11 -1 0
13 -3 -30 0
-41 -48 7 0
-33 2 11 0
42 -4 -11 0
-5 -19 -24 0
-8 -43 -28 0
-3 2 -18 0
-27 12 9 0
-45 -31 5 0
-23 -44 -37 0
-6 13 46 0
39 -2 14 0
-24 37 -50 0
-6 4 -29 0
-41 -47 50 0
-24 -47 34 0
-6 12 -15 0
-37 16 25 0
-48 12 -29 0
33 -1 27 0
4 -47 -8 0
7 6 19 0
