c CNF generator v0.9
p cnf 50 275
-20 -24 -9 0
25 -8 -18 0
39 22 -5 0
50 7 -40 0
4 -1 42 0
-24 -33 -2 0
-15 -9 16 0
-8 -32 -31 0
-22 22 22 0
-6 -4 -37 0
3 37 -9 0
9 17 -36 0
47 33 42 0
-26 39 -50 0
30 33 29 0
-50 -12 -23 0
-5 -45 -27 0
-48 39 -37 0
3 -42 -30 0
-16 39 24 0
-25 -34 49 0
-14 -48 -14 0
-23 48 10 0
-41 17 -17 0
18 22 -47 0
-30 25 -33 0
42 23 -48 0
2 15 -7 0
-30 3 17 0
25 47 -22 0
17 2 -48 0
-21 8 -48 0
-35 47 -5 0
-48 6 6 0
-19 7 27 0
-34 -50 -49 0
48 -19 -14 0
-50 -45 -14 0
-12 16 -22 0
-30 24 -12 0
-11 4 -4 0
39 43 5 0
-28 -10 13 0
-28 5 -20 0
8 4 47 0
-1 28 -34 0
-12 35 16 0
-36 41 -3 0
22 -1 47 0
21 -45 -42 0
2 28 -40 0
31 47 -29 0
13 47 -9 0
-42 14 -10 0
48 -28 18 0
-15 -17 38 0
17 21 23 0
16 -26 -6 0
48 14 1 0
37 -26 36 0
3 -8 -49 0
41 -35 19 0
-20 14 46 0
-7 -30 -18 0
-28 -43 33 0
-48 -26 -47 0
-21 -31 35 0
-14 23 16 0
-48 -22 -24 0
39 -14 -22 0
-36 -17 31 0
24 29 21 0
-6 -34 -39 0
-5 -44 -33 0
-7 -42 17 0
17 48 -20 0
-27 49 -12 0
41 38 -2 0
26 32 -22 0
18 -18 -39 0
-35 32 -48 0
24 27 30 0
-33 -1 43 0
25 -13 20 0
41 31 -12 0
35 50 7 0
-21 9 7 0
-3 36 2 0
-40 -31 23 0
28 -25 -22 0
-25 38 17 0
20 -41 44 0
-37 -16 6 0
19 16 -42 0
26 31 14 0
23 -40 3 0
45 31 50 0
27 6 -30 0
5 49 -8 0
-36 20 -30 0
-46 43 5 0
-42 40 28 0
42 -15 25 0
20 25 -3 0
35 -45 -22 0
-14 21 43 0
7 -8 -42 0
29 10 -24 0
46 44 45 0
33 28 49 0
37 48 -28 0
47 41 -12 0
-38 28 15 0
-21 21 -3 0
-14 -37 5 0
-2 5 -29 0
-50 -32 47 0
-47 -10 -1 0
-40 -33 -50 0
-30 47 22 0
27 -5 7 0
-5 -10 34 0
38 -7 14 0
7 -27 49 0
-18 -23 -38 0
-22 20 11 0
-4 5 -13 0
38 -34 8 0
-36 46 -12 0
38 26 35 0
35 -35 -14 0
-26 -48 -11 0
-49 26 49 0
47 40 19 0
-19 -7 -46 0
36 35 -18 0
1 -39 49 0
20 -32 -1 0
-45 29 26 0
-32 16 37 0
-16 -14 47 0
31 22 6 0
-46 -40 49 0
23 8 18 0
-4 -11 37 0
-49 -41 49 0
-5 -27 -50 0
-8 -8 -36 0
10 -32 -14 0
-12 -7 13 0
-47 -44 -11 0
-41 -28 -1 0
-25 15 -49 0
22 -39 22 0
20 50 -28 0
44 -34 27 0
6 40 -3 0
-10 22 16 0
-33 -41 -29 0
-3 27 21 0
-4 -20 -7 0
-21 -9 40 0
-32 40 17 0
-13 21 -35 0
32 -25 30 0
-22 -48 41 0
-33 -40 39 0
-35 -3 -1 0
4 -40 28 0
9 -10 20 0
37 -21 17 0
-6 24 -9 0
-28 -19 49 0
-18 42 23 0
-15 -40 35 0
16 30 3 0
49 -40 37 0
-4 28 8 0
-21 -44 11 0
-34 -28 -29 0
33 33 37 0
38 -30 -11 0
-28 32 -22 0
-16 23 -22 0
-46 25 -49 0
33 30 27 0
-3 -23 17 0
11 -25 -31 0
5 -35 -5 0
29 -37 14 0
27 -18 13 0
-28 13 42 0
-5 -30 -46 0
-2 19 23 0
-50 -3 -40 0
-3 -11 -10 0
10 31 -22 0
-4 -12 36 0
47 26 8 0
13 -31 -8 0
-25 26 -36 0
-42 5 -20 0
-33 -14 -14 0
4 2 -6 0
25 -1 -35 0
41 24 13 0
-2 -44 26 0
-48 38 47 0
-41 -49 28 0
-38 -22 34 0
10 -11 -8 0
6 -43 6 0
-2 -12 9 0
11 -22 -13 0
-34 -22 -23 0
-17 6 -23 0
-26 -8 -14 0
27 6 -12 0
26 -38 -46 0
47 -3 -33 0
49 44 -18 0
27 31 23 0
-41 43 12 0
21 -40 19 0
-25 -47 -21 0
-46 -7 48 0
-1 -28 47 0
-28 -9 21 0
31 44 -2 0
-15 10 50 0
-32 19 -41 0
-38 -37 1 0
29 9 11 0
-21 -33 11 0
37 28 23 0
16 26 -22 0
-9 2 -48 0
29 -28 49 0
15 -20 -24 0
-42 -25 2 0
26 32 -18 0
40 -45 -28 0
40 38 31 0
38 26 -20 0
11 -33 -30 0
8 28 -46 0
3 50 8 0
-22 33 7 0
-21 -50 -32 0
38 -45 46 0
1 -35 15 0
18 -8 37 0
-39 32 -9 0
-26 -49 -27 0
-16 -15 -30 0
-45 37 -22 0
-11 -22 -8 0
-37 26 42 0
-11 26 -34 0
36 -46 34 0
-12 36 -9 0
37 23 38 0
7 -9 -27 0
-12 18 -14 0
17 32 37 0
16 46 -29 0
31 -23 -30 0
6 23 -33 0
-15 33 -36 0
-23 13 -35 0
24 -24 -28 0
-26 -29 -16 0
24 -36 30 0
48 -39 32 0
-3 -12 46 0
