c CNF generator v0.9
p cnf 50 275
1 24 31 0
29 -33 1 0
-22 6 -1 0
-40 44 -7 0
50 8 46 0
-24 21 -3 0
33 -14 -19 0
6 -33 -41 0
27 -34 19 0
-4 -14 -5 0
-10 -22 -33 0
14 -44 38 0
35 25 40 0
27 10 -31 0
28 -42 -44 0
21 -50 33 0
19 -16 -1 0
43 37 12 0
-31 -28 -7 0
13 4 -29 0
8 -15 -2 0
-12 20 46 0
-18 -17 47 0
-25 38 27 0
34 11 -38 0
29 -30 3 0
29 16 24 0
-13 -5 39 0
-10 -9 -24 0
-4 -49 28 0
37 -32 34 0
11 42 20 0
-28 -9 5 0
29 -31 5 0
-1 9 42 0
-44 39 -38 0
-14 1 -10 0
-33 43 48 0
-50 -27 -7 0
-1 -25 4 0
-26 -5 23 0
4 4 -44 0
1 -6 37 0
24 -48 -5 0
-47 50 -19 0
17 29 -36 0
1 -10 14 0
-35 25 -32 0
26 -44 46 0
48 -21 18 0
-49 -26 -32 0
-16 -24 -18 0
-12 -3 35 0
-46 28 27 0
-29 -7 9 0
13 4 -37 0
-25 -49 -38 0
25 -24 39 0
-2 5 1 0
34 4 -42 0
25 -45 18 0
-33 40 16 0
-48 -49 -41 0
-3 -36 37 0
17 -3 -30 0
-18 28 -2 0
-6 -7 -15 0
-4 32 -44 0
-22 37 19 0
-49 26 38 0
1 -45 -33 0
-26 -12 -30 0
-35 35 30 0
-25 -31 -35 0
-28 19 20 0
31 -48 -31 0
8 37 -7 0
39 -30 23 0
-43 -3 45 0
10 -12 -41 0
-9 38 -13 0
-25 26 19 0
40 -27 49 0
-49 -49 29 0
-12 27 -48 0
4 -26 5 0
-35 11 5 0
-4 -16 46 0
-40 -4 12 0
-22 25 -11 0
50 -23 24 0
33 3 6 0
-5 -11 -4 0
-45 31 34 0
43 -18 -46 0
12 -29 14 0
-19 -5 36 0
-12 49 -40 0
-19 -48 21 0
-47 37 -31 0
-44 42 -31 0
5 -10 -31 0
20 -45 21 0
12 -16 5 0
4 22 -35 0
41 33 -25 0
29 -47 39 0
-35 -12 6 0
-24 -22 -18 0
-25 21 -46 0
14 -6 37 0
-3 -25 -24 0
14 36 19 0
10 20 -40 0
-20 48 -43 0
34 -26 45 0
-32 -40 8 0
-40 -26 -27 0
42 41 25 0
-14 4 -39 0
-8 36 -34 0
18 30 -41 0
-41 -20 11 0
9 32 -45 0
-43 35 -40 0
19 -21 -38 0
-8 -29 -39 0
-42 -33 -43 0
48 50 -22 0
33 8 -40 0
9 -22 3 0
23 39 -39 0
17 18 -3 0
-25 -35 32 0
-14 -23 -44 0
33 37 -46 0
18 -38 29 0
-43 -36 -44 0
18 28 -30 0
38 4 44 0
14 -3 18 0
17 -2 -44 0
-11 -15 -12 0
-44 -35 8 0
-3 47 -46 0
-30 -12 -41 0
12 -4 -31 0
39 15 -41 0
40 -29 13 0
-34 2 23 0
10 -17 5 0
25 42 43 0
49 25 -40 0
-8 22 -23 0
17 -41 31 0
-46 41 -48 0
19 -37 48 0
-20 -2 7 0
26 8 -29 0
-43 16 -35 0
-5 45 44 0
12 16 6 0
-44 -9 -16 0
26 -38 -43 0
-1 46 -45 0
24 -44 27 0
-30 7 21 0
-33 47 10 0
22 24 3 0
-16 17 -4 0
-40 25 -13 0
-4 -37 23 0
-50 34 48 0
-7 3 5 0
-46 8 -9 0
-23 10 -19 0
-48 -13 2 0
-3 -20 -32 0
-34 -13 23 0
-14 -38 -45 0
4 -42 -45 0
-10 -15 43 0
-29 -41 -18 0
-6 48 50 0
-9 6 2 0
45 -1 -50 0
26 6 -25 0
40 -47 21 0
50 30 -21 0
-48 -3 -19 0
9 11 -28 0
13 37 18 0
12 34 -48 0
38 -5 -30 0
-22 36 -41 0
-42 -42 15 0
-41 -16 -49 0
34 29 -40 0
-35 23 -6 0
43 -38 22 0
2 -8 -12 0
6 36 19 0
15 -6 17 0
27 -7 16 0
37 18 -26 0
-22 2 -47 0
33 15 -25 0
43 20 -7 0
12 9 -31 0
49 -8 -31 0
30 -16 44 0
31 -31 5 0
-12 -1 -1 0
-3 -41 -13 0
7 9 -22 0
2 37 48 0
6 1 -45 0
-29 27 13 0
9 -11 29 0
18 39 34 0
14 10 47 0
26 -50 38 0
-45 -26 -24 0
-25 15 -50 0
10 4 24 0
12 30 16 0
-17 47 16 0
2 28 1 0
37 -50 -42 0
-28 4 -47 0
11 31 46 0
35 -29 -7 0
-38 -22 9 0
25 -33 15 0
27 -1 17 0
-12 20 -45 0
-32 25 30 0
-40 -34 7 0
32 17 -35 0
-50 -1 -33 0
-5 -34 -49 0
5 -27 50 0
-15 -44 -24 0
-7 -6 -17 0
-1 4 -7 0
45 35 -11 0
-13 -22 37 0
-37 37 -22 0
30 38 31 0
-20 6 -6 0
-50 -24 -30 0
26 -43 -21 0
45 -45 -50 0
-29 -45 -15 0
44 -46 38 0
36 45 -42 0
-26 38 -12 0
-39 -7 -17 0
28 31 39 0
47 10 -47 0
-38 -4 -44 0
15 22 -47 0
10 -26 -8 0
23 -34 -3 0
27 36 26 0
46 -28 1 0
-40 6 -31 0
25 -12 4 0
34 -5 -49 0
7 29 46 0
11 -22 -11 0
-18 29 25 0
9 35 -38 0
-12 29 -36 0
36 -7 -46 0
