c CNF generator v0.9
p cnf 50 275
2 -40 -31 0
-8 -47 -50 0
-4 -41 47 0
27 13 38 0
4 -38 -32 0
5 22 -7 0
-3 -10 -8 0
-7 43 21 0
9 35 -34 0
-47 -44 -10 0
47 -8 -2 0
17 -10 -43 0
-13 -22 6 0
-22 -46 -6 0
-20 -29 -10 0
20 -22 16 0
15 -5 -31 0
27 31 32 0
16 -25 30 0
22 -1 19 0
-9 18 -45 0
-30 -48 -6 0
10 -40 8 0
-40 17 -41 0
-4 24 -32 0
13 -32 22 0
8 -15 -40 0
-35 -4 36 0
49 18 5 0
-36 19 -50 0
11 -11 -18 0
42 33 -29 0
-50 37 -3 0
-50 -14 18 0
16 26 6 0
-33 -3 18 0
46 -1 -18 0
32 19 -1 0
-7 17 -48 0
-43 18 -18 0
-31 22 -38 0
13 -7 -45 0
39 25 35 0
22 -36 37 0
-36 21 -8 0
-29 21 -7 0
42 46 22 0
-48 32 43 0
-14 -13 -5 0
6 -11 -29 0
-49 -39 -32 0
-50 -50 -26 0
-47 19 17 0
-38 -19 13 0
26 -36 -16 0
48 27 -38 0
-25 -1 4 0
-4 -47 33 0
-15 -29 -14 0
5 14 33 0
12 -39 -39 0
-41 9 1 0
-37 -42 34 0
-34 40 -15 0
13 23 38 0
-35 -32 -47 0
1 -7 -17 0
24 -38 -25 0
9 -50 3 0
24 38 14 0
-20 43 -41 0
-17 -38 -26 0
8 50 39 0
-19 -26 33 0
-32 18 28 0
-6 -22 -15 0
-28 -48 10 0
47 10 -31 0
4 12 2 0
24 4 -42 0
49 17 -32 0
-50 28 -17 0
-42 1 -21 0
1 -39 46 0
-6 12 -41 0
23 41 -10 0
-50 -43 -48 0
5 48 32 0
26 8 42 0
45 -39 47 0
-21 -1 -43 0
-25 -20 -32 0
38 24 26 0
44 45 -5 0
-19 -37 -47 0
-41 50 -33 0
38 21 40 0
50 25 -17 0
42 8 -14 0
-48 -14 -47 0
28 -7 11 0
24 -17 9 0
46 -24 21 0
44 -10 21 0
50 23 -37 0
-16 1 -12 0
11 -8 -1 0
45 -14 46 0
5 37 -36 0
-31 -25 11 0
-4 18 -7 0
-43 46 -33 0
-41 -17 -33 0
26 -33 9 0
-12 -23 -6 0
50 -40 -5 0
-34 47 40 0
-42 26 -35 0
42 15 12 0
-17 -2 -4 0
-38 -18 -26 0
-21 48 -49 0
42 42 15 0
-18 5 16 0
-10 -39 -42 0
10 32 -15 0
28 -12 42 0
15 31 -31 0
-33 35 35 0
17 -29 41 0
-32 -23 18 0
43 5 -38 0
23 8 -43 0
-10 -42 -48 0
-49 4 -12 0
24 -36 28 0
-44 34 -49 0
-4 -10 -4 0
-15 -16 13 0
45 -3 4 0
7 4 30 0
-8 -29 -29 0
-12 -49 25 0
25 -32 -13 0
30 -32 22 0
-2 28 -12 0
-13 21 30 0
-22 19 -21 0
-11 33 4 0
-23 8 28 0
-32 42 14 0
-4 35 17 0
-4 -9 10 0
-44 -6 -23 0
34 21 -31 0
-48 29 -5 0
-40 -12 -37 0
29 28 22 0
-4 -23 29 0
40 -30 46 0
38 -4 9 0
-8 20 15 0
29 2 30 0
-40 25 -35 0
30 -12 -5 0
48 -15 30 0
22 41 9 0
9 -12 21 0
-14 -6 -23 0
27 36 8 0
-7 -43 -8 0
39 -34 -28 0
-15 43 32 0
46 -3 6 0
14 -39 -38 0
10 5 -6 0
-44 -6 41 0
22 49 43 0
3 13 -20 0
17 -28 -27 0
-1 50 45 0
12 -43 9 0
13 12 -24 0
17 3 41 0
-38 -17 5 0
-18 -22 -29 0
19 -28 -11 0
-20 42 29 0
-3 45 8 0
45 -37 -48 0
9 19 -20 0
45 41 -48 0
-43 -7 -40 0
-13 8 39 0
-44 -14 -42 0
1 49 -46 0
-10 -31 -1 0
-38 -48 -9 0
-19 28 48 0
-50 17 2 0
3 10 45 0
25 17 -45 0
-17 49 -36 0
-41 -31 -27 0
36 37 27 0
15 -49 -18 0
-26 1 24 0
-29 19 12 0
-33 -33 45 0
-26 19 -47 0
44 -22 -4 0
-34 16 9 0
-2 45 -31 0
-3 46 -19 0
17 -36 -27 0
-39 -30 22 0
23 29 31 0
26 36 -23 0
-29 -22 19 0
34 -22 -30 0
14 23 -19 0
7 -11 -20 0
46 24 32 0
24 -2 -9 0
-30 -8 -6 0
-36 43 5 0
-36 -7 -17 0
-40 -1 -47 0
1 -31 -40 0
8 30 -1 0
6 -13 -32 0
-40 -38 33 0
-14 49 37 0
46 1 13 0
-32 -45 29 0
-5 -50 50 0
45 30 -39 0
22 49 31 0
19 -48 -37 0
40 14 15 0
10 -36 -24 0
-47 10 -45 0
44 2 -43 0
24 -33 -6 0
-31 27 -11 0
-17 15 22 0
42 24 23 0
42 -29 22 0
-41 -46 -29 0
12 36 13 0
-7 -32 34 0
-6 21 -4 0
-25 -37 -40 0
25 -20 -3 0
-35 -34 31 0
-23 -19 48 0
22 30 -46 0
-32 -32 38 0
15 39 -10 0
-35 9 38 0
-17 30 -46 0
43 -37 -34 0
18 -12 -14 0
-35 39 -36 0
-4 -7 -27 0
-29 -16 23 0
6 47 -29 0
8 20 -33 0
-32 -2 26 0
-35 -40 -19 0
-5 -46 -6 0
-3 -39 15 0
-11 -19 -12 0
19 8 -31 0
-21 23 19 0
