c CNF generator v0.9
p cnf 50 275
38 -47 47 0
7 -6 24 0
35 33 -35 0
19 29 19 0
-48 -25 -35 0
43 8 47 0
-50 37 36 0
14 34 -40 0
-46 -32 32 0
-20 28 -10 0
40 4 29 0
38 20 50 0
46 1 -48 0
-11 -8 -44 0
-42 -25 -34 0
-49 20 42 0
-9 -7 40 0
-39 -27 -48 0
-25 30 40 0
-31 13 17 0
-13 3 47 0
-23 15 -34 0
-43 -15 -37 0
24 -44 18 0
9 22 35 0
-26 -46 -1 0
-17 12 35 0
-15 28 -39 0
27 37 9 0
17 44 -30 0
-19 18 34 0
1 45 26 0
24 -7 -18 0
21 -30 45 0
1 25 35 0
-39 -47 -36 0
7 -33 -5 0
5 -27 20 0
-33 7 39 0
-25 50 -46 0
-10 16 37 0
-29 8 10 0
12 17 13 0
13 -27 -14 0
-7 19 49 0
20 18 -49 0
-31 45 -45 0
43 -46 47 0
-48 8 40 0
-29 -37 7 0
-24 3 11 0
40 25 47 0
47 -30 36 0
-44 -34 37 0
29 -50 -40 0
42 -48 -28 0
7 22 -42 0
-50 7 -19 0
-12 -25 8 0
33 14 -30 0
41 -46 4 0
-14 11 -11 0
-44 -36 21 0
18 38 -22 0
-49 -35 -24 0
18 -35 17 0
14 4 -21 0
-46 -24 -35 0
10 -44 -10 0
-7 19 37 0
-3 23 11 0
-7 -32 -18 0
-34 23 8 0
32 8 -38 0
-17 -35 8 0
13 44 -42 0
12 -2 -24 0
-20 -35 -42 0
23 34 -11 0
10 40 19 0
-37 -22 -49 0
-14 31 -16 0
40 43 -11 0
-16 -13 -37 0
-40 10 -47 0
-43 39 -50 0
34 40 19 0
-10 50 39 0
19 -2 2 0
30 -44 -19 0
44 -36 13 0
26 21 5 0
-38 -6 40 0
5 18 -18 0
-40 48 28 0
21 48 -48 0
3 -30 10 0
50 -45 30 0
-8 36 -15 0
34 -31 -37 0
9 -50 -34 0
26 48 -24 0
25 -32 -36 0
1 -26 -50 0
-11 -45 -17 0
35 20 -5 0
8 37 12 0
-9 -32 -6 0
-2 3 -7 0
-26 -25 5 0
-30 -39 46 0
49 -29 -25 0
23 -36 -39 0
-8 -33 48 0
-28 44 -20 0
-18 6 34 0
-18 -28 30 0
20 -4 19 0
26 49 24 0
-16 21 20 0
-29 -23 21 0
40 35 -18 0
-41 5 -19 0
-2 -41 -24 0
44 11 1 0
23 21 25 0
-26 4 -49 0
-40 -35 -41 0
40 -50 32 0
-23 -10 9 0
24 -38 -43 0
-12 -8 -27 0
1 -22 -46 0
28 -38 15 0
6 -8 3 0
41 45 20 0
9 22 17 0
-49 11 -45 0
17 -47 -4 0
43 -5 -2 0
-4 31 -28 0
-30 14 -6 0
2 -38 -42 0
15 -50 -20 0
-39 11 -22 0
18 30 41 0
-22 31 -36 0
24 -50 49 0
24 14 42 0
-20 -18 -36 0
31 -31 -18 0
-35 41 10 0
47 4 19 0
13 -2 16 0
27 24 -26 0
34 11 21 0
-27 4 -7 0
28 12 -18 0
6 -48 44 0
39 17 34 0
26 37 -16 0
14 -30 -7 0
40 -5 29 0
-40 -43 -34 0
-32 8 12 0
-38 34 -8 0
-13 -49 -26 0
-12 18 44 0
-16 -46 -4 0
-20 -39 20 0
2 43 35 0
43 -11 -31 0
39 -24 43 0
28 -46 14 0
-35 -45 -25 0
44 13 38 0
-13 -22 40 0
20 42 45 0
-3 1 -26 0
-26 -26 36 0
34 40 -33 0
23 9 40 0
38 6 -23 0
-25 -12 -35 0
-3 -34 25 0
-21 21 -17 0
26 -49 -1 0
-20 -33 12 0
-7 -7 -40 0
39 -4 16 0
-48 36 5 0
-39 -39 -39 0
-4 50 -39 0
41 36 -39 0
-8 -18 -28 0
-24 -9 12 0
-8 -42 -38 0
41 44 -16 0
-36 -4 3 0
6 -46 7 0
-50 -25 6 0
38 50 -41 0
-34 1 -24 0
45 -16 -21 0
41 17 -3 0
10 34 -39 0
43 -39 38 0
-49 -49 26 0
-28 11 30 0
32 13 9 0
11 21 -15 0
-26 44 33 0
22 -26 28 0
17 35 29 0
-21 14 13 0
3 21 -41 0
-27 -1 -35 0
-6 -24 -50 0
-1 -28 -30 0
33 -35 -6 0
-27 48 -25 0
26 -17 -9 0
2 -8 -49 0
24 -35 -16 0
-6 27 9 0
48 18 -40 0
18 5 -40 0
-36 6 -32 0
-27 -46 41 0
-2 24 28 0
22 31 21 0
47 -35 -37 0
-46 -16 3 0
-37 -11 5 0
-7 28 21 0
35 6 48 0
32 -1 10 0
12 -42 -35 0
50 34 -15 0
15 -4 28 0
-10 -26 32 0
8 -49 -48 0
3 -13 -6 0
16 2 -4 0
-37 10 -17 0
-35 -29 -41 0
-38 26 41 0
-28 16 -24 0
-26 -20 -37 0
-25 38 13 0
22 -16 44 0
-49 16 -35 0
-33 25 -35 0
34 -25 19 0
46 -31 -42 0
4 -19 27 0
-4 -44 -30 0
-2 -42 -44 0
-12 24 34 0
27 32 -37 0
7 -22 12 0
-12 35 -11 0
26 -16 24 0
-31 21 -2 0
-36 19 -15 0
-35 -12 -40 0
-15 18 31 0
2 46 -14 0
16 16 -8 0
-30 -50 -47 0
-29 -29 48 0
22 23 -36 0
-13 -7 -38 0
45 -38 -24 0
-21 29 13 0
