c CNF generator v0.9
p cnf 50 275
-24 -29 25 0
-7 -2 -47 0
34 15 -32 0
-46 21 31 0
37 -5 -15 0
45 13 9 0
22 -41 -34 0
-28 32 -38 0
13 44 2 0
15 8 -4 0
11 -49 18 0
43 -36 4 0
-37 33 22 0
37 -46 4 0
-1 18 -13 0
14 -31 8 0
40 50 -39 0
-15 -4 -16 0
-38 -47 35 0
37 38 20 0
19 -43 42 0
30 36 2 0
-47 -12 16 0
31 19 16 0
45 -44 -43 0
50 -44 22 0
-37 -19 -9 0
23 2 7 0
-16 31 6 0
-4 -46 15 0
-31 -11 -17 0
33 36 -39 0
46 46 8 0
47 -21 17 0
-5 34 20 0
34 -30 -28 0
25 31 -34 0
30 -1 -2 0
39 7 36 0
31 -23 49 0
36 50 9 0
-1 27 -16 0
-23 -45 41 0
-45 -12 -38 0
2 -43 -28 0
32 -14 -43 0
6 -16 4 0
18 -48 8 0
2 35 18 0
-18 -39 19 0
-21 3 -2 0
7 23 17 0
49 50 43 0
-28 -23 -19 0
-25 -41 34 0
42 38 2 0
28 -37 -45 0
-32 13 19 0
-15 -30 50 0
-30 -38 2 0
13 -31 -10 0
49 -26 8 0
-32 25 1 0
-45 42 8 0
8 -15 31 0
-40 18 -18 0
11 -23 39 0
-42 9 -31 0
46 12 -12 0
1 25 19 0
-36 -13 -16 0
-15 7 34 0
-45 -41 -12 0
-30 -49 -49 0
-47 -2 -23 0
7 46 38 0
5 39 50 0
8 -44 -14 0
-8 11 -17 0
-14 11 27 0
19 35 41 0
7 -13 35 0
4 -17 45 0
37 -13 -45 0
-20 -1 -44 0
-22 31 47 0
-26 -24 -33 0
45 -43 -22 0
-47 -24 23 0
30 -21 -43 0
36 32 -9 0
-47 17 15 0
-8 -37 21 0
-3 -17 16 0
-14 43 10 0
-3 29 -14 0
8 -35 -18 0
-50 -11 -19 0
42 -11 -29 0
-4 36 -34 0
46 -43 -3 0
30 47 13 0
35 -13 -3 0
-20 43 12 0
-28 -36 -25 0
9 -33 -45 0
-3 -34 -48 0
49 34 -11 0
47 13 -36 0
39 19 4 0
43 48 -30 0
13 33 -17 0
-13 36 31 0
-35 10 32 0
-50 37 35 0
-9 36 -37 0
-45 2 -48 0
4 -3 -44 0
-26 -10 -4 0
3 -5 -38 0
18 17 -42 0
26 -44 9 0
-26 -40 -20 0
-49 24 10 0
-24 13 36 0
-47 -40 -27 0
-46 -26 -8 0
-30 -12 -17 0
-16 40 -49 0
3 32 39 0
27 26 16 0
6 37 -28 0
7 10 -6 0
47 50 -36 0
40 -46 21 0
-17 11 1 0
-39 9 -23 0
19 11 -43 0
39 -13 -6 0
-21 43 37 0
-31 -23 1 0
-35 36 -15 0
41 -33 -22 0
-33 14 -28 0
35 3 47 0
-3 -5 35 0
33 -49 42 0
39 -23 -26 0
-46 -31 41 0
21 -45 34 0
36 37 -41 0
-26 34 -48 0
14 -14 6 0
-43 42 -21 0
18 -10 13 0
17 13 -41 0
-24 -25 -5 0
-6 45 -1 0
12 22 -48 0
16 9 -43 0
37 -7 -37 0
-50 -22 -2 0
-32 -47 31 0
19 4 -30 0
36 40 50 0
46 34 -2 0
16 -24 -50 0
-31 15 -27 0
-26 -44 -18 0
-20 -7 43 0
-43 -36 19 0
36 -23 16 0
-43 -32 -14 0
-34 13 45 0
-30 2 46 0
46 -28 6 0
49 10 23 0
44 -14 -30 0
-17 22 -2 0
19 -30 -23 0
-36 -50 -47 0
-21 -1 -21 0
14 33 12 0
50 33 -12 0
-44 29 6 0
37 13 -1 0
-22 36 -32 0
-29 28 50 0
12 20 47 0
36 -37 47 0
-16 -24 44 0
9 44 21 0
-17 -26 -11 0
-5 3 -21 0
-7 7 -32 0
7 16 -21 0
4 -7 6 0
-14 43 -44 0
-1 37 -20 0
47 -20 -2 0
31 -17 2 0
1 40 47 0
-24 17 17 0
-50 -25 -40 0
-14 44 24 0
41 -49 -23 0
-30 -45 22 0
16 31 45 0
35 -7 8 0
-12 17 -21 0
32 41 3 0
28 15 21 0
-24 20 -1 0
-1 4 3 0
18 12 -4 0
50 42 -32 0
26 -26 -9 0
31 -19 27 0
21 -44 34 0
-36 34 7 0
33 -18 -23 0
36 49 22 0
41 -15 24 0
-18 37 6 0
46 50 -17 0
-30 -45 27 0
-17 -29 -15 0
48 -15 7 0
-8 -15 -22 0
47 26 48 0
-19 -13 -44 0
-7 10 21 0
-7 36 40 0
17 6 1 0
6 -41 45 0
-17 -33 -38 0
23 -3 -34 0
-44 10 35 0
-34 46 -18 0
19 -9 16 0
4 -33 -19 0
23 36 -46 0
-23 -19 -39 0
-19 -18 2 0
-34 -31 -19 0
34 -20 -15 0
37 8 11 0
40 7 13 0
-38 -1 11 0
24 19 35 0
10 -44 35 0
27 7 -39 0
-45 -31 -12 0
4 17 11 0
33 11 -16 0
-41 38 4 0
39 -15 16 0
-1 9 40 0
-40 -50 -47 0
-23 1 -29 0
-6 30 -5 0
-17 -39 48 0
12 42 -28 0
49 9 19 0
-34 -35 -40 0
-5 27 -41 0
-37 26 6 0
-42 24 -1 0
27 17 -37 0
39 -22 27 0
-30 47 18 0
-12 -14 43 0
21 40 -2 0
25 33 -20 0
-10 12 -13 0
