c CNF generator v0.9
p cnf 50 275
34 -32 50 0
36 47 47 0
-4 -2 14 0
11 -45 46 0
2 9 -19 0
-44 -40 33 0
42 23 47 0
-35 11 -36 0
-20 -30 36 0
-10 -16 -25 0
40 37 -26 0
14 36 -6 0
8 -24 14 0
32 -14 -19 0
-45 -1 22 0
-47 25 -23 0
-27 44 9 0
19 46 18 0
14 -43 -22 0
-19 19 20 0
19 -39 -32 0
-20 -3 -27 0
9 -46 -32 0
-20 14 12 0
46 48 -41 0
-49 5 -10 0
20 -19 31 0
-3 -19 -46 0
20 20 21 0
-21 -5 -25 0
-48 32 -14 0
13 -15 -37 0
-33 -29 31 0
36 47 -17 0
30 -32 23 0
28 -29 45 0
-26 -46 24 0
50 8 -40 0
-24 -16 -47 0
-44 38 40 0
33 -48 -49 0
-1 -7 -28 0
31 -42 -34 0
-22 -36 44 0
-50 1 -9 0
-44 -16 -44 0
-4 -1 -42 0
-31 31 -17 0
-24 14 20 0
23 28 50 0
-47 47 40 0
36 4 -49 0
2 -44 -45 0
38 8 24 0
49 20 -49 0
46 -9 42 0
34 24 50 0
-44 24 -28 0
34 28 18 0
-26 -16 -3 0
-5 38 -12 0
-40 -13 3 0
14 -14 5 0
-15 -27 3 0
-50 -26 20 0
16 46 -4 0
-7 1 -45 0
38 -22 31 0
45 -1 7 0
-1 30 -44 0
44 -7 24 0
-17 -28 -31 0
4 -9 13 0
26 -10 21 0
27 -4 -46 0
-32 -35 9 0
50 -32 14 0
-27 28 11 0
-17 27 40 0
20 48 11 0
-4 43 -14 0
23 28 -49 0
2 -38 -17 0
50 23 -47 0
23 12 37 0
45 28 50 0
32 -43 -19 0
28 -1 24 0
10 -33 -22 0
47 -25 -42 0
-33 -12 46 0
-6 -30 -35 0
49 46 -31 0
23 30 15 0
-33 -12 31 0
-12 -3 50 0
-28 49 -19 0
-22 23 -10 0
46 -24 9 0
14 -13 -19 0
31 31 -43 0
22 -40 -27 0
29 13 -19 0
-36 11 -9 0
50 -38 27 0
49 38 32 0
46 -1 15 0
29 -21 35 0
50 -15 35 0
24 -36 -6 0
32 -34 -39 0
37 -34 -7 0
35 -3 -25 0
-5 43 -44 0
35 42 19 0
47 1 40 0
20 11 -50 0
-30 -27 50 0
32 -24 40 0
-49 -24 -42 0
14 43 -13 0
-39 -45 14 0
2 -50 -32 0
-13 -20 48 0
-26 24 -20 0
-40 45 -43 0
47 -17 36 0
-42 -25 -42 0
24 28 -28 0
-26 20 20 0
-25 30 -6 0
-32 22 -24 0
24 45 -14 0
-1 4 -12 0
-21 -28 36 0
22 -46 -19 0
34 -4 -9 0
-4 50 -1 0
-2 27 5 0
-45 -44 26 0
18 -6 48 0
-49 5 -11 0
-21 28 -19 0
-28 -50 -28 0
7 8 -26 0
30 44 -26 0
48 28 38 0
2 -42 -36 0
22 -37 -21 0
-7 30 11 0
-16 -15 -10 0
-19 50 -19 0
-49 32 27 0
-4 19 -19 0
24 -49 -20 0
27 21 8 0
13 8 -33 0
-39 -16 -33 0
34 -15 6 0
-24 -16 36 0
-15 5 34 0
19 -20 -48 0
-49 8 -25 0
38 44 47 0
29 -2 -28 0
38 29 -5 0
40 -23 -17 0
-1 43 12 0
4 12 45 0
-18 15 -45 0
19 5 30 0
-8 50 42 0
-47 37 11 0
10 9 -7 0
-14 43 41 0
7 44 46 0
-2 -36 29 0
-32 1 -9 0
-4 17 13 0
-13 10 23 0
43 -42 -18 0
-18 11 -15 0
15 -12 -15 0
12 39 -17 0
-2 23 14 0
13 2 1 0
12 -31 -44 0
40 -37 50 0
-36 19 -5 0
14 -13 -4 0
39 38 -6 0
-47 -36 -35 0
42 -14 13 0
-45 4 -44 0
-21 -8 -36 0
36 24 -38 0
15 32 9 0
-5 33 -32 0
10 -17 -33 0
-27 -28 -4 0
3 -6 6 0
11 37 -48 0
-17 -21 38 0
-50 -18 -26 0
15 24 3 0
-5 45 -6 0
16 35 50 0
-44 47 -35 0
27 12 -50 0
-27 -42 -30 0
5 -31 30 0
-1 25 -28 0
3 -43 29 0
-46 3 -28 0
50 37 14 0
-27 21 34 0
35 -46 -38 0
1 4 -44 0
-32 -7 2 0
22 31 32 0
39 23 -17 0
16 31 -25 0
-4 -44 -30 0
35 -29 28 0
41 -22 13 0
-24 -37 -4 0
30 8 46 0
-32 -23 10 0
-37 6 -25 0
-25 42 49 0
-43 -48 -36 0
23 -22 -21 0
22 38 -6 0
13 40 -8 0
-35 7 -29 0
41 28 -46 0
6 -10 18 0
-17 29 30 0
5 43 -19 0
44 -34 30 0
-10 -3 29 0
-11 5 32 0
-44 -19 19 0
-2 23 45 0
-43 -4 -15 0
-1 13 -12 0
-37 -11 -3 0
-37 -21 -21 0
40 19 -6 0
5 -28 46 0
-3 -27 44 0
12 48 32 0
14 -38 -13 0
39 4 -19 0
15 -2 16 0
-13 41 12 0
3 19 -20 0
-11 -16 -8 0
1 -34 -49 0
3 23 -22 0
23 -36 22 0
40 -20 12 0
-42 21 22 0
-17 -29 -36 0
13 -44 -1 0
-41 -16 -36 0
-49 11 -46 0
-22 -20 -18 0
-40 38 34 0
30 -47 -10 0
-29 50 29 0
-15 -42 2 0
21 -20 26 0
-12 37 39 0
-39 34 40 0
