c CNF generator v0.9
p cnf 50 275
-16 -11 -21 0
49 -28 5 0
-18 17 -50 0
49 27 16 0
-13 -35 -41 0
13 30 -5 0
19 47 -29 0
-41 -4 27 0
-21 27 9 0
38 4 -20 0
43 -16 -26 0
-32 -9 5 0
22 7 28 0
-2 35 -2 0
17 -8 -11 0
34 -24 -30 0
-14 44 -28 0
-6 -34 4 0
-47 -17 42 0
-46 29 6 0
5 -30 -20 0
-30 -45 37 0
20 -41 -23 0
40 -12 -37 0
29 -49 47 0
-41 50 19 0
-23 36 -38 0
33 45 49 0
-21 16 15 0
-19 -15 49 0
-19 -3 -13 0
-33 10 -31 0
3 -24 -2 0
-43 -16 12 0
14 38 -1 0
35 44 7 0
-22 42 26 0
-17 -40 16 0
-36 -22 -37 0
16 32 15 0
4 -21 -49 0
37 35 -29 0
31 21 -5 0
7 42 -23 0
-25 33 -10 0
-1 47 -28 0
7 -46 15 0
13 6 -31 0
-15 31 -42 0
48 -8 25 0
-6 -23 -13 0
6 17 -43 0
-10 -16 -18 0
13 -41 -5 0
30 -38 1 0
27 7 -46 0
-23 14 23 0
41 -43 -46 0
-35 30 -7 0
-39 -31 33 0
26 1 -45 0
-28 -44 -14 0
13 -41 4 0
25 30 47 0
-38 8 24 0
6 47 21 0
-23 44 19 0
-11 -33 -26 0
45 -18 -3 0
3 -40 -21 0
29 -5 -31 0
29 24 -32 0
20 -36 48 0
-43 -47 -3 0
-48 -19 33 0
-2 26 -5 0
20 30 18 0
-17 32 9 0
15 -43 23 0
-21 7 30 0
42 -37 -8 0
-14 29 24 0
-27 19 -9 0
-33 -45 -17 0
-47 6 -48 0
9 15 12 0
36 13 -2 0
-48 -26 -17 0
-5 -45 34 0
-28 19 -15 0
-43 10 33 0
36 -28 28 0
-3 23 48 0
-10 27 -37 0
36 -41 -10 0
-20 -11 -39 0
12 38 -43 0
-32 15 25 0
-29 -41 -27 0
15 -48 6 0
-40 49 -21 0
23 34 1 0
2 8 -2 0
16 6 8 0
-42 -5 33 0
-34 26 -26 0
45 -30 -16 0
34 1 11 0
9 38 -12 0
-27 47 -43 0
24 31 42 0
23 33 -49 0
-29 27 20 0
46 -17 25 0
-15 1 -44 0
-40 -49 -22 0
16 -36 -1 0
24 -41 20 0
10 -24 18 0
29 -3 -49 0
-5 1 -32 0
-21 -47 -9 0
-45 42 4 0
39 -38 -48 0
10 -4 -25 0
-1 28 -32 0
-38 11 31 0
6 -23 -27 0
23 33 4 0
-39 -17 -12 0
-12 45 -16 0
-2 -28 -16 0
-37 -29 -34 0
-34 -26 -7 0
19 -48 16 0
-41 22 -28 0
-40 44 -4 0
-21 -40 -16 0
-2 4 -4 0
3 8 13 0
-46 29 44 0
-31 20 4 0
24 40 6 0
-45 2 -26 0
-9 -28 5 0
31 -29 -28 0
42 -47 32 0
35 5 -38 0
1 -36 39 0
42 9 4 0
-4 -32 5 0
-39 9 -50 0
-48 -33 48 0
44 33 16 0
3 20 -23 0
19 -30 49 0
-45 4 46 0
-5 -35 24 0
-42 19 15 0
-19 -23 -24 0
-3 35 -18 0
-44 39 38 0
-15 20 -48 0
46 -41 -20 0
36 8 -24 0
40 26 18 0
-16 42 21 0
35 -6 42 0
-37 21 -35 0
-15 -28 -34 0
-20 -13 29 0
-45 3 1 0
-14 -32 -50 0
-47 -28 31 0
33 -38 -47 0
-41 -31 -28 0
-8 -14 -15 0
-16 -37 -37 0
10 16 34 0
32 -36 -10 0
12 48 38 0
10 -25 -8 0
48 -45 36 0
34 -48 8 0
46 14 24 0
33 -35 10 0
-30 4 -42 0
-22 -24 -41 0
35 35 -19 0
-32 32 -13 0
39 11 -38 0
33 27 -3 0
4 2 -3 0
-7 41 2 0
9 -39 -36 0
-15 37 -5 0
42 -5 -39 0
-27 50 25 0
5 -4 1 0
49 -45 -42 0
22 48 8 0
-25 34 -12 0
-19 5 -6 0
-15 46 -15 0
37 -24 -20 0
36 27 -36 0
6 -46 38 0
-20 -28 28 0
-38 32 -30 0
-30 35 43 0
40 -50 8 0
25 -14 -8 0
-34 -47 14 0
-29 14 10 0
33 -35 26 0
-14 8 -17 0
-35 -37 29 0
-11 43 -41 0
-4 4 -31 0
1 20 21 0
-10 33 -48 0
41 50 -37 0
39 20 7 0
14 39 44 0
10 44 -3 0
-40 -23 -38 0
-46 -6 10 0
13 16 9 0
43 28 -37 0
-23 -35 15 0
-9 34 -2 0
-47 14 -47 0
-33 44 -44 0
-14 35 14 0
-3 -34 34 0
-11 47 -28 0
41 30 20 0
-22 -5 31 0
-17 14 -41 0
-26 -15 42 0
44 -27 21 0
-12 42 -24 0
-10 -17 24 0
42 39 44 0
14 -15 41 0
26 8 39 0
-33 -19 -49 0
-37 13 -22 0
50 32 5 0
20 -5 -31 0
47 -39 -28 0
12 8 25 0
10 -44 24 0
6 -9 44 0
25 44 -10 0
-49 -39 19 0
-26 -49 1 0
-1 -27 18 0
-45 31 39 0
8 12 33 0
31 23 -41 0
-3 -24 50 0
42 -35 -15 0
49 12 9 0
-41 -36 -3 0
-13 33 27 0
50 -43 37 0
39 22 -48 0
-44 8 -37 0
5 32 -12 0
-2 -2 26 0
1 -33 38 0
30 -42 -30 0
-3 22 -50 0
12 32 -45 0
