c CNF generator v0.9
p cnf 50 275
1 -36 -37 0
27 -44 45 0
13 2 18 0
-26 -34 -4 0
-35 -10 32 0
15 27 -49 0
10 17 -19 0
-45 12 -47 0
-20 -36 48 0
-18 -27 26 0
-11 46 -29 0
-2 -2 28 0
-33 31 -33 0
11 12 -16 0
-46 34 -11 0
-34 -3 37 0
14 -50 41 0
-46 49 12 0
47 20 -47 0
22 -23 33 0
44 -39 -19 0
14 6 20 0
-14 29 -33 0
-43 31 34 0
-23 11 -39 0
25 8 -19 0
14 31 -42 0
7 41 21 0
29 -25 -18 0
-31 45 11 0
42 14 13 0
-2 -38 28 0
20 6 26 0
-33 12 -28 0
33 9 -14 0
29 -33 11 0
-5 -41 -1 0
-49 32 -28 0
21 -39 37 0
-46 18 25 0
-18 50 -16 0
-16 -42 -45 0
12 -33 -20 0
-21 -43 8 0
-30 -6 -23 0
-44 -42 27 0
43 4 44 0
-39 -36 -10 0
38 28 31 0
33 -6 27 0
41 -38 16 0
-7 37 -14 0
42 -11 19 0
25 4 45 0
-5 8 13 0
-24 -30 30 0
2 -29 -7 0
-6 11 -46 0
-35 -4 17 0
1 -34 -50 0
2 20 40 0
-5 12 50 0
-5 -11 -10 0
-44 40 -6 0
-44 -8 2 0
12 -40 -39 0
-2 -5 -10 0
13 17 -14 0
33 -35 -13 0
27 -33 -27 0
5 48 -21 0
-13 30 -45 0
2 29 -33 0
-11 32 -8 0
7 28 46 0
47 -34 18 0
-50 -39 12 0
5 -9 8 0
-20 -4 -20 0
45 -14 10 0
-15 -47 18 0
44 -1 16 0
-28 3 18 0
-43 -31 -39 0
45 42 6 0
-27 -12 -45 0
7 4 -6 0
5 4 -45 0
-33 -10 30 0
-8 -48 46 0
-44 -37 13 0
-7 -17 30 0
-32 -16 38 0
-49 -44 -4 0
41 -2 -8 0
6 3 46 0
-5 -26 11 0
-44 18 -12 0
30 -47 41 0
-3 45 24 0
-31 31 25 0
-36 43 11 0
47 -1 -4 0
43 -5 5 0
4 14 7 0
24 -36 -18 0
-16 -33 -3 0
12 -3 4 0
37 -2 18 0
45 -45 45 0
-44 -19 -13 0
-23 -4 27 0
-29 -33 32 0
47 -46 5 0
32 13 11 0
-13 21 -36 0
-5 -12 18 0
4 -37 47 0
39 25 5 0
31 -36 -45 0
-36 -22 -15 0
-11 -30 20 0
-29 -48 1 0
45 -34 8 0
27 -17 -47 0
-41 25 -33 0
-22 45 11 0
9 -25 6 0
-7 30 1 0
-45 18 46 0
-31 46 25 0
5 -43 8 0
-19 -47 -32 0
17 -26 8 0
-14 34 -38 0
-21 13 -24 0
24 15 20 0
26 -42 -47 0
37 3 12 0
10 -2 -14 0
7 -13 -23 0
-26 -39 24 0
7 -48 3 0
21 40 -31 0
-30 -22 -10 0
19 -19 37 0
-13 38 -39 0
43 22 38 0
14 30 5 0
25 37 -43 0
22 -25 -20 0
34 14 -47 0
-4 9 -36 0
21 31 -17 0
19 11 -1 0
-45 -20 38 0
-11 -3 -22 0
-33 6 -30 0
-16 -37 27 0
-27 29 -14 0
-43 -21 7 0
-26 -37 30 0
-12 -1 -2 0
-40 -38 44 0
39 20 -21 0
22 36 20 0
14 -3 5 0
-10 37 20 0
23 28 -43 0
-4 -18 2 0
7 12 44 0
-41 25 -7 0
19 -37 12 0
-6 -35 48 0
31 41 -8 0
12 48 -48 0
-17 -5 38 0
-24 -17 -10 0
-16 -23 14 0
48 -48 -46 0
35 37 -18 0
-30 -24 21 0
33 -44 47 0
23 44 15 0
7 -1 -49 0
-49 4 4 0
20 26 -41 0
44 41 -41 0
-22 -29 28 0
8 -31 39 0
16 45 -30 0
32 35 48 0
31 39 11 0
-20 -5 -10 0
-36 -46 -10 0
41 36 -32 0
-16 35 -28 0
-6 17 -13 0
-21 19 7 0
49 18 -1 0
-39 30 -10 0
38 -4 -7 0
38 22 17 0
-16 -7 -21 0
37 -50 20 0
8 31 -21 0
46 48 -6 0
39 12 -7 0
-14 -8 -18 0
38 11 -48 0
40 -32 22 0
31 -36 32 0
19 -28 -44 0
7 16 -48 0
47 9 5 0
34 42 5 0
-19 31 44 0
-45 -38 21 0
-44 -1 40 0
-36 -34 -26 0
13 5 -43 0
-46 22 -12 0
43 16 -17 0
38 -10 -35 0
5 -48 -1 0
-26 -20 -44 0
-35 -50 -7 0
-11 39 -9 0
-48 -44 34 0
46 -17 9 0
4 16 7 0
-14 26 13 0
-6 25 -20 0
47 14 -43 0
-24 18 2 0
-9 -16 -42 0
33 -30 37 0
32 -11 -49 0
-14 23 -46 0
-29 -36 -40 0
-31 -17 38 0
12 48 13 0
50 19 -24 0
50 21 41 0
-48 35 37 0
-47 -9 24 0
18 48 -34 0
48 17 -10 0
32 -17 -29 0
-49 -7 -19 0
-27 39 32 0
-49 -20 18 0
16 33 -20 0
-39 20 -47 0
-33 37 -34 0
-41 38 15 0
-29 15 -4 0
12 17 47 0
1 -48 16 0
46 -27 1 0
-5 6 44 0
-24 11 -41 0
29 20 -28 0
40 24 11 0
40 31 -39 0
48 -44 23 0
46 -8 46 0
-42 32 2 0
-9 41 24 0
44 44 -40 0
-4 -17 -34 0
-19 -27 -1 0
-22 17 -49 0
6 28 -10 0
33 41 36 0
