c CNF generator v0.9
p cnf 50 275
47 23 20 0
-31 -34 -19 0
20 -16 -7 0
15 24 32 0
-22 16 27 0
20 -24 -9 0
-36 38 1 0
43 -32 22 0
-43 25 29 0
5 1 3 0
6 -24 -12 0
-41 40 -19 0
29 -11 -11 0
50 -12 -18 0
-39 46 34 0
48 -28 37 0
4 -11 -30 0
34 19 1 0
19 34 -13 0
21 19 -21 0
18 27 23 0
3 -24 50 0
-17 -45 39 0
9 5 4 0
32 32 41 0
-41 -45 34 0
-11 -21 -12 0
-1 -5 7 0
-15 32 -23 0
-13 -17 -40 0
-48 14 36 0
31 47 -42 0
20 -18 -30 0
10 27 31 0
-6 -50 -2 0
-20 -15 22 0
-28 -46 -30 0
17 -46 40 0
43 -35 4 0
46 5 5 0
47 46 23 0
20 13 -29 0
-15 -3 -14 0
-4 2 -10 0
32 -25 -11 0
-46 33 -5 0
43 -44 -21 0
-49 13 -9 0
-4 24 -46 0
-23 -44 -10 0
-48 -10 -7 0
39 -42 -48 0
40 -33 -41 0
1 21 2 0
29 45 -38 0
25 -25 12 0
-9 2 33 0
-10 -14 9 0
-4 -5 14 0
-23 -4 5 0
17 40 -27 0
-10 -22 -29 0
3 -46 3 0
43 33 -50 0
-47 23 -49 0
-29 5 30 0
-21 -30 13 0
23 -37 4 0
-9 -31 45 0
33 41 -35 0
43 23 7 0
-3 15 20 0
10 -5 15 0
-24 3 -15 0
24 -8 46 0
18 43 24 0
-11 -28 29 0
41 -4 35 0
-14 -12 -38 0
-29 7 -49 0
32 4 8 0
4 -7 34 0
-50 48 35 0
45 -24 -38 0
-16 -12 6 0
43 36 38 0
-27 25 1 0
9 19 11 0
13 34 16 0
-8 8 -44 0
30 4 2 0
34 -33 12 0
-28 -14 49 0
-18 32 -45 0
48 -42 -2 0
-4 37 12 0
21 -19 31 0
-16 16 4 0
-19 18 45 0
30 33 29 0
-23 43 42 0
30 -9 44 0
-12 3 16 0
11 -3 9 0
44 16 -31 0
-3 -39 -49 0
3 -45 38 0
-33 -21 31 0
-11 -31 19 0
-41 -4 -2 0
46 -30 15 0
-9 -22 31 0
6 8 29 0
-47 45 -33 0
-22 -42 31 0
-44 -13 -23 0
-1 -9 -48 0
-50 -9 40 0
41 -37 -49 0
-6 -15 -6 0
-21 -48 -48 0
15 -7 6 0
-33 49 -47 0
-30 -15 -19 0
-12 -46 -1 0
-11 17 39 0
-41 22 -25 0
13 -11 -24 0
50 14 -20 0
20 14 -15 0
-42 15 -45 0
-24 29 40 0
35 -12 29 0
-18 -14 -9 0
-48 33 -3 0
-2 39 34 0
32 -41 19 0
-48 -1 -41 0
30 -31 13 0
22 -30 -44 0
-25 -48 38 0
16 -4 -14 0
23 4 7 0
-47 2 -17 0
42 41 34 0
-13 8 27 0
-24 1 -29 0
-38 -5 28 0
31 17 -7 0
-43 11 -18 0
29 9 -5 0
46 45 -5 0
-23 46 -50 0
-33 -9 -29 0
-8 44 27 0
-12 38 6 0
-15 34 48 0
19 -13 37 0
22 -50 -37 0
22 -35 -32 0
-34 -14 -42 0
29 38 -13 0
20 19 7 0
-35 5 49 0
-17 -36 48 0
43 29 -14 0
32 -19 3 0
-22 -46 -27 0
-20 -30 40 0
-48 -38 48 0
36 46 -4 0
31 -13 -31 0
-17 -37 43 0
8 -25 25 0
-29 22 40 0
-33 -19 -5 0
44 28 4 0
18 6 18 0
-36 7 -24 0
15 -7 1 0
38 -47 22 0
-28 12 -1 0
32 -49 11 0
21 -2 -16 0
-28 8 6 0
18 -8 2 0
17 -20 -42 0
-2 -36 39 0
-34 24 -50 0
37 46 46 0
5 -45 35 0
17 44 -2 0
4 46 -5 0
39 44 -37 0
35 -24 14 0
43 -20 26 0
33 5 16 0
-6 6 20 0
-34 44 15 0
-47 -39 24 0
26 -39 16 0
50 -24 -10 0
35 36 -38 0
6 1 -18 0
-42 33 41 0
44 8 -42 0
-24 28 -28 0
-37 41 -25 0
-6 48 27 0
26 -35 39 0
23 -22 22 0
-37 -33 -4 0
-30 45 43 0
41 40 -37 0
50 -36 -32 0
-5 38 -2 0
-7 19 22 0
-8 45 6 0
20 -48 -5 0
24 27 44 0
-3 -13 28 0
-1 -44 40 0
20 13 -3 0
-50 31 7 0
46 12 14 0
49 -14 -31 0
2 -2 -29 0
-12 18 39 0
10 20 -47 0
41 -1 -39 0
-4 34 -29 0
35 -14 -39 0
35 -45 -47 0
19 -5 3 0
-50 -38 33 0
-11 13 -15 0
34 -20 -6 0
-28 1 33 0
14 -15 41 0
-37 45 12 0
-27 47 -19 0
30 49 -36 0
31 17 25 0
10 -7 17 0
34 -35 2 0
-6 -23 -24 0
-27 40 -39 0
-22 -25 45 0
-16 -31 41 0
30 14 -27 0
2 -11 2 0
-25 -22 -49 0
36 13 -26 0
23 -40 -11 0
-44 42 3 0
-48 -50 13 0
-4 32 -29 0
5 13 -45 0
7 13 -47 0
-22 -29 -18 0
48 3 -21 0
10 -13 -47 0
9 35 -50 0
-25 -17 35 0
-32 -30 -42 0
25 21 6 0
3 -13 5 0
33 21 18 0
-14 -50 3 0
22 -37 15 0
-12 -11 42 0
-49 25 22 0
-38 -33 4 0
24 23 16 0
32 -4 11 0
