c CNF generator v0.9
p cnf 50 275
7 -33 -12 0
41 16 -50 0
-18 3 24 0
50 32 10 0
49 36 26 0
-4 33 38 0
-18 9 2 0
20 43 -34 0
10 -39 -8 0
-6 -2 -3 0
-48 -19 17 0
-17 -35 -47 0
39 24 -30 0
40 23 33 0
-18 18 48 0
-37 21 -31 0
33 39 10 0
-17 -35 -39 0
17 44 -48 0
18 36 -43 0
18 -40 17 0
34 9 -5 0
-6 -16 15 0
-38 5 42 0
21 -3 -29 0
-35 -15 -1 0
31 -30 26 0
7 47 48 0
16 -12 -12 0
-31 8 -12 0
47 29 -3 0
-1 -38 -39 0
-30 -49 37 0
-44 -3 24 0
-22 39 -30 0
-24 -44 -27 0
-2 29 -40 0
-39 -35 -16 0
-19 45 -2 0
47 5 -2 0
-28 -42 -9 0
3 5 46 0
35 -20 -1 0
-38 -3 7 0
35 31 -1 0
-40 21 -41 0
-23 -11 29 0
15 48 10 0
37 -45 49 0
46 -3 -43 0
-15 -45 5 0
14 -40 -25 0
-22 -1 -9 0
-25 37 48 0
40 50 3 0
-47 -18 -35 0
46 46 14 0
27 11 -47 0
35 29 44 0
31 41 -27 0
38 -12 -27 0
-9 47 -36 0
20 -21 43 0
46 -10 -34 0
36 -21 -36 0
-13 36 -36 0
-29 5 33 0
35 40 -49 0
-40 -13 -10 0
-49 48 -42 0
39 34 41 0
22 36 -30 0
49 -38 -48 0
-37 33 35 0
34 -8 -19 0
32 5 6 0
50 -18 -24 0
-32 -25 -6 0
37 -33 -42 0
27 36 34 0
-15 26 48 0
13 14 -44 0
-30 47 7 0
-20 8 43 0
-39 -22 7 0
-39 -39 36 0
-13 -6 -5 0
39 16 38 0
50 -36 -23 0
41 40 -8 0
4 34 3 0
34 -16 20 0
-35 6 20 0
-47 -33 43 0
26 -25 21 0
-50 -21 17 0
1 -21 -17 0
-5 31 22 0
17 -21 36 0
-7 42 20 0
-18 -24 -40 0
-31 38 -6 0
31 20 -40 0
32 -42 -11 0
-35 -1 -47 0
8 20 9 0
41 1 3 0
-24 15 -33 0
-10 -17 -19 0
21 -7 -7 0
30 -2 -24 0
9 -49 -3 0
-11 -22 -37 0
-15 -20 -14 0
10 -27 9 0
-34 -15 17 0
-15 41 -3 0
21 -22 14 0
21 36 27 0
31 -29 -33 0
-21 -30 -16 0
11 -15 28 0
49 -45 10 0
7 42 29 0
17 22 7 0
-13 -48 35 0
-38 39 -14 0
-27 -15 -23 0
-27 -21 -30 0
20 22 30 0
-29 35 45 0
-2 20 30 0
-10 10 -42 0
-45 15 9 0
-18 11 41 0
9 41 -11 0
6 -30 28 0
4 36 -23 0
-18 37 -48 0
-8 -20 4 0
23 -26 41 0
39 -15 6 0
-36 -37 -35 0
-47 -17 45 0
43 26 -34 0
-39 -2 -41 0
-26 29 23 0
13 -3 11 0
42 -7 18 0
-9 -8 26 0
43 30 19 0
-33 3 46 0
-29 -36 43 0
-50 -47 5 0
46 -40 -10 0
16 -22 49 0
5 -28 -14 0
11 33 48 0
-42 -46 20 0
-9 11 33 0
-28 40 3 0
-10 -22 33 0
-19 8 2 0
43 17 -35 0
-33 -36 -27 0
-2 24 45 0
48 17 -34 0
-29 46 -4 0
-3 -33 17 0
38 -4 -19 0
-3 -14 -19 0
-32 -24 -2 0
10 13 4 0
19 10 13 0
-22 -22 -29 0
-21 31 -19 0
-1 22 43 0
-14 -49 3 0
-6 5 -9 0
-27 -30 -29 0
-29 42 10 0
27 -18 46 0
-45 21 -15 0
-43 8 -47 0
35 50 -46 0
48 50 -15 0
-37 -36 42 0
-15 3 4 0
34 -3 2 0
3 -17 -32 0
5 31 27 0
-42 37 45 0
-13 6 20 0
9 -43 7 0
-39 -6 -35 0
-8 -4 39 0
-17 -44 -3 0
-16 -21 -24 0
46 37 9 0
42 -43 44 0
16 -4 -8 0
4 10 13 0
24 -36 43 0
46 37 -10 0
39 -39 12 0
-11 2 17 0
18 -33 -13 0
48 20 -17 0
40 19 34 0
14 23 1 0
49 -7 38 0
-6 20 -46 0
-37 -2 33 0
7 48 -4 0
41 -13 23 0
-35 47 16 0
19 -38 -38 0
33 44 42 0
-9 18 -39 0
-31 -10 48 0
-24 46 -48 0
46 11 42 0
22 50 -20 0
-45 29 31 0
-7 23 32 0
10 41 -22 0
40 1 35 0
-47 -36 5 0
-18 -28 -2 0
-24 -32 -14 0
-36 27 41 0
44 -8 -30 0
3 -42 44 0
46 -21 -34 0
-41 12 -46 0
-15 4 -9 0
-24 31 -44 0
45 -49 -38 0
-20 -15 31 0
-46 13 -15 0
36 22 -14 0
-28 12 -2 0
21 9 50 0
-8 31 14 0
-32 -13 9 0
-39 -11 44 0
-25 18 48 0
43 48 -20 0
-21 19 -41 0
43 -15 45 0
46 -34 -25 0
-44 -45 -12 0
5 -19 -49 0
-46 -24 38 0
18 38 -41 0
20 35 27 0
2 19 -9 0
33 47 -50 0
2 -44 12 0
-43 -33 43 0
6 23 39 0
4 -4 -44 0
-24 -9 20 0
-45 41 50 0
-46 -45 9 0
-31 49 -22 0
43 -42 -13 0
42 -7 -47 0
25 21 -17 0
13 -26 -26 0
-2 40 15 0
-13 49 -40 0
21 -28 -33 0
1 -27 -5 0
-42 -18 9 0
