c CNF generator v0.9
p cnf 50 275
-21 -49 21 0
4 13 22 0
30 28 44 0
-43 -18 30 0
50 -41 -1 0
2 -42 41 0
21 41 -18 0
-47 47 -3 0
-17 37 13 0
10 -18 -38 0
-12 18 -38 0
-30 34 39 0
-12 -12 18 0
25 -4 18 0
44 2 -44 0
7 21 -18 0
-50 -26 -18 0
43 -31 -12 0
-37 -18 2 0
31 43 -6 0
21 36 -35 0
36 34 -21 0
15 18 -38 0
49 -43 22 0
-2 -16 -2 0
-21 -26 33 0
-39 -36 -4 0
42 21 50 0
-19 -33 -21 0
-47 45 -47 0
-48 -24 -15 0
-30 -5 -35 0
41 12 40 0
-34 32 -49 0
-23 5 31 0
39 -43 7 0
-26 34 -24 0
-6 31 35 0
-39 5 -50 0
11 16 16 0
22 -6 -14 0
-38 -12 16 0
-24 42 -8 0
49 -13 23 0
-41 -22 48 0
7 1 28 0
21 -2 -16 0
-34 -29 -43 0
-21 -1 38 0
2 32 33 0
-23 -12 19 0
22 28 38 0
-9 44 -35 0
-3 34 35 0
49 35 -31 0
1 -15 -40 0
6 19 -26 0
5 28 50 0
-46 -32 -28 0
-49 30 23 0
-43 47 -42 0
-26 8 -9 0
7 -27 22 0
41 47 20 0
20 -35 -22 0
-34 -50 20 0
-12 -48 -2 0
-12 -48 -28 0
-2 -24 -26 0
5 27 15 0
-35 40 25 0
-3 37 48 0
-29 -1 -32 0
-9 40 -21 0
-4 8 27 0
-13 42 -6 0
-49 23 25 0
-3 2 40 0
-31 45 -38 0
39 -18 -27 0
-30 -45 5 0
-29 -1 -17 0
36 -46 41 0
-47 45 -24 0
-35 -40 -24 0
-15 11 -11 0
-16 22 -26 0
-31 6 41 0
-27 -15 22 0
-20 25 -30 0
45 1 -19 0
-35 -43 41 0
-37 40 -5 0
25 30 -37 0
12 8 -37 0
18 -43 -47 0
9 45 48 0
24 31 7 0
-45 -31 19 0
31 37 45 0
-5 16 26 0
10 44 -41 0
15 48 31 0
39 -30 33 0
-34 33 -47 0
2 16 -27 0
-38 -19 36 0
-26 40 -22 0
28 5 10 0
-31 32 30 0
46 25 -30 0
32 37 -20 0
-23 50 -47 0
34 5 42 0
18 -2 22 0
-22 -46 -36 0
-40 39 50 0
-47 -46 -33 0
3 -40 -21 0
17 -12 -39 0
-7 -20 8 0
4 9 50 0
1 -35 22 0
50 -2 -12 0
24 -43 -7 0
14 3 -15 0
37 18 30 0
39 -9 28 0
-16 -40 -27 0
2 -1 -35 0
8 20 40 0
34 -33 -26 0
-30 -35 -17 0
-27 30 -31 0
4 50 -46 0
29 31 34 0
23 -32 -41 0
-38 34 -38 0
1 -17 33 0
-33 35 -45 0
38 34 -31 0
32 -39 14 0
47 -26 39 0
20 29 -14 0
48 46 43 0
-12 35 -6 0
11 44 2 0
23 40 30 0
24 -19 23 0
-15 38 5 0
-26 30 50 0
-1 37 31 0
-10 -36 -16 0
-16 36 13 0
-40 20 11 0
-17 29 -3 0
-26 46 49 0
48 -50 -22 0
-26 -15 -27 0
-36 3 -28 0
-44 42 -37 0
33 38 -45 0
7 -21 -41 0
-39 48 -14 0
26 -37 -45 0
28 47 -24 0
-12 30 13 0
-47 41 -30 0
38 -2 -38 0
-17 1 16 0
49 34 -13 0
6 22 -27 0
-12 3 4 0
-30 -19 7 0
-42 48 39 0
-5 -21 6 0
9 2 -13 0
37 -40 -45 0
45 -44 -39 0
-4 20 45 0
-10 37 37 0
13 -42 -38 0
-49 -11 6 0
-27 -10 41 0
24 32 4 0
6 -13 46 0
37 -44 -25 0
32 -24 38 0
-19 9 -13 0
-37 -12 -6 0
-12 29 48 0
-14 -36 41 0
-14 12 34 0
-45 -36 -8 0
-16 32 -34 0
20 -30 19 0
30 47 25 0
-3 50 26 0
9 -9 40 0
-23 -46 -15 0
28 42 -18 0
-33 5 45 0
18 -43 -13 0
-17 21 23 0
26 -42 21 0
1 -48 27 0
46 -27 -30 0
-8 4 -25 0
-38 -3 37 0
17 -11 5 0
49 3 -29 0
-35 -11 11 0
-12 26 11 0
7 -46 -44 0
-7 -24 7 0
-32 -49 -19 0
-48 -46 15 0
10 26 10 0
31 -8 26 0
22 -48 -35 0
7 18 47 0
-15 -28 45 0
47 -43 -29 0
-15 -40 -27 0
38 32 16 0
-8 -7 20 0
-32 -20 -10 0
-3 -5 -5 0
32 44 -49 0
-46 -25 -3 0
-12 -27 -21 0
-6 -36 6 0
39 -22 34 0
-18 -22 -32 0
-38 31 -28 0
33 -22 -3 0
-28 -28 -41 0
-50 42 -34 0
-10 20 -5 0
-46 18 17 0
-28 -39 -26 0
-13 -36 39 0
7 13 -9 0
44 22 -46 0
22 -40 -31 0
43 30 35 0
49 14 -11 0
-4 2 -19 0
15 4 7 0
-35 -9 15 0
-33 -8 -29 0
-21 -47 14 0
18 -21 -28 0
-29 8 28 0
45 -21 25 0
-19 13 2 0
15 -48 -1 0
-37 -40 -38 0
-49 29 23 0
-4 48 22 0
22 -20 -31 0
-31 -10 -44 0
17 -40 2 0
13 49 -20 0
-10 -44 -44 0
47 29 -33 0
-6 37 46 0
-10 1 -6 0
31 37 -9 0
-50 2 1 0
33 -41 -26 0
-28 32 8 0
-27 -50 -3 0
23 4 -1 0
47 22 -41 0
