c CNF generator v0.9
p cnf 50 275
28 18 14 0
-37 36 -10 0
22 -4 -40 0
-49 23 43 0
-25 -7 31 0
-47 11 48 0
37 -40 -8 0
14 19 16 0
44 45 40 0
35 36 -1 0
40 -29 -1 0
-44 28 23 0
-28 44 19 0
9 -25 -16 0
31 32 -25 0
43 -12 -5 0
-9 -1 44 0
29 -8 -39 0
-3 38 -45 0
22 23 -4 0
37 -29 -20 0
-46 -29 -41 0
-19 -46 21 0
21 16 48 0
42 -9 -11 0
-50 41 -47 0
30 -30 -39 0
11 28 16 0
-40 24 41 0
39 -6 -30 0
36 -17 19 0
-8 -47 -29 0
-23 -3 -42 0
-14 -7 -18 0
31 -48 -41 0
34 47 -11 0
-46 -41 6 0
18 -40 -38 0
48 44 -31 0
5 47 3 0
49 -17 -11 0
-8 -43 48 0
-8 -16 46 0
41 -25 45 0
28 49 -20 0
44 37 -14 0
18 -19 -14 0
41 -19 -1 0
16 44 -6 0
-7 -33 33 0
17 10 24 0
45 25 -16 0
-50 15 45 0
25 20 42 0
-33 -50 12 0
-31 -8 -4 0
28 -1 -42 0
-26 37 33 0
23 -36 -48 0
-5 16 19 0
-26 2 -16 0
-20 2 29 0
-12 -20 5 0
5 -12 1 0
-39 -9 46 0
-40 -23 -23 0
11 -36 -43 0
11 31 11 0
40 -48 7 0
-1 -7 -7 0
-28 -36 -15 0
36 -22 -37 0
15 8 12 0
-22 13 -45 0
47 -16 -31 0
-44 -40 -16 0
-28 6 9 0
-47 -33 -16 0
-48 -12 -36 0
-20 22 -22 0
31 35 28 0
-6 4 -40 0
37 28 -13 0
-11 48 -30 0
-30 23 14 0
1 8 2 0
-33 22 -11 0
-42 -39 15 0
41 4 40 0
-39 23 -35 0
-20 -42 26 0
31 -40 -20 0
21 -6 -48 0
-45 -43 16 0
-4 -28 -12 0
25 -38 22 0
-3 -13 -8 0
-47 -24 49 0
33 -32 -31 0
43 33 31 0
47 5 21 0
-15 -7 -29 0
45 -24 -24 0
-40 11 -32 0
17 20 -24 0
-39 -41 48 0
25 -32 -40 0
6 -32 9 0
-27 -19 -1 0
-3 21 -22 0
20 25 -36 0
1 13 5 0
-34 24 12 0
10 45 2 0
6 -16 23 0
-29 24 8 0
-12 48 37 0
-28 49 -45 0
-32 29 -7 0
26 -39 50 0
41 -30 38 0
11 -37 47 0
-44 8 -21 0
-32 -36 45 0
17 -48 -31 0
39 21 -13 0
-8 -49 -26 0
-35 14 -21 0
-10 -43 13 0
-35 44 15 0
-31 -1 39 0
28 -43 -25 0
23 -31 -7 0
24 -47 39 0
-5 33 -46 0
43 29 29 0
-19 15 2 0
6 -1 -41 0
-38 23 -43 0
-27 11 24 0
14 -28 34 0
-10 17 10 0
-48 1 48 0
-24 40 48 0
-44 -37 6 0
32 20 -41 0
16 -48 -10 0
27 7 14 0
43 47 -28 0
40 -31 -2 0
-9 -35 -23 0
35 -8 23 0
14 -39 -22 0
-18 40 -14 0
-7 26 30 0
42 -11 -30 0
-46 -14 -28 0
-1 4 -27 0
46 35 35 0
23 -29 -34 0
26 12 42 0
-27 31 -22 0
33 29 -9 0
37 16 -29 0
34 1 -8 0
20 -25 7 0
20 -37 38 0
3 30 -42 0
-49 -31 -42 0
-7 -25 -27 0
29 -43 6 0
-31 28 -40 0
19 -3 50 0
-40 -31 43 0
26 11 -24 0
-7 -37 -27 0
-3 20 16 0
-44 -32 -32 0
30 -23 -48 0
-7 7 -50 0
-43 -22 -19 0
-19 -6 33 0
-42 42 -29 0
-31 -5 -22 0
48 31 41 0
23 -30 -44 0
-27 33 -43 0
35 -33 -33 0
-38 -27 -16 0
-20 -35 50 0
-28 -34 -21 0
3 4 17 0
38 18 35 0
-11 20 31 0
26 7 -43 0
-47 4 3 0
-29 -3 16 0
6 43 1 0
-35 12 2 0
8 -48 -1 0
-30 12 -27 0
-8 27 -38 0
-16 10 -8 0
-8 -24 19 0
20 -37 -31 0
-42 22 47 0
-2 32 39 0
38 30 16 0
7 10 -13 0
2 -11 37 0
-16 -39 39 0
-20 43 3 0
-10 -16 11 0
-7 -14 50 0
-32 -29 -13 0
-10 -40 -19 0
26 -11 24 0
50 -32 37 0
26 -11 34 0
-10 -37 47 0
-33 21 -12 0
-46 -34 -18 0
-48 34 -12 0
16 -6 -40 0
-29 -21 -15 0
-7 -13 -47 0
-46 14 -7 0
-48 -25 -16 0
-38 37 -34 0
-6 -14 -27 0
-21 25 -10 0
-48 -7 -10 0
-26 -9 12 0
23 -39 -24 0
-43 -12 -25 0
22 26 41 0
28 -6 -9 0
-36 21 48 0
-41 32 39 0
6 -44 37 0
15 -43 15 0
-34 -15 17 0
46 10 -9 0
36 45 31 0
50 42 20 0
-47 36 13 0
-1 29 11 0
11 -5 33 0
26 -5 8 0
40 -38 44 0
12 -30 -41 0
5 35 26 0
-14 -34 14 0
-26 35 30 0
31 -44 43 0
-16 10 -22 0
5 13 -17 0
-33 -40 47 0
-37 -27 46 0
-44 -25 -8 0
31 33 -23 0
-18 40 -25 0
-25 -20 7 0
32 -41 -26 0
-9 29 5 0
-50 -22 24 0
-23 -47 -21 0
-18 -40 -30 0
11 32 -15 0
-44 2 21 0
-10 14 18 0
-15 25 49 0
-1 3 -26 0
-10 18 38 0
-48 8 47 0
