c CNF generator v0.9
p cnf 50 275
-31 -12 4 0
-13 13 37 0
12 -39 -33 0
10 -9 -44 0
45 11 -35 0
34 50 26 0
-3 28 -30 0
-20 48 -50 0
-33 42 -4 0
49 26 42 0
-43 15 -47 0
38 27 -6 0
13 12 36 0
-17 -4 50 0
34 11 40 0
-39 12 47 0
33 49 -35 0
-22 -36 26 0
19 -38 -4 0
37 -40 2 0
-36 -34 42 0
20 -4 48 0
14 27 -16 0
31 36 -13 0
-29 9 -36 0
4 3 25 0
22 23 -50 0
47 -5 16 0
13 15 -28 0
-7 -34 -14 0
1 -42 -49 0
35 17 -26 0
22 11 14 0
-38 10 30 0
43 -34 9 0
26 -34 50 0
-38 21 -14 0
1 -46 -29 0
-10 46 -3 0
-50 36 -20 0
47 35 -36 0
-6 -28 9 0
6 -5 11 0
9 -19 11 0
2 -50 -7 0
44 3 3 0
20 13 -48 0
13 -2 -13 0
10 2 -32 0
4 40 11 0
-23 35 -5 0
-49 35 8 0
-4 -49 31 0
25 27 -12 0
27 -49 15 0
-6 -10 41 0
7 12 30 0
45 -4 -15 0
-46 -31 4 0
-11 -47 30 0
-28 38 -47 0
-48 -41 -44 0
16 -16 -11 0
25 46 37 0
-41 33 -41 0
45 48 9 0
41 -11 -4 0
-33 34 8 0
33 18 -47 0
-8 -28 6 0
24 -7 -27 0
27 17 33 0
11 -48 12 0
25 23 -49 0
-44 -25 -17 0
40 35 19 0
-44 6 -21 0
30 23 22 0
29 12 -21 0
14 13 44 0
-12 -42 15 0
-22 10 17 0
47 -20 25 0
-4 23 45 0
-11 33 -21 0
-33 9 29 0
-43 5 25 0
31 -12 34 0
-11 44 -1 0
-10 -15 24 0
36 7 -10 0
-25 36 45 0
17 -13 41 0
-12 -3 4 0
-41 -10 -7 0
47 -9 -35 0
22 10 1 0
-8 34 18 0
-12 4 -19 0
3 48 3 0
-5 -24 -26 0
-15 24 -46 0
-17 -11 2 0
26 -23 -25 0
34 32 17 0
-32 41 42 0
-16 37 14 0
-3 3 28 0
-48 21 -31 0
-6 44 1 0
-17 -18 -5 0
-26 7 41 0
19 33 22 0
-33 41 -33 0
-1 41 18 0
-20 12 -47 0
26 -24 -38 0
-16 3 -7 0
23 -37 43 0
15 30 -4 0
-46 -48 44 0
37 6 -12 0
-34 -19 9 0
30 16 33 0
19 -6 -22 0
-27 37 -30 0
48 -36 -14 0
27 -22 -4 0
33 -14 42 0
-19 -28 -25 0
-8 -25 -11 0
46 27 45 0
30 44 -15 0
-19 -20 -17 0
11 -13 -8 0
24 -6 43 0
32 21 -25 0
-39 21 -40 0
-44 -5 4 0
-4 -50 32 0
-44 -17 19 0
1 42 -20 0
38 -44 -7 0
31 46 28 0
-37 -10 -11 0
-46 -30 -33 0
29 3 -41 0
11 43 20 0
-41 -7 7 0
-44 -27 40 0
45 27 -20 0
-43 -39 -46 0
-5 -25 -9 0
-15 16 41 0
-14 -6 40 0
-8 31 -10 0
-14 -50 40 0
-15 8 -20 0
-9 40 -6 0
-42 -47 -13 0
8 -26 12 0
20 40 -8 0
-47 36 36 0
6 -39 4 0
27 -24 5 0
39 -37 -19 0
15 -25 -21 0
23 -1 -41 0
-45 7 -26 0
1 27 43 0
49 50 -43 0
-40 45 45 0
-31 -46 -31 0
12 -15 -35 0
42 -32 9 0
28 -34 19 0
-16 31 31 0
-2 42 -26 0
44 -34 -6 0
32 -12 43 0
20 -36 -24 0
9 -25 -13 0
48 -5 6 0
3 31 -14 0
48 -37 -28 0
-36 -19 -2 0
-24 22 4 0
-16 -25 1 0
-38 -43 31 0
-20 -38 27 0
39 -20 31 0
-14 -9 -4 0
-12 -24 -44 0
42 -20 41 0
26 40 20 0
-4 -32 49 0
18 38 -12 0
14 -43 -25 0
-21 -15 -14 0
32 -39 -45 0
25 -34 14 0
20 28 -1 0
16 -16 6 0
29 33 14 0
-44 -50 8 0
34 -43 48 0
-21 -35 31 0
46 -4 8 0
-37 -12 10 0
-49 -38 38 0
-36 47 -7 0
-35 -33 4 0
12 -25 -5 0
3 -3 -11 0
38 49 -43 0
-29 -30 -22 0
-43 42 -47 0
-30 -9 29 0
-6 33 37 0
-7 -32 22 0
-39 -25 -50 0
-35 -9 33 0
4 -14 23 0
-1 -12 42 0
43 -39 -46 0
39 -31 -12 0
-21 31 31 0
46 18 10 0
-48 24 10 0
-24 -9 -21 0
29 30 47 0
-27 -21 11 0
-30 -50 27 0
-38 -31 25 0
-45 3 -27 0
49 8 11 0
14 29 44 0
-49 7 -18 0
38 -1 22 0
9 -40 25 0
17 38 -8 0
17 -20 -48 0
-41 -43 48 0
32 22 -29 0
25 -41 -32 0
-21 11 14 0
-14 -15 25 0
-13 41 -20 0
17 21 -4 0
27 -44 12 0
11 -37 -1 0
-36 13 -23 0
9 -35 25 0
6 -37 -19 0
-2 7 -9 0
13 48 5 0
-35 -19 -26 0
-13 -48 30 0
26 19 -27 0
9 -15 -43 0
-14 -45 9 0
4 -29 27 0
18 -18 2 0
4 35 -30 0
35 38 -19 0
8 -35 49 0
-41 -12 -38 0
41 18 28 0
-17 -12 41 0
-30 -4 -12 0
44 1 -44 0
-43 34 -37 0
15 -35 -31 0
-25 31 -43 0
-27 -23 -49 0
