c CNF generator v0.9
p cnf 50 275
44 -17 -35 0
42 -25 -6 0
-25 43 47 0
6 42 6 0
23 13 -35 0
-12 18 -31 0
-45 -23 34 0
-32 -13 29 0
15 -37 38 0
-10 -30 18 0
-6 47 -8 0
-22 27 5 0
10 14 19 0
1 43 6 0
-43 -36 -19 0
-13 13 7 0
10 26 -31 0
7 29 -36 0
-26 -33 25 0
11 25 11 0
-15 -22 -17 0
-47 -50 -1 0
-8 -6 -6 0
-39 29 -30 0
29 -28 40 0
27 17 -27 0
-24 2 11 0
-21 -8 -9 0
19 -18 -14 0
-26 42 -23 0
-32 15 -6 0
-48 -18 -40 0
31 38 -6 0
-45 32 5 0
16 -32 -13 0
-38 -18 7 0
-47 -40 43 0
27 5 -18 0
-41 34 -48 0
-49 14 -40 0
-12 15 -9 0
-12 -26 25 0
49 -12 45 0
-29 -37 -4 0
-8 -48 -36 0
7 -27 12 0
-14 46 -14 0
-8 34 40 0
47 37 39 0
-48 36 -17 0
15 12 -37 0
-1 -29 -6 0
-43 -33 -15 0
30 50 48 0
-20 32 -24 0
-16 -5 40 0
38 30 18 0
-15 -43 -3 0
-32 50 44 0
-27 -22 22 0
-48 -2 -34 0
34 -10 22 0
-17 14 37 0
-6 -26 17 0
6 -50 1 0
39 -43 1 0
-34 23 -14 0
-43 -24 -6 0
-10 -6 -10 0
1 11 -18 0
10 27 18 0
1 47 22 0
-21 4 -35 0
-12 -28 29 0
28 45 -41 0
41 -44 -17 0
-41 14 11 0
-14 -21 42 0
1 23 -27 0
23 23 -35 0
38 18 -9 0
-4 -41 18 0
-29 44 22 0
3 -28 21 0
-18 -11 -6 0
46 -6 3 0
23 41 -4 0
-43 -4 39 0
5 -46 -7 0
-33 -43 14 0
19 43 -50 0
-24 21 -42 0
-22 -21 -19 0
-10 2 -30 0
-35 15 -2 0
17 -36 -31 0
-16 11 -48 0
21 32 -2 0
-28 -25 13 0
5 6 20 0
-46 -19 -2 0
-45 -11 4 0
-17 15 36 0
50 41 33 0
32 -17 -11 0
35 22 8 0
20 18 -38 0
13 -32 33 0
15 3 20 0
-14 -49 50 0
40 -20 -44 0
-22 -16 35 0
8 -36 -7 0
38 -13 3 0
-28 33 19 0
34 9 -30 0
10 -1 -14 0
31 -2 -23 0
-27 41 4 0
-2 28 -42 0
-31 -29 -26 0
43 49 3 0
31 -19 -25 0
-4 1 26 0
-19 -26 33 0
30 6 9 0
33 -35 -19 0
-34 32 -6 0
13 37 30 0
11 -20 -34 0
-18 18 9 0
34 -6 -43 0
-20 21 6 0
-39 -14 -18 0
-2 27 -12 0
-12 -23 21 0
-22 -34 -46 0
36 31 -6 0
5 8 37 0
-47 -45 -45 0
44 25 -28 0
-24 -9 2 0
-12 -11 33 0
-44 -1 -48 0
-29 -34 28 0
-8 -2 14 0
-7 -46 9 0
-12 -33 -35 0
28 10 -5 0
-19 44 28 0
5 30 8 0
21 -7 -22 0
16 -27 -1 0
-7 44 4 0
-10 38 28 0
3 1 10 0
-30 35 19 0
-1 -26 -21 0
-4 -38 16 0
40 34 25 0
-13 -26 -13 0
39 -13 13 0
50 -32 42 0
-35 38 47 0
-32 -8 -3 0
5 36 -14 0
33 16 2 0
9 -10 12 0
18 1 -22 0
35 -21 21 0
19 -27 42 0
-27 -44 -11 0
-25 -39 43 0
14 42 -13 0
-9 49 43 0
-12 -28 50 0
-21 -10 36 0
20 2 3 0
-13 34 -39 0
45 28 14 0
40 32 -22 0
-16 49 -16 0
50 36 -38 0
41 -40 15 0
-6 -19 -24 0
-2 3 14 0
34 17 -25 0
19 -38 20 0
39 40 4 0
45 44 -44 0
-7 -30 7 0
-46 -25 42 0
44 -19 -47 0
-39 41 39 0
-30 -29 50 0
30 9 -32 0
40 -44 -2 0
-18 -22 -36 0
22 -26 35 0
24 -46 29 0
-47 23 16 0
28 26 -44 0
49 23 3 0
40 43 -2 0
-48 17 31 0
28 -18 29 0
39 -43 18 0
-37 24 45 0
23 -29 13 0
20 -12 24 0
-26 -34 32 0
-3 -1 -41 0
10 -30 -17 0
-37 17 -29 0
-44 -26 1 0
-14 -41 -33 0
-24 -27 43 0
12 -41 -1 0
29 28 -4 0
7 38 30 0
-42 45 18 0
-32 -21 -49 0
-31 1 39 0
-17 11 9 0
40 44 -14 0
17 15 41 0
-2 22 -13 0
21 21 11 0
-6 -8 34 0
-14 43 -34 0
41 -31 -9 0
17 -2 -10 0
37 -31 -41 0
47 -23 -10 0
-46 28 -28 0
-34 4 37 0
-11 -43 29 0
35 23 -4 0
-25 20 -28 0
-43 -31 45 0
21 34 25 0
35 -34 -2 0
1 -44 35 0
34 9 9 0
32 -22 -3 0
-48 -38 -43 0
-34 4 41 0
-48 46 -2 0
36 34 -42 0
-19 30 13 0
-30 -29 30 0
31 34 12 0
-23 11 19 0
25 32 -37 0
-50 -3 -40 0
45 -30 45 0
2 5 4 0
-26 -33 -47 0
45 25 -2 0
27 -8 36 0
38 34 14 0
29 2 -17 0
-19 -17 6 0
22 -6 -1 0
-19 9 -31 0
36 28 -22 0
8 40 -12 0
-25 43 16 0
49 16 -40 0
24 28 48 0
17 -10 -41 0
4 -1 -11 0
-41 -31 -46 0
32 8 -41 0
29 27 -26 0
