c CNF generator v0.9
p cnf 50 275
43 -25 -4 0
-12 -41 -23 0
-23 -47 24 0
-17 2 -48 0
-29 -23 -28 0
11 35 32 0
-50 10 39 0
3 -28 25 0
-34 47 23 0
-15 -32 16 0
-43 26 12 0
-50 16 -33 0
11 -35 50 0
44 2 42 0
-26 5 48 0
49 -10 -50 0
-42 41 -18 0
47 12 40 0
-7 17 50 0
10 -10 -43 0
-9 31 4 0
-48 30 -11 0
30 -34 33 0
3 -8 -37 0
20 26 32 0
16 19 -6 0
-43 -35 -49 0
11 14 5 0
-14 -40 -48 0
10 41 44 0
-20 43 -12 0
-15 -28 -44 0
21 -46 -34 0
-26 -11 4 0
-13 -4 -43 0
-36 -10 -17 0
-5 10 24 0
-9 30 -8 0
-19 -15 8 0
49 -38 -20 0
17 6 35 0
23 18 -20 0
37 37 -50 0
16 -19 -23 0
38 31 20 0
-41 15 -23 0
-20 6 41 0
-31 36 24 0
44 -23 -29 0
-50 -40 -10 0
24 3 -13 0
-1 2 -37 0
-2 27 45 0
10 -27 -47 0
-20 9 34 0
-36 11 -34 0
-22 27 29 0
41 -50 34 0
-4 -44 -9 0
-37 10 41 0
-28 2 -1 0
-35 18 4 0
-17 29 -40 0
-22 -46 -28 0
-33 45 -4 0
1 37 -18 0
-2 49 10 0
24 9 28 0
2 21 38 0
2 -23 25 0
-45 -11 6 0
50 -30 -3 0
43 16 2 0
35 1 29 0
35 -1 -47 0
-17 -47 -39 0
-17 38 50 0
-25 20 -25 0
-18 -43 27 0
-6 -5 -28 0
2 -35 4 0
-18 -4 31 0
48 18 18 0
-9 13 10 0
26 48 18 0
-18 -32 39 0
3 -29 35 0
41 -33 -36 0
30 28 -14 0
47 29 29 0
-7 -42 -30 0
33 -33 -43 0
7 -14 11 0
-8 40 -44 0
-38 45 -50 0
-13 21 -39 0
-5 -19 42 0
49 -33 -36 0
47 -10 -26 0
-3 -6 -27 0
-32 -5 29 0
-44 -20 -43 0
38 -19 47 0
39 38 -25 0
44 3 -28 0
-25 38 -17 0
-13 1 44 0
-1 -50 -25 0
-31 48 42 0
-24 -4 -20 0
-46 48 17 0
50 -37 -44 0
36 -23 -5 0
48 18 29 0
-10 -18 -20 0
-33 -23 24 0
-8 -30 34 0
44 25 -23 0
45 -15 27 0
23 4 -39 0
-30 1 12 0
-14 44 36 0
3 -19 36 0
40 1 1 0
21 -47 2 0
-43 19 -44 0
15 -25 29 0
10 20 -37 0
-10 -18 48 0
-2 -23 -5 0
19 23 -9 0
-29 -20 32 0
15 -15 -27 0
13 -19 -46 0
24 -15 48 0
-34 -12 -28 0
-42 -38 -33 0
-50 -8 -46 0
-25 27 -12 0
46 27 1 0
-8 13 -20 0
-12 17 23 0
24 15 -14 0
1 39 -40 0
34 47 36 0
1 -30 42 0
-9 -3 -10 0
-21 41 12 0
31 -28 -37 0
-43 -6 7 0
-40 -33 42 0
47 31 -2 0
9 -20 -21 0
-19 9 41 0
42 -37 13 0
7 -19 39 0
22 -42 -34 0
44 -44 17 0
9 -3 23 0
-38 -25 13 0
4 12 -6 0
12 -34 -39 0
46 -46 3 0
34 7 -11 0
7 45 44 0
-48 -50 -30 0
-6 47 -29 0
38 27 -20 0
-4 -1 11 0
30 -3 34 0
-23 -5 20 0
13 21 -35 0
-36 -31 40 0
-13 -38 -6 0
-19 42 26 0
-42 -25 -9 0
-49 -39 49 0
-1 21 43 0
11 -17 -43 0
-33 -37 -36 0
-28 6 -11 0
13 -49 48 0
-5 -42 3 0
-9 -17 12 0
19 -28 15 0
33 39 -46 0
39 -48 49 0
45 18 -41 0
34 21 -37 0
11 -16 -31 0
20 44 -17 0
-7 -16 17 0
7 7 46 0
-40 14 42 0
-9 -20 49 0
-40 35 19 0
-10 -21 17 0
3 35 40 0
14 -47 14 0
44 -35 -15 0
-13 10 4 0
-10 22 -17 0
22 -3 48 0
42 -19 37 0
46 -4 44 0
-47 8 -13 0
7 -22 15 0
31 25 45 0
29 43 25 0
38 33 50 0
-49 29 3 0
-42 19 50 0
39 48 -45 0
-46 16 4 0
-6 29 -35 0
-37 23 26 0
46 23 -45 0
-23 -12 28 0
-13 12 -47 0
-27 25 10 0
-12 -31 6 0
-3 -31 -23 0
12 10 -32 0
-1 21 -3 0
45 37 -33 0
24 11 38 0
48 -1 5 0
-18 16 -35 0
23 23 -40 0
16 -50 24 0
-48 -19 15 0
-14 -18 -29 0
30 49 -39 0
18 30 30 0
-50 19 -32 0
-43 -28 2 0
-44 -3 45 0
1 -27 -5 0
-12 18 -37 0
6 38 -6 0
26 42 12 0
40 46 -21 0
45 16 -7 0
-14 40 32 0
-33 19 11 0
-2 17 43 0
-29 46 50 0
42 10 44 0
42 -45 -3 0
37 16 39 0
-27 -40 -23 0
-38 -31 -19 0
14 -28 -4 0
6 -34 -7 0
45 -13 -26 0
-40 34 -45 0
-22 -9 -7 0
-4 13 49 0
45 50 17 0
-28 29 -31 0
24 -48 45 0
-26 8 4 0
46 -22 9 0
5 -13 35 0
38 36 16 0
-1 8 49 0
-43 -32 -12 0
-23 8 -26 0
16 35 -45 0
-5 -17 28 0
31 7 7 0
-46 46 -22 0
-9 -30 -20 0
1 -39 -39 0
-34 -15 34 0
