c CNF generator v0.9
p cnf 50 275
20 26 -50 0
44 8 3 0
23 -30 14 0
24 45 33 0
-8 26 -30 0
-4 -38 -3 0
24 34 50 0
-29 47 2 0
-5 15 7 0
32 50 -17 0
-1 -20 37 0
-3 -18 -16 0
-40 -33 19 0
-19 9 -5 0
-24 29 28 0
-18 -36 -2 0
-37 26 -27 0
33 25 2 0
-46 7 10 0
28 34 23 0
2 10 -7 0
-40 41 -13 0
-8 37 13 0
10 -31 31 0
-4 6 19 0
1 41 -32 0
-8 7 -39 0
-7 -18 21 0
29 -48 30 0
-9 -5 -4 0
-10 -39 39 0
7 -48 47 0
5 18 -2 0
32 -4 -47 0
-45 45 41 0
-2 -3 37 0
-13 27 -15 0
44 19 -44 0
42 -8 -34 0
-29 5 -22 0
30 -33 -46 0
4 -3 28 0
49 2 -22 0
43 31 -3 0
-29 -17 48 0
-11 -46 24 0
-14 -4 45 0
-19 33 -35 0
-34 43 -19 0
-45 -17 39 0
19 38 5 0
-21 26 6 0
-7 47 10 0
-27 35 46 0
-45 -17 6 0
3 12 -21 0
49 25 48 0
-27 31 -20 0
4 -34 29 0
-35 -19 33 0
-34 -41 28 0
-12 -49 30 0
-16 -17 49 0
24 -19 -43 0
26 -31 50 0
27 39 31 0
-31 6 -49 0
-46 25 -42 0
12 -32 -50 0
21 33 2 0
-39 -43 12 0
-27 4 16 0
46 29 -17 0
-14 -20 -19 0
-21 29 24 0
-40 39 -49 0
-10 -38 30 0
46 -42 -21 0
-48 38 -42 0
-13 16 -10 0
-48 25 7 0
-13 -35 33 0
-48 47 -40 0
22 -47 12 0
-24 9 16 0
23 -16 -41 0
2 -4 34 0
41 37 25 0
-16 -1 46 0
-42 30 -10 0
-11 20 48 0
-16 -41 28 0
22 -16 -4 0
2 -31 15 0
-26 26 -33 0
26 14 -18 0
-19 41 43 0
-23 15 20 0
6 -15 -12 0
-43 7 24 0
-31 29 -17 0
1 42 -8 0
-23 -34 36 0
45 -8 6 0
39 -23 28 0
-20 -21 -36 0
-38 -29 -41 0
48 -50 -5 0
49 -22 -17 0
-26 -36 47 0
-47 -27 48 0
6 12 -39 0
36 12 -29 0
-16 28 8 0
-37 19 27 0
12 47 39 0
-44 13 13 0
9 11 -22 0
-2 47 43 0
-14 25 -47 0
46 -38 -19 0
-34 -14 -4 0
-49 6 -30 0
19 -32 -24 0
30 -21 -5 0
-45 -47 -22 0
-20 -47 5 0
50 -1 -5 0
7 -49 7 0
43 33 11 0
32 22 40 0
23 49 -20 0
15 -49 -10 0
-34 -2 39 0
-12 -27 22 0
-12 10 -50 0
-24 -1 15 0
-19 -48 -35 0
-3 41 34 0
24 33 22 0
47 -2 18 0
29 -20 37 0
33 -7 42 0
13 9 44 0
-28 34 -27 0
14 2 12 0
-50 2 32 0
-43 30 -11 0
9 10 -26 0
50 12 -39 0
22 -30 -35 0
-9 -33 11 0
3 30 -45 0
29 42 12 0
13 -46 47 0
-24 -42 -22 0
20 -10 -35 0
-21 19 -42 0
-16 -31 -28 0
-10 4 28 0
29 2 44 0
-40 -13 -39 0
-49 50 -5 0
-47 -50 14 0
-43 -25 26 0
38 1 47 0
-43 -15 -32 0
10 -48 -32 0
-35 13 37 0
29 -34 49 0
50 -48 5 0
-4 46 -4 0
-16 -7 37 0
-16 38 33 0
40 -30 -40 0
-16 39 -39 0
26 39 -28 0
37 7 22 0
-13 -46 38 0
21 25 41 0
19 -39 47 0
-38 30 -1 0
-14 -10 -12 0
23 -35 1 0
-15 31 29 0
-39 32 23 0
-37 5 17 0
25 -45 12 0
-49 -47 36 0
-42 -9 -25 0
-16 -10 -5 0
44 20 -14 0
39 7 -13 0
28 43 -38 0
-4 -19 12 0
-26 -12 -18 0
38 6 13 0
-40 -44 -13 0
-20 -24 -38 0
-23 6 -12 0
-24 -27 26 0
-50 -47 -24 0
7 -38 30 0
-10 -19 12 0
-2 5 -22 0
-3 9 -11 0
-26 29 10 0
13 13 -40 0
-45 -25 -5 0
-49 -27 10 0
47 -31 -37 0
48 20 -41 0
-18 -20 7 0
-28 19 38 0
-21 -19 48 0
-1 -15 15 0
32 -4 49 0
30 -19 -5 0
-25 -28 -8 0
2 -41 46 0
48 -48 -9 0
21 -40 -6 0
50 -27 -42 0
22 -27 35 0
-24 40 -4 0
-29 -24 -9 0
-17 -47 49 0
-41 -21 -20 0
-10 -44 37 0
16 6 -12 0
-23 -23 -43 0
16 -38 -37 0
-18 -2 6 0
27 49 26 0
42 29 -4 0
-34 -5 44 0
-25 19 42 0
-36 -7 19 0
-24 5 38 0
-39 13 -22 0
-35 -43 46 0
6 -44 16 0
40 -21 -27 0
-34 33 9 0
35 23 -37 0
8 11 -20 0
20 33 -6 0
-38 -9 -40 0
-44 -12 35 0
37 8 -14 0
26 12 -33 0
-17 -50 -20 0
24 -10 -26 0
-13 33 8 0
-3 -29 45 0
-38 33 1 0
9 41 -5 0
-8 29 -11 0
36 45 48 0
46 17 2 0
-3 -36 48 0
26 -44 -27 0
-22 -43 -7 0
-35 -2 11 0
2 24 8 0
-32 -8 50 0
46 -4 49 0
-27 40 33 0
-25 48 49 0
41 -4 27 0
-12 28 -23 0
44 15 -9 0
12 5 26 0
-7 47 -46 0
50 -25 -32 0
