c CNF generator v0.9
p cnf 50 275
-19 40 -19 0
-42 15 -27 0
-31 45 12 0
-20 -23 -45 0
43 44 47 0
-21 -22 18 0
-5 32 -36 0
-15 -33 45 0
-1 -23 24 0
-26 27 -12 0
14 -30 9 0
-7 -49 -35 0
44 -47 -27 0
-43 23 -27 0
27 29 38 0
22 -48 -21 0
-42 6 -43 0
31 -30 17 0
14 13 -36 0
-33 17 12 0
-12 -21 40 0
-29 -14 48 0
19 -17 16 0
-20 14 -50 0
33 18 2 0
36 -10 11 0
46 -7 -4 0
-12 2 -10 0
41 47 -43 0
-21 23 36 0
8 27 31 0
-41 -47 9 0
40 19 -21 0
2 28 -30 0
-11 14 22 0
18 -39 42 0
-4 43 19 0
-2 12 -46 0
-8 -50 40 0
-21 -12 -19 0
-5 44 -12 0
-8 -46 11 0
-28 31 -39 0
-19 39 -50 0
18 23 -10 0
-42 28 28 0
-8 -3 -3 0
-26 17 20 0
-46 22 -37 0
32 47 -19 0
43 -47 -26 0
47 -39 -40 0
49 -8 -48 0
35 -27 42 0
26 22 -26 0
-10 -34 -42 0
4 8 43 0
20 -11 -35 0
-24 -18 30 0
-17 1 -50 0
42 -8 -35 0
-31 -16 -42 0
-33 39 29 0
-28 -4 3 0
-40 29 38 0
-20 -14 -32 0
50 -16 -44 0
48 -33 25 0
15 -4 -18 0
-29 6 13 0
-37 -14 -43 0
-10 -48 19 0
-9 13 -19 0
-26 -11 -44 0
-18 45 -33 0
35 41 -16 0
-8 -39 39 0
7 -26 18 0
-31 -22 -34 0
35 -12 31 0
-23 42 31 0
-24 -1 45 0
-35 -9 -45 0
40 15 41 0
38 -19 -9 0
30 -14 -3 0
-23 24 37 0
-43 -6 -27 0
-47 -24 -17 0
-49 -3 19 0
-49 11 37 0
-49 25 -8 0
1 -22 34 0
-14 13 6 0
13 -1 35 0
29 2 44 0
7 13 32 0
46 41 9 0
-23 -38 47 0
-21 36 50 0
5 -18 50 0
-12 33 8 0
-8 -18 -27 0
-11 -39 -46 0
-31 31 -5 0
-30 -34 -11 0
39 9 23 0
-29 49 28 0
6 -35 46 0
-38 -26 9 0
37 -48 33 0
-21 -49 -9 0
-45 -21 14 0
45 -43 4 0
-16 -33 17 0
1 -47 42 0
38 -14 -7 0
-4 40 -21 0
-8 -25 39 0
-27 -49 -25 0
36 18 -24 0
3 -33 35 0
9 48 -46 0
40 -27 39 0
-34 19 -45 0
14 40 24 0
6 -3 -33 0
-5 27 -5 0
8 -41 1 0
26 12 43 0
-9 -16 21 0
10 38 -11 0
-5 -25 32 0
31 7 17 0
1 -48 8 0
32 -5 -21 0
-15 44 46 0
-37 -38 10 0
-3 2 41 0
-17 -5 -6 0
-33 -48 -20 0
19 40 15 0
-24 29 -14 0
31 6 40 0
3 -31 5 0
-9 9 50 0
4 -18 32 0
14 7 1 0
-19 -39 -41 0
45 7 2 0
-32 25 -11 0
-30 -3 -38 0
27 -46 37 0
3 14 -27 0
28 49 -40 0
-12 -1 -20 0
-7 -31 -32 0
49 -25 34 0
-15 31 32 0
50 12 38 0
-43 44 24 0
-48 39 39 0
-33 26 -44 0
-5 -31 -21 0
-43 23 40 0
-8 4 -10 0
-21 -7 25 0
21 -13 -1 0
24 8 -35 0
43 5 -15 0
-12 -21 -13 0
15 15 -22 0
49 -17 -38 0
45 14 35 0
-48 -15 15 0
-37 -18 -2 0
-5 32 32 0
6 -49 -3 0
-44 -30 -50 0
49 41 37 0
-4 -32 -41 0
-31 -15 6 0
17 -13 -16 0
20 -50 17 0
39 36 30 0
-31 36 32 0
37 -41 39 0
34 -11 24 0
1 13 5 0
-46 50 9 0
-25 -42 -46 0
34 -34 3 0
-44 -17 11 0
-24 -31 -17 0
-21 42 -31 0
12 27 -16 0
-33 -4 -28 0
-1 26 -36 0
-10 -39 48 0
-5 40 14 0
-50 18 22 0
-32 -37 -27 0
27 -14 35 0
-44 -37 -6 0
-36 36 -3 0
-26 34 -47 0
-47 9 -34 0
1 -29 43 0
-39 46 -49 0
-25 -19 -1 0
-36 19 30 0
-32 -34 -1 0
-9 -17 48 0
-20 -1 -41 0
-27 30 -22 0
46 -42 42 0
-36 21 17 0
-49 -31 40 0
-16 25 8 0
-40 44 -42 0
36 -25 -18 0
39 49 -1 0
-7 -8 32 0
-23 -19 50 0
49 -19 18 0
-43 -40 25 0
-27 6 -20 0
33 31 -6 0
-29 32 -11 0
-45 -43 -18 0
40 -34 -43 0
29 -22 32 0
-35 40 9 0
16 35 -31 0
-24 -31 -38 0
-50 -47 -11 0
-21 -15 10 0
28 46 -25 0
-25 45 -30 0
45 -7 29 0
47 1 -10 0
34 -30 8 0
4 -36 50 0
21 38 -25 0
-24 -39 -28 0
15 30 -30 0
11 -45 -10 0
-6 -43 -19 0
-36 31 48 0
36 -16 1 0
5 49 -16 0
-18 8 46 0
-24 -39 34 0
-36 44 -16 0
34 -25 45 0
-19 19 -15 0
22 -13 -19 0
23 -19 42 0
3 3 -13 0
-37 -18 7 0
-5 -46 43 0
38 -38 32 0
-48 -25 44 0
34 43 31 0
-2 -26 44 0
12 -31 5 0
5 14 -7 0
47 34 -40 0
-31 2 8 0
1 27 46 0
-15 15 -12 0
-43 19 -31 0
-7 39 35 0
-27 -18 42 0
-32 27 -16 0
