c CNF generator v0.9
p cnf 50 275
-40 -49 -26 0
-22 38 39 0
-19 -43 -15 0
-45 18 -25 0
-17 19 48 0
21 40 -37 0
18 5 -23 0
42 -1 15 0
39 31 44 0
-41 -23 41 0
33 43 -38 0
-23 35 -35 0
-21 12 30 0
38 49 46 0
-40 -24 -39 0
29 -50 33 0
28 14 -1 0
-20 -45 20 0
5 24 -42 0
22 50 20 0
14 32 -10 0
-38 23 3 0
48 -24 27 0
16 -35 -24 0
-18 4 -9 0
23 46 -13 0
-3 -12 32 0
31 -43 -31 0
31 27 14 0
-47 21 32 0
-14 45 -1 0
-31 45 -50 0
5 -19 -43 0
29 7 15 0
-41 -13 -38 0
11 13 -30 0
-42 21 -6 0
-28 10 -14 0
-29 3 -18 0
-13 26 44 0
-22 -9 38 0
-26 18 -50 0
49 28 -24 0
11 2 -7 0
47 -27 11 0
15 -41 -29 0
25 -25 30 0
27 47 1 0
46 25 -15 0
-10 25 -30 0
-43 39 34 0
-27 -25 7 0
-12 -22 -8 0
-7 48 7 0
-37 -8 7 0
-5 -4 -38 0
-22 35 45 0
35 -14 48 0
33 23 15 0
-44 23 4 0
-47 -29 -45 0
12 -39 42 0
-37 15 -19 0
13 26 7 0
-45 12 20 0
-8 -37 -27 0
-42 29 -8 0
33 -12 -18 0
-12 -14 -35 0
-31 -47 6 0
3 15 35 0
48 -29 -48 0
-39 -15 8 0
45 25 19 0
-7 27 -8 0
-36 -28 -8 0
12 17 -21 0
-45 -36 29 0
27 18 -42 0
19 -20 -48 0
8 -45 12 0
-45 35 49 0
13 7 -47 0
32 -28 17 0
-16 -48 19 0
-42 -29 23 0
-45 31 19 0
9 -11 -10 0
48 -19 -39 0
-24 12 -3 0
-34 36 2 0
25 -9 45 0
20 28 49 0
-5 21 10 0
27 44 10 0
32 -11 -3 0
18 -12 -49 0
25 -50 -43 0
-30 14 -39 0
33 42 -48 0
27 30 -11 0
7 19 -5 0
-45 23 -12 0
22 -8 7 0
-31 -37 44 0
19 -40 46 0
36 -12 -4 0
18 -22 7 0
31 -48 -32 0
-6 -25 -8 0
36 10 3 0
-9 13 48 0
-10 35 33 0
-13 -44 47 0
-8 25 -33 0
5 21 -3 0
2 -44 -5 0
-3 -15 -37 0
14 -44 -35 0
12 -48 -10 0
23 46 1 0
-36 -50 -30 0
36 -17 11 0
7 23 -49 0
42 -31 33 0
45 -5 -36 0
10 31 18 0
-42 40 -44 0
-11 -45 36 0
-34 34 7 0
43 -42 39 0
19 -35 -31 0
16 -19 -21 0
38 -50 15 0
42 -12 30 0
34 -29 -49 0
34 -18 -38 0
-37 13 40 0
-38 -33 42 0
30 42 8 0
-38 -15 -48 0
-48 -26 50 0
-44 -35 -40 0
3 16 15 0
40 39 44 0
-18 -28 -38 0
2 -13 40 0
-18 33 -30 0
-41 29 7 0
-28 -8 -11 0
2 37 -23 0
-34 -35 8 0
-47 40 11 0
-36 -14 -24 0
35 19 5 0
38 -22 -7 0
-32 4 -39 0
-6 37 -50 0
27 37 48 0
35 5 28 0
-32 -3 -5 0
-48 -50 31 0
15 -37 -1 0
36 15 -45 0
30 -42 -37 0
-12 15 -36 0
-38 -46 39 0
-40 -28 -12 0
-24 2 -40 0
-14 -18 48 0
1 13 -48 0
6 3 -19 0
-1 21 -48 0
-20 -24 -13 0
-17 21 49 0
29 50 -10 0
22 7 -10 0
41 -49 28 0
-11 7 29 0
26 -26 8 0
-17 46 -37 0
11 6 -42 0
4 -14 -40 0
2 18 -34 0
28 -34 9 0
4 -26 31 0
42 -40 -22 0
40 -10 -26 0
-16 -15 -17 0
-2 -22 -6 0
-16 48 4 0
-5 -17 7 0
29 -28 -28 0
-7 -27 43 0
-10 13 -31 0
-1 -24 32 0
21 47 -9 0
20 25 31 0
34 -35 31 0
13 50 49 0
-31 -11 -50 0
29 5 30 0
43 37 -43 0
30 -26 38 0
34 -11 12 0
-44 -27 37 0
-8 -7 28 0
13 25 2 0
32 40 -25 0
30 -40 -30 0
48 8 40 0
-38 44 24 0
2 6 25 0
27 12 -12 0
16 11 46 0
-28 22 -49 0
-28 19 -10 0
-4 -11 -13 0
4 -12 -36 0
47 7 -41 0
5 27 37 0
19 22 44 0
-37 -1 28 0
-45 -46 1 0
42 -21 -22 0
-31 -11 14 0
-21 -22 21 0
-26 24 -44 0
25 26 21 0
30 18 40 0
-48 -15 -44 0
31 21 -12 0
-3 -11 -45 0
9 -33 -18 0
50 7 40 0
-5 -39 -20 0
-48 34 5 0
-18 31 -10 0
-4 31 21 0
18 7 50 0
-30 -48 -11 0
39 23 26 0
-13 42 37 0
8 -26 7 0
1 -34 -26 0
-42 -40 -23 0
46 36 29 0
-8 28 27 0
1 -4 34 0
7 31 19 0
37 35 13 0
44 38 -12 0
-25 20 -41 0
17 -45 -25 0
-12 40 -48 0
21 18 -48 0
-46 46 45 0
8 23 30 0
-24 35 -35 0
-27 -16 -5 0
9 -31 7 0
2 3 -11 0
-37 -44 -48 0
29 -17 -31 0
1 -13 -2 0
46 -4 5 0
49 -31 -26 0
-23 -49 30 0
39 11 15 0
21 46 13 0
19 -35 34 0
-38 -48 -2 0
-31 -21 30 0
44 -14 18 0
10 -43 47 0
