c CNF generator v0.9
p cnf 50 275
12 -35 6 0
7 12 26 0
-50 43 21 0
-10 -27 24 0
27 -33 27 0
1 -12 48 0
-41 -49 -47 0
-3 -47 -17 0
41 4 13 0
-12 19 17 0
-43 -8 -20 0
20 -44 35 0
24 -31 -16 0
13 -43 -50 0
-47 -41 -49 0
10 38 41 0
9 26 -13 0
-39 -50 -34 0
-49 5 39 0
6 17 -8 0
-6 -31 -22 0
-15 2 -13 0
23 24 13 0
7 -6 -49 0
50 40 17 0
-30 -37 -19 0
7 -6 26 0
-40 -27 43 0
38 13 -47 0
-48 -36 -8 0
31 19 -27 0
-10 43 14 0
18 -39 -21 0
3 11 -36 0
24 -27 20 0
-31 30 17 0
-43 8 16 0
-48 15 20 0
30 -18 -23 0
-40 1 -19 0
19 8 11 0
44 -29 -1 0
-18 -33 -50 0
42 -9 26 0
-49 30 -14 0
10 24 -17 0
18 -18 20 0
-12 21 -37 0
11 -50 36 0
2 42 -29 0
39 6 49 0
-35 -48 47 0
-20 -18 -33 0
-27 32 6 0
40 29 50 0
1 2 26 0
-24 38 33 0
8 30 27 0
34 27 44 0
-28 41 20 0
19 42 -12 0
-47 -36 40 0
14 34 -49 0
-37 -27 -35 0
-39 9 20 0
47 -36 10 0
7 -23 44 0
2 37 -31 0
28 -6 46 0
19 8 -27 0
-47 14 8 0
36 -4 -43 0
39 21 3 0
-31 45 41 0
30 -21 39 0
-50 -41 -48 0
-39 -13 47 0
16 4 -5 0
-14 -1 -19 0
15 -23 -9 0
-1 43 -42 0
29 -37 23 0
-5 6 31 0
-24 -50 24 0
-17 34 -12 0
15 10 -37 0
12 -32 27 0
32 28 31 0
2 27 -31 0
41 -44 1 0
17 37 7 0
-28 -47 22 0
-26 38 45 0
12 22 -20 0
-3 -14 16 0
-16 50 19 0
-11 42 -21 0
41 -9 -26 0
-33 10 -38 0
43 -26 -47 0
-21 25 37 0
-46 -27 -46 0
30 18 40 0
27 -50 19 0
43 31 14 0
-37 -12 17 0
-6 24 30 0
-12 42 17 0
26 -39 -26 0
-39 11 -25 0
49 -17 -6 0
2 29 -14 0
-19 -9 23 0
-43 3 -42 0
45 -39 -3 0
-47 33 45 0
-32 49 8 0
-1 -31 43 0
26 2 24 0
-45 -25 -34 0
15 39 -19 0
-28 -9 9 0
23 31 -21 0
-38 11 -13 0
-13 49 -26 0
32 38 -14 0
25 -42 -15 0
-25 12 28 0
-22 25 -25 0
25 31 20 0
20 30 -26 0
22 40 -41 0
-34 2 43 0
-15 5 -23 0
18 34 35 0
4 -5 19 0
-4 -27 -46 0
1 -13 17 0
14 -21 27 0
36 -11 -7 0
48 16 -27 0
3 -7 -44 0
-40 -12 9 0
2 -19 11 0
-24 -28 38 0
14 -46 28 0
-3 30 40 0
44 28 -14 0
33 7 18 0
29 37 -14 0
-28 42 1 0
2 39 -29 0
26 -23 5 0
-14 -13 28 0
32 21 50 0
4 32 -45 0
45 11 8 0
1 -40 -17 0
28 45 12 0
37 37 30 0
48 26 -34 0
19 -14 20 0
34 29 -43 0
5 -43 -26 0
-21 14 -48 0
49 39 27 0
29 -46 21 0
21 -8 -47 0
-44 11 41 0
1 -29 -9 0
36 20 40 0
-6 30 28 0
31 42 -24 0
11 42 6 0
-49 28 -10 0
19 37 35 0
-44 -47 21 0
-49 -45 -24 0
-14 32 39 0
-12 33 -1 0
-7 26 -50 0
-22 40 -14 0
-16 9 14 0
-7 30 -31 0
46 15 31 0
17 36 -16 0
-30 -39 9 0
36 -11 34 0
-19 16 24 0
-28 11 -42 0
14 36 -50 0
13 -9 6 0
-26 43 -16 0
-30 38 7 0
44 -19 -29 0
10 -21 26 0
-8 26 -13 0
48 -4 -13 0
4 42 -26 0
20 -16 -39 0
-28 -23 -2 0
5 22 -28 0
-26 18 -20 0
1 38 -16 0
17 38 -42 0
-7 49 43 0
12 -16 -34 0
33 22 26 0
-43 -30 -20 0
19 -13 -49 0
-38 4 26 0
-15 24 3 0
49 18 7 0
20 -6 -38 0
35 48 -29 0
-18 24 -32 0
-41 -23 36 0
-18 29 -45 0
-41 -6 -2 0
-9 8 -17 0
-23 22 -32 0
-31 -5 20 0
-1 26 42 0
-2 -1 -12 0
-6 -14 -41 0
17 1 19 0
-44 42 -22 0
-26 49 50 0
37 30 -32 0
-10 49 -5 0
1 8 -38 0
3 -44 -40 0
42 31 -29 0
-49 -11 -46 0
38 -31 25 0
-49 50 -46 0
27 -46 22 0
23 14 -14 0
11 -42 -9 0
-6 -14 19 0
45 25 -28 0
17 -49 -45 0
23 -18 15 0
20 -30 34 0
11 -22 -16 0
-47 -41 7 0
-31 -29 -21 0
-47 7 28 0
10 -9 10 0
14 4 -1 0
11 -16 1 0
11 15 -2 0
-18 50 49 0
19 42 9 0
21 49 39 0
-15 -43 -6 0
-42 31 32 0
17 7 -34 0
8 -29 -39 0
-37 -19 31 0
33 18 -5 0
-32 46 32 0
20 -15 -20 0
-39 26 -21 0
26 -29 -26 0
-1 45 3 0
-19 -28 25 0
42 25 39 0
48 46 -42 0
-22 -47 33 0
28 19 -46 0
15 -9 8 0
-20 45 -43 0
-5 -41 34 0
-17 -34 -23 0
