c CNF generator v0.9
p cnf 50 275
-32 -7 22 0
45 22 45 0
15 -7 42 0
-4 2 -46 0
37 -15 17 0
32 -19 47 0
8 -41 -26 0
30 38 -29 0
-26 49 -1 0
-8 -13 -47 0
-19 -14 -46 0
-10 48 17 0
-41 36 -7 0
10 19 -22 0
23 13 -43 0
-16 -39 -45 0
13 43 -34 0
49 34 2 0
-49 -3 19 0
9 -45 -25 0
1 50 34 0
-10 20 -41 0
3 31 -41 0
1 -7 -5 0
9 -4 -2 0
-48 -14 28 0
-42 -4 27 0
6 49 -48 0
36 -33 24 0
-18 -6 49 0
23 -32 9 0
-1 26 -17 0
-36 -3 -29 0
-39 -11 -17 0
-5 -4 19 0
5 -21 -13 0
-10 -17 20 0
39 9 43 0
-47 -40 -15 0
-7 21 47 0
-33 2 1 0
11 12 42 0
38 -49 -44 0
8 12 -31 0
1 -22 -42 0
-38 -4 -2 0
-42 22 4 0
43 5 40 0
7 -2 18 0
-40 25 -42 0
12 28 -4 0
-39 -44 -20 0
8 17 -14 0
17 8 42 0
34 30 12 0
23 20 49 0
7 -28 -34 0
-41 -25 24 0
-12 -35 25 0
-37 37 26 0
-24 -17 24 0
1 6 -44 0
12 -49 -25 0
35 44 -15 0
-7 37 -50 0
18 -37 25 0
-1 24 -29 0
32 -29 8 0
32 -10 47 0
39 30 -39 0
-50 -26 -27 0
43 7 5 0
39 30 17 0
-7 2 -8 0
36 31 -9 0
-3 -6 15 0
-13 -5 -35 0
5 -24 22 0
-19 24 5 0
-20 -42 14 0
19 -25 -3 0
-45 -15 9 0
1 -44 31 0
-3 -34 3 0
-33 -42 48 0
-5 44 -29 0
-41 10 50 0
-30 -26 -11 0
-22 -22 -39 0
-33 -36 -4 0
-25 39 -13 0
-45 -4 12 0
16 -39 43 0
4 45 -4 0
-24 -4 14 0
5 18 17 0
-1 -39 -37 0
29 -3 -1 0
1 -15 -26 0
-23 -41 -46 0
-45 50 27 0
-44 -8 47 0
-20 -5 -38 0
-10 -45 -5 0
-5 29 29 0
39 13 35 0
-35 -8 -28 0
21 -45 46 0
-21 34 40 0
36 -12 -15 0
47 -49 40 0
-7 38 -11 0
-27 -47 -11 0
50 -21 -28 0
-27 31 -35 0
24 26 -36 0
46 -35 33 0
-8 -7 2 0
-8 9 46 0
1 -19 45 0
-20 -24 1 0
-39 -17 -35 0
34 22 -46 0
-36 15 -25 0
-44 -22 25 0
-11 -17 11 0
-40 50 17 0
5 -46 -31 0
-20 -4 3 0
38 43 -17 0
22 -42 -12 0
-16 49 -25 0
-45 50 4 0
-43 -37 19 0
43 -7 14 0
2 1 -27 0
47 8 13 0
23 27 -21 0
29 11 11 0
49 6 26 0
-25 14 -8 0
23 -38 1 0
-15 24 28 0
-42 -10 3 0
-7 -40 -43 0
21 33 -23 0
-16 17 -15 0
-44 12 46 0
33 -30 -18 0
43 18 -33 0
47 -3 45 0
4 39 -32 0
25 -22 -50 0
-38 32 -50 0
-34 -38 -16 0
5 29 -25 0
21 20 -24 0
12 46 -39 0
14 31 24 0
-4 3 -31 0
14 10 -2 0
23 6 -25 0
-35 16 -19 0
23 37 -37 0
-16 50 -12 0
-2 44 29 0
-13 41 -7 0
-42 -19 -3 0
49 49 30 0
-4 22 29 0
-46 13 -16 0
-41 31 -1 0
28 -35 16 0
46 -46 26 0
-21 -5 24 0
-10 -10 41 0
-36 34 -1 0
2 -19 -21 0
-50 -18 -27 0
-26 30 3 0
30 11 32 0
-28 -38 -50 0
-34 -15 -30 0
23 42 40 0
-27 16 -34 0
38 2 -2 0
31 24 41 0
-18 -16 -14 0
-17 21 43 0
-5 -16 29 0
32 -44 44 0
-44 -17 -8 0
-43 -5 18 0
29 -23 31 0
22 -14 12 0
39 -45 28 0
18 -34 -13 0
37 29 -31 0
8 25 -41 0
34 50 36 0
-13 18 10 0
-48 33 5 0
-47 37 -13 0
-37 -27 -17 0
17 -47 -27 0
33 -33 23 0
-18 36 -42 0
-33 -18 -4 0
-12 20 -3 0
-23 -26 -18 0
33 -10 30 0
-37 48 25 0
33 38 36 0
-13 -28 8 0
39 -9 -39 0
48 33 31 0
-4 -44 34 0
34 3 -49 0
49 -39 30 0
29 44 19 0
-22 50 -44 0
-46 -10 27 0
28 33 -48 0
-15 -12 22 0
48 -2 19 0
-42 16 -12 0
-7 -48 -39 0
27 21 -28 0
33 -23 -13 0
50 2 -18 0
7 -15 45 0
42 40 46 0
5 -40 -17 0
-35 16 -13 0
8 -37 -40 0
9 -35 -26 0
-17 49 24 0
8 47 -22 0
5 -11 -6 0
9 -22 -24 0
33 -40 -26 0
29 8 -28 0
-25 -16 8 0
-28 15 -25 0
35 -40 44 0
-12 -19 -3 0
-43 -29 -11 0
23 14 43 0
-14 5 16 0
-1 -7 18 0
20 -33 41 0
-30 23 -26 0
-46 -47 -3 0
-13 -18 -31 0
-22 25 -8 0
32 -49 -49 0
-50 -47 -27 0
-14 32 -16 0
31 -2 -18 0
6 10 42 0
-42 19 17 0
-22 44 12 0
20 14 45 0
10 35 33 0
-34 -35 -19 0
23 41 -15 0
49 33 -26 0
43 2 43 0
17 -33 6 0
27 48 -49 0
2 2 -37 0
47 34 21 0
49 -16 -36 0
-17 -17 5 0
23 -32 4 0
