c CNF generator v0.9
p cnf 50 275
-14 -11 -22 0
6 2 41 0
-41 16 47 0
-29 -41 -6 0
25 11 18 0
-47 -6 -40 0
-27 50 -6 0
-31 46 20 0
-47 37 12 0
-46 48 -19 0
1 -32 -30 0
-42 -9 -2 0
26 -15 -23 0
12 -10 -11 0
19 8 22 0
38 3 -28 0
-32 -37 41 0
3 39 -14 0
34 -34 -12 0
41 8 34 0
26 -50 4 0
-13 20 -37 0
-27 37 -25 0
-44 26 -19 0
-33 -30 -33 0
41 -24 37 0
38 49 25 0
20 -2 14 0
-46 -22 -15 0
-40 5 -29 0
37 -41 28 0
10 -44 50 0
3 -46 -6 0
-16 -38 -28 0
-24 -41 -18 0
14 -9 21 0
38 20 23 0
22 36 49 0
-28 -48 -19 0
-38 35 -2 0
34 24 39 0
-12 40 43 0
15 39 -32 0
-2 30 44 0
-45 46 45 0
-3 14 47 0
-47 -48 8 0
29 44 -14 0
-7 20 -35 0
18 -30 -4 0
-16 -15 -34 0
-43 16 -21 0
47 35 -39 0
46 -36 -27 0
-8 46 -41 0
44 41 39 0
37 -24 36 0
29 15 -12 0
-50 38 -19 0
-25 -30 38 0
-27 -15 11 0
-23 27 -40 0
13 -29 -49 0
-32 -9 31 0
-29 -6 -32 0
-14 -30 24 0
-33 -18 -15 0
13 -32 -11 0
-13 -30 39 0
32 -17 -28 0
-15 -39 45 0
48 -18 28 0
37 -40 -45 0
-41 49 11 0
38 1 -41 0
45 32 31 0
47 47 47 0
45 26 -2 0
45 31 12 0
-45 23 21 0
26 34 6 0
-50 10 43 0
-19 -20 35 0
-18 -38 -11 0
-44 -18 4 0
-48 37 -27 0
4 -5 27 0
-44 -41 -19 0
-24 -20 -37 0
35 36 15 0
-23 18 -8 0
47 7 24 0
34 -5 -18 0
21 -11 -50 0
44 4 35 0
21 39 50 0
-27 5 -34 0
19 -39 11 0
-14 -12 -6 0
9 -38 -48 0
-31 44 16 0
14 50 -29 0
7 14 44 0
13 -48 -40 0
-49 -33 8 0
35 45 -19 0
-46 19 -23 0
-24 -13 29 0
-35 -28 12 0
-42 50 33 0
21 8 46 0
-11 -14 46 0
38 8 -30 0
14 48 -40 0
33 35 35 0
-46 40 -11 0
6 22 -9 0
27 3 -36 0
31 6 13 0
-31 1 -45 0
-17 -10 -46 0
-22 -17 40 0
-18 -30 -35 0
-27 -2 -13 0
38 -37 33 0
46 47 44 0
28 26 -3 0
34 -36 39 0
7 3 -4 0
43 39 9 0
-11 -5 11 0
6 -47 22 0
26 5 -35 0
-39 11 26 0
-31 3 -38 0
34 18 42 0
38 -5 -30 0
-44 -29 11 0
2 1 26 0
39 19 31 0
-37 11 26 0
-4 -12 -37 0
-13 -48 7 0
-29 3 13 0
-16 -13 1 0
-13 28 48 0
40 -11 4 0
-38 1 -25 0
2 14 -7 0
9 10 34 0
-20 36 27 0
-3 -1 39 0
-50 44 -44 0
-26 -33 -8 0
-31 -13 28 0
-23 19 -3 0
-17 4 -42 0
-43 -41 18 0
-21 -13 15 0
41 44 -16 0
49 -18 -17 0
6 50 3 0
40 -31 -17 0
10 14 22 0
-40 40 4 0
9 39 -8 0
37 -9 43 0
22 38 -48 0
-38 -4 -40 0
48 9 -18 0
-46 24 -50 0
14 -24 21 0
28 20 -19 0
27 26 -14 0
45 5 44 0
-23 49 11 0
44 -32 32 0
-7 10 13 0
-17 2 -7 0
9 -43 35 0
-47 -35 10 0
25 35 -30 0
29 15 -11 0
8 7 37 0
-31 -38 -41 0
-19 46 3 0
2 -17 -45 0
-31 40 -1 0
-37 -40 -31 0
6 10 46 0
5 -18 -27 0
-30 28 -9 0
-50 -30 -44 0
20 -20 -29 0
-2 -50 22 0
-21 -3 -22 0
9 7 -12 0
37 16 -27 0
18 8 49 0
38 -28 -40 0
3 3 -38 0
-33 14 44 0
-42 37 41 0
7 -24 -47 0
7 -39 -28 0
4 19 -1 0
21 -38 -5 0
7 -38 16 0
-31 19 7 0
6 -7 50 0
24 8 -36 0
-40 -26 3 0
-45 27 -40 0
13 35 23 0
-30 -8 34 0
-21 9 22 0
43 -7 27 0
16 6 33 0
7 14 9 0
-23 12 -3 0
-28 28 3 0
-17 36 -26 0
35 -16 19 0
-20 36 -47 0
38 -14 -19 0
35 47 43 0
23 12 -26 0
3 50 -46 0
4 -14 -2 0
-17 4 33 0
-43 -22 -37 0
37 12 -39 0
-25 -11 -28 0
2 39 -37 0
-3 45 -40 0
50 39 3 0
-45 -23 11 0
-24 18 21 0
-2 20 -36 0
-9 44 -50 0
-38 42 -14 0
-25 -10 -30 0
-41 26 23 0
-35 -12 -27 0
30 23 13 0
37 -47 20 0
-47 -44 20 0
-8 1 -30 0
-21 -33 11 0
-7 -25 -29 0
-49 -43 20 0
24 23 32 0
-2 31 -46 0
-34 -43 -34 0
13 43 32 0
-5 4 -12 0
5 -8 15 0
42 42 13 0
-49 2 7 0
-41 19 27 0
29 -39 43 0
-37 34 31 0
-12 -27 20 0
-35 45 -27 0
-25 -22 -45 0
-21 27 -36 0
45 -6 3 0
8 36 15 0
-39 30 -38 0
-13 49 38 0
6 -24 -8 0
8 -35 -23 0
-50 1 27 0
42 -15 -21 0
18 18 3 0
