c CNF generator v0.9
p cnf 50 275
32 -6 17 0
-4 -35 -35 0
-5 -42 28 0
-18 -18 -27 0
-7 -33 -23 0
49 -27 47 0
-10 -20 14 0
-50 -11 -35 0
35 -17 30 0
21 -8 -18 0
-14 22 18 0
36 -32 32 0
40 2 38 0
-37 11 13 0
21 -46 20 0
3 -49 8 0
-35 -12 18 0
36 29 -43 0
-7 29 48 0
30 24 -3 0
49 -36 -5 0
22 -16 30 0
-43 42 -37 0
-33 -16 19 0
-19 -29 7 0
9 29 -44 0
4 13 46 0
21 -12 20 0
32 12 38 0
-19 -4 -43 0
43 -5 8 0
-48 -40 37 0
19 -45 -4 0
35 35 -12 0
48 1 4 0
-36 -8 22 0
-26 -24 6 0
-10 26 -32 0
-22 34 22 0
-25 37 33 0
-49 -34 -15 0
45 49 28 0
-17 47 -32 0
-43 -44 43 0
26 38 -11 0
41 -48 26 0
-13 -3 45 0
5 -32 -26 0
45 -31 36 0
31 50 -25 0
32 -11 11 0
35 -1 -7 0
2 -26 15 0
39 21 20 0
21 -40 32 0
35 27 -25 0
-38 28 -10 0
-35 40 -1 0
-15 -19 -24 0
40 31 16 0
-39 -1 -17 0
47 -21 9 0
-5 -12 31 0
29 -28 3 0
-32 22 -3 0
18 39 49 0
41 13 4 0
40 -39 5 0
-49 13 13 0
-25 7 -5 0
-37 -24 -10 0
-14 6 -41 0
-17 28 -13 0
-49 26 15 0
8 -43 -1 0
-44 -48 -15 0
26 -19 -34 0
-12 -20 -30 0
-2 -37 46 0
31 38 32 0
-36 -41 -44 0
-12 -39 14 0
33 20 5 0
36 -37 10 0
-44 -50 -40 0
-42 2 28 0
16 27 -30 0
49 -24 -41 0
-23 28 39 0
-41 -38 39 0
1 44 -50 0
48 -49 -24 0
-49 39 -24 0
-20 18 -6 0
28 -15 -21 0
50 -41 1 0
-37 -30 -14 0
5 -37 16 0
2 -26 31 0
-16 -29 -31 0
34 26 6 0
-34 33 26 0
-30 39 41 0
37 32 27 0
10 -8 -34 0
17 -45 -10 0
27 42 -5 0
6 -30 30 0
35 -7 -15 0
-41 -43 -39 0
32 -46 21 0
-42 -29 -42 0
35 18 -21 0
-16 9 -16 0
-22 36 49 0
-18 -7 44 0
-37 42 26 0
5 -12 42 0
18 -7 -15 0
-3 -20 -27 0
32 12 -6 0
-47 3 17 0
-34 40 -50 0
42 8 -25 0
6 -26 -41 0
13 -15 41 0
18 -34 1 0
-32 16 18 0
-28 -19 49 0
6 11 -46 0
-42 14 13 0
-21 -34 -13 0
9 -39 27 0
9 14 26 0
-38 -15 29 0
-34 -29 -38 0
38 -48 -3 0
5 31 50 0
26 50 14 0
-13 21 -28 0
-29 -44 5 0
-8 16 -47 0
22 -47 -8 0
20 3 -27 0
46 -4 27 0
17 -7 40 0
7 32 13 0
39 42 -15 0
37 30 -45 0
38 -46 -45 0
30 -15 -49 0
-11 22 44 0
-29 -41 -36 0
23 30 -23 0
-12 32 -32 0
16 49 26 0
9 18 -11 0
26 6 -30 0
-35 1 21 0
1 -46 50 0
32 1 -14 0
6 36 49 0
-40 -42 -50 0
-27 34 2 0
-16 -10 -42 0
-24 42 5 0
28 3 17 0
7 -14 -28 0
13 -11 -12 0
-17 -38 -1 0
-12 20 -6 0
3 -45 17 0
-18 21 1 0
-33 -49 47 0
-28 -46 19 0
-11 2 5 0
30 19 -42 0
16 -2 -35 0
32 45 23 0
49 -19 -1 0
-41 -35 -47 0
11 17 -9 0
50 14 23 0
47 -32 -6 0
43 -46 35 0
-32 11 25 0
-42 -8 -35 0
-42 40 14 0
17 30 12 0
-38 -2 -29 0
-17 -34 -7 0
3 32 -29 0
-45 5 21 0
23 -22 -1 0
-18 -44 36 0
-34 -23 -20 0
26 -22 -50 0
9 -45 -21 0
-26 8 -13 0
-16 -33 -17 0
46 23 -39 0
30 -28 -40 0
-41 -22 -28 0
-44 18 34 0
4 41 -10 0
39 30 1 0
32 -2 -35 0
30 -46 34 0
-36 16 -45 0
8 -46 -9 0
-46 19 -34 0
-3 6 -31 0
5 -15 31 0
-6 -36 36 0
-4 -32 -41 0
-25 36 -29 0
19 6 -43 0
-42 -16 41 0
15 -48 -9 0
-19 49 -27 0
15 22 -15 0
33 -41 50 0
-24 -7 -48 0
3 44 48 0
35 35 -19 0
-13 35 26 0
31 16 -37 0
-5 -24 4 0
1 -37 15 0
32 -40 6 0
-6 -4 -3 0
1 -28 -46 0
-37 -30 -14 0
39 13 2 0
8 -10 34 0
-1 43 -13 0
-50 5 22 0
32 31 -36 0
-33 -13 23 0
20 44 47 0
7 47 -32 0
-28 36 -50 0
9 44 -15 0
-35 -32 -37 0
25 30 -19 0
-16 -19 -1 0
-40 38 1 0
8 26 44 0
25 -1 -26 0
-1 36 -15 0
12 42 -10 0
29 41 -30 0
-47 -38 16 0
-41 16 -23 0
35 -45 30 0
23 19 -10 0
-33 3 10 0
9 -3 -26 0
-18 24 26 0
40 -48 -14 0
41 11 -45 0
32 21 34 0
-40 44 -15 0
5 -9 -47 0
-32 46 15 0
44 -4 -5 0
47 -6 -26 0
-3 -42 -30 0
-28 8 -8 0
48 50 -30 0
-1 15 -35 0
-3 -26 -47 0
-37 4 -9 0
-12 -1 37 0
-41 -22 4 0
