c CNF generator v0.9
p cnf 50 275
-46 -25 11 0
-42 23 -40 0
-43 -38 -2 0
-48 -13 20 0
21 -48 21 0
-37 -40 -49 0
-44 -14 47 0
36 29 -4 0
-23 6 -2 0
22 19 17 0
-47 -38 -32 0
-24 -23 6 0
38 42 -18 0
10 15 -32 0
17 44 -17 0
-24 40 46 0
19 44 24 0
18 18 -29 0
-6 -11 47 0
-49 -22 7 0
14 -44 36 0
-34 23 -31 0
6 -36 36 0
4 -11 -12 0
2 20 9 0
-18 29 21 0
-25 -23 36 0
-19 17 -16 0
-2 -43 -3 0
39 -34 41 0
28 10 49 0
-49 15 -6 0
-21 23 -1 0
-26 -20 -17 0
4 -14 49 0
-42 -33 29 0
-39 -19 12 0
17 3 34 0
50 4 29 0
-8 -14 -42 0
-26 -28 2 0
17 -36 -39 0
-26 -16 -9 0
-2 -22 -4 0
41 12 35 0
-22 -28 -16 0
-5 -41 -33 0
30 -41 10 0
-23 42 -41 0
-28 3 -16 0
-17 22 48 0
18 44 -22 0
7 -8 15 0
-1 6 -38 0
-21 5 -31 0
-44 44 -14 0
-39 12 -13 0
-16 49 -19 0
39 -11 13 0
-50 20 21 0
-38 -49 -47 0
-31 31 7 0
10 -27 18 0
-26 -27 -34 0
3 39 16 0
31 -36 33 0
48 -38 26 0
-15 27 32 0
-7 50 18 0
-15 -46 -37 0
15 -4 -8 0
-26 8 -18 0
5 -46 34 0
-44 35 -47 0
-6 -14 -50 0
25 -33 4 0
31 -16 -19 0
21 -33 11 0
-11 29 -44 0
3 -34 45 0
-42 37 3 0
5 6 -19 0
26 47 -43 0
24 -50 14 0
23 13 -14 0
44 11 -27 0
10 40 -36 0
22 31 3 0
-3 27 -18 0
-48 50 -31 0
11 -6 30 0
46 14 40 0
-18 -26 35 0
-32 -36 28 0
-35 -47 46 0
-41 4 20 0
-36 27 -22 0
37 39 34 0
13 6 6 0
-33 20 -10 0
-41 4 19 0
9 19 16 0
18 -44 -18 0
-1 3 -25 0
-1 -2 -5 0
3 28 -47 0
-20 17 31 0
31 -46 16 0
-4 -3 17 0
49 -4 -24 0
-35 20 14 0
46 -33 -22 0
35 -41 -44 0
39 -3 8 0
-41 24 -41 0
15 -34 11 0
-44 -15 36 0
8 6 50 0
-17 31 -14 0
31 7 -2 0
-26 33 -30 0
-30 44 45 0
-27 -43 23 0
29 39 -37 0
17 -28 -7 0
-40 24 -7 0
31 27 -42 0
46 -38 -21 0
-26 28 27 0
-50 37 -9 0
41 -11 36 0
41 -7 17 0
-27 -26 8 0
23 50 9 0
-33 -28 -22 0
30 -44 -26 0
-19 35 28 0
26 10 -39 0
-38 33 29 0
-11 -41 -34 0
21 26 -39 0
-31 -42 -22 0
-14 13 31 0
-25 -46 2 0
30 -25 1 0
17 -30 16 0
-48 -16 -43 0
29 -23 43 0
34 38 -23 0
13 -3 -49 0
30 -27 24 0
24 46 -33 0
42 9 27 0
-12 -24 -46 0
-20 -14 11 0
-29 -4 -22 0
-11 -7 41 0
43 32 31 0
-15 -21 24 0
17 5 -31 0
31 -30 10 0
-33 26 49 0
8 -11 5 0
43 -48 -35 0
-11 9 31 0
-7 -22 -44 0
-40 -3 -46 0
14 13 42 0
15 -17 -6 0
-48 13 -8 0
38 -27 37 0
21 -48 22 0
42 -17 -27 0
-2 -39 -45 0
12 46 23 0
22 -18 12 0
31 28 3 0
29 5 5 0
16 35 49 0
-9 -7 -16 0
45 -18 49 0
-44 -17 -12 0
-35 22 6 0
-44 12 25 0
48 32 -3 0
-1 -28 -18 0
50 29 24 0
-17 3 -25 0
-34 -40 27 0
30 -19 -28 0
35 39 2 0
28 -17 -24 0
1 49 -2 0
20 15 -38 0
-43 -36 31 0
37 -49 37 0
50 -43 -15 0
46 -28 11 0
12 27 6 0
22 -30 -18 0
-6 20 25 0
41 27 -29 0
44 -17 -8 0
-39 -24 -12 0
31 50 10 0
28 -6 34 0
-47 -49 12 0
-20 37 -33 0
-23 47 -49 0
39 -29 -11 0
45 -43 -12 0
3 -7 35 0
-14 -50 -6 0
6 -38 -12 0
27 -34 -1 0
48 -5 18 0
41 -39 49 0
-1 -16 13 0
-38 36 43 0
-1 4 19 0
24 -39 -34 0
-31 46 3 0
49 49 11 0
-29 35 -27 0
3 -10 42 0
43 -42 -40 0
-26 -19 -48 0
7 49 24 0
20 15 37 0
-4 2 -47 0
1 -24 6 0
48 -10 -40 0
25 23 -5 0
29 -32 -49 0
14 -34 39 0
-1 45 13 0
25 -17 -46 0
-2 -43 8 0
49 13 45 0
-39 -35 1 0
-26 -28 -38 0
-3 -44 -43 0
15 7 -35 0
15 27 34 0
-39 -42 30 0
-37 -16 23 0
49 -2 32 0
11 -43 49 0
-6 -4 -25 0
36 -13 -28 0
-22 -10 -10 0
36 -39 -20 0
-8 48 -3 0
-10 19 29 0
48 -14 29 0
3 -29 -42 0
-27 -5 48 0
12 33 -6 0
49 30 28 0
-45 -14 20 0
-47 22 18 0
19 -12 -18 0
11 29 6 0
-33 -44 -21 0
-48 -38 -16 0
35 39 16 0
9 -18 -6 0
29 4 -35 0
8 -24 5 0
39 44 -17 0
50 -24 22 0
45 -32 9 0
-42 25 17 0
21 12 -41 0
-40 23 31 0
