c CNF generator v0.9
p cnf 50 275
22 -29 23 0
-46 46 -42 0
7 3 32 0
14 -4 21 0
1 37 14 0
-41 -45 24 0
47 -35 -33 0
6 -8 2 0
-31 -20 -33 0
45 48 17 0
-33 -32 34 0
47 16 5 0
-38 -35 50 0
-6 46 -50 0
18 -39 -43 0
32 -42 -8 0
19 -7 2 0
-6 -41 34 0
-22 -5 -44 0
-9 6 -37 0
-46 9 28 0
-1 47 41 0
-1 10 -41 0
-34 -40 49 0
-37 31 -46 0
-39 -24 40 0
50 -39 -14 0
20 14 14 0
26 -31 -37 0
15 36 -26 0
31 24 19 0
-1 27 23 0
-49 -47 -2 0
-50 -16 -7 0
-17 -39 -2 0
21 -17 27 0
-45 -31 28 0
-22 -4 -28 0
39 -5 -7 0
47 -25 -5 0
41 -39 5 0
-8 -44 -40 0
-16 18 38 0
44 13 -18 0
-13 26 -25 0
-15 30 -40 0
-42 27 -32 0
49 -26 15 0
3 -39 47 0
-17 42 29 0
-32 35 33 0
43 35 11 0
-35 -11 -10 0
-42 -46 -10 0
7 48 46 0
8 23 -25 0
-14 12 -41 0
35 -35 6 0
-4 27 44 0
20 -23 35 0
-7 35 -39 0
45 33 27 0
-15 35 44 0
13 35 20 0
-1 -45 -30 0
33 -21 -41 0
-15 -9 -28 0
-46 34 -37 0
-40 -12 29 0
14 45 16 0
34 -15 -38 0
-5 4 -37 0
49 43 27 0
29 -37 -24 0
4 -44 -26 0
33 50 -49 0
-4 17 35 0
-49 16 -4 0
-41 30 5 0
5 -44 -20 0
22 -31 -4 0
9 35 -2 0
-1 -39 -25 0
3 -47 21 0
-34 -2 -28 0
-34 23 -1 0
21 -33 17 0
16 45 -28 0
46 2 46 0
10 45 -48 0
-50 -5 11 0
-32 25 -4 0
41 3 -22 0
18 -45 -17 0
-13 -15 44 0
29 4 -7 0
-47 -9 -49 0
-33 23 21 0
5 -21 -18 0
-17 -31 -27 0
32 34 -45 0
15 -30 -10 0
-40 -28 -8 0
20 -14 -12 0
-47 -24 20 0
-47 -37 27 0
-18 -8 12 0
27 -37 -30 0
-4 22 48 0
-4 -1 -9 0
-7 49 20 0
8 24 23 0
-12 42 -27 0
23 4 -16 0
41 27 -20 0
47 48 -9 0
5 -40 -46 0
-15 -7 6 0
29 -45 28 0
-15 -10 -35 0
9 -44 -24 0
33 -16 8 0
5 33 -31 0
-35 22 17 0
16 46 -39 0
-36 36 -42 0
-43 -26 -5 0
-17 -38 40 0
9 20 31 0
-37 40 -27 0
-41 -39 14 0
-46 -32 19 0
25 49 -48 0
49 -43 -23 0
-15 -20 10 0
-50 -23 7 0
-19 -5 -18 0
-2 -1 16 0
40 5 -23 0
21 -18 -38 0
2 -31 -14 0
-50 -2 1 0
6 -33 -49 0
-34 -4 42 0
7 21 5 0
23 26 -23 0
-5 -22 -2 0
19 46 30 0
-27 -19 -3 0
21 31 9 0
-38 28 28 0
9 49 42 0
-9 -24 -42 0
-38 -4 29 0
-13 -4 -1 0
50 -18 20 0
-16 36 23 0
34 23 38 0
-7 -12 -3 0
13 -39 47 0
-5 -2 -3 0
3 -30 37 0
4 -30 46 0
-47 -6 -30 0
2 49 -23 0
-41 47 28 0
34 39 42 0
-14 -45 -6 0
14 28 -45 0
-35 26 -18 0
44 -27 -25 0
-32 3 3 0
33 -23 -25 0
-28 18 -6 0
-48 -7 -36 0
-43 -23 41 0
-23 -2 37 0
-25 -11 -46 0
-11 -2 -13 0
-13 -36 -30 0
14 6 -27 0
-37 -25 -2 0
-26 -21 1 0
12 12 29 0
21 -2 30 0
-35 -39 -12 0
-24 -6 -19 0
-31 -17 6 0
-39 44 -17 0
45 22 -37 0
25 -12 -13 0
-49 22 -2 0
25 44 5 0
7 -24 11 0
-38 44 32 0
-16 -21 2 0
40 -21 -26 0
-31 38 32 0
33 -50 -14 0
-9 44 -22 0
12 45 27 0
-15 -25 8 0
35 -44 12 0
4 -50 -43 0
15 6 -41 0
-40 38 -48 0
-39 -5 4 0
44 -26 -22 0
10 -36 5 0
-47 33 32 0
40 43 41 0
9 22 9 0
38 -11 -20 0
-49 -46 -31 0
-31 29 -26 0
-19 35 -17 0
47 -6 -26 0
20 -19 -50 0
49 1 -27 0
25 46 7 0
-30 -25 -49 0
-49 -41 47 0
-42 16 -21 0
-20 -19 31 0
7 29 34 0
-31 -23 -1 0
1 23 45 0
-10 17 31 0
-40 14 -37 0
33 -30 -44 0
-20 5 15 0
47 10 -5 0
11 18 -40 0
-46 -38 30 0
7 -23 -38 0
24 -10 -40 0
-24 -8 33 0
42 -25 -19 0
-36 13 21 0
-38 -8 23 0
-18 -20 -18 0
-5 -48 21 0
1 32 21 0
-10 -48 31 0
-21 6 46 0
11 9 -46 0
-15 50 -45 0
30 -19 48 0
-25 6 -1 0
30 29 -33 0
18 16 -12 0
-5 -27 35 0
-17 -22 -30 0
-18 -45 19 0
-28 2 -49 0
20 -18 13 0
40 -18 -33 0
-36 16 -28 0
-37 18 -35 0
-7 -26 -20 0
-38 -20 45 0
7 -39 -16 0
30 32 41 0
-26 -41 -41 0
-23 -5 1 0
-31 -44 5 0
6 -31 -35 0
-50 -35 -4 0
6 -42 29 0
-42 -1 20 0
-13 -35 38 0
-31 24 -29 0
16 46 -11 0
-42 8 -21 0
37 39 34 0
