c CNF generator v0.9
p cnf 50 275
-48 20 -25 0
-5 -43 -43 0
-10 -42 -21 0
-26 33 9 0
-40 34 -9 0
-39 27 -50 0
33 36 16 0
12 -33 -18 0
33 -19 3 0
-46 17 15 0
39 17 2 0
3 26 10 0
6 -21 6 0
30 -43 16 0
34 -49 29 0
-2 -21 24 0
9 3 19 0
6 -8 14 0
-8 -4 5 0
-49 -35 48 0
-28 15 27 0
22 38 13 0
29 -12 -22 0
25 -4 -36 0
2 14 -7 0
-37 -48 16 0
6 -49 -20 0
-46 22 26 0
-10 -18 20 0
47 -40 -28 0
5 -33 22 0
13 36 36 0
-47 24 -41 0
11 -46 33 0
9 15 -6 0
-23 16 -27 0
-48 44 48 0
47 26 -27 0
-43 30 -35 0
26 32 20 0
28 -16 -38 0
14 28 35 0
37 12 46 0
19 -10 -34 0
14 -47 27 0
-31 -4 -47 0
-19 48 19 0
47 -25 -37 0
29 34 4 0
-38 -3 20 0
44 -46 -23 0
-10 17 32 0
37 7 -3 0
-16 23 34 0
-4 44 29 0
-25 38 28 0
-1 -4 -5 0
-37 -34 27 0
-29 -16 -44 0
7 9 -38 0
-18 5 -37 0
38 19 -41 0
36 -2 38 0
-34 4 -1 0
9 -19 -21 0
-13 -12 40 0
-12 -21 -22 0
-22 43 49 0
43 13 38 0
-39 -13 -40 0
-39 46 -28 0
-1 36 -32 0
20 49 -50 0
-16 -29 16 0
-26 -11 6 0
13 42 4 0
6 20 15 0
30 1 -40 0
1 10 -32 0
48 -29 32 0
-50 15 -24 0
7 33 -22 0
-18 -44 -39 0
5 -50 12 0
-31 5 41 0
27 -36 -10 0
17 -16 43 0
-37 41 -9 0
-27 -11 -33 0
-43 49 -29 0
3 -34 -32 0
-37 24 -39 0
24 -41 11 0
38 42 12 0
50 -10 15 0
2 43 -50 0
38 28 -42 0
-43 31 38 0
49 4 -50 0
23 2 -3 0
38 -30 -33 0
-50 -19 39 0
-27 -6 -45 0
-46 -29 4 0
23 -47 -35 0
42 45 35 0
-50 -13 -48 0
-43 19 1 0
-42 29 -7 0
43 9 50 0
-50 -32 -36 0
-21 -19 -10 0
25 -42 -3 0
-43 -28 25 0
34 48 -19 0
-49 18 -22 0
38 28 9 0
50 16 -31 0
16 -3 30 0
-4 -27 -39 0
-6 35 -7 0
19 41 -10 0
-2 -47 -6 0
40 -19 40 0
30 48 -6 0
47 -14 -20 0
-16 5 23 0
-7 -26 -33 0
14 33 -38 0
7 -41 -1 0
-20 -38 12 0
8 21 -19 0
-21 -41 50 0
40 8 26 0
-29 -3 19 0
35 -30 -15 0
-28 49 -28 0
-19 -23 50 0
3 4 34 0
11 -21 -27 0
8 48 2 0
-4 24 -11 0
45 -43 -14 0
-4 -46 6 0
-31 -6 15 0
-14 -17 -7 0
-36 38 49 0
-36 42 -12 0
49 8 -27 0
-45 -3 6 0
-28 -9 -25 0
50 29 -46 0
33 26 -47 0
10 -19 18 0
-40 18 -6 0
-7 -36 -7 0
44 22 8 0
-49 -43 -40 0
33 3 -1 0
-29 46 -45 0
21 -48 11 0
-6 -28 5 0
-35 -22 5 0
-33 -25 -8 0
-4 -3 26 0
33 -26 -3 0
10 17 -36 0
-6 11 -2 0
-9 25 2 0
-48 -39 17 0
30 -22 -3 0
4 47 -22 0
50 -25 -35 0
44 42 21 0
-30 14 37 0
-1 12 -25 0
-48 -8 -37 0
-16 21 30 0
13 27 -17 0
37 -39 -31 0
-7 -21 15 0
-34 -29 9 0
-11 37 5 0
-19 27 4 0
22 47 -11 0
-35 -16 -21 0
26 40 14 0
-24 47 46 0
4 -39 46 0
-8 -43 -28 0
-39 42 -30 0
19 -1 21 0
24 34 38 0
-6 -41 39 0
47 4 -39 0
38 24 1 0
-17 23 -5 0
13 7 -5 0
8 -32 -20 0
-19 48 -34 0
-28 -2 5 0
-2 12 39 0
-11 33 -25 0
-50 28 -11 0
-40 -41 23 0
-14 -19 -36 0
-33 39 5 0
3 23 -28 0
-7 -38 -34 0
-32 2 -6 0
47 39 24 0
-12 -16 5 0
16 -5 13 0
-9 -35 19 0
29 48 39 0
-7 -13 -21 0
35 -6 -6 0
-38 -12 41 0
20 27 -31 0
27 36 34 0
4 12 -36 0
33 5 34 0
-19 27 -25 0
-49 13 25 0
23 -28 15 0
37 -12 32 0
-32 8 -47 0
6 44 -32 0
19 -22 38 0
46 41 -50 0
-47 -20 35 0
-18 -19 -20 0
23 -2 24 0
45 -45 -18 0
-48 48 49 0
-8 46 -44 0
-23 -14 14 0
38 43 34 0
42 13 -44 0
46 -38 -35 0
-35 -15 42 0
49 -18 35 0
30 46 -34 0
33 12 -8 0
11 20 2 0
4 37 43 0
-30 16 -20 0
-19 30 -1 0
4 -13 -46 0
-26 27 -31 0
4 -33 -13 0
-45 -1 39 0
1 1 38 0
-48 -3 1 0
8 -50 48 0
-7 -23 13 0
19 -12 -40 0
-21 17 1 0
-48 24 16 0
11 42 -11 0
24 4 38 0
-2 47 -14 0
43 -30 -29 0
32 39 -24 0
36 40 14 0
19 3 -34 0
19 -35 50 0
-34 12 -19 0
-17 -40 40 0
-48 -19 18 0
-43 24 -19 0
-17 39 -38 0
-26 44 18 0
36 -41 45 0
-1 12 -15 0
