c CNF generator v0.9
p cnf 50 275
-17 -10 -37 0
50 -22 40 0
-7 34 -39 0
37 -10 4 0
44 34 38 0
33 27 -15 0
-46 -35 -10 0
-11 -44 -47 0
42 -12 38 0
39 -44 10 0
3 -6 4 0
40 -5 -14 0
-27 29 23 0
-31 -19 46 0
-1 17 -10 0
-21 -50 46 0
-11 48 42 0
47 -36 38 0
-45 -23 38 0
-27 -29 -38 0
9 48 15 0
-6 25 42 0
-4 -41 27 0
-43 14 43 0
41 -46 5 0
34 -45 24 0
44 23 6 0
32 -16 -30 0
42 50 -2 0
4 -23 -25 0
46 -1 -23 0
-25 25 37 0
32 28 46 0
50 -40 30 0
27 -42 3 0
-44 -4 43 0
-30 33 -14 0
39 -34 23 0
-42 -25 50 0
42 -50 -44 0
-50 46 -43 0
44 4 33 0
19 -50 -37 0
22 20 -11 0
15 -47 45 0
12 42 19 0
42 -4 26 0
-20 -41 -10 0
-31 4 31 0
-50 29 -20 0
27 22 -43 0
-21 -35 -49 0
-38 -43 -28 0
23 -22 -13 0
19 30 -6 0
34 -19 -20 0
6 -40 -45 0
-17 -1 -6 0
28 1 25 0
-14 11 2 0
14 -38 -20 0
-46 36 18 0
36 -46 7 0
-16 -44 -42 0
-31 -49 -10 0
-8 -7 15 0
43 20 43 0
46 50 -10 0
-15 -24 -11 0
-2 -23 14 0
-7 13 3 0
40 33 44 0
-7 -14 48 0
48 -46 -29 0
19 -17 -11 0
-18 -39 -5 0
-49 -4 48 0
8 -7 40 0
7 -34 32 0
-9 38 19 0
15 11 -41 0
-36 21 36 0
-6 -35 -44 0
15 7 5 0
-32 -24 -8 0
30 26 15 0
23 33 -22 0
-20 -4 -45 0
12 8 28 0
22 -24 -49 0
38 -19 47 0
-3 -45 -20 0
21 19 -5 0
-49 12 -4 0
45 -27 -25 0
13 47 -44 0
-30 48 -24 0
36 -32 25 0
49 -35 15 0
31 -16 7 0
-1 -39 33 0
32 39 11 0
-29 22 25 0
3 22 27 0
-27 -40 29 0
49 -38 -32 0
20 13 -2 0
-35 -22 8 0
1 15 -4 0
22 46 -25 0
41 -21 -8 0
-8 39 -44 0
-35 -9 -21 0
-12 19 -32 0
-36 -12 13 0
22 29 35 0
-41 33 5 0
-13 34 24 0
-18 2 -11 0
31 39 -2 0
-19 22 33 0
-21 -11 -4 0
40 -14 -2 0
36 -16 50 0
46 35 35 0
15 48 11 0
41 -23 -12 0
-22 22 -41 0
-8 -24 24 0
-18 17 -21 0
-2 -37 -35 0
-7 48 17 0
-32 36 -23 0
-31 46 -38 0
-26 -24 -36 0
50 13 46 0
43 37 38 0
45 -9 -8 0
-10 10 -2 0
-3 -42 42 0
-13 33 -9 0
-42 -14 8 0
35 31 6 0
-45 14 -31 0
42 17 19 0
46 -31 -29 0
8 1 -6 0
-29 -45 1 0
-13 -23 -33 0
-26 36 27 0
34 -11 -37 0
47 -12 -31 0
28 5 10 0
-40 35 -15 0
7 4 -26 0
41 45 -26 0
-23 -14 -19 0
10 -13 48 0
36 3 9 0
5 -47 -5 0
-13 -5 -24 0
-19 44 43 0
-4 20 -9 0
-5 -11 18 0
33 -18 -18 0
46 -46 -18 0
-35 33 -21 0
-23 -30 -9 0
41 -4 -31 0
-30 -4 -33 0
-28 -31 31 0
-38 41 10 0
42 15 11 0
4 -50 -20 0
-4 -47 44 0
5 -27 50 0
30 41 11 0
40 -5 -13 0
3 9 -46 0
50 -4 35 0
45 31 7 0
47 -4 42 0
-45 -12 -49 0
-4 -22 -33 0
-41 20 1 0
-39 15 18 0
21 19 16 0
20 15 -24 0
-17 -16 -17 0
36 -48 -37 0
20 -31 6 0
41 -34 32 0
49 -31 -2 0
3 -35 -42 0
-11 17 4 0
-37 37 -20 0
36 13 8 0
-33 -35 -11 0
34 -27 -50 0
4 -36 40 0
21 -20 20 0
32 -22 43 0
-27 -23 -32 0
-49 -29 20 0
-29 11 43 0
-17 43 35 0
30 25 -49 0
49 35 2 0
27 -31 9 0
-32 46 -40 0
36 -47 -49 0
-47 17 -3 0
14 -10 17 0
-11 29 -37 0
-38 1 -11 0
12 -13 -36 0
2 -1 -19 0
16 -3 -30 0
-18 -41 -46 0
50 -40 49 0
-27 6 -37 0
-3 49 36 0
-12 24 46 0
42 -26 2 0
-44 -48 21 0
16 9 45 0
28 36 -2 0
29 -2 40 0
37 -14 -49 0
-2 -46 28 0
9 17 -17 0
42 -7 39 0
-47 39 -25 0
-24 -13 1 0
22 -19 -3 0
20 10 36 0
13 -6 -31 0
44 -17 41 0
-4 25 -17 0
45 -44 33 0
-18 3 18 0
14 30 -2 0
-23 47 -33 0
-2 33 17 0
-40 31 43 0
47 -39 -33 0
-37 45 45 0
-43 50 3 0
34 1 36 0
22 -40 29 0
-27 22 44 0
-29 -32 33 0
-40 10 -41 0
28 2 41 0
10 -5 37 0
50 13 14 0
12 2 21 0
19 6 25 0
-45 39 3 0
2 37 -18 0
-47 37 47 0
-45 18 -49 0
-48 27 32 0
-39 41 24 0
-37 -37 9 0
-46 -18 7 0
-37 3 -26 0
1 -50 -26 0
-50 26 -38 0
7 29 -8 0
7 -50 46 0
9 -40 21 0
12 15 10 0
45 43 -47 0
-19 -9 -32 0
