c CNF generator v0.9
p cnf 50 287
-43 24 34 0
22 22 17 0
13 49 -50 0
-29 2 -5 0
-26 -38 -3 0
-50 -38 10 0
-33 -23 32 0
-37 17 -5 0
-39 -33 -6 0
-48 -35 11 0
-41 -33 -8 0
-22 -25 17 0
44 9 -48 0
2 22 25 0
38 25 45 0
44 41 18 0
-5 27 11 0
12 -42 -22 0
-39 8 14 0
13 -31 49 0
11 -27 34 0
35 26 39 0
38 -8 -48 0
-42 11 21 0
3 35 -9 0
-33 10 8 0
-20 1 31 0
-19 47 -15 0
-7 -19 -5 0
-24 -14 10 0
31 -23 34 0
23 48 3 0
39 43 41 0
-30 11 -19 0
40 -26 -37 0
27 -27 -39 0
-38 -35 -38 0
-47 -30 -14 0
-37 -26 35 0
43 31 -43 0
21 -28 20 0
48 24 -5 0
-1 31 32 0
-23 30 -41 0
4 -40 -17 0
23 10 32 0
46 -44 15 0
30 39 -11 0
27 -32 -37 0
-27 48 45 0
-1 -37 6 0
-46 27 -7 0
-15 5 45 0
-14 21 33 0
18 -2 14 0
-2 18 -49 0
-25 14 -30 0
-18 -13 -6 0
46 -6 -36 0
41 -3 -11 0
-25 31 42 0
15 -17 22 0
10 14 -23 0
-48 37 -13 0
-28 11 27 0
-49 -47 -17 0
-16 36 42 0
-27 -32 -37 0
-15 -3 -49 0
-23 13 29 0
-42 26 -4 0
41 -20 -37 0
10 -30 -45 0
-19 33 22 0
-33 22 -37 0
-2 -2 1 0
-46 -42 11 0
-32 24 -49 0
-22 30 7 0
-22 -6 46 0
-36 -37 29 0
24 7 -20 0
43 47 -24 0
-26 -14 47 0
43 21 9 0
9 45 -50 0
36 17 -47 0
-13 19 -42 0
3 26 -3 0
-41 23 14 0
-7 -4 50 0
-1 -41 -31 0
-6 26 36 0
-14 29 22 0
-23 -32 17 0
-43 -19 44 0
-42 3 -48 0
8 -38 13 0
21 10 -6 0
-28 5 -11 0
18 -38 -6 0
8 -11 19 0
-44 -25 -29 0
37 5 -36 0
25 -25 -8 0
40 18 -9 0
-40 -25 -34 0
-23 36 36 0
-36 21 -17 0
-1 40 14 0
33 7 36 0
-36 12 -28 0
-13 10 47 0
21 -5 21 0
-6 -7 26 0
-25 -30 -13 0
26 -21 -4 0
37 7 11 0
38 -45 -13 0
-2 -7 12 0
38 9 -36 0
-22 10 7 0
29 9 9 0
-6 -18 25 0
-38 -24 19 0
-47 -20 22 0
5 -25 39 0
23 -23 32 0
17 -3 -50 0
37 -11 -44 0
-29 6 32 0
-2 -19 40 0
-49 -5 -35 0
18 -3 49 0
-15 -5 34 0
13 50 38 0
-34 -35 29 0
-5 -39 -33 0
-50 38 29 0
-19 -18 24 0
-33 -9 -7 0
-17 -20 -3 0
49 15 -16 0
-47 5 -36 0
3 41 33 0
-12 40 42 0
-29 -43 20 0
-2 29 -11 0
48 -21 -11 0
49 -33 -27 0
-25 -32 39 0
9 6 -3 0
-4 7 -44 0
49 -43 31 0
-47 -28 37 0
18 40 -24 0
-3 21 31 0
-2 46 -17 0
-9 -25 -23 0
-20 -10 9 0
19 19 -15 0
30 -4 22 0
-16 30 46 0
-16 -43 44 0
-32 -13 -7 0
-24 33 -41 0
18 -47 -40 0
-45 4 31 0
5 48 41 0
-18 44 -22 0
31 -35 2 0
4 4 -4 0
-1 40 -35 0
-44 20 -1 0
21 23 -47 0
-7 37 43 0
-7 -30 -16 0
31 8 -4 0
-18 -1 29 0
-11 15 -50 0
26 30 10 0
-19 22 -4 0
21 -14 25 0
-24 16 -33 0
-3 38 -44 0
40 28 -43 0
-18 11 -20 0
-27 13 -2 0
-6 -32 16 0
-48 -24 5 0
-22 -19 35 0
-12 -20 -29 0
-9 28 6 0
41 -3 -15 0
29 22 42 0
-39 1 31 0
-30 -32 50 0
-11 37 21 0
-15 -43 -22 0
35 28 -40 0
-12 4 18 0
-49 -24 39 0
15 -38 49 0
-36 -15 -25 0
-44 -14 -44 0
14 22 -22 0
-41 3 45 0
-44 9 -15 0
7 -26 -13 0
2 -11 23 0
-14 3 -41 0
37 39 37 0
32 -16 -43 0
-42 22 43 0
-2 30 18 0
-29 1 8 0
19 13 -17 0
5 15 13 0
-3 -27 -14 0
26 -26 13 0
10 -9 -42 0
-15 -50 -36 0
44 33 -32 0
-26 12 21 0
-45 -12 -41 0
-10 -49 -19 0
-26 -12 -30 0
43 -10 48 0
-42 37 16 0
27 -15 -39 0
-28 -11 -40 0
17 7 11 0
49 50 -35 0
-17 -13 9 0
30 -35 36 0
-18 39 48 0
48 14 36 0
43 -5 -22 0
46 -37 -16 0
-45 -23 -37 0
-16 33 17 0
-32 -13 -7 0
-39 49 16 0
20 -50 -39 0
-1 20 -40 0
-3 -32 29 0
34 -44 -37 0
49 7 -5 0
3 12 -40 0
31 -6 33 0
18 -50 46 0
9 -17 -16 0
40 8 -36 0
-37 6 7 0
-43 -31 15 0
-30 45 -23 0
25 -41 -24 0
-40 14 48 0
-23 23 -48 0
31 -45 50 0
-4 7 -11 0
12 47 -1 0
18 15 -22 0
12 13 -32 0
11 -50 4 0
20 20 22 0
9 33 8 0
-38 -49 -23 0
47 -26 -15 0
-45 -13 42 0
-11 1 1 0
-40 13 37 0
-29 -29 -13 0
29 -25 43 0
-49 -32 1 0
-29 21 10 0
42 -49 -11 0
3 -40 46 0
41 23 17 0
-18 -27 -45 0
-47 39 21 0
-10 49 -42 0
-26 50 -36 0
24 -2 37 0
4 21 10 0
9 -10 -25 0
11 -29 -14 0
