c CNF generator v0.9
p cnf 50 287
-26 -32 -2 0
3 -26 25 0
-21 20 -50 0
-28 18 9 0
19 1 9 0
-39 2 40 0
12 40 13 0
-6 28 26 0
38 -48 -18 0
-6 -41 -18 0
-18 -46 -17 0
5 -17 -23 0
-10 31 -37 0
43 -5 -23 0
-7 -24 -50 0
49 -50 -45 0
-11 -12 46 0
-40 -4 -28 0
-45 -49 39 0
39 24 -44 0
25 -43 -10 0
26 -10 20 0
14 23 -7 0
37 -39 -5 0
6 26 -23 0
-17 43 -4 0
-1 6 -44 0
-19 2 -15 0
26 8 -24 0
41 24 -42 0
11 29 -18 0
13 31 -8 0
-33 23 -15 0
-40 -29 -17 0
29 -30 -23 0
-47 -46 -33 0
26 -32 43 0
20 9 19 0
-20 -41 -50 0
-16 -17 -50 0
-3 -41 31 0
-21 -9 5 0
-38 -50 -30 0
-20 36 -49 0
-21 36 -29 0
-33 28 -3 0
-40 9 -49 0
22 21 -13 0
18 5 -40 0
-10 17 -24 0
22 40 -41 0
28 -20 -42 0
-17 -43 18 0
9 32 14 0
35 30 12 0
49 2 -10 0
36 -26 -18 0
-34 -14 -36 0
48 -36 22 0
3 -22 -5 0
-1 -39 46 0
-35 -14 13 0
-27 -22 22 0
10 45 45 0
-27 29 -43 0
-42 40 16 0
28 -9 -12 0
22 8 -42 0
-40 28 -26 0
-23 -44 37 0
23 35 39 0
39 11 43 0
26 -46 -34 0
26 -35 13 0
-42 34 25 0
25 -34 -20 0
-36 -27 12 0
-33 49 4 0
6 -3 1 0
21 -50 18 0
31 17 23 0
-37 20 46 0
41 -17 -32 0
48 -5 -8 0
1 -22 17 0
8 43 44 0
32 -32 23 0
36 35 36 0
-1 -28 -48 0
39 23 -45 0
11 10 -19 0
21 -48 41 0
-32 28 38 0
5 -30 9 0
32 -36 -37 0
20 7 35 0
33 50 8 0
45 10 -21 0
-24 -14 -29 0
-46 48 42 0
2 50 -41 0
-22 -49 -16 0
13 -38 -29 0
-45 4 -1 0
-18 47 14 0
7 -22 -12 0
28 32 17 0
-40 3 12 0
27 37 -41 0
-9 -9 -15 0
-41 2 -12 0
10 21 -40 0
-17 4 -4 0
21 -10 32 0
36 -4 -8 0
20 13 43 0
4 -41 47 0
-25 25 -26 0
13 4 -49 0
46 -26 -34 0
3 -36 49 0
16 -12 11 0
-14 22 16 0
-23 23 -34 0
3 13 18 0
46 -2 -27 0
29 2 8 0
30 15 -36 0
49 16 -30 0
-29 -47 -4 0
7 -49 2 0
-35 -2 -33 0
24 -37 -41 0
30 46 -27 0
28 -36 22 0
-14 -46 -31 0
-30 -32 14 0
26 -32 -25 0
-49 14 24 0
13 48 39 0
42 -15 -16 0
-16 8 -14 0
-17 -40 -13 0
29 35 -47 0
48 -45 -7 0
-22 25 -4 0
7 -35 -17 0
-43 -32 33 0
-25 -11 5 0
5 -42 -27 0
38 -18 27 0
-35 32 43 0
-11 -17 7 0
-33 35 -39 0
-6 -18 -39 0
49 -49 -14 0
49 -22 3 0
-26 -30 15 0
-44 2 45 0
27 -27 -3 0
13 -48 25 0
26 -49 -11 0
-19 20 45 0
-13 -35 21 0
-9 -25 13 0
31 4 35 0
-24 6 -36 0
14 26 -28 0
18 -46 -40 0
-23 -32 1 0
-41 -36 6 0
36 -35 -49 0
-4 -3 41 0
36 34 -29 0
-30 36 -30 0
-30 -49 6 0
-17 -10 -2 0
-33 2 16 0
-2 -22 1 0
18 -7 -22 0
-32 2 -47 0
-14 33 -14 0
2 22 50 0
-47 -25 -33 0
-29 47 37 0
-47 -3 38 0
-36 -38 -14 0
4 48 -39 0
36 -10 31 0
41 18 -1 0
-25 26 41 0
3 -15 22 0
-12 34 -35 0
-7 -16 -12 0
-50 16 28 0
37 50 2 0
4 47 1 0
9 31 -35 0
-14 16 36 0
9 26 34 0
-3 31 -27 0
11 -10 41 0
12 -42 -29 0
-48 6 -42 0
-50 -30 50 0
-9 -42 -12 0
-36 -20 25 0
-33 39 13 0
2 -37 10 0
-6 -38 24 0
-11 43 -3 0
43 -50 -5 0
11 -10 32 0
-36 36 -50 0
35 38 -48 0
-27 -7 5 0
-23 -32 46 0
-2 14 11 0
48 36 21 0
10 -22 -12 0
34 -7 -34 0
43 18 9 0
31 -50 -18 0
11 -33 33 0
-18 14 6 0
-7 -28 27 0
33 -1 28 0
1 5 3 0
45 -17 -36 0
13 -23 10 0
14 22 -18 0
-24 4 -41 0
18 5 -36 0
-34 -2 -7 0
-50 33 -23 0
19 -38 -33 0
38 21 -1 0
4 14 29 0
11 -13 -32 0
-45 -30 26 0
-15 -40 9 0
-44 -26 -6 0
-23 -37 -43 0
26 19 -24 0
27 43 5 0
-28 -17 -11 0
-1 -26 -45 0
-31 -42 6 0
-12 21 -43 0
6 26 4 0
48 -47 -26 0
3 -23 11 0
-17 37 -37 0
12 37 20 0
-40 -26 -27 0
40 46 -28 0
27 -46 35 0
18 -27 -3 0
2 -17 -16 0
-45 37 -48 0
45 -32 -36 0
47 24 -14 0
20 -41 -30 0
-5 11 5 0
-43 -39 -43 0
2 30 30 0
-33 1 19 0
-37 -35 -42 0
34 13 -13 0
-5 28 -7 0
14 -21 -15 0
-27 -21 -20 0
42 3 -27 0
-6 -42 -1 0
44 -12 49 0
-37 -44 -35 0
-2 -26 -47 0
-36 19 16 0
30 2 9 0
25 -32 -6 0
-16 47 -34 0
3 -9 -33 0
21 26 8 0
-23 -2 28 0
-3 37 16 0
-17 9 -6 0
-38 33 -2 0
