c CNF generator v0.9
p cnf 50 287
-6 19 -49 0
4 32 34 0
-2 23 32 0
-42 28 -21 0
-6 -8 -7 0
-38 -35 35 0
-46 -12 37 0
-13 13 3 0
32 -44 -35 0
-15 -30 16 0
-29 17 -22 0
17 8 -27 0
-14 14 12 0
-26 -41 38 0
16 22 -33 0
-34 -50 -35 0
49 -21 -47 0
40 -50 24 0
-10 29 6 0
33 7 28 0
25 -39 -37 0
9 27 -4 0
20 7 37 0
33 30 -18 0
-13 6 16 0
-22 -28 -44 0
47 -1 37 0
-14 44 -22 0
-46 -22 -12 0
8 37 -44 0
-22 -47 5 0
-36 46 -16 0
17 -27 -41 0
33 -44 9 0
4 20 -25 0
-46 -45 -37 0
35 -36 50 0
-29 29 24 0
-29 -47 13 0
-31 -18 44 0
1 9 11 0
1 22 43 0
-32 28 -38 0
-39 14 18 0
-15 -6 -25 0
-46 19 20 0
-27 -17 31 0
-4 40 35 0
-1 7 23 0
37 1 13 0
-12 14 -12 0
-45 11 -24 0
15 28 -15 0
2 32 -1 0
27 49 -22 0
39 -23 -4 0
-7 18 43 0
-22 28 3 0
-47 39 28 0
28 14 -20 0
34 -39 -20 0
-32 -30 -34 0
39 -6 14 0
12 12 42 0
-4 -7 50 0
-24 46 20 0
26 8 -31 0
23 -29 -24 0
44 -35 -49 0
-37 8 31 0
-38 -49 -25 0
-35 29 -14 0
-41 -43 39 0
-30 -19 17 0
-41 6 -38 0
-15 -25 -16 0
-41 1 31 0
42 -1 -9 0
-27 20 -25 0
-6 50 13 0
-41 -36 35 0
50 -10 29 0
-1 1 34 0
25 -32 6 0
23 11 22 0
-47 48 -43 0
24 34 35 0
30 -30 -48 0
-22 -18 -25 0
-48 46 -36 0
10 49 -17 0
31 2 -13 0
-43 -21 24 0
49 -43 -7 0
-27 38 -24 0
46 -48 41 0
-5 19 16 0
21 22 25 0
13 27 50 0
45 1 33 0
3 -19 49 0
-2 27 44 0
21 14 49 0
-7 -2 37 0
14 29 4 0
29 -28 16 0
-3 -20 -17 0
11 49 28 0
25 -10 23 0
-43 -10 -38 0
-38 21 -40 0
40 6 33 0
-25 -14 -6 0
-38 44 22 0
29 34 -20 0
-46 -6 21 0
-19 -20 25 0
-2 48 50 0
41 46 -26 0
-2 17 48 0
-20 5 32 0
-11 14 -35 0
8 -17 13 0
-25 -36 19 0
-24 -34 10 0
-21 -45 -49 0
34 -26 -45 0
-48 28 -19 0
46 -33 43 0
-3 -3 32 0
-19 -13 -30 0
36 -49 10 0
2 -44 12 0
-48 32 21 0
-27 -43 45 0
23 47 -36 0
31 -41 -19 0
-46 -21 23 0
10 -16 7 0
-15 -43 -21 0
-22 1 43 0
-28 26 -43 0
41 25 46 0
-48 -50 -21 0
-13 1 7 0
7 45 -44 0
48 -23 -36 0
-27 -48 -21 0
29 -49 -40 0
-43 22 -4 0
15 33 19 0
33 11 -11 0
44 5 -36 0
18 -16 -33 0
39 14 -4 0
-9 2 7 0
-1 -27 -32 0
2 6 22 0
5 -32 1 0
42 36 -44 0
5 -15 -50 0
-23 -1 5 0
-24 30 43 0
-24 -39 3 0
-42 23 -3 0
44 41 17 0
32 11 21 0
-24 12 -49 0
-4 -12 -21 0
-15 42 -48 0
-42 -20 -40 0
34 13 -15 0
-4 -9 -45 0
37 -3 4 0
-25 -34 11 0
2 13 19 0
-42 23 29 0
23 27 29 0
-32 -31 8 0
-39 -41 -44 0
38 -49 -15 0
-35 14 20 0
18 -33 -35 0
32 -30 15 0
20 36 -25 0
33 -14 32 0
-31 22 -18 0
-22 -4 45 0
22 1 18 0
8 22 40 0
1 28 13 0
-6 37 15 0
-35 17 4 0
21 30 26 0
13 34 -20 0
-38 9 -38 0
5 -44 -22 0
-2 38 -24 0
46 49 -4 0
48 32 8 0
43 47 -22 0
-3 45 -31 0
26 24 -11 0
-48 -26 28 0
40 13 -45 0
-34 41 26 0
-20 22 -50 0
-28 29 -10 0
4 47 -6 0
-20 -47 -48 0
21 44 47 0
10 7 -13 0
10 24 -18 0
-34 26 2 0
-16 2 18 0
-45 50 -42 0
22 -28 -50 0
-3 -46 -12 0
3 24 46 0
-15 26 -7 0
49 -41 34 0
16 -32 -25 0
11 -30 25 0
5 -7 -36 0
-2 44 -49 0
47 7 -20 0
8 -36 -50 0
-26 -50 43 0
-39 -14 -10 0
-22 37 24 0
-1 -35 -34 0
-27 34 4 0
30 16 17 0
2 -2 30 0
4 -24 -48 0
-32 -28 40 0
17 17 -15 0
42 26 -46 0
-18 37 -33 0
7 -30 -12 0
45 -17 18 0
36 -26 -43 0
4 38 -21 0
-6 23 -4 0
-33 -4 45 0
-36 37 -50 0
16 25 -40 0
-42 5 14 0
48 -29 -45 0
-33 -24 -33 0
-41 -40 -20 0
-22 15 -31 0
26 -15 -36 0
-26 25 16 0
-4 -6 -13 0
-8 -32 -19 0
48 8 9 0
-46 -50 -39 0
33 -17 43 0
40 24 -47 0
37 50 -49 0
2 -45 1 0
29 -42 -11 0
33 -7 48 0
43 -5 -17 0
6 46 -49 0
14 35 -11 0
-40 -35 -11 0
41 10 11 0
-15 -21 -12 0
24 3 28 0
-27 39 17 0
-24 -17 -33 0
46 34 20 0
-35 5 14 0
-11 -30 -18 0
50 -13 -45 0
2 15 28 0
-4 -12 45 0
44 -29 48 0
-46 49 -17 0
34 -7 10 0
-31 9 14 0
-4 15 7 0
5 20 47 0
-32 35 -45 0
-24 -29 29 0
