c CNF generator v0.9
p cnf 50 287
-18 -22 21 0
-37 24 -44 0
49 17 -36 0
18 7 8 0
41 -38 -31 0
-3 26 -33 0
-36 7 -27 0
-13 1 -47 0
-13 -28 37 0
-30 -35 -33 0
-39 -17 -50 0
49 37 -4 0
11 -49 -4 0
12 32 -41 0
10 48 -33 0
9 -19 20 0
-43 -14 4 0
19 -20 45 0
20 31 -47 0
34 4 -41 0
-32 11 -47 0
24 -23 -49 0
-29 -14 11 0
48 -39 14 0
-30 34 43 0
-28 -4 5 0
-5 -16 -16 0
-49 -43 11 0
45 -50 34 0
28 17 -13 0
-33 -41 -24 0
-22 9 -11 0
31 15 -39 0
-4 -42 11 0
49 -7 22 0
3 -12 -4 0
36 19 30 0
-39 33 -31 0
33 -19 24 0
8 16 -4 0
-40 13 -4 0
-27 11 7 0
-12 33 -26 0
34 -39 24 0
-38 -40 -13 0
-21 -36 35 0
46 2 -42 0
27 19 36 0
19 -30 -35 0
-43 -35 -40 0
-40 -20 22 0
31 -24 5 0
31 -2 2 0
-22 43 -38 0
30 -42 -18 0
20 -37 41 0
6 8 16 0
-16 -28 -33 0
-25 31 22 0
-43 -45 37 0
25 25 29 0
-16 -46 40 0
-3 36 36 0
23 24 19 0
26 37 -20 0
-25 22 35 0
-6 9 -6 0
-26 3 -16 0
38 1 -24 0
-26 -46 44 0
44 -27 -6 0
15 -22 -18 0
50 14 38 0
-48 34 16 0
34 -38 -29 0
49 -17 -25 0
2 5 -48 0
19 49 14 0
-50 11 47 0
27 -50 -3 0
-5 -12 -31 0
-22 -12 -26 0
32 -32 -43 0
-35 -7 -16 0
-48 -23 -36 0
14 17 21 0
-27 39 -30 0
-15 14 3 0
-41 15 -17 0
33 -31 -43 0
-15 50 33 0
9 33 14 0
-1 -31 -45 0
37 22 6 0
35 -43 30 0
7 48 43 0
-35 -26 -20 0
-28 -28 29 0
16 32 16 0
19 43 -30 0
-30 -10 5 0
-42 13 -37 0
-32 5 -47 0
-22 -1 5 0
-34 -23 23 0
12 -48 -34 0
24 17 48 0
-48 3 -27 0
-39 -3 34 0
38 7 -40 0
27 29 40 0
-8 -34 35 0
5 30 35 0
34 17 -41 0
-18 14 37 0
-8 -16 1 0
15 -38 49 0
-18 -21 -23 0
-12 -10 -31 0
-13 22 47 0
-2 46 -15 0
-40 13 -45 0
19 -27 -15 0
-44 -31 -35 0
26 49 2 0
38 37 -16 0
18 -8 8 0
18 -23 48 0
39 -40 11 0
-19 2 48 0
-2 -12 1 0
-40 -14 3 0
-16 -22 -4 0
21 36 22 0
-37 38 -11 0
32 39 5 0
-20 -41 41 0
35 -29 26 0
46 -40 -20 0
-1 -9 2 0
-49 -12 -33 0
-25 38 -5 0
9 24 7 0
25 -5 17 0
-42 -6 32 0
-43 -42 -22 0
-36 -38 -18 0
41 37 -42 0
-40 -50 -18 0
6 1 10 0
-30 -25 -4 0
-45 -31 30 0
-15 47 -25 0
29 -20 -6 0
19 3 15 0
34 -27 10 0
26 45 31 0
-47 1 -26 0
32 -5 -43 0
12 46 38 0
21 47 8 0
-23 35 -43 0
-30 -9 -3 0
30 -39 43 0
10 -3 -38 0
-11 -45 18 0
-12 46 -49 0
-33 -20 -7 0
42 -12 13 0
-47 -3 -42 0
28 16 -41 0
42 -35 -40 0
40 -12 -7 0
-14 -46 41 0
27 6 -23 0
-3 -32 -43 0
-5 27 23 0
-20 -46 -1 0
-34 2 -18 0
-20 -6 21 0
-1 -43 32 0
-41 9 12 0
27 -12 -33 0
-11 18 -36 0
42 2 26 0
32 13 20 0
-45 -48 11 0
29 -49 -35 0
25 17 35 0
-48 -46 -14 0
-37 -10 23 0
-31 1 -25 0
34 13 -44 0
34 -17 22 0
-13 1 -18 0
47 -25 4 0
32 -2 -47 0
-20 -19 -4 0
22 11 9 0
-27 35 5 0
30 30 -20 0
44 -49 44 0
-11 36 -42 0
19 43 -2 0
34 35 -42 0
-29 -34 24 0
-40 2 24 0
24 -1 -7 0
-23 11 14 0
-35 -41 -29 0
6 -23 1 0
25 -9 -20 0
-6 -43 -50 0
-15 -28 25 0
-7 -16 -26 0
-27 -37 -45 0
-38 46 34 0
-26 -44 -18 0
-1 30 -21 0
-28 35 -17 0
-34 -38 -21 0
27 -43 -43 0
1 -38 40 0
46 50 -5 0
-20 11 29 0
2 -43 -26 0
45 7 -44 0
-7 26 44 0
26 -2 -11 0
-13 -34 43 0
13 -11 -18 0
-24 -46 -45 0
21 38 -20 0
15 -47 19 0
-43 42 18 0
-23 33 -30 0
48 26 -44 0
13 -12 13 0
25 50 -22 0
22 -16 -34 0
-48 -12 25 0
6 17 7 0
7 -17 15 0
-6 -45 25 0
7 -18 16 0
-48 -34 -9 0
-2 -10 -41 0
14 46 -33 0
49 -28 -13 0
29 -47 -8 0
50 27 20 0
-35 30 -12 0
49 -28 49 0
37 32 45 0
-4 -41 3 0
-5 -41 -1 0
-50 -31 -47 0
3 -28 7 0
30 47 15 0
-30 -9 -39 0
-45 -4 -23 0
-13 -26 32 0
-45 31 -4 0
-49 -29 3 0
19 4 -45 0
-24 -21 -31 0
-12 -12 -41 0
8 2 18 0
-46 19 -32 0
12 -48 -26 0
-36 8 14 0
37 7 16 0
1 2 50 0
-21 -6 -18 0
15 -28 39 0
-13 -4 -7 0
-47 -14 -41 0
-16 -49 20 0
-14 -4 33 0
14 46 -12 0
47 -32 -37 0
37 34 -18 0
9 24 -20 0
-14 32 34 0
10 39 -37 0
6 14 26 0
-41 22 -50 0
