c CNF generator v0.9
p cnf 50 287
25 -44 -29 0
7 18 26 0
-26 -33 16 0
44 13 25 0
-9 45 33 0
-49 25 -32 0
14 22 -2 0
-45 -21 -37 0
-10 4 -47 0
-13 42 -22 0
44 31 30 0
-13 -14 43 0
38 28 -11 0
22 24 -14 0
12 -38 -21 0
-23 -26 20 0
47 -24 -21 0
-10 21 -47 0
-24 -31 -41 0
-40 40 -28 0
12 30 -33 0
31 28 -22 0
-29 -10 -28 0
12 -45 20 0
-48 -36 -22 0
32 16 -20 0
46 45 -8 0
-32 -8 -33 0
-35 -2 18 0
-34 -7 -11 0
-42 23 17 0
47 -47 12 0
-45 -45 26 0
-20 12 -32 0
24 49 -38 0
-44 -5 -38 0
42 -9 -44 0
-17 -4 -18 0
-15 16 -50 0
-50 29 8 0
-28 -37 23 0
13 -47 21 0
15 -16 22 0
12 -35 37 0
-11 -18 -19 0
26 6 49 0
36 14 41 0
18 28 3 0
28 -50 26 0
18 39 23 0
14 7 -17 0
24 -1 2 0
39 20 -49 0
42 47 -12 0
22 -43 17 0
21 36 16 0
-7 8 -16 0
38 -24 21 0
48 -15 -4 0
25 41 9 0
-13 4 -39 0
-7 -49 38 0
44 -30 13 0
-36 -35 -18 0
-14 24 -31 0
37 48 15 0
-31 27 1 0
-50 1 31 0
33 -39 40 0
-45 -12 -46 0
-14 13 -34 0
-27 -48 1 0
-41 -35 -39 0
5 21 -38 0
-35 -14 37 0
17 16 9 0
33 -14 42 0
6 22 -22 0
-48 12 -27 0
12 32 17 0
45 19 -50 0
-12 -2 2 0
45 -41 16 0
15 -15 -10 0
-20 -10 -47 0
33 -26 28 0
-42 -15 47 0
-49 25 2 0
5 44 -32 0
11 -18 -34 0
-16 8 -3 0
16 7 -2 0
-12 50 -47 0
23 -4 31 0
26 -23 30 0
-26 -37 33 0
-28 -46 8 0
42 26 -48 0
22 -28 24 0
19 -38 -37 0
44 39 -29 0
-11 29 32 0
25 -29 2 0
45 -40 42 0
16 10 6 0
46 -43 -7 0
-30 -18 -29 0
-25 -17 39 0
-21 -11 14 0
-5 19 -16 0
23 17 17 0
9 1 30 0
30 31 13 0
-24 32 -27 0
10 -6 35 0
35 32 42 0
7 31 1 0
-22 17 36 0
-25 -20 33 0
-4 6 11 0
30 -17 -39 0
45 31 1 0
10 -33 -35 0
-31 -35 -5 0
19 28 20 0
-23 -17 8 0
-40 5 2 0
8 -45 -19 0
13 2 39 0
11 6 49 0
-21 29 16 0
11 49 48 0
-29 -11 -5 0
-7 -38 -24 0
31 -42 -31 0
43 -17 25 0
-45 -44 -28 0
-11 -5 -12 0
12 -42 -9 0
24 33 32 0
26 7 -7 0
-34 5 23 0
-38 3 -35 0
-35 40 36 0
43 -28 29 0
-34 -4 -38 0
35 46 -14 0
3 -40 -6 0
38 -41 -33 0
-13 19 -6 0
-30 24 41 0
38 -45 14 0
-49 32 10 0
-23 -3 -10 0
-13 48 16 0
-34 -41 -49 0
-8 -7 28 0
8 -7 -22 0
43 50 11 0
21 26 -46 0
-45 -37 -34 0
46 45 -12 0
-38 -28 43 0
19 -4 -13 0
-17 44 28 0
-49 -15 -49 0
-48 29 39 0
39 44 32 0
-47 -13 39 0
-19 -39 -37 0
14 42 -8 0
50 47 33 0
-5 -34 -48 0
13 45 -22 0
-35 25 16 0
-39 -21 1 0
19 42 16 0
-46 6 -5 0
-36 48 20 0
30 -12 24 0
-18 10 47 0
12 -30 -29 0
15 16 -27 0
-38 4 50 0
-38 -50 -32 0
-35 -24 -41 0
31 -43 -24 0
-33 -15 39 0
1 -5 13 0
28 -31 33 0
-20 37 12 0
5 -42 12 0
-45 -39 -32 0
11 23 -44 0
17 -10 -17 0
12 42 29 0
49 42 2 0
-17 2 -7 0
-10 44 -22 0
-31 19 25 0
2 28 21 0
-44 5 -44 0
40 36 7 0
15 -5 -7 0
29 -16 10 0
39 21 -10 0
3 50 -29 0
-45 -46 43 0
21 -22 49 0
5 49 23 0
18 21 24 0
-16 -34 -38 0
-17 28 12 0
-18 -22 -13 0
-24 -27 11 0
-40 10 32 0
-47 -45 26 0
11 14 -5 0
-4 6 35 0
-10 -24 31 0
1 -26 -41 0
8 -7 3 0
27 43 21 0
18 -36 9 0
-37 -21 19 0
-49 -6 -19 0
5 38 20 0
-34 -36 16 0
-43 -9 -30 0
50 21 48 0
1 25 40 0
17 -48 1 0
17 -21 31 0
-47 -39 48 0
-48 2 38 0
38 -46 -40 0
46 27 -10 0
11 16 34 0
-23 -7 -35 0
-45 42 -3 0
-44 -40 -49 0
35 -2 22 0
-3 34 -2 0
-14 38 -39 0
43 -23 -24 0
30 -23 12 0
-20 3 -35 0
-12 -45 -46 0
7 -41 -26 0
47 -2 12 0
-28 -41 -24 0
-18 26 33 0
-20 -41 -4 0
18 -50 -41 0
-32 9 14 0
8 16 -16 0
19 -41 -21 0
32 -40 -41 0
29 48 22 0
-36 -2 -40 0
15 4 14 0
39 24 37 0
14 47 -32 0
27 -41 -8 0
44 -28 -27 0
32 22 -49 0
9 10 -34 0
-38 -11 33 0
43 -26 32 0
48 -9 -16 0
-20 8 -37 0
-3 49 47 0
43 8 -15 0
34 34 -32 0
-1 -17 42 0
1 -15 -37 0
11 40 -21 0
-45 2 -3 0
11 11 16 0
-37 50 35 0
-14 -2 -21 0
21 18 -38 0
45 43 -23 0
-23 3 -21 0
12 -16 39 0
-25 8 -13 0
31 -47 1 0
