c CNF generator v0.9
p cnf 50 287
24 44 35 0
-8 -1 36 0
-7 -30 -20 0
33 25 -8 0
-50 48 48 0
9 26 17 0
7 40 -26 0
-31 -44 14 0
-7 19 11 0
-16 -30 41 0
40 29 -36 0
40 -28 47 0
-25 -2 43 0
27 -39 31 0
-12 -30 14 0
-23 41 23 0
11 -9 -10 0
-9 -16 35 0
35 -39 -46 0
33 -4 31 0
-13 14 -14 0
-25 7 29 0
18 48 28 0
13 17 -21 0
26 9 -45 0
-10 12 45 0
-18 1 21 0
-25 -1 24 0
39 -36 10 0
34 -26 -5 0
38 21 -1 0
45 -1 -28 0
-49 23 -4 0
47 -50 -45 0
-19 -2 -29 0
-33 13 -8 0
23 6 -31 0
50 17 -17 0
20 28 37 0
-27 -14 37 0
-19 48 24 0
-5 42 -41 0
-35 40 -7 0
20 -2 -47 0
21 -20 12 0
3 -25 36 0
18 -21 -40 0
-35 42 4 0
-34 -5 25 0
32 2 45 0
-41 -25 34 0
-50 17 33 0
-25 19 -46 0
-38 -26 -23 0
20 -7 -46 0
-46 -29 50 0
-6 35 -22 0
-25 -17 34 0
9 -43 2 0
14 -30 41 0
-29 -7 47 0
-34 12 7 0
32 -29 37 0
-2 28 -3 0
-21 42 -10 0
27 41 17 0
-27 40 -40 0
33 -30 12 0
-3 -45 18 0
-3 -39 30 0
-49 -5 -46 0
23 15 28 0
44 -40 -26 0
-31 1 19 0
-40 -36 -27 0
9 20 10 0
2 24 -14 0
20 -42 42 0
8 2 -13 0
-45 -28 19 0
38 -19 16 0
30 43 -8 0
-17 39 42 0
3 37 19 0
-46 -33 7 0
-9 -8 -40 0
9 25 -7 0
-27 -19 19 0
10 -2 -46 0
18 -40 38 0
31 7 43 0
-1 48 -4 0
34 12 17 0
17 -34 -30 0
28 -36 39 0
-26 -35 15 0
-13 -33 28 0
-33 18 -42 0
48 -20 -14 0
17 -8 50 0
-45 -40 -27 0
-47 6 -45 0
42 -25 10 0
-20 13 -43 0
8 13 16 0
-22 -26 -33 0
40 -25 -14 0
-1 16 33 0
-48 40 -36 0
19 -6 -9 0
50 26 7 0
-27 -13 -29 0
-41 15 17 0
-10 19 44 0
5 -47 -38 0
18 37 -17 0
26 -13 43 0
23 -46 42 0
5 19 1 0
11 15 10 0
-44 -32 12 0
46 -18 7 0
20 -7 4 0
-47 35 -39 0
-3 -4 -20 0
-5 3 4 0
-40 30 -8 0
13 20 -2 0
7 -8 34 0
40 9 -35 0
-50 -19 21 0
-45 -11 -18 0
-28 38 32 0
-32 -20 17 0
-13 -2 -42 0
48 -46 32 0
17 -1 46 0
-13 11 3 0
17 -5 37 0
44 -39 -33 0
33 -18 34 0
-29 13 -46 0
-42 -33 -4 0
27 -11 -18 0
-44 45 -20 0
7 28 -4 0
41 45 -2 0
-5 -50 -41 0
41 -26 38 0
-47 32 22 0
33 -14 -43 0
-40 -40 -27 0
32 -33 10 0
9 48 -22 0
-19 12 7 0
-32 -20 6 0
30 25 36 0
-42 -36 38 0
-14 31 -17 0
-47 -25 35 0
4 -18 22 0
-34 45 -26 0
-40 47 -3 0
-9 13 3 0
-46 -39 -31 0
26 7 38 0
-36 -30 38 0
-15 19 33 0
33 17 38 0
36 -45 26 0
-19 29 -18 0
22 -15 -46 0
-25 -2 48 0
-17 -40 6 0
-28 29 -38 0
25 34 -37 0
-23 -12 -27 0
-29 7 4 0
24 42 -34 0
-28 -30 38 0
42 14 -24 0
-14 20 32 0
15 33 -1 0
50 2 -50 0
1 -28 -27 0
-40 10 6 0
5 48 -39 0
18 20 6 0
-23 42 25 0
20 12 29 0
12 -21 -20 0
30 40 45 0
18 43 49 0
-44 -46 -43 0
-28 -26 32 0
1 -3 25 0
37 42 47 0
48 -31 10 0
10 -1 -34 0
6 -50 -20 0
23 -3 -50 0
39 3 30 0
44 -50 -17 0
-9 -37 -11 0
-20 -13 6 0
-21 -3 34 0
40 11 39 0
-31 -36 -11 0
10 -28 29 0
24 22 18 0
18 34 -48 0
28 39 16 0
31 30 -10 0
40 -27 20 0
-47 -8 -13 0
-24 -7 -41 0
27 45 24 0
-38 12 -46 0
-27 31 -40 0
-42 6 9 0
-19 -16 -11 0
42 26 -8 0
15 29 -46 0
31 -8 -2 0
32 33 35 0
29 -50 10 0
-34 -38 14 0
-46 41 42 0
3 15 -30 0
-40 -9 33 0
20 -8 12 0
-15 37 21 0
1 19 8 0
-44 -27 17 0
48 11 -16 0
-18 -33 33 0
-9 -19 -24 0
29 28 -1 0
3 47 10 0
34 46 18 0
12 -49 -37 0
40 -17 -39 0
-39 -29 -45 0
-11 33 21 0
-46 -18 -11 0
16 13 23 0
-11 48 6 0
28 -29 16 0
-2 -30 29 0
25 45 23 0
-15 -41 48 0
-28 -26 47 0
-22 10 21 0
-30 29 32 0
-14 23 33 0
31 -7 -31 0
-50 36 -34 0
39 -35 -19 0
42 -41 24 0
-44 -43 12 0
2 8 25 0
-20 -47 14 0
38 -19 -31 0
-16 -33 -5 0
11 -11 3 0
-44 4 44 0
-42 -25 -25 0
-35 -2 -35 0
-26 -8 -37 0
-35 -38 -21 0
-35 47 -44 0
-6 32 6 0
-19 10 34 0
34 29 3 0
31 2 39 0
47 30 -48 0
-4 -39 48 0
-3 26 -21 0
-39 20 16 0
2 39 38 0
-44 -17 -27 0
-6 43 -29 0
-2 -18 -8 0
24 -37 1 0
-8 37 32 0
24 -19 -13 0
43 23 3 0
