c CNF generator v0.9
p cnf 50 287
-6 -21 49 0
-27 3 -3 0
29 14 45 0
-10 49 -33 0
-13 37 4 0
-40 -39 -41 0
-30 2 12 0
-32 22 -7 0
2 3 -4 0
-44 -14 44 0
11 -18 -14 0
-38 -22 -18 0
3 50 20 0
42 -4 -34 0
5 3 23 0
13 -10 -17 0
-9 15 36 0
21 -20 16 0
-42 -1 -7 0
23 -31 40 0
-24 -25 -46 0
-1 -30 -31 0
14 18 36 0
38 4 -26 0
2 8 48 0
40 42 15 0
-10 1 -47 0
-10 28 1 0
38 31 46 0
27 10 9 0
5 40 -4 0
17 35 25 0
-37 -42 -5 0
-3 14 -6 0
49 36 -21 0
36 -30 -40 0
-8 -15 13 0
43 -18 48 0
41 -6 -15 0
-11 21 -2 0
48 3 32 0
-20 -19 32 0
46 -9 3 0
49 28 -18 0
-41 -14 -34 0
34 -6 43 0
12 34 31 0
-33 47 25 0
36 13 -37 0
6 30 10 0
-3 -41 -1 0
46 -2 31 0
2 -35 3 0
11 47 34 0
47 -47 10 0
42 28 -40 0
-18 27 -13 0
10 -12 -8 0
-15 27 -41 0
-49 -40 -47 0
-46 36 44 0
12 -49 9 0
-17 -31 37 0
44 -8 27 0
8 35 40 0
-6 20 13 0
48 31 -15 0
34 -24 16 0
-43 8 -26 0
25 -19 -1 0
-20 -11 33 0
47 -7 -6 0
16 -45 37 0
-24 10 21 0
-25 -19 -37 0
-43 50 34 0
-1 11 -17 0
15 -33 -31 0
-37 -46 -8 0
21 34 -27 0
6 -17 -8 0
1 36 -16 0
36 16 2 0
8 1 -24 0
19 42 -33 0
-6 -36 -14 0
49 7 -1 0
42 -47 28 0
-3 -10 -36 0
-10 -47 40 0
-5 16 31 0
39 11 17 0
40 -5 -37 0
33 8 -16 0
27 -26 40 0
23 26 -47 0
-27 -9 5 0
-9 -26 22 0
-19 32 -47 0
-32 -49 15 0
34 -39 13 0
46 -34 -14 0
33 41 -3 0
-4 -32 -49 0
-38 7 -17 0
26 17 -9 0
50 8 -22 0
-26 -28 -24 0
25 7 40 0
18 -25 -14 0
-14 -45 19 0
-22 38 13 0
7 16 36 0
-16 -42 -18 0
-1 -26 -46 0
17 33 -32 0
-9 -26 23 0
-35 -9 -5 0
16 23 45 0
-13 -50 -36 0
-47 39 -47 0
16 29 27 0
45 -34 -27 0
-37 31 -10 0
10 -43 -18 0
-26 -23 -16 0
28 14 -40 0
45 47 31 0
2 46 10 0
-34 22 21 0
-6 -38 -10 0
-23 49 42 0
-39 -6 -40 0
25 -8 15 0
-50 -31 34 0
33 -20 11 0
11 15 44 0
24 38 -12 0
-5 -10 -2 0
41 -30 13 0
42 13 -15 0
19 20 50 0
-44 -8 -40 0
-46 45 20 0
-30 -26 -29 0
-49 -25 36 0
7 -39 16 0
-16 -19 25 0
50 34 44 0
-2 19 -9 0
2 27 40 0
17 34 -31 0
13 -10 48 0
-8 42 -23 0
16 25 -3 0
21 50 2 0
-5 -43 -49 0
39 50 3 0
-4 -47 -8 0
-34 -4 23 0
9 -46 -13 0
4 34 6 0
-40 -12 -6 0
13 50 4 0
20 -5 -37 0
4 -27 -38 0
-46 39 23 0
-2 -5 41 0
15 17 -6 0
31 -22 -11 0
-20 14 19 0
4 19 -40 0
-6 -16 45 0
-20 -25 -6 0
46 27 -28 0
33 -33 -10 0
31 35 15 0
-38 8 39 0
-7 -17 28 0
14 -32 -9 0
12 19 27 0
35 -7 -9 0
-24 -31 8 0
35 46 -29 0
-50 1 48 0
-15 37 41 0
22 -47 1 0
5 9 -41 0
-24 -46 49 0
40 15 22 0
-33 30 38 0
10 39 -20 0
3 -8 10 0
1 -25 36 0
-18 -1 -11 0
-20 -42 44 0
7 7 4 0
29 -1 -44 0
20 -39 40 0
29 3 48 0
28 -29 2 0
11 1 -34 0
-30 -7 7 0
15 45 -48 0
-41 37 27 0
3 -6 10 0
-20 -30 -16 0
15 -4 -9 0
-23 -44 -40 0
-34 9 21 0
-28 29 -4 0
-2 31 -41 0
45 3 -31 0
-16 -28 36 0
-34 13 38 0
-13 -10 -40 0
-23 -49 21 0
49 48 25 0
-14 -21 -40 0
-29 -24 -46 0
-12 -2 12 0
17 7 -3 0
25 46 38 0
-11 44 48 0
-4 -39 -5 0
47 -34 -35 0
-18 19 -37 0
37 -27 -10 0
-47 -46 -24 0
35 18 29 0
-26 -3 16 0
-42 11 40 0
17 42 50 0
-33 -3 41 0
11 37 -15 0
8 36 49 0
-13 -8 -2 0
50 49 38 0
-36 35 36 0
-50 -40 13 0
-49 -35 -39 0
-23 -41 40 0
4 -43 -40 0
-15 -14 -27 0
-6 -47 3 0
-36 -27 30 0
-8 -15 30 0
-20 -37 18 0
-12 36 33 0
-26 37 -9 0
-31 -49 48 0
49 -49 31 0
-42 48 -21 0
16 34 -22 0
-42 27 35 0
-35 -14 -39 0
40 -21 -21 0
40 -9 25 0
-49 33 -6 0
-3 30 -16 0
24 -37 29 0
-50 -3 25 0
7 -7 -4 0
34 -16 -47 0
-30 44 -26 0
-34 -50 28 0
-22 28 -43 0
-6 9 6 0
47 -3 -49 0
-22 18 -36 0
25 -1 7 0
-7 -6 42 0
-36 -30 -10 0
-37 -45 -20 0
-17 15 38 0
23 -32 25 0
-34 -10 -11 0
39 -46 3 0
34 8 14 0
24 34 -31 0
-6 -42 -10 0
27 27 1 0
34 -35 47 0
8 -35 -36 0
38 44 -30 0
-14 3 25 0
21 -2 31 0
