c CNF generator v0.9
p cnf 50 287
-50 -34 -2 0
24 -9 34 0
-37 35 -13 0
34 28 -45 0
-45 -50 -29 0
16 -14 36 0
45 17 -41 0
-9 -36 -21 0
-34 -27 7 0
41 40 40 0
29 8 -20 0
40 49 -21 0
-12 -15 2 0
44 3 42 0
4 -9 -18 0
40 25 -6 0
18 17 37 0
20 -1 -39 0
-26 16 -41 0
9 35 -31 0
-15 -1 12 0
24 41 -38 0
-44 -12 2 0
-25 30 19 0
-22 9 -24 0
22 -13 50 0
44 -18 48 0
-26 -19 -2 0
-47 -30 48 0
-5 37 4 0
-22 -40 25 0
-43 -31 -44 0
10 -15 -37 0
30 5 -39 0
24 -16 27 0
23 12 41 0
47 39 -49 0
10 -47 -26 0
-49 19 13 0
-5 10 33 0
-12 -3 12 0
-10 36 -28 0
21 -22 11 0
25 40 -41 0
-31 19 -26 0
7 46 41 0
-47 -31 41 0
-31 -21 -14 0
-7 -31 -35 0
45 -30 -40 0
-11 -18 16 0
44 -35 -31 0
-8 -43 39 0
-19 -35 -48 0
48 -27 50 0
19 -7 -49 0
-9 -33 -32 0
-19 -3 10 0
-19 -25 48 0
17 -2 45 0
-2 -23 -26 0
-40 -39 -5 0
39 45 -39 0
-43 -17 -37 0
-29 -34 19 0
19 -27 7 0
33 40 -33 0
-5 32 -5 0
-27 -18 29 0
50 -8 30 0
-39 -7 9 0
38 -38 3 0
18 36 32 0
-15 -47 -9 0
-30 -40 28 0
35 -21 35 0
33 -7 -31 0
32 -34 -1 0
21 -33 -32 0
-13 46 -24 0
5 -22 47 0
-11 11 5 0
48 -41 -35 0
-19 -35 3 0
3 -13 29 0
-17 -38 -30 0
36 -1 -49 0
35 21 2 0
-32 -24 47 0
-37 46 -6 0
11 -35 -7 0
32 -47 -33 0
-22 -33 -36 0
9 50 37 0
-46 -25 34 0
5 -29 -20 0
-45 -33 -38 0
17 -3 20 0
18 30 41 0
40 46 37 0
-27 37 6 0
18 11 -40 0
17 31 42 0
35 47 17 0
26 1 29 0
-44 -27 -7 0
20 49 -13 0
-36 14 -44 0
-6 21 -45 0
16 6 39 0
-38 43 10 0
-34 -22 -49 0
-32 36 22 0
29 4 -8 0
-14 41 -35 0
40 -45 -44 0
-14 23 -38 0
24 -30 -47 0
-18 42 48 0
-9 39 -22 0
1 16 18 0
50 -5 -26 0
-30 -19 21 0
-49 16 -22 0
-27 30 -31 0
-33 13 22 0
14 -19 -44 0
47 35 -45 0
24 -7 -26 0
-47 -19 -26 0
50 9 -2 0
-43 -18 6 0
29 -15 -18 0
-44 28 27 0
-12 -45 -38 0
8 -1 -14 0
32 -6 24 0
-47 1 10 0
-37 -29 -36 0
-48 3 27 0
-40 -35 30 0
11 14 -34 0
-36 -19 -17 0
-17 -44 -27 0
32 48 2 0
45 -19 40 0
33 -42 -36 0
-24 -21 22 0
39 -15 36 0
6 8 -50 0
41 -20 37 0
46 49 48 0
-8 -47 6 0
24 -34 -10 0
43 41 -35 0
30 -48 -30 0
-29 -4 -3 0
-49 44 -36 0
-41 -3 -39 0
-45 19 -22 0
-32 8 -50 0
37 14 -4 0
7 20 34 0
-12 18 3 0
10 -2 9 0
-49 28 -19 0
-34 -17 31 0
49 47 26 0
48 -21 -21 0
2 -11 -38 0
40 16 -21 0
14 -12 18 0
-50 31 -22 0
-49 -26 -14 0
11 24 -31 0
4 -24 35 0
45 -10 28 0
-44 -5 -37 0
34 31 44 0
-5 -9 -29 0
-21 13 25 0
48 21 14 0
-14 -50 30 0
-37 33 -46 0
34 -3 3 0
-41 -45 18 0
-12 35 -10 0
-17 9 -8 0
-34 -24 28 0
6 15 -36 0
3 -47 31 0
-14 -15 -48 0
-12 4 14 0
5 46 -50 0
46 -31 -21 0
37 -27 3 0
-22 -38 -2 0
-47 19 29 0
-5 -45 49 0
-29 3 -7 0
-23 -31 -32 0
42 -47 28 0
40 18 -50 0
8 46 -38 0
-32 46 19 0
-17 12 -29 0
-27 38 -3 0
13 -50 37 0
-4 38 46 0
-43 33 27 0
18 -44 -34 0
-28 20 50 0
22 -39 -4 0
10 35 -12 0
27 -48 40 0
42 39 12 0
-5 9 -19 0
-32 18 25 0
28 24 48 0
31 27 -50 0
-47 12 7 0
-38 -18 5 0
-47 -5 -42 0
21 25 5 0
30 -7 -22 0
40 13 -16 0
14 -29 -12 0
1 -15 -34 0
-13 26 23 0
8 23 -47 0
32 8 -15 0
47 40 37 0
-3 -12 27 0
-49 3 26 0
-35 -5 7 0
-50 -35 21 0
26 20 44 0
-11 -36 -3 0
13 -12 48 0
-38 -47 -39 0
23 -27 -29 0
-36 14 13 0
-21 -49 -16 0
-15 11 -39 0
-18 -4 11 0
50 42 30 0
-43 43 -33 0
-25 -35 -13 0
-35 -47 32 0
-36 3 17 0
18 -11 35 0
-6 8 40 0
32 28 36 0
-31 33 -46 0
19 39 -19 0
-50 41 -27 0
32 11 13 0
-12 -42 9 0
-30 5 35 0
-50 -36 14 0
-33 -30 -40 0
-50 -43 50 0
15 32 46 0
21 -32 -39 0
-22 -28 -37 0
-13 -40 6 0
35 -12 13 0
-22 -15 4 0
30 26 13 0
-29 -4 -42 0
-1 40 -18 0
-41 -7 -5 0
-24 3 -9 0
-46 -50 37 0
-17 5 -8 0
49 19 24 0
-45 -48 -12 0
-9 -5 -17 0
11 14 -41 0
-20 14 27 0
5 11 -1 0
-50 -39 12 0
-14 -43 -31 0
-5 -10 37 0
48 21 33 0
15 29 11 0
45 6 38 0
