c CNF generator v0.9
p cnf 50 287
-39 -37 32 0
-34 23 -39 0
-24 -40 46 0
24 -8 10 0
-42 7 -28 0
-44 -24 25 0
9 23 -6 0
37 32 -3 0
-45 37 47 0
-19 34 32 0
32 27 44 0
-10 35 -11 0
-13 35 30 0
13 16 -33 0
-48 4 28 0
25 -13 -29 0
-36 -10 -46 0
5 37 -4 0
-33 -8 -44 0
25 -37 26 0
28 -26 39 0
-20 47 -40 0
-2 -24 -18 0
-18 -36 36 0
-45 -24 -8 0
25 13 -49 0
11 36 42 0
6 -21 42 0
-50 35 -43 0
-46 -49 45 0
-25 11 -3 0
48 11 -47 0
33 -26 -24 0
25 24 37 0
-15 25 21 0
-49 -45 -41 0
-23 14 42 0
26 5 -5 0
40 18 10 0
50 -32 -6 0
-13 -12 -34 0
-34 -42 8 0
40 46 20 0
-46 -33 -28 0
48 -2 -42 0
-11 21 -29 0
41 -18 39 0
42 -36 21 0
-27 23 38 0
50 -19 -25 0
11 -14 -30 0
-50 18 2 0
47 -38 -32 0
47 10 -14 0
7 -42 5 0
24 16 40 0
31 -49 -39 0
6 -35 -25 0
-35 -21 -48 0
-14 29 10 0
-1 25 -33 0
-29 2 15 0
-35 -1 -12 0
-29 -35 -10 0
25 -25 8 0
-12 -10 -46 0
-13 -4 25 0
36 12 -44 0
16 4 18 0
-11 -5 -35 0
5 -40 -47 0
44 26 34 0
-23 -5 -34 0
-1 -26 -30 0
-6 -38 -27 0
1 50 -28 0
-12 -40 -24 0
7 12 23 0
-5 50 -20 0
-33 31 23 0
-47 26 13 0
11 21 16 0
15 8 34 0
-4 46 -24 0
39 -7 49 0
35 -49 16 0
-32 41 29 0
-30 -32 35 0
26 -50 42 0
-22 2 48 0
26 -7 16 0
5 29 41 0
41 32 35 0
-49 -28 23 0
5 -24 -35 0
16 19 43 0
-21 47 14 0
4 10 13 0
-31 36 7 0
14 -43 41 0
-43 -37 -22 0
-21 -2 23 0
-19 46 45 0
26 -16 -19 0
20 -5 -18 0
-25 -10 41 0
24 -34 33 0
34 -34 -3 0
-38 43 26 0
23 22 -32 0
-8 47 -12 0
40 -21 -25 0
-33 -34 -29 0
28 7 -18 0
-35 -40 35 0
-5 -44 26 0
34 39 21 0
11 44 -13 0
-10 -24 -13 0
-44 -34 -19 0
6 -14 1 0
28 -3 -48 0
-43 -46 12 0
-24 -17 44 0
-29 21 -21 0
-14 -13 -25 0
-3 -13 4 0
5 -31 -30 0
50 -46 -23 0
16 46 13 0
39 -41 -25 0
-15 11 4 0
-24 21 14 0
2 -36 5 0
38 32 -28 0
13 33 -43 0
9 46 -31 0
-48 26 -37 0
-49 29 -39 0
21 1 25 0
-4 -50 37 0
31 31 -36 0
-14 -7 9 0
23 -32 -34 0
-47 20 22 0
-48 -1 -15 0
33 -24 15 0
-6 -6 48 0
40 29 13 0
17 23 -17 0
32 -41 26 0
3 15 -44 0
42 -26 -10 0
-32 20 7 0
24 -12 43 0
15 -7 -14 0
39 -46 45 0
1 4 8 0
32 43 30 0
-22 13 37 0
-20 28 9 0
1 10 6 0
7 13 47 0
-20 -8 -39 0
-5 -17 -34 0
39 31 16 0
-34 -36 -22 0
15 -5 28 0
-24 -6 40 0
49 -37 50 0
-45 -25 11 0
-48 -25 7 0
34 5 11 0
16 41 -38 0
34 38 9 0
17 -16 -32 0
33 23 3 0
-23 -3 5 0
43 -44 -3 0
-13 -44 -34 0
17 -29 -49 0
47 -42 23 0
-4 13 -30 0
-27 16 16 0
6 19 -50 0
-10 6 -7 0
43 4 -11 0
20 48 -31 0
-26 49 7 0
-17 -31 42 0
-20 -21 -48 0
-35 31 -35 0
25 14 -2 0
11 -36 -20 0
-44 -48 34 0
-46 30 -13 0
48 -27 17 0
8 -29 34 0
-13 -10 -42 0
-27 -16 -39 0
-36 40 -38 0
30 19 3 0
28 50 -39 0
-15 -19 -49 0
20 6 50 0
-33 16 27 0
6 41 -12 0
46 -12 -14 0
34 29 -7 0
-17 -39 19 0
18 -50 -39 0
-21 -18 7 0
42 -37 -5 0
41 -16 -2 0
36 42 -35 0
50 43 44 0
2 -25 19 0
-42 -24 -44 0
6 13 20 0
-35 -44 -42 0
-1 32 -11 0
11 -10 -7 0
-29 -41 -23 0
33 -49 32 0
-32 18 -44 0
-50 5 18 0
10 47 12 0
-27 -37 8 0
-38 -33 -47 0
20 35 -21 0
-44 47 4 0
-30 -30 -34 0
-39 -42 22 0
-12 -12 -22 0
-34 -15 -45 0
-1 43 35 0
-2 37 -5 0
-39 22 -41 0
40 -22 30 0
-6 -20 -13 0
-34 43 -27 0
-17 -46 -21 0
-43 5 -30 0
-12 10 40 0
37 2 -47 0
47 25 45 0
-25 9 17 0
-36 -10 12 0
44 35 1 0
9 -1 -27 0
19 -47 48 0
43 -47 -17 0
18 -29 4 0
-25 40 -25 0
-21 -5 -27 0
-13 20 22 0
13 -44 23 0
1 -48 8 0
39 -15 -45 0
26 -6 -22 0
-41 -16 6 0
33 21 -33 0
15 -29 -18 0
2 39 3 0
-37 -16 10 0
-27 -24 7 0
40 10 -21 0
-42 25 47 0
-11 -41 -28 0
-50 -47 28 0
7 17 26 0
-13 -4 16 0
-45 3 -49 0
-27 44 3 0
-16 -43 37 0
1 25 -46 0
34 28 1 0
-36 29 43 0
11 25 -50 0
3 -20 -7 0
-18 23 8 0
-3 43 -32 0
25 26 -26 0
-38 -35 -33 0
24 -47 48 0
-38 -23 46 0
-50 -45 -18 0
