c CNF generator v0.9
p cnf 50 287
39 1 40 0
41 40 7 0
34 -32 15 0
21 -28 -44 0
-16 31 -15 0
-13 28 21 0
-28 -40 -28 0
33 40 -4 0
4 -44 14 0
33 36 46 0
-29 29 -47 0
31 49 35 0
46 -33 32 0
41 47 25 0
32 -43 -44 0
-18 8 5 0
36 35 -14 0
24 -11 23 0
-30 24 -42 0
21 -46 -19 0
5 30 -33 0
-4 43 -17 0
31 36 -24 0
-50 43 -12 0
37 12 -8 0
-8 -29 8 0
16 18 17 0
-26 -50 3 0
33 -21 28 0
44 11 -7 0
29 31 -20 0
39 18 46 0
-2 42 -46 0
-46 -5 34 0
-5 -15 7 0
10 21 9 0
11 36 -5 0
28 1 -44 0
-8 -27 2 0
-1 42 -18 0
43 18 45 0
-41 38 -1 0
9 -5 -30 0
11 4 -26 0
-34 -12 6 0
12 -37 -45 0
7 -34 -40 0
24 2 22 0
-9 9 32 0
-28 44 -49 0
12 31 -38 0
22 44 2 0
-27 -3 -46 0
50 -47 27 0
-22 31 -15 0
-4 38 31 0
26 27 -29 0
46 -35 -12 0
49 19 35 0
34 -14 -15 0
1 -17 18 0
7 40 38 0
18 10 29 0
-33 44 -25 0
15 6 32 0
-41 -34 46 0
25 33 2 0
-13 44 35 0
-38 46 -30 0
9 1 5 0
47 -8 -3 0
-45 10 20 0
-46 -48 21 0
21 -30 28 0
29 -4 -46 0
27 -32 -23 0
-22 18 2 0
-20 -11 -15 0
2 23 15 0
-46 11 -38 0
-48 24 -33 0
-5 -3 -49 0
47 -16 -44 0
-18 11 43 0
48 38 -30 0
-37 -5 -22 0
-16 -40 11 0
33 -13 -24 0
39 37 26 0
-37 -23 -13 0
32 18 -10 0
-23 24 -3 0
13 12 -45 0
41 8 38 0
13 -40 29 0
48 27 -8 0
-42 -2 32 0
-22 19 37 0
-20 36 -38 0
-17 39 -18 0
-34 -13 24 0
4 49 -34 0
-39 -24 -25 0
-46 3 -48 0
-17 -17 23 0
33 -8 21 0
34 20 29 0
23 11 -24 0
-21 28 16 0
-20 -13 24 0
20 50 40 0
-26 31 -17 0
-45 -14 32 0
19 20 -21 0
9 -1 5 0
43 -43 -30 0
-34 44 -7 0
21 -1 34 0
-33 11 -27 0
-35 21 -24 0
28 38 6 0
29 41 1 0
47 -37 47 0
-47 39 27 0
8 36 6 0
4 20 -14 0
22 13 -48 0
37 -12 -21 0
-31 22 38 0
-32 -17 8 0
17 14 -25 0
-15 19 -13 0
-27 -18 -13 0
-24 1 3 0
25 37 15 0
29 25 -30 0
-2 -12 -6 0
41 48 40 0
-10 41 -45 0
-28 -18 -43 0
-43 -21 12 0
6 -45 44 0
-48 -19 -47 0
23 27 -21 0
27 7 -43 0
-31 49 -24 0
3 -19 4 0
-11 -9 -50 0
27 -35 31 0
43 13 -26 0
46 -48 -47 0
-34 -6 -33 0
-20 37 -2 0
-50 -5 -30 0
-25 -46 3 0
-13 -19 -29 0
-13 15 14 0
-44 2 -38 0
37 40 17 0
8 -11 23 0
47 10 -4 0
-7 -30 -29 0
35 -50 -28 0
-8 -5 24 0
9 -15 -12 0
33 43 -17 0
27 -39 -39 0
42 8 -28 0
-42 -39 -35 0
5 13 -9 0
-22 -9 14 0
-46 -28 40 0
44 45 50 0
16 -9 1 0
44 -13 4 0
-41 -7 42 0
-42 47 1 0
-41 41 44 0
11 -30 -25 0
-23 29 35 0
-17 -23 39 0
-21 -15 34 0
13 -17 -45 0
28 38 -43 0
37 22 24 0
-50 -24 36 0
-18 28 -20 0
-45 40 -16 0
9 9 39 0
-48 22 -2 0
-9 23 14 0
8 48 -2 0
12 -43 -35 0
-33 3 -10 0
40 -38 -17 0
-12 42 49 0
-15 -42 46 0
13 9 -48 0
-41 30 -39 0
7 24 -20 0
-47 11 42 0
47 -35 4 0
-35 50 39 0
-33 28 -26 0
37 -18 -34 0
31 -35 -41 0
-25 32 9 0
-20 42 -1 0
18 26 -30 0
-13 -12 -19 0
13 -6 -40 0
29 20 -1 0
-37 34 23 0
29 -1 -30 0
-34 32 39 0
-31 27 42 0
-21 13 19 0
25 24 -12 0
-40 17 -41 0
3 -13 18 0
-38 31 4 0
-16 3 9 0
15 46 -14 0
-30 23 20 0
16 -16 -7 0
16 -39 27 0
18 34 34 0
37 13 17 0
5 -32 27 0
33 -44 -12 0
-47 -4 16 0
-3 -25 11 0
-27 33 -41 0
20 -50 32 0
-15 7 -38 0
27 32 6 0
8 48 15 0
11 40 -43 0
44 16 4 0
2 -14 -1 0
-6 41 -4 0
-37 -50 31 0
-1 -15 1 0
23 -38 -17 0
45 28 -17 0
10 -8 24 0
-7 8 -44 0
-26 23 -31 0
27 45 44 0
-44 49 -14 0
24 47 28 0
-20 -16 1 0
39 32 -2 0
36 5 -9 0
-6 -15 -45 0
15 27 37 0
-24 -10 36 0
-6 5 -30 0
-39 43 15 0
29 36 17 0
-47 45 34 0
25 46 31 0
23 -2 14 0
50 36 -47 0
-39 -19 14 0
40 49 29 0
38 -46 -11 0
-31 -36 2 0
-11 17 -4 0
24 -32 -29 0
-41 -15 -28 0
-37 -4 -45 0
17 36 -41 0
29 46 -9 0
23 38 8 0
27 -12 11 0
11 40 43 0
26 8 10 0
12 -1 -4 0
-42 -27 32 0
11 48 -46 0
-33 14 2 0
25 46 -12 0
-46 29 -29 0
25 29 -12 0
31 20 -18 0
14 24 21 0
