c CNF generator v0.9
p cnf 50 287
-28 16 -27 0
7 28 38 0
-10 -19 42 0
-50 -45 -49 0
-27 9 49 0
41 19 -8 0
-26 -31 29 0
44 24 45 0
5 -9 9 0
-22 -13 19 0
-18 -16 14 0
-36 31 -18 0
-12 32 -26 0
-28 -49 23 0
16 -45 14 0
-12 42 -33 0
-41 38 -42 0
-49 6 -18 0
-46 -29 -24 0
-9 -15 -13 0
-26 9 -14 0
36 15 13 0
-31 -24 18 0
35 29 -24 0
14 -38 -12 0
14 13 5 0
46 -34 -5 0
23 -40 10 0
-48 -41 48 0
-50 -39 -13 0
49 -13 -30 0
7 -25 -41 0
-27 48 46 0
-9 36 25 0
21 -35 -29 0
-49 -47 -29 0
20 34 40 0
5 2 37 0
-31 36 -5 0
19 2 37 0
21 41 -35 0
-50 6 7 0
21 -12 11 0
-8 -33 13 0
4 31 12 0
-30 -46 -37 0
-11 -27 48 0
-17 34 -36 0
-42 17 13 0
-26 2 -28 0
36 14 -30 0
-12 35 -47 0
6 18 -3 0
15 -41 11 0
-46 3 11 0
-20 -32 -1 0
35 -42 -2 0
12 27 5 0
29 49 -19 0
-43 -20 40 0
-43 29 -2 0
21 27 10 0
42 -34 -20 0
-26 29 -6 0
43 -34 5 0
-9 17 48 0
40 -30 -10 0
-38 17 -7 0
2 8 41 0
34 -31 19 0
-10 22 -10 0
-44 49 35 0
-12 39 26 0
9 -9 -33 0
37 28 -17 0
25 29 -13 0
8 11 8 0
-20 -22 47 0
16 -30 7 0
26 -43 -18 0
34 35 -34 0
20 49 49 0
-17 16 -29 0
11 5 24 0
11 42 -38 0
-37 49 3 0
-16 -11 30 0
-15 -24 37 0
-11 27 45 0
39 26 -6 0
49 -39 40 0
-23 8 -40 0
26 19 -28 0
-13 -50 30 0
20 -25 38 0
18 22 -27 0
-10 -28 22 0
37 7 19 0
46 33 18 0
19 -15 17 0
-13 -50 40 0
-35 42 32 0
2 18 46 0
8 -14 19 0
-27 -1 -25 0
-1 10 -5 0
25 -26 42 0
37 -3 -38 0
22 -28 -16 0
7 -7 -7 0
-48 -42 -12 0
36 29 -41 0
-35 16 37 0
-23 37 4 0
28 11 -49 0
-44 46 8 0
37 -3 7 0
4 33 35 0
-27 20 -1 0
42 -49 44 0
24 45 -46 0
8 4 8 0
43 50 -12 0
47 -1 -48 0
45 46 46 0
-31 50 26 0
-33 2 12 0
14 42 -42 0
-22 1 33 0
17 -6 -41 0
29 12 19 0
-33 49 8 0
-11 30 -32 0
-50 -27 -8 0
-20 -22 -36 0
-43 8 49 0
16 -45 -4 0
18 19 -49 0
-27 10 13 0
11 -15 -44 0
-16 10 -11 0
18 -42 22 0
-32 41 -5 0
41 -18 47 0
1 33 -44 0
1 -21 33 0
-39 15 -6 0
-46 -22 37 0
18 45 48 0
10 -40 -17 0
21 45 -29 0
-37 -41 -33 0
48 24 -39 0
-13 -44 29 0
29 -17 -6 0
-44 3 -42 0
-30 -9 19 0
3 -32 -26 0
-5 2 14 0
38 3 -40 0
13 -45 -2 0
-34 -23 -24 0
46 -27 41 0
33 -50 18 0
-15 -20 -25 0
29 -11 47 0
-15 9 -19 0
8 -28 44 0
-10 20 41 0
38 17 -22 0
-3 -7 -12 0
49 34 43 0
-40 -3 23 0
11 33 -8 0
-2 16 -24 0
-33 -3 -12 0
34 48 11 0
41 11 -18 0
-44 20 -10 0
-38 11 -6 0
45 -40 18 0
-7 48 -33 0
49 -10 7 0
-25 -43 4 0
-4 23 20 0
-40 -27 28 0
-1 40 9 0
-30 -18 26 0
-28 40 5 0
-49 -40 19 0
-33 2 -48 0
4 2 22 0
39 -30 -23 0
-46 6 -6 0
32 49 26 0
28 18 -3 0
-4 45 29 0
41 -22 39 0
-17 -42 -16 0
-17 42 2 0
-13 8 15 0
-21 40 -36 0
15 -23 -43 0
-47 44 -41 0
19 -30 -44 0
50 12 25 0
-4 -21 45 0
-32 -47 -2 0
-45 37 50 0
-1 37 -18 0
3 37 7 0
18 -19 48 0
4 48 -19 0
-44 -11 -27 0
-15 15 -24 0
26 5 -19 0
1 -40 -50 0
-2 -11 -43 0
23 -47 -47 0
13 -46 -23 0
-37 5 -24 0
16 -14 -30 0
-41 36 42 0
-9 -33 -11 0
45 16 -48 0
43 7 48 0
-33 30 -42 0
-40 -29 39 0
-40 -11 28 0
-20 -8 11 0
-7 7 -3 0
21 28 -17 0
-15 5 -48 0
23 -6 1 0
-43 -30 -27 0
-39 49 -33 0
-39 -26 40 0
-1 -9 25 0
-20 -24 43 0
-6 24 -49 0
2 -15 8 0
25 -47 -7 0
-7 -2 -12 0
-31 -32 38 0
25 -10 45 0
3 -47 4 0
29 -29 16 0
-14 31 22 0
-43 11 45 0
-25 22 38 0
46 -41 -39 0
-5 -11 17 0
7 -44 9 0
23 25 -22 0
-25 -46 13 0
10 22 43 0
-9 2 16 0
11 2 -28 0
-40 4 4 0
-17 -14 -16 0
-43 -42 40 0
-12 -22 -16 0
40 -5 50 0
-7 -44 -13 0
-46 -47 -30 0
19 12 31 0
-4 48 -42 0
-31 48 -17 0
6 -13 35 0
29 -42 -1 0
44 -34 -42 0
-47 40 38 0
-7 16 9 0
32 -33 -29 0
-36 7 -19 0
38 5 10 0
34 14 41 0
10 18 -26 0
-1 32 -40 0
47 -49 -45 0
-8 33 -15 0
23 9 -4 0
-28 36 -44 0
45 36 32 0
4 20 -15 0
22 -11 7 0
22 16 -31 0
