c CNF generator v0.9
p cnf 50 287
-39 -24 -29 0
-43 4 43 0
37 -22 6 0
32 18 -44 0
10 5 -32 0
14 -15 -38 0
-21 -48 25 0
-45 -9 27 0
3 -4 -25 0
35 -28 -44 0
8 34 -13 0
-2 -30 -4 0
24 33 -28 0
-16 50 1 0
-43 -21 24 0
-45 -8 34 0
36 -34 -22 0
47 -2 -16 0
27 30 -14 0
45 49 -17 0
30 2 34 0
-20 -28 8 0
-16 2 -20 0
31 20 -2 0
-31 -50 19 0
-10 -16 -26 0
-23 -27 31 0
28 -49 48 0
-34 -24 -9 0
7 47 44 0
25 19 -29 0
-20 44 7 0
24 46 -3 0
26 30 -36 0
10 -37 5 0
-48 40 -19 0
-26 4 -45 0
-30 -31 23 0
50 24 -32 0
-48 -30 -24 0
36 -29 19 0
-26 -31 37 0
2 -1 16 0
-17 37 -36 0
21 50 -42 0
-39 40 21 0
5 49 -48 0
-13 -32 -18 0
18 -47 47 0
-13 -16 -33 0
43 -40 -43 0
-45 -4 32 0
-26 38 30 0
-47 -12 -27 0
-12 -32 15 0
31 -43 32 0
-30 4 -34 0
26 -35 23 0
-5 7 -38 0
37 45 48 0
-48 38 20 0
-45 -45 42 0
-48 11 -11 0
36 23 11 0
-36 -8 12 0
-36 -4 -50 0
-44 28 -42 0
-18 17 18 0
-43 40 -40 0
-35 -41 -50 0
38 39 7 0
-9 -45 23 0
45 34 7 0
-23 -22 49 0
7 -6 -30 0
38 -50 -34 0
5 -5 35 0
47 -30 40 0
-5 10 20 0
45 -13 -34 0
23 -49 2 0
29 -42 -40 0
-9 -41 -9 0
50 -33 -42 0
-49 -22 -42 0
28 -44 43 0
-32 -34 10 0
48 35 -22 0
-20 16 27 0
21 24 2 0
-24 -39 -42 0
-8 13 -40 0
-39 -21 42 0
49 41 24 0
45 43 -39 0
21 1 16 0
13 44 30 0
33 47 45 0
-49 47 10 0
48 23 25 0
-25 34 21 0
-47 -27 -15 0
-35 -22 36 0
-40 30 3 0
39 -26 -1 0
-12 28 -33 0
-36 -15 -19 0
-31 15 39 0
-18 16 20 0
8 14 -38 0
16 38 -8 0
5 -35 -35 0
28 2 50 0
-15 3 31 0
17 -23 -2 0
16 9 -5 0
24 40 47 0
6 -50 -36 0
-5 32 35 0
10 20 -47 0
-39 46 27 0
44 -45 20 0
-38 46 -43 0
31 13 17 0
9 -15 -6 0
5 15 6 0
18 25 15 0
-28 -18 46 0
37 32 -24 0
1 -31 37 0
8 -31 -11 0
-8 28 40 0
-26 -26 3 0
44 -3 -32 0
22 31 15 0
30 23 -42 0
20 46 -42 0
-16 -29 5 0
-7 27 32 0
-31 -30 26 0
-16 15 17 0
-32 20 -27 0
-22 19 -12 0
50 30 12 0
-14 -32 -47 0
-1 1 -32 0
-10 -20 -33 0
49 -47 12 0
11 29 9 0
37 23 -6 0
37 -45 16 0
-15 -26 -24 0
33 -5 34 0
35 29 -13 0
46 -36 -18 0
-9 19 -45 0
13 -4 -2 0
-17 45 47 0
37 -4 7 0
43 -24 -38 0
-38 24 28 0
-14 -12 41 0
-16 38 46 0
16 5 -22 0
49 -45 44 0
-33 15 -43 0
-32 -48 44 0
-40 -39 10 0
-46 -18 16 0
15 27 -35 0
46 15 33 0
26 1 -48 0
-40 9 -32 0
-29 -31 -11 0
5 -29 12 0
-32 1 -1 0
-50 9 8 0
34 -6 26 0
35 7 -22 0
-43 -10 43 0
44 -1 -44 0
21 -23 -42 0
-4 -41 20 0
35 2 19 0
-21 -14 16 0
-16 -43 -48 0
15 30 -1 0
-35 35 -35 0
49 38 10 0
36 -46 -6 0
-40 13 34 0
-17 46 -50 0
46 -6 -4 0
9 -18 49 0
-30 -30 -15 0
-11 14 -9 0
20 -26 -26 0
26 -46 33 0
-46 23 -47 0
-13 -24 39 0
38 45 23 0
-38 1 44 0
28 -16 -12 0
38 3 12 0
-2 -12 -39 0
44 -9 -6 0
-21 28 41 0
23 34 41 0
-36 23 29 0
20 1 -13 0
39 -46 -4 0
-17 -22 -48 0
-43 18 -28 0
36 50 -32 0
-33 -30 39 0
-40 37 -26 0
8 49 -13 0
16 17 11 0
-9 -28 16 0
-46 46 -5 0
35 24 42 0
-40 -2 16 0
-27 34 2 0
21 -12 44 0
32 7 -36 0
-22 15 7 0
-36 -3 31 0
13 -7 35 0
43 -14 -15 0
41 -38 -12 0
50 32 39 0
-49 8 -1 0
12 -27 -25 0
47 -4 -8 0
-15 -2 -38 0
37 42 -50 0
-14 46 44 0
5 -14 -34 0
37 27 41 0
-29 -1 20 0
12 -37 39 0
25 42 16 0
-8 -7 37 0
15 49 12 0
-30 1 -27 0
34 8 -22 0
-28 -37 9 0
-21 -7 38 0
32 34 -9 0
31 38 -38 0
-1 17 22 0
-11 3 25 0
-12 -19 8 0
-45 29 43 0
-33 5 -37 0
-36 10 8 0
-36 25 16 0
-7 16 6 0
30 31 -26 0
-26 -20 -25 0
37 -1 -9 0
49 21 -18 0
40 -2 -15 0
40 -39 39 0
24 47 34 0
-47 4 33 0
-10 3 47 0
40 50 -16 0
13 33 39 0
-32 -45 10 0
20 -13 -34 0
-40 -36 -50 0
-26 -27 -40 0
26 47 3 0
-27 39 2 0
33 15 -7 0
23 -24 2 0
-9 5 -3 0
-33 -22 -12 0
36 -26 -3 0
7 4 -13 0
-35 49 23 0
22 10 -17 0
28 -15 5 0
-6 -44 -29 0
-15 -34 -19 0
-28 -8 29 0
