c CNF generator v0.9
p cnf 50 287
-29 31 -27 0
-22 20 7 0
45 48 35 0
-45 20 -1 0
16 2 -27 0
9 -9 9 0
-1 -47 -11 0
8 40 -39 0
24 46 -27 0
16 21 32 0
46 -19 -30 0
35 -5 -2 0
45 50 22 0
-48 17 28 0
25 -15 47 0
22 -32 -34 0
47 10 36 0
41 24 38 0
15 21 -19 0
9 -45 -14 0
5 -14 13 0
-33 34 -24 0
14 -21 -41 0
3 -1 7 0
2 44 18 0
-30 29 -16 0
36 -11 49 0
-19 -13 16 0
2 -13 43 0
-26 -44 3 0
-28 -10 35 0
-29 -45 -35 0
43 35 41 0
-3 15 -41 0
12 41 -24 0
-39 43 -16 0
38 23 41 0
26 -50 -44 0
-14 -10 -46 0
47 -20 -6 0
15 -46 -26 0
49 -25 31 0
15 -35 -26 0
26 -24 24 0
13 -39 42 0
27 17 -32 0
8 37 -32 0
30 -35 38 0
7 -49 -32 0
6 -14 27 0
-36 -33 6 0
-13 -23 9 0
37 -24 -45 0
11 31 21 0
-26 -29 11 0
-1 -10 36 0
15 -27 -35 0
-16 -39 39 0
-12 -47 12 0
38 45 -10 0
2 35 42 0
32 -42 16 0
-18 13 26 0
9 -15 30 0
-44 -46 -10 0
-18 -43 -29 0
-38 34 22 0
-39 46 32 0
-8 18 -44 0
-19 -3 -11 0
-41 -36 -4 0
43 -40 31 0
-41 -32 39 0
-44 46 -50 0
-10 26 19 0
-39 15 39 0
21 -29 -39 0
-37 1 22 0
-48 46 5 0
-27 23 -18 0
-14 22 10 0
16 11 19 0
-20 34 -41 0
29 -8 15 0
1 9 -12 0
-47 30 15 0
9 38 -44 0
-11 20 -23 0
6 -17 35 0
-37 50 50 0
20 12 14 0
4 9 -50 0
48 27 -19 0
-42 -12 39 0
-33 17 40 0
-37 -5 -4 0
-12 -46 -7 0
-46 -32 17 0
39 -37 11 0
-21 -6 -49 0
-40 -1 45 0
26 -22 9 0
-10 45 -7 0
13 39 41 0
-12 -8 48 0
24 -33 24 0
-9 47 29 0
-18 -38 43 0
19 50 -41 0
-20 -5 41 0
37 1 47 0
-31 30 -28 0
24 -11 7 0
45 -44 48 0
-32 17 16 0
34 -26 -10 0
38 -19 50 0
-42 -17 16 0
-31 9 12 0
18 33 -16 0
42 -44 27 0
15 35 -48 0
14 4 22 0
-9 31 -34 0
-42 -20 40 0
-7 -4 50 0
-35 -21 49 0
-17 -23 7 0
11 -10 -15 0
-35 3 45 0
-44 -13 30 0
-48 47 -38 0
22 -12 -7 0
13 -15 9 0
24 -1 37 0
1 -5 26 0
-12 -34 -47 0
-26 44 -37 0
-40 35 -3 0
30 -37 -38 0
-6 -36 34 0
2 -39 -33 0
-46 -6 -21 0
20 43 49 0
19 15 2 0
14 -5 32 0
-39 -22 49 0
-20 -7 12 0
4 37 9 0
40 -19 -10 0
25 48 -48 0
-17 19 41 0
-20 7 46 0
-41 26 -30 0
20 14 42 0
-17 31 5 0
15 -47 -1 0
16 19 -30 0
-15 5 -33 0
31 -11 -6 0
29 -42 -33 0
45 -26 28 0
15 2 -37 0
47 13 -33 0
37 -32 35 0
-4 14 -16 0
-23 -30 -31 0
-36 -42 -17 0
-8 13 -23 0
5 -15 15 0
8 21 -9 0
3 -30 19 0
-20 25 26 0
3 18 -50 0
25 18 21 0
-24 38 15 0
38 -42 -40 0
25 49 12 0
-17 1 -42 0
41 -43 15 0
-43 -7 44 0
-33 -32 25 0
-28 -43 33 0
10 22 -33 0
-4 -28 -20 0
-33 -41 25 0
-1 42 48 0
-45 -13 33 0
-25 -19 48 0
7 49 40 0
-17 -49 11 0
-10 -23 -19 0
-40 -46 35 0
-6 30 8 0
-2 48 -22 0
-45 40 16 0
-21 25 -43 0
11 40 40 0
-23 -42 29 0
44 -12 30 0
31 -7 2 0
5 -11 20 0
-43 -19 21 0
17 9 48 0
39 11 38 0
40 22 -40 0
8 41 -35 0
12 -20 22 0
-47 -29 -37 0
42 -8 -6 0
30 -43 3 0
50 16 -39 0
-9 19 -35 0
24 -6 -14 0
48 31 27 0
-41 26 44 0
15 29 -34 0
-44 -37 -8 0
-38 34 -41 0
-12 -25 -26 0
-6 -20 22 0
20 -50 47 0
-41 -7 11 0
-46 -37 -30 0
-15 31 -5 0
-44 -27 15 0
-45 -30 -34 0
22 34 26 0
50 -23 -5 0
39 50 -39 0
14 -30 7 0
26 -31 28 0
-35 10 3 0
16 14 23 0
-5 15 -30 0
-6 -4 43 0
34 35 -37 0
2 -5 25 0
-47 5 -7 0
-4 21 -29 0
-20 2 -26 0
8 -29 -34 0
8 30 30 0
9 -47 46 0
50 12 -4 0
7 25 49 0
-43 -2 -8 0
-23 -42 -48 0
28 46 35 0
-5 -4 21 0
-14 34 7 0
-47 26 42 0
39 10 -45 0
-45 48 -21 0
-33 27 5 0
-45 50 -42 0
6 45 21 0
3 -43 -37 0
-46 -16 19 0
30 -28 23 0
-39 -41 45 0
28 -27 9 0
-12 -6 31 0
-8 -40 -34 0
-2 24 5 0
-26 50 18 0
-23 -5 8 0
-36 18 -23 0
1 41 -2 0
47 -26 -17 0
40 -33 -25 0
-38 20 28 0
13 30 -46 0
33 7 -35 0
-18 -32 10 0
18 -46 7 0
21 -44 45 0
-6 29 24 0
10 -2 -48 0
-38 -46 23 0
-38 -23 -2 0
7 4 -47 0
-29 -34 40 0
30 -26 11 0
-28 -43 1 0
-5 33 -1 0
24 -46 36 0
