c CNF generator v0.9
p cnf 50 287
-31 24 46 0
9 -14 19 0
12 -16 24 0
-21 10 -27 0
-28 -42 -29 0
-12 -14 19 0
-42 -49 -49 0
26 -25 -27 0
-17 -11 -25 0
-13 27 -3 0
19 5 27 0
-48 -42 -31 0
15 33 -42 0
22 -25 9 0
-33 46 -18 0
47 -3 39 0
-36 9 48 0
-50 47 -45 0
43 -16 35 0
35 48 16 0
24 33 -49 0
-31 -34 28 0
46 32 49 0
2 50 29 0
-2 -27 -18 0
45 -46 21 0
-15 9 -45 0
-2 -42 6 0
-12 2 30 0
34 -23 25 0
43 16 19 0
4 -1 -30 0
-22 10 36 0
28 -34 48 0
22 -25 -50 0
-23 9 14 0
17 -32 26 0
15 9 12 0
-6 -33 -6 0
-2 2 23 0
-26 9 45 0
-11 -44 -39 0
12 36 37 0
-20 45 -14 0
-37 50 -37 0
-44 -23 33 0
14 -6 47 0
-18 26 -6 0
-25 17 37 0
-1 -2 31 0
1 -6 -50 0
-30 -18 33 0
10 7 -44 0
-5 -40 -39 0
3 -19 28 0
44 4 31 0
8 13 16 0
-14 17 1 0
27 -3 29 0
4 43 -10 0
-50 29 27 0
-12 -36 3 0
-41 11 39 0
-48 29 28 0
33 -9 11 0
-38 11 12 0
-14 21 -20 0
-39 19 -7 0
-18 10 -20 0
40 -15 21 0
28 -20 -16 0
-14 18 -50 0
13 16 -49 0
15 -41 2 0
-34 25 18 0
-36 2 -35 0
6 -8 -9 0
39 -34 20 0
3 -12 -15 0
17 -27 -6 0
-5 -36 2 0
-48 14 25 0
-45 -17 46 0
-2 41 -15 0
23 5 19 0
2 -46 10 0
33 27 -1 0
-10 -40 47 0
-23 20 -33 0
32 29 -50 0
48 50 -6 0
-24 43 32 0
-20 24 6 0
-10 13 -22 0
3 -28 27 0
49 44 10 0
47 50 -28 0
-12 12 21 0
23 20 -15 0
45 -35 11 0
-22 44 31 0
-4 -46 -3 0
-30 -4 37 0
-19 -15 -45 0
30 43 41 0
4 23 -46 0
41 -20 -5 0
34 -47 49 0
-14 8 -29 0
-14 43 3 0
43 16 3 0
-23 -50 15 0
-5 -33 -33 0
-19 26 -40 0
15 -2 3 0
17 -25 11 0
-25 19 -44 0
-20 22 22 0
8 -42 -16 0
25 -44 -24 0
-34 -49 41 0
26 41 -39 0
-42 -48 -35 0
36 22 -5 0
44 -29 36 0
-10 30 32 0
-45 35 3 0
34 44 -12 0
-14 -21 15 0
48 14 -15 0
3 24 -38 0
-21 31 50 0
44 24 11 0
36 2 24 0
26 28 13 0
49 -38 -21 0
-23 46 35 0
45 23 -27 0
43 26 -44 0
18 -14 -42 0
13 -21 -25 0
-48 -36 -31 0
-9 38 -45 0
48 1 -48 0
1 -40 25 0
6 -22 -42 0
-45 29 41 0
41 -4 15 0
40 3 27 0
49 -42 -33 0
4 45 37 0
13 5 -8 0
-47 -50 10 0
-11 11 -2 0
-11 36 -4 0
2 -26 47 0
17 -18 -7 0
4 -27 13 0
30 -17 -7 0
30 -1 -16 0
-26 20 7 0
17 28 15 0
-39 -46 -14 0
32 -48 11 0
3 32 -48 0
17 -8 34 0
-38 48 -39 0
46 15 48 0
-26 -5 25 0
-13 49 38 0
-33 3 36 0
-45 -5 -6 0
-30 -10 -37 0
-35 -18 -35 0
41 7 1 0
46 -25 -39 0
7 -27 -18 0
-7 -38 -48 0
39 -50 -2 0
-23 -40 31 0
44 11 -17 0
10 33 15 0
-39 22 22 0
46 21 -49 0
-19 7 32 0
-11 -3 19 0
23 49 14 0
-41 18 36 0
-29 32 15 0
-6 8 47 0
17 -28 15 0
24 45 14 0
5 31 21 0
-7 -21 13 0
19 36 -28 0
42 27 -9 0
19 26 27 0
23 20 -4 0
16 -4 35 0
-4 -50 20 0
50 20 -18 0
32 -2 -13 0
-44 -31 48 0
37 -5 33 0
-32 -29 27 0
20 -12 -30 0
-50 -9 -39 0
-32 -9 23 0
18 24 -26 0
-37 19 26 0
50 -39 -29 0
28 -47 -46 0
-16 30 8 0
-49 -45 -3 0
-27 49 44 0
-31 -40 4 0
-13 -48 10 0
-49 -7 -34 0
-38 37 -2 0
25 -14 -15 0
43 -7 -41 0
21 15 -25 0
8 4 35 0
-39 -29 10 0
12 50 -48 0
-4 -39 45 0
-30 -32 -16 0
25 -17 -10 0
22 37 39 0
-19 16 27 0
33 -6 -45 0
-29 -23 -4 0
33 -31 -44 0
3 -45 -50 0
-5 -23 15 0
-2 18 -17 0
22 5 7 0
24 44 -16 0
-34 -50 22 0
-17 -29 -12 0
-28 -7 45 0
-48 -3 22 0
-14 -2 6 0
-30 31 -42 0
-50 34 28 0
10 38 41 0
1 30 50 0
-34 22 15 0
6 1 -18 0
1 21 25 0
-2 44 44 0
-14 14 46 0
41 -7 33 0
39 5 1 0
-41 -14 -44 0
-39 31 7 0
-15 35 11 0
50 -39 -2 0
49 18 8 0
5 -40 -25 0
-12 -24 31 0
35 -20 -36 0
27 -26 31 0
50 -16 -30 0
28 -34 1 0
25 -44 -26 0
44 26 39 0
13 4 23 0
18 25 -16 0
33 -31 -48 0
-10 29 31 0
-9 -38 26 0
-47 -6 14 0
20 -8 29 0
-23 29 27 0
37 37 18 0
-30 5 -25 0
-43 10 17 0
-49 -4 -14 0
-47 15 32 0
24 39 -16 0
-3 -38 -36 0
20 3 25 0
-44 9 -37 0
-6 14 -41 0
-46 4 29 0
-13 -14 -16 0
