c CNF generator v0.9
p cnf 50 287
-44 -15 -44 0
36 -39 -9 0
36 -10 21 0
-38 43 -33 0
42 -30 6 0
-1 -24 41 0
-30 17 8 0
21 -7 -24 0
18 -48 -9 0
1 -1 -25 0
-7 -9 39 0
-33 -3 47 0
-44 9 -17 0
15 -20 46 0
39 -38 -22 0
-7 -37 8 0
-6 37 -42 0
-27 -35 14 0
37 -38 4 0
-47 -8 -44 0
19 25 -44 0
-37 -22 22 0
-8 -21 40 0
-34 49 35 0
2 -13 -38 0
-5 -37 -33 0
-17 -16 47 0
-31 -46 23 0
-19 25 -44 0
-28 -44 -35 0
-40 44 25 0
-22 -31 1 0
50 30 21 0
42 -35 38 0
30 -44 20 0
2 16 -27 0
-3 39 -1 0
-9 1 33 0
-42 -3 -29 0
-50 -44 3 0
45 -34 -43 0
20 32 26 0
-28 33 15 0
-24 10 46 0
-35 37 22 0
-18 3 49 0
-5 44 15 0
39 -46 -41 0
4 -35 -48 0
9 -34 42 0
43 35 -47 0
26 9 32 0
14 -3 -17 0
-45 23 48 0
-5 6 37 0
16 30 -10 0
18 24 -14 0
36 41 31 0
32 12 18 0
46 2 26 0
40 22 -2 0
38 14 -45 0
15 -32 -12 0
-33 -46 -4 0
-33 26 -46 0
-42 -29 25 0
44 26 -43 0
-42 -17 29 0
-33 -2 -24 0
-46 -14 22 0
-29 36 -11 0
48 3 2 0
31 14 -5 0
-27 46 -26 0
34 32 15 0
36 6 -32 0
23 -14 10 0
26 45 29 0
-46 22 1 0
21 31 -46 0
50 38 -5 0
-47 -35 34 0
-50 39 20 0
-5 1 9 0
47 -13 -41 0
47 13 48 0
-17 50 17 0
18 22 -19 0
-25 23 -5 0
-5 45 -18 0
-13 44 32 0
26 4 31 0
-23 -6 -13 0
-3 19 -4 0
13 -40 -45 0
-34 37 -41 0
33 -15 -13 0
-48 12 -2 0
38 41 34 0
-16 -28 22 0
-50 35 -38 0
-32 8 -42 0
-41 15 -48 0
49 -42 5 0
-14 -4 -20 0
2 26 3 0
3 50 27 0
-39 -45 -19 0
-42 -28 -46 0
-30 31 22 0
-30 18 3 0
46 15 35 0
-10 12 36 0
-45 16 28 0
40 10 4 0
29 50 17 0
38 -25 31 0
-41 -2 36 0
-35 9 17 0
-23 -43 24 0
31 48 41 0
-6 -3 -32 0
10 15 -25 0
32 35 -11 0
33 17 -11 0
27 43 15 0
49 17 -35 0
-30 39 24 0
30 -35 15 0
46 34 -18 0
31 11 -30 0
33 -15 -10 0
-12 22 15 0
-34 1 41 0
-6 30 2 0
44 -47 -34 0
49 6 27 0
37 -50 16 0
-7 -11 -45 0
-2 -19 -35 0
-41 47 -26 0
8 38 50 0
-10 1 -31 0
40 39 12 0
4 -35 25 0
44 -13 -42 0
5 -36 -7 0
-8 6 14 0
15 -15 6 0
-45 -12 27 0
-38 8 -22 0
7 29 -28 0
-24 17 -12 0
8 28 26 0
-50 24 1 0
28 1 31 0
20 15 -23 0
18 -47 -11 0
-41 47 14 0
3 -16 42 0
-3 24 36 0
-47 41 -39 0
-2 30 -20 0
-29 36 -37 0
1 5 -36 0
-40 -26 -38 0
-36 31 -39 0
27 -13 30 0
-45 18 -30 0
-32 -13 43 0
-31 -42 50 0
29 33 -6 0
-38 2 -17 0
-30 4 34 0
36 -6 -15 0
35 -33 -38 0
-7 -18 -32 0
-28 -25 40 0
9 -17 9 0
-38 37 -46 0
-11 -27 45 0
-27 -31 41 0
-48 -11 18 0
28 14 -11 0
-8 -42 -21 0
35 -44 -6 0
5 19 44 0
12 -14 -46 0
-30 -15 33 0
26 -5 50 0
-3 44 28 0
31 -42 39 0
10 -36 -4 0
-5 -7 -40 0
-16 11 46 0
-40 41 -10 0
-38 50 -41 0
-46 -18 32 0
14 20 4 0
-32 -22 -3 0
-25 -12 -46 0
32 -34 -42 0
45 39 43 0
-34 -45 -22 0
25 -15 -17 0
8 -43 8 0
36 46 39 0
27 19 43 0
41 20 -36 0
5 34 27 0
10 40 34 0
-1 20 33 0
18 -34 -42 0
39 47 40 0
16 -19 -11 0
-24 23 35 0
23 -14 42 0
-27 23 6 0
-27 50 37 0
4 -42 -20 0
15 23 37 0
-36 -15 2 0
-9 36 -32 0
-23 -7 33 0
25 -36 -12 0
2 17 34 0
-5 -40 -32 0
-15 -11 -45 0
33 20 47 0
41 25 35 0
6 47 23 0
-46 -8 -25 0
35 19 27 0
35 46 -13 0
41 16 -10 0
-44 21 -50 0
27 22 -31 0
29 43 -14 0
-46 4 5 0
30 6 15 0
-18 21 19 0
39 50 -32 0
13 -13 -26 0
41 47 -10 0
14 32 34 0
-27 22 -46 0
9 22 3 0
-32 33 40 0
50 45 1 0
6 -26 -6 0
32 45 -36 0
47 -19 40 0
-4 -17 28 0
-22 15 -25 0
-49 -36 42 0
-1 24 -3 0
-36 24 36 0
-35 43 -36 0
-11 -23 11 0
-47 -30 -14 0
28 13 -31 0
19 -27 11 0
28 27 24 0
-25 7 -7 0
36 35 -46 0
-27 -47 -36 0
26 -41 -9 0
-1 -4 10 0
46 -11 -43 0
-33 -46 29 0
19 -8 30 0
-7 18 -41 0
-49 37 43 0
-4 5 22 0
-50 32 -38 0
-13 2 -45 0
-43 9 -31 0
-32 -15 1 0
14 -25 48 0
17 41 -36 0
-25 -23 11 0
-44 -49 16 0
15 34 29 0
33 -12 -14 0
-37 37 24 0
-3 9 -28 0
26 3 -16 0
