c CNF generator v0.9
p cnf 50 287
-12 -12 30 0
33 -29 17 0
-27 -7 -9 0
47 36 -2 0
-41 41 32 0
-36 -33 -40 0
37 21 -22 0
-46 -3 -11 0
32 -48 -12 0
11 37 27 0
-48 6 2 0
19 -4 -40 0
28 30 20 0
37 -49 49 0
-11 -49 -17 0
-44 -4 14 0
38 -18 -7 0
-20 -36 -33 0
8 -20 -21 0
-9 5 42 0
-40 -7 45 0
-10 27 40 0
28 39 -18 0
28 -45 -30 0
25 30 22 0
12 -37 13 0
1 -24 46 0
6 -35 13 0
49 9 27 0
-45 -30 -1 0
-11 47 -44 0
-21 -15 50 0
8 -43 37 0
40 -18 -21 0
17 17 -32 0
-12 -8 30 0
-47 6 36 0
-22 -37 12 0
-21 24 -1 0
-20 -23 42 0
11 30 12 0
17 47 -13 0
30 24 46 0
-28 -37 16 0
-28 16 -9 0
-37 -14 49 0
4 37 -25 0
43 7 -42 0
-19 27 -5 0
-28 12 4 0
41 7 -39 0
28 -22 -36 0
48 19 29 0
-4 28 12 0
46 13 26 0
18 15 -32 0
-1 -18 -14 0
43 18 -45 0
19 -11 3 0
13 29 -21 0
-42 -20 3 0
33 19 -48 0
42 -24 -11 0
44 -9 -7 0
50 15 14 0
-15 -3 -29 0
-2 -7 3 0
7 5 -24 0
42 -46 -33 0
-31 15 -50 0
47 27 -24 0
24 -42 -10 0
16 -48 -31 0
36 50 -42 0
21 -31 43 0
-15 -50 14 0
-29 12 3 0
37 30 -28 0
-6 -40 -45 0
48 23 32 0
-43 42 18 0
-47 -50 -32 0
-24 8 50 0
-20 -50 18 0
19 -29 39 0
-22 27 8 0
8 -12 -18 0
-22 41 7 0
-43 -19 -33 0
-40 -26 -29 0
-38 -16 -31 0
39 -42 45 0
26 -13 -12 0
9 -37 3 0
-7 43 18 0
34 26 15 0
-5 -48 40 0
-14 22 -1 0
-1 -40 -16 0
-3 7 -48 0
27 -9 -43 0
-39 3 -24 0
26 9 -30 0
-31 -46 3 0
27 27 13 0
42 12 39 0
28 -28 39 0
-18 9 -5 0
-5 25 -25 0
24 7 -40 0
-17 12 -26 0
35 -3 44 0
22 -3 -44 0
33 -50 8 0
1 -3 -10 0
-48 10 50 0
3 2 20 0
49 37 46 0
11 -13 -32 0
-28 8 6 0
45 30 40 0
-3 -7 17 0
42 47 42 0
16 27 40 0
-11 -40 -40 0
-17 -22 36 0
-7 -30 40 0
17 -20 -28 0
-35 21 -26 0
13 -5 24 0
19 -36 -20 0
-35 -45 37 0
-22 -2 -16 0
50 2 -13 0
10 28 35 0
49 -34 34 0
42 19 18 0
-39 -49 30 0
12 3 -15 0
9 2 -26 0
34 -4 28 0
7 2 -3 0
-48 10 42 0
22 35 18 0
38 -29 -32 0
-41 -5 -8 0
47 -24 9 0
46 42 -17 0
30 -8 -36 0
-18 -16 -1 0
-35 -32 42 0
36 -42 49 0
9 17 -14 0
32 37 47 0
13 -1 -13 0
-36 7 29 0
37 23 33 0
-42 2 13 0
-18 -38 7 0
23 32 16 0
-18 -18 36 0
3 13 -34 0
-16 20 -43 0
-41 2 47 0
-12 17 -24 0
33 6 -4 0
13 44 27 0
-34 -46 -15 0
-31 48 -19 0
-25 -50 -21 0
9 41 43 0
17 -19 36 0
27 -38 -8 0
4 -33 -8 0
-50 36 1 0
-48 19 -44 0
50 -14 30 0
23 47 -25 0
-10 -14 37 0
14 47 20 0
-4 -15 -15 0
49 47 23 0
-8 15 -24 0
-48 -18 -37 0
49 24 27 0
-11 -35 -13 0
-2 -28 -13 0
-48 -4 8 0
11 47 7 0
9 14 -13 0
-48 -27 -23 0
-25 -28 -39 0
-9 -26 -48 0
24 -28 41 0
17 30 -29 0
-34 -12 4 0
-11 12 35 0
20 7 -34 0
7 17 -2 0
-46 -16 -32 0
35 -20 30 0
-6 47 5 0
50 -37 43 0
19 27 20 0
20 21 -9 0
-11 -50 9 0
-4 -22 -32 0
19 -29 2 0
38 50 34 0
-23 16 28 0
25 47 -36 0
-10 -1 42 0
-42 -7 24 0
3 3 25 0
25 27 -40 0
-18 -40 38 0
40 -34 28 0
19 -3 50 0
26 -2 -50 0
4 31 4 0
3 44 12 0
34 32 -18 0
-20 -15 -3 0
-33 -8 -42 0
-40 -14 2 0
44 -48 -5 0
29 6 -29 0
-15 38 25 0
-42 16 -20 0
21 39 -10 0
-18 6 45 0
42 12 45 0
30 38 -49 0
-41 -30 16 0
-12 30 -18 0
-7 -24 4 0
37 -28 -8 0
37 -23 -50 0
-31 -40 -10 0
-13 -11 7 0
-34 -39 48 0
-8 24 22 0
-25 7 45 0
12 36 19 0
47 6 -45 0
2 -45 15 0
-31 8 -23 0
1 27 -7 0
42 -49 -24 0
42 -36 -27 0
47 -12 -23 0
22 -45 11 0
-13 -12 -27 0
-50 9 2 0
-43 -46 7 0
25 29 -11 0
-17 9 30 0
4 42 48 0
-10 18 15 0
-42 -1 -2 0
-28 17 5 0
36 14 -26 0
49 -33 -30 0
-2 -30 -42 0
-12 -50 2 0
-40 36 26 0
-22 -36 -32 0
49 -42 8 0
-46 -40 45 0
6 36 25 0
-11 -22 -25 0
-6 -15 17 0
-44 -39 22 0
21 -1 -43 0
-27 -38 26 0
35 16 -31 0
8 -17 14 0
-3 1 19 0
-22 -2 39 0
45 -17 -22 0
-45 29 -47 0
18 30 6 0
-5 -42 5 0
10 -13 22 0
-39 7 36 0
-38 -25 47 0
37 5 19 0
