c CNF generator v0.9
p cnf 50 287
-50 40 -26 0
48 -12 -35 0
36 -32 -45 0
24 37 47 0
-11 38 -40 0
-39 44 -29 0
-19 -48 -47 0
-22 -1 -22 0
35 -22 18 0
24 -23 -31 0
-33 -4 24 0
29 44 26 0
-23 38 23 0
36 -25 -13 0
46 -45 -5 0
34 46 -15 0
-11 44 22 0
21 -1 -11 0
11 26 7 0
-15 -16 -22 0
25 36 -47 0
-6 -28 -8 0
13 26 -24 0
14 -30 30 0
-6 20 -16 0
8 5 -21 0
-2 -10 1 0
-43 -15 -11 0
46 -12 44 0
13 -13 -39 0
11 -37 -14 0
-24 -22 -45 0
-48 1 13 0
-18 1 -39 0
37 32 50 0
-16 -45 46 0
-43 21 18 0
-2 -36 -14 0
-40 -44 -4 0
-4 20 4 0
13 50 32 0
1 4 -20 0
8 -16 -22 0
-18 28 -31 0
25 22 20 0
-32 14 -6 0
-20 -21 -13 0
21 -17 -22 0
-2 1 31 0
-33 -4 15 0
7 17 -6 0
-14 -17 -47 0
31 40 -17 0
-27 -12 -17 0
-27 -17 -42 0
9 -11 -11 0
-48 3 -45 0
24 11 -1 0
31 -44 -20 0
-20 44 23 0
-24 32 -7 0
-31 4 -5 0
40 -49 7 0
-32 8 -46 0
27 -28 34 0
14 -28 -8 0
-48 22 36 0
6 34 26 0
39 -37 28 0
-44 -20 -45 0
42 26 6 0
-23 32 -33 0
-22 20 -45 0
23 38 22 0
-22 -15 11 0
5 -39 -23 0
-5 11 4 0
36 33 3 0
-46 23 -20 0
-49 16 -27 0
-46 5 -49 0
44 17 -28 0
27 14 -22 0
2 -17 -36 0
-45 34 48 0
32 -44 -21 0
44 -1 13 0
-42 -13 45 0
-23 -15 9 0
22 38 33 0
8 -1 -9 0
-42 18 30 0
49 -6 19 0
36 -22 -27 0
33 36 -45 0
14 -42 -38 0
9 35 -39 0
20 -11 -6 0
-35 -26 28 0
-29 -41 -16 0
-26 -32 42 0
37 50 -42 0
-47 -34 48 0
-37 5 -40 0
22 -11 -3 0
-43 9 -21 0
49 12 10 0
16 39 -26 0
17 -7 -39 0
31 -50 8 0
30 19 -20 0
40 -24 -14 0
-41 2 -33 0
-42 -36 9 0
-41 5 44 0
9 -13 -39 0
21 18 7 0
49 25 -46 0
-18 -15 35 0
35 3 -23 0
-2 14 -42 0
41 -31 7 0
26 45 -13 0
-40 -13 47 0
-27 49 46 0
-31 -21 -7 0
22 46 -2 0
-6 1 33 0
40 10 -28 0
-40 24 49 0
-29 -28 -12 0
-34 24 -43 0
-28 6 -50 0
14 17 -6 0
-36 49 11 0
12 -16 -5 0
-11 43 -36 0
41 2 -33 0
-31 21 -31 0
-22 -22 -48 0
-42 -40 3 0
-15 -4 -25 0
-37 -25 24 0
23 49 17 0
-49 42 32 0
-26 5 10 0
-6 -28 24 0
-19 -35 44 0
-38 -44 43 0
-1 -21 43 0
-22 5 49 0
38 -45 15 0
6 23 28 0
-23 -34 46 0
25 26 29 0
28 -9 42 0
-3 23 14 0
-3 4 8 0
-19 31 20 0
21 25 5 0
-36 31 -31 0
-29 21 5 0
-38 21 -12 0
-5 -1 11 0
-4 -25 -21 0
5 -45 25 0
-1 45 9 0
-31 -47 23 0
26 30 -13 0
29 18 13 0
17 40 -44 0
36 -32 17 0
32 11 -8 0
41 23 32 0
5 -22 -28 0
-44 -33 -47 0
-15 -32 34 0
-4 -12 27 0
22 2 8 0
41 25 -10 0
48 46 -20 0
20 -27 24 0
12 13 -37 0
-5 27 15 0
19 -31 20 0
30 -46 50 0
-42 18 -50 0
8 -4 27 0
32 20 8 0
-31 -36 32 0
-45 -16 -30 0
-28 38 -27 0
48 49 45 0
-21 -28 -24 0
18 -45 34 0
-7 -48 49 0
1 -5 47 0
16 44 11 0
12 30 -41 0
4 9 23 0
1 -38 -18 0
15 -37 35 0
17 -21 3 0
-46 37 -27 0
-5 -19 -31 0
-45 -11 12 0
-48 32 -12 0
-37 19 44 0
-11 46 -20 0
-23 -19 -3 0
-21 -12 34 0
-21 10 19 0
-31 41 -3 0
-18 8 33 0
38 -1 43 0
7 18 35 0
-34 -23 6 0
-50 -43 13 0
10 41 -1 0
11 -16 9 0
-1 -14 42 0
-13 39 1 0
25 49 48 0
-27 -11 -31 0
22 30 50 0
42 42 20 0
-3 22 -21 0
41 -16 -13 0
-10 21 -28 0
-33 16 36 0
-37 40 -11 0
17 12 3 0
46 -8 -33 0
-33 -42 37 0
9 -22 -19 0
31 -34 2 0
-22 19 10 0
18 -28 -42 0
46 -27 24 0
17 -35 -38 0
41 8 11 0
-44 -35 -2 0
-43 -44 -5 0
45 12 49 0
-6 -19 -5 0
-17 -31 1 0
-26 7 45 0
-33 18 41 0
11 -49 8 0
40 -21 35 0
-33 -30 -34 0
19 14 10 0
30 5 -32 0
46 -37 -15 0
3 48 -34 0
43 -16 -31 0
-44 -28 24 0
-6 -39 38 0
13 -16 21 0
-13 -9 -17 0
35 1 -34 0
-36 3 29 0
24 -34 15 0
5 16 -22 0
37 -48 32 0
22 26 -28 0
20 12 14 0
32 -37 -19 0
41 -31 -21 0
-1 -16 3 0
-21 23 46 0
-20 -39 -29 0
-1 -30 4 0
28 -20 -34 0
-10 -12 1 0
22 37 -41 0
17 -24 7 0
-40 -48 4 0
29 -8 -43 0
-25 33 -4 0
-2 20 -30 0
16 -32 20 0
-20 25 24 0
42 -44 -46 0
33 -50 -46 0
-24 -19 -50 0
-4 13 -5 0
