c CNF generator v0.9
p cnf 50 287
37 49 8 0
-2 4 -45 0
21 42 -49 0
32 26 -38 0
43 26 -21 0
-45 -36 37 0
-5 17 -29 0
-15 -39 32 0
30 -45 44 0
31 -38 42 0
2 26 -28 0
1 18 -49 0
29 13 -30 0
10 -14 -23 0
41 33 38 0
5 47 -28 0
10 9 -14 0
36 -2 -42 0
-46 38 16 0
-16 -14 42 0
-16 -26 -38 0
-27 -37 11 0
19 -10 23 0
-35 -1 6 0
-5 -19 20 0
-21 4 31 0
46 32 -15 0
-11 -30 -4 0
-35 21 -43 0
23 34 26 0
-49 -5 8 0
23 -48 -33 0
44 47 31 0
-27 27 -41 0
-30 14 1 0
33 25 -2 0
29 -24 4 0
21 29 -3 0
32 -10 -48 0
-41 -44 -33 0
23 11 16 0
-50 -17 -40 0
-25 17 -1 0
25 -25 21 0
25 -50 -1 0
-11 4 -29 0
40 38 11 0
28 -27 -23 0
3 -23 42 0
-14 9 33 0
9 -15 -47 0
33 47 37 0
-5 8 6 0
-34 26 -21 0
37 32 -35 0
-1 -20 11 0
20 -33 -1 0
-34 42 33 0
10 17 22 0
-48 30 -48 0
-50 -21 -30 0
-37 22 -48 0
-30 -41 44 0
36 39 12 0
-9 -34 13 0
12 49 36 0
-16 -14 42 0
-4 -20 -44 0
10 29 -12 0
41 10 -27 0
-23 2 45 0
-17 32 23 0
15 -40 -48 0
-26 11 14 0
9 31 -30 0
-26 30 46 0
-46 -25 -41 0
24 -41 19 0
-43 -38 50 0
17 35 10 0
-14 -2 -35 0
-18 -1 -29 0
42 2 36 0
-4 -27 50 0
-12 21 -37 0
25 48 7 0
36 -20 -8 0
17 49 -24 0
37 -22 11 0
-32 32 30 0
33 -49 -37 0
-27 5 -5 0
-6 2 -11 0
4 13 -6 0
-9 20 13 0
-18 37 -38 0
36 -44 -39 0
14 -15 40 0
-31 -14 -14 0
25 28 -24 0
44 21 17 0
25 40 17 0
-2 -38 4 0
-41 17 1 0
-22 38 -32 0
-18 -32 23 0
30 6 43 0
-31 -13 -1 0
22 34 7 0
-14 -8 36 0
-50 -5 35 0
10 41 -16 0
-4 -24 -29 0
-17 6 25 0
5 -19 21 0
7 24 30 0
-44 -31 29 0
36 -17 18 0
-32 -12 -39 0
-15 43 -32 0
-50 44 -34 0
17 31 -42 0
-25 -16 11 0
30 -12 33 0
46 11 12 0
50 9 19 0
50 -2 -45 0
-27 -29 10 0
33 -2 35 0
7 34 41 0
-11 36 37 0
10 -48 -39 0
-12 -17 19 0
25 26 -44 0
35 -49 -24 0
15 -34 49 0
42 30 -34 0
40 -43 2 0
-23 40 -35 0
40 -30 -16 0
-31 45 -37 0
-45 46 28 0
-46 19 46 0
-16 -6 -37 0
-50 6 -34 0
49 -24 -2 0
-32 -14 -14 0
22 -42 45 0
-40 17 5 0
-5 46 -12 0
3 -39 44 0
33 -40 33 0
16 6 -4 0
-41 35 7 0
-30 47 37 0
-29 25 43 0
-44 -32 25 0
-9 44 -13 0
20 -25 46 0
-38 -16 -15 0
42 1 -39 0
-7 -49 -41 0
-43 43 9 0
-31 11 25 0
34 -4 39 0
11 14 20 0
-15 -30 31 0
-30 5 25 0
28 16 1 0
28 -38 -18 0
-31 -40 -26 0
-42 48 -15 0
-39 50 39 0
-7 6 -31 0
43 23 19 0
-37 -22 -43 0
-24 38 -6 0
-38 -29 -8 0
24 -14 -18 0
-27 15 -15 0
2 12 13 0
-38 -29 -17 0
-18 45 -23 0
24 42 2 0
39 -32 -30 0
40 -28 -38 0
-34 35 20 0
-3 38 11 0
10 4 -21 0
-40 34 -50 0
32 4 13 0
-30 -40 -9 0
10 -39 -16 0
33 -8 -1 0
15 31 -25 0
22 34 -8 0
-8 44 -19 0
37 42 19 0
49 -28 -39 0
-34 38 -35 0
21 -22 -45 0
1 -3 -37 0
-25 8 -37 0
21 17 -22 0
-26 -5 40 0
5 2 42 0
15 -35 -23 0
5 43 -50 0
-23 -20 19 0
-3 -10 -8 0
31 -17 -39 0
-50 -24 -42 0
-22 -20 25 0
13 6 22 0
31 -40 -28 0
11 -41 12 0
12 30 24 0
-47 39 49 0
-40 27 -2 0
-8 35 -36 0
15 3 -45 0
26 -42 17 0
-37 -11 16 0
16 -26 18 0
43 -8 -47 0
-39 -4 -31 0
-11 -4 -3 0
-32 41 -21 0
-2 -34 41 0
2 46 26 0
-15 -41 38 0
-1 -8 19 0
-48 44 -32 0
-5 -31 6 0
-35 -28 14 0
9 -44 41 0
41 9 10 0
5 -23 18 0
5 -37 36 0
-31 31 2 0
40 -20 8 0
-18 -4 44 0
-37 29 -33 0
28 21 18 0
-2 -22 -49 0
-17 -33 17 0
-10 6 11 0
24 38 -23 0
17 -26 2 0
3 -14 44 0
50 -8 44 0
38 -24 10 0
49 -45 43 0
31 -42 -17 0
-43 2 -37 0
6 43 -11 0
-11 12 26 0
-9 22 -15 0
35 28 -37 0
-45 1 25 0
24 27 -32 0
46 -47 -27 0
25 37 -37 0
-16 25 35 0
39 26 -24 0
-6 40 -48 0
-42 18 31 0
-30 -13 -18 0
18 -16 31 0
41 -15 -39 0
-1 3 4 0
-22 -28 -20 0
-2 36 -27 0
-47 -16 -1 0
-47 24 -5 0
-40 18 -16 0
5 17 26 0
-24 22 -22 0
34 -9 -11 0
-38 43 32 0
-46 5 -35 0
34 -5 -13 0
24 -19 49 0
-8 -12 -14 0
4 40 -47 0
11 14 4 0
36 -28 -18 0
