c CNF generator v0.9
p cnf 50 287
47 16 36 0
-1 34 5 0
-20 -49 -5 0
-18 -6 -16 0
19 3 47 0
-10 -21 -4 0
-28 -37 18 0
9 -34 17 0
3 1 46 0
16 -23 28 0
21 32 46 0
50 49 -15 0
-7 7 -50 0
-25 34 24 0
17 -27 40 0
10 -41 -37 0
-36 -7 -23 0
16 -8 -17 0
-47 21 44 0
-14 30 32 0
-28 -10 -1 0
-25 30 -41 0
17 -32 39 0
-22 -34 30 0
46 39 -31 0
43 -19 -6 0
-10 6 -9 0
-39 -17 -25 0
11 -21 -26 0
3 -6 4 0
20 -42 35 0
45 4 24 0
49 -41 4 0
20 32 -16 0
-32 -50 34 0
-26 -7 26 0
-1 14 -28 0
2 12 -28 0
-48 38 -44 0
-7 13 -13 0
46 19 -14 0
46 1 49 0
46 -30 48 0
11 -34 -21 0
-3 49 28 0
5 -39 -24 0
30 -50 34 0
22 -19 -12 0
27 -39 -26 0
-29 -19 29 0
21 16 31 0
33 -34 28 0
24 -6 14 0
-22 10 -19 0
44 49 -11 0
19 -37 32 0
13 -6 -45 0
-49 39 -4 0
38 -34 28 0
-29 39 -19 0
-13 16 40 0
-36 17 5 0
-23 10 -14 0
36 -26 -4 0
-5 -11 36 0
-3 -42 39 0
-37 -16 -1 0
-42 1 29 0
9 25 -33 0
-35 44 -13 0
16 -48 19 0
44 -30 -48 0
-37 -11 29 0
-32 13 30 0
28 29 -49 0
-38 14 -33 0
8 -10 -6 0
42 28 -35 0
40 -1 -49 0
39 14 -46 0
19 -8 13 0
-4 -48 -29 0
-9 26 30 0
33 -24 -19 0
21 -24 30 0
27 -26 44 0
-8 -37 -12 0
21 -16 -12 0
-44 -17 24 0
13 9 -24 0
19 -23 3 0
-28 5 -10 0
50 -20 -13 0
-23 17 -3 0
13 -43 1 0
14 -28 24 0
30 23 -36 0
44 20 50 0
-7 7 -3 0
-1 -6 -5 0
-41 -46 -20 0
40 29 -40 0
36 38 -46 0
-13 -17 -44 0
9 -17 -29 0
18 39 18 0
-16 13 2 0
33 8 40 0
-6 -32 6 0
41 -24 -49 0
-24 -22 17 0
-27 -16 6 0
-29 39 49 0
14 21 26 0
9 -40 44 0
-20 28 -25 0
10 48 -33 0
16 -8 -30 0
-47 -31 42 0
35 -19 -45 0
-35 -15 46 0
40 -49 34 0
10 39 -1 0
35 3 11 0
-25 29 45 0
-15 -34 26 0
40 -42 16 0
-3 -46 39 0
-42 -48 -38 0
36 -17 -14 0
26 -37 34 0
-25 44 5 0
44 11 -23 0
-21 31 -41 0
25 24 -1 0
-8 -3 -48 0
19 40 -45 0
-47 30 -25 0
24 -33 -32 0
18 -10 23 0
7 -1 -4 0
-1 35 -41 0
-20 31 36 0
-6 -3 -29 0
41 2 9 0
-43 12 4 0
48 20 -42 0
-2 -8 -11 0
17 3 1 0
-42 26 -16 0
-19 35 22 0
-36 -41 11 0
-15 -28 37 0
20 23 26 0
-17 -19 46 0
41 43 3 0
-35 -9 -14 0
-6 29 -23 0
24 -29 34 0
-9 -20 -44 0
-3 -8 -4 0
-1 -45 41 0
-37 -45 -38 0
-42 -31 35 0
-34 31 -19 0
41 12 -19 0
29 25 -13 0
-35 -11 -31 0
-33 -20 19 0
-5 -39 -34 0
-18 -9 3 0
29 -30 30 0
49 -12 -38 0
38 -10 -13 0
24 34 -19 0
19 33 41 0
-49 -16 35 0
-3 34 25 0
-15 -48 -45 0
-18 -41 33 0
16 -43 -5 0
-19 12 43 0
41 -2 -26 0
-28 -22 8 0
48 -11 49 0
31 6 44 0
46 49 -38 0
47 -45 6 0
3 -9 -50 0
-3 13 8 0
21 -19 3 0
37 10 -10 0
-1 -12 14 0
-33 22 -9 0
-4 -47 2 0
-9 -36 -1 0
17 36 -48 0
-14 49 33 0
28 3 37 0
-27 11 42 0
25 34 31 0
-40 -50 -28 0
-2 9 2 0
-12 -46 -45 0
27 13 36 0
-15 -46 -21 0
29 9 -44 0
-28 19 6 0
50 -36 -20 0
-33 26 18 0
-16 -10 3 0
-14 41 -39 0
13 28 -47 0
46 -17 -40 0
24 -8 8 0
10 4 9 0
-28 -39 -32 0
-8 39 -4 0
42 -37 43 0
7 17 -3 0
49 -15 -14 0
-19 11 -2 0
-44 -4 -43 0
11 7 31 0
-14 4 39 0
-32 -18 -5 0
-43 31 38 0
-48 1 -19 0
-19 -12 50 0
-30 -50 -47 0
-30 -39 5 0
14 41 35 0
33 3 -28 0
41 2 17 0
-27 29 26 0
50 -37 -26 0
35 36 -7 0
29 30 -36 0
27 13 -35 0
27 35 -21 0
19 23 49 0
-8 -7 42 0
21 -16 42 0
-40 -32 -31 0
30 30 7 0
-14 47 31 0
-1 27 21 0
23 18 -46 0
-11 33 36 0
36 -38 -42 0
4 48 -49 0
-12 32 37 0
36 -42 -48 0
14 4 43 0
-9 -24 -36 0
21 9 24 0
-31 -5 36 0
32 -23 47 0
10 32 -48 0
-1 16 37 0
36 9 -16 0
-29 -7 40 0
39 16 20 0
22 44 10 0
39 8 32 0
22 -32 -2 0
12 -33 -1 0
-34 14 1 0
-9 -16 39 0
19 -24 -42 0
30 27 36 0
50 19 -30 0
30 48 47 0
48 -48 -27 0
38 -20 32 0
-4 -39 49 0
-12 -31 36 0
40 14 -4 0
36 -7 -47 0
-24 -18 5 0
27 -19 14 0
41 12 21 0
9 12 24 0
11 -8 -16 0
-29 48 -32 0
12 -25 41 0
-26 11 -4 0
