c CNF generator v0.9
p cnf 50 287
-43 9 -19 0
19 45 -28 0
-50 41 6 0
46 31 -6 0
-39 22 42 0
-45 49 18 0
31 49 -19 0
-32 42 -38 0
-15 18 17 0
43 9 -49 0
-37 15 16 0
-42 31 -43 0
-18 -27 -23 0
39 -10 -27 0
-30 -4 23 0
46 47 -27 0
-43 -29 -45 0
17 -41 18 0
12 17 23 0
-47 -43 9 0
39 -39 -39 0
38 15 17 0
-36 -20 40 0
-28 8 -42 0
25 44 -31 0
-7 -23 -42 0
32 -10 11 0
-8 -15 -18 0
-27 -13 -41 0
1 -20 44 0
-44 -49 -19 0
35 -3 13 0
21 36 -28 0
8 -37 -11 0
-35 -12 -16 0
9 -32 -40 0
7 -26 2 0
-42 -48 27 0
-38 -34 -11 0
-18 -19 50 0
-36 -31 -4 0
43 17 -1 0
-49 -24 -24 0
6 46 -1 0
19 -30 16 0
29 32 -27 0
-27 -49 17 0
24 -39 -13 0
-19 43 50 0
-47 47 -35 0
-29 28 -7 0
31 -20 5 0
-6 5 29 0
-23 2 15 0
-16 49 -44 0
49 40 -36 0
8 -20 -39 0
11 -18 -34 0
46 -29 -6 0
32 35 39 0
24 9 17 0
-44 -28 -24 0
-50 -6 27 0
-29 -18 -13 0
33 43 16 0
8 10 -26 0
35 38 -12 0
-8 42 50 0
-44 44 -13 0
-7 -21 6 0
37 -27 12 0
-20 -47 18 0
-1 -2 -35 0
30 26 -49 0
33 -32 1 0
-28 -47 -37 0
28 -30 35 0
31 9 1 0
28 17 -39 0
15 -41 14 0
-17 -34 29 0
27 41 -49 0
36 -10 30 0
8 32 -35 0
-15 -22 30 0
12 26 44 0
7 -18 32 0
-45 -21 19 0
-2 -5 3 0
45 -6 23 0
25 -20 26 0
-31 13 -31 0
29 -47 -39 0
-46 -35 6 0
2 -39 -23 0
37 -31 -34 0
-1 -40 50 0
-32 48 -11 0
15 -16 7 0
-43 19 -43 0
33 26 -16 0
31 50 41 0
17 -35 -42 0
-23 -12 30 0
-12 46 13 0
38 26 31 0
32 -21 -39 0
-42 32 5 0
15 11 -45 0
-49 -27 -35 0
7 25 16 0
23 -24 -14 0
-23 17 11 0
46 -30 47 0
-17 -45 -42 0
-16 15 -31 0
-32 -16 38 0
9 49 -22 0
43 6 -31 0
-21 -3 -31 0
3 43 29 0
-39 -10 46 0
44 45 -29 0
20 31 26 0
24 49 -4 0
-33 -11 30 0
16 12 30 0
15 28 -17 0
-49 24 28 0
24 4 -37 0
49 -30 -48 0
-24 -35 7 0
32 49 3 0
-20 -35 22 0
-24 39 -46 0
-5 12 -32 0
48 42 -22 0
15 6 -16 0
5 50 12 0
5 43 30 0
-12 1 -44 0
-26 41 -4 0
-44 43 32 0
-18 48 24 0
-32 42 42 0
-12 34 -21 0
-8 -19 19 0
29 -2 -33 0
-16 -36 -6 0
-28 -17 41 0
-10 38 -39 0
37 -18 -50 0
-34 -1 -18 0
-12 17 -47 0
-20 -15 47 0
13 -20 45 0
-13 21 10 0
30 48 -19 0
36 34 -18 0
49 17 34 0
8 -36 -36 0
40 12 -17 0
37 -22 -11 0
-29 -27 12 0
-50 -11 20 0
-20 -16 50 0
-32 26 7 0
-22 -16 33 0
-29 -48 22 0
-16 -32 -21 0
-3 5 -26 0
9 47 40 0
3 -18 -42 0
-12 22 50 0
45 -33 -1 0
-16 2 42 0
6 29 5 0
-37 40 -46 0
-47 -6 -14 0
17 45 41 0
41 12 -10 0
-6 44 24 0
37 18 -42 0
7 -41 50 0
24 -39 40 0
-43 -29 10 0
-28 -40 -19 0
-44 -50 -6 0
-12 17 39 0
45 -18 22 0
-42 9 23 0
-48 -15 1 0
16 5 18 0
32 50 -31 0
-24 -17 -37 0
-18 39 -28 0
-41 -48 19 0
-46 -47 13 0
-42 50 -22 0
-50 28 29 0
-21 39 -27 0
-29 36 38 0
40 -50 2 0
42 50 -19 0
-27 -28 34 0
21 8 5 0
-50 -5 8 0
-28 -41 28 0
41 -46 -33 0
-27 32 11 0
-12 -32 43 0
24 4 -7 0
-18 18 3 0
1 -31 -25 0
-24 7 5 0
33 -48 30 0
44 11 -3 0
34 50 -36 0
40 40 43 0
33 5 17 0
-10 -4 -2 0
16 -36 -28 0
23 -3 48 0
-48 -42 18 0
45 -32 46 0
50 8 -17 0
34 -6 -49 0
16 -45 -12 0
23 4 36 0
42 -37 -43 0
-12 -7 -11 0
-41 -14 -38 0
-23 -13 31 0
-34 -24 -34 0
-29 45 -2 0
34 -10 13 0
-42 -28 -49 0
19 -31 -46 0
2 49 37 0
28 -49 41 0
-42 -24 2 0
35 8 3 0
-6 -48 -14 0
7 39 -10 0
44 49 -41 0
7 35 -8 0
-11 38 24 0
37 -20 10 0
-22 -19 -2 0
49 -4 -3 0
10 27 -1 0
40 37 -5 0
-39 40 31 0
-20 -29 35 0
5 15 11 0
21 -44 4 0
32 15 26 0
-43 36 21 0
-19 23 2 0
-3 15 4 0
-48 -18 11 0
42 50 40 0
40 -1 -16 0
2 48 -44 0
33 -44 19 0
-15 -43 -42 0
-30 34 31 0
47 20 -16 0
-48 29 25 0
-1 41 31 0
-47 2 14 0
-14 -50 -41 0
17 -16 -33 0
33 41 -25 0
-15 -12 29 0
-24 20 10 0
50 -21 -25 0
-10 -50 23 0
40 50 41 0
28 21 -32 0
8 31 7 0
46 6 7 0
40 -37 30 0
6 -26 -27 0
5 -27 -12 0
-46 31 -47 0
-4 25 -18 0
