c CNF generator v0.9
p cnf 50 287
18 35 2 0
25 28 -34 0
48 49 27 0
-36 -30 30 0
-36 44 2 0
32 15 35 0
-11 -33 -11 0
5 -33 -2 0
32 10 -49 0
33 -2 42 0
-14 -45 29 0
-7 -22 -34 0
-19 -11 9 0
35 38 -37 0
-4 -31 39 0
18 -35 42 0
20 10 -21 0
-48 27 33 0
42 24 17 0
41 47 6 0
-21 13 46 0
18 -34 -25 0
-31 35 -50 0
-6 14 40 0
-14 5 20 0
-24 -7 -32 0
-31 -33 -46 0
-10 -49 49 0
-42 -23 -16 0
-7 -50 33 0
33 41 8 0
16 34 -34 0
-15 31 -1 0
4 -23 42 0
5 -37 39 0
42 -1 -7 0
12 -8 -28 0
-17 31 5 0
-25 26 27 0
-42 45 46 0
9 -14 8 0
-40 -35 37 0
50 26 11 0
15 39 49 0
-26 33 -33 0
20 -37 22 0
43 -44 -20 0
-14 -4 -47 0
24 -37 -20 0
10 12 -48 0
-5 3 30 0
-32 -11 48 0
-30 42 -38 0
28 4 33 0
23 39 -6 0
-13 17 -15 0
-50 35 -41 0
34 27 18 0
-31 9 10 0
-22 -6 -47 0
47 23 22 0
36 -48 11 0
-14 -3 36 0
-35 -19 24 0
-22 11 1 0
-4 25 -19 0
-12 28 7 0
27 -1 19 0
-15 -44 -4 0
48 -22 -43 0
-45 -19 6 0
8 4 -32 0
-5 4 18 0
-33 -9 33 0
-27 29 -10 0
-4 42 -50 0
-32 37 48 0
37 -27 -19 0
-39 41 -31 0
5 -18 -26 0
-26 25 -2 0
-42 3 -11 0
-24 -25 -33 0
3 25 -36 0
-7 38 -3 0
-13 34 -16 0
5 -20 31 0
-13 19 -3 0
3 29 -11 0
-27 47 -37 0
32 34 27 0
-48 31 10 0
-31 -24 -30 0
-49 -27 -30 0
-15 -46 14 0
48 47 -2 0
44 29 -30 0
-35 29 29 0
3 46 -49 0
-3 47 7 0
-23 -2 -26 0
27 -32 -10 0
6 24 8 0
-1 4 -32 0
-49 -27 43 0
-2 -49 -46 0
-42 -34 -7 0
-9 -27 43 0
27 -37 22 0
-34 42 27 0
-48 41 -50 0
-3 -15 -40 0
-49 48 -19 0
-2 26 49 0
45 -26 -35 0
-6 -31 -20 0
-14 29 -33 0
-31 -22 -2 0
30 23 -44 0
48 32 -20 0
42 -26 -46 0
-9 -16 2 0
3 23 9 0
36 8 40 0
36 -30 -5 0
-20 -17 -28 0
3 -48 -33 0
41 17 26 0
-11 -23 26 0
-10 -42 -8 0
22 18 -30 0
42 27 1 0
-45 19 25 0
-24 45 30 0
-16 -46 18 0
-38 44 -4 0
-15 -20 -47 0
-15 30 12 0
-50 17 33 0
-17 -32 -28 0
-13 7 -14 0
-14 34 31 0
-23 -37 38 0
-26 3 -39 0
-39 44 -43 0
25 40 -7 0
-46 46 -24 0
25 -19 49 0
27 -22 21 0
-19 -5 26 0
40 -40 29 0
20 -50 -10 0
41 -44 -1 0
42 -21 13 0
33 28 29 0
12 -37 33 0
-50 29 43 0
-43 -26 -15 0
38 16 11 0
14 27 32 0
-49 29 24 0
-5 16 -7 0
3 -19 -14 0
-1 -27 -28 0
15 -11 -11 0
-48 20 43 0
14 50 -14 0
-33 -16 -13 0
21 45 -12 0
8 4 31 0
15 35 -32 0
35 -11 46 0
20 18 -49 0
23 18 16 0
-43 -9 27 0
-34 41 31 0
30 9 39 0
43 35 -17 0
-29 -25 48 0
-39 -11 -49 0
44 7 -46 0
17 41 42 0
19 -43 -2 0
17 -8 -4 0
11 29 -44 0
38 -24 -26 0
40 41 23 0
-26 50 -26 0
-7 -26 12 0
20 47 37 0
-12 16 -50 0
-26 -7 -49 0
-41 8 38 0
24 40 -20 0
-22 -27 47 0
-4 -37 -7 0
-6 -30 22 0
40 -18 -17 0
23 -43 -20 0
-34 -32 -5 0
-6 -48 47 0
-19 14 -41 0
-38 -40 -42 0
36 -2 25 0
46 -41 42 0
-33 -46 44 0
-42 20 -7 0
4 -25 14 0
13 -10 25 0
-2 -34 -6 0
29 -14 41 0
-16 -30 46 0
40 -8 41 0
-32 6 12 0
-3 12 33 0
3 12 6 0
-16 17 -21 0
49 -43 -24 0
-15 8 7 0
-35 -4 -43 0
-8 -15 -25 0
13 30 1 0
-31 -20 -22 0
-29 -15 -38 0
-11 -30 20 0
-23 15 -7 0
48 -49 50 0
-41 -10 -45 0
-38 -18 -1 0
-31 9 -44 0
14 26 46 0
-16 42 42 0
-6 24 -16 0
11 44 4 0
-40 5 31 0
46 21 -47 0
6 -20 43 0
-9 28 -29 0
-20 12 43 0
-44 -5 17 0
-28 39 19 0
-44 -12 -39 0
16 1 -23 0
21 -4 -27 0
47 -12 -6 0
31 -6 -25 0
16 4 32 0
-30 9 36 0
-32 5 46 0
46 38 5 0
1 11 2 0
-5 -17 -32 0
-41 48 -6 0
5 23 -14 0
35 4 -45 0
-33 49 43 0
17 27 -26 0
-4 -12 -40 0
-16 44 20 0
-31 38 32 0
31 -47 16 0
46 -31 -20 0
5 -45 29 0
-47 -28 -2 0
-23 37 -43 0
-10 16 49 0
-11 -10 -30 0
-24 21 32 0
42 3 10 0
-23 32 -37 0
-44 15 -37 0
-48 38 50 0
15 -12 15 0
-3 -26 22 0
36 6 -11 0
-30 11 -14 0
1 -43 13 0
25 -33 -11 0
-5 -4 -2 0
-5 35 -41 0
-25 -27 49 0
-15 -31 -45 0
-49 11 -16 0
46 35 41 0
-46 21 41 0
-30 -11 -47 0
-5 -24 10 0
