c CNF generator v0.9
p cnf 50 287
-34 -46 -45 0
48 5 13 0
27 24 -22 0
-34 -26 46 0
25 20 18 0
-4 -43 -15 0
-40 -28 38 0
27 -31 30 0
28 -43 -29 0
29 21 48 0
7 24 -19 0
-37 42 -30 0
42 12 -27 0
-42 -17 22 0
25 -14 37 0
15 22 17 0
2 -27 -5 0
-13 -44 -47 0
-43 -38 -38 0
-14 -19 31 0
48 -27 24 0
-39 -5 -25 0
-23 -7 18 0
-49 -42 36 0
35 2 41 0
7 28 -5 0
5 -20 21 0
-1 11 -40 0
28 17 7 0
-26 -22 9 0
22 36 6 0
-21 10 37 0
-24 -22 35 0
37 13 -47 0
10 36 -35 0
-31 25 -27 0
-38 -23 17 0
13 -48 31 0
3 -24 6 0
44 -19 44 0
-30 -11 34 0
44 34 -2 0
-24 -4 -18 0
-15 -26 -48 0
-11 44 -3 0
-15 -49 17 0
19 -18 25 0
-31 -46 3 0
-37 -49 -1 0
32 42 24 0
-48 41 49 0
-44 -32 24 0
4 -27 10 0
-20 -39 -16 0
-24 14 38 0
-28 25 21 0
15 30 34 0
-12 -4 -39 0
-28 40 45 0
15 -7 30 0
-36 47 -10 0
14 42 -42 0
-16 8 -25 0
45 32 -21 0
-36 -44 22 0
10 -12 41 0
-33 -48 30 0
25 -50 14 0
47 -44 -23 0
44 -30 -13 0
-36 24 37 0
-12 -35 -16 0
15 -24 2 0
-4 46 -10 0
-31 -11 17 0
35 38 -50 0
48 -11 15 0
-49 9 -19 0
-27 18 -8 0
22 -1 6 0
-20 -8 -36 0
-34 -47 43 0
-13 -45 -27 0
34 -43 -48 0
23 13 -33 0
-49 -28 7 0
26 -26 40 0
25 43 -24 0
18 -46 -18 0
-24 38 49 0
-27 2 41 0
28 5 -2 0
-18 -34 -28 0
-26 -31 42 0
1 -40 13 0
29 40 -27 0
26 44 14 0
21 -40 -25 0
-14 9 -2 0
-6 5 33 0
-31 -9 -33 0
10 14 -1 0
31 4 -34 0
-3 39 -11 0
-7 -10 -38 0
38 -11 3 0
-2 -1 -37 0
38 38 19 0
13 16 34 0
38 44 -43 0
-44 -29 25 0
-42 33 4 0
43 44 39 0
-23 18 46 0
-36 -49 -29 0
-22 -20 -49 0
-12 37 41 0
21 -7 -40 0
49 -48 -47 0
34 -33 -17 0
22 -24 -18 0
-50 -12 -33 0
-4 -45 50 0
-36 49 32 0
-48 -26 45 0
6 -26 21 0
-19 8 -31 0
-5 46 -2 0
-32 -34 -33 0
-10 22 33 0
-23 -47 41 0
-44 -18 5 0
-25 28 44 0
-49 39 -40 0
-3 -6 -44 0
-47 14 6 0
-20 -9 8 0
-44 -34 -9 0
-19 -26 -40 0
-18 36 47 0
4 21 -47 0
26 14 19 0
12 -11 18 0
-3 -13 4 0
-46 31 50 0
-23 3 13 0
-33 37 -17 0
18 27 -33 0
-40 -5 44 0
-35 36 -40 0
7 10 35 0
26 45 -12 0
14 25 -49 0
-36 -19 -2 0
-29 -9 38 0
-8 -42 -48 0
9 39 5 0
11 14 33 0
10 -40 -19 0
-11 -16 10 0
-16 -12 50 0
-33 8 -11 0
-43 -28 43 0
19 16 -11 0
-2 -34 -25 0
-23 -29 47 0
43 11 46 0
-31 -33 -43 0
-21 -32 26 0
-46 28 42 0
-29 41 34 0
-19 -49 -32 0
-20 6 -35 0
-10 49 -37 0
47 5 7 0
29 15 28 0
12 -33 7 0
-15 -34 19 0
-23 37 -34 0
41 -14 11 0
23 -40 -31 0
-30 -41 8 0
39 -14 32 0
1 -1 -46 0
18 -11 -26 0
-2 29 19 0
-49 -43 -45 0
31 -12 -46 0
15 -9 40 0
37 43 -46 0
28 28 -28 0
45 36 29 0
33 24 49 0
-37 50 10 0
-18 30 28 0
-30 -9 3 0
-26 15 28 0
-27 14 -8 0
6 -49 13 0
-47 -41 -47 0
26 25 -28 0
-28 23 38 0
4 30 -6 0
27 13 49 0
45 -34 -40 0
-42 1 26 0
-2 39 -29 0
-11 41 -8 0
31 26 22 0
-9 5 -48 0
8 -6 -24 0
31 48 -27 0
34 -1 -36 0
-20 -34 -40 0
-26 -32 -23 0
-45 -47 -23 0
42 -26 -16 0
-31 16 35 0
-18 -6 38 0
26 41 -15 0
-40 26 43 0
16 25 -49 0
25 -27 48 0
24 -10 -47 0
-49 3 35 0
50 16 -27 0
46 -23 19 0
-3 -7 -35 0
-10 39 -33 0
-5 -24 -9 0
-40 7 -37 0
5 -37 15 0
49 10 34 0
-41 17 -41 0
22 49 42 0
44 18 -30 0
-29 45 43 0
8 -12 -4 0
17 -39 -26 0
11 -20 -39 0
-41 -41 35 0
9 -48 24 0
44 -18 18 0
18 38 1 0
21 -19 41 0
-3 17 6 0
-2 30 -44 0
-46 -22 33 0
34 25 38 0
13 -33 48 0
20 35 -21 0
-9 -39 -17 0
-14 19 12 0
-8 15 -42 0
6 27 31 0
12 9 21 0
26 -43 24 0
46 5 -12 0
39 22 45 0
-16 20 -43 0
39 40 22 0
33 -48 -4 0
-38 1 -49 0
-8 -44 -29 0
-14 14 36 0
-2 -43 26 0
46 -21 36 0
19 3 -9 0
50 35 -24 0
13 1 -37 0
-20 5 18 0
-15 14 -1 0
-5 45 29 0
-7 -40 -39 0
-46 -19 -37 0
50 -45 -8 0
-31 -1 12 0
-7 -41 43 0
-42 -3 -7 0
39 -8 -18 0
46 -26 -30 0
20 -28 -12 0
-18 29 -20 0
-39 -8 46 0
35 -12 11 0
40 -49 -21 0
-23 -42 -47 0
