c CNF generator v0.9
p cnf 50 287
22 37 -43 0
-50 27 13 0
-50 42 29 0
-6 -30 -14 0
-20 43 -16 0
23 -6 -32 0
13 -17 -2 0
31 24 -33 0
50 30 -15 0
10 -15 25 0
-36 22 6 0
-26 -48 33 0
28 -2 -43 0
-42 27 -2 0
13 -17 37 0
33 -34 4 0
-10 -21 28 0
-29 -9 -36 0
9 5 15 0
-5 -40 -49 0
39 -34 -32 0
14 -49 3 0
27 41 42 0
-21 -31 34 0
48 16 30 0
2 38 42 0
-18 34 -10 0
12 -6 44 0
33 -3 -34 0
15 19 3 0
-15 36 25 0
6 42 -36 0
24 26 19 0
-15 9 47 0
47 -43 1 0
-22 -17 37 0
13 -17 6 0
-21 -16 33 0
11 30 28 0
-31 -37 -40 0
15 46 -36 0
-43 -28 31 0
-30 -14 34 0
-20 -50 -45 0
23 -17 44 0
15 -25 -47 0
-23 -35 -18 0
4 -26 -46 0
-20 -50 -30 0
-27 -26 11 0
18 -47 -16 0
-39 18 -33 0
-30 18 -48 0
-41 -39 42 0
-38 -49 10 0
-3 5 22 0
-38 -37 46 0
-28 37 -6 0
27 -7 -28 0
45 36 -41 0
42 21 40 0
-24 8 34 0
-25 15 32 0
-50 -15 -2 0
-4 32 47 0
28 -39 -2 0
-40 44 3 0
-24 22 -38 0
31 48 -45 0
17 -11 -17 0
-8 -36 -20 0
8 41 49 0
24 5 -31 0
-27 35 -12 0
5 -1 -48 0
49 39 3 0
-44 45 4 0
-47 -6 -42 0
-36 11 -13 0
18 20 -27 0
8 -28 -9 0
-23 -18 -4 0
-3 35 -33 0
31 19 35 0
-34 -30 4 0
10 -48 -4 0
41 -16 -36 0
48 -30 30 0
8 -35 -34 0
-17 -20 -47 0
32 -26 50 0
-40 1 48 0
-34 1 -39 0
-34 33 42 0
-23 -34 48 0
-21 15 -19 0
-32 13 -13 0
-35 -15 7 0
11 37 39 0
-4 -12 13 0
28 30 -41 0
13 45 -27 0
34 25 -13 0
-30 46 2 0
21 -34 -47 0
8 -31 -41 0
-38 15 -14 0
12 -5 20 0
-10 -23 -23 0
-32 -30 19 0
-4 13 32 0
-22 -50 -20 0
22 43 -26 0
-49 -47 5 0
10 27 -14 0
41 31 23 0
16 -37 15 0
-5 38 -34 0
-41 -10 -48 0
-20 23 26 0
26 10 -40 0
31 -40 -49 0
-21 41 -37 0
5 4 -46 0
10 -40 36 0
22 29 -17 0
6 15 18 0
5 24 14 0
4 -39 -10 0
-28 -38 -42 0
-44 31 48 0
-48 19 24 0
39 22 -18 0
40 1 35 0
43 12 29 0
-14 25 25 0
-45 -42 -14 0
39 -39 -17 0
43 37 42 0
-27 -8 -19 0
6 -50 -20 0
17 -32 -3 0
29 2 -47 0
20 32 -18 0
6 27 -23 0
41 -44 11 0
33 20 -4 0
-23 -7 -45 0
8 3 34 0
-18 49 -47 0
25 38 3 0
46 -14 40 0
10 17 10 0
-9 17 -28 0
13 30 -32 0
-2 12 46 0
-11 9 -24 0
12 -41 23 0
-42 -5 6 0
-7 28 22 0
-41 -19 50 0
-29 -24 -38 0
-15 -14 -28 0
-20 37 7 0
-10 -49 -19 0
24 -41 -2 0
39 -49 -24 0
-46 46 16 0
23 -45 -39 0
-4 -24 50 0
22 -35 26 0
-31 -25 17 0
-28 48 23 0
-22 2 -36 0
-6 19 -23 0
24 20 -2 0
-9 -33 -50 0
-28 -11 34 0
-19 -22 -34 0
31 -12 46 0
17 44 49 0
20 19 -33 0
-48 17 -36 0
-42 4 16 0
-14 -30 11 0
-45 38 -3 0
-20 15 9 0
-21 -5 -42 0
-17 1 30 0
-44 -5 -22 0
5 21 49 0
-41 -5 -31 0
42 -7 -33 0
-9 35 -21 0
-21 -50 35 0
24 32 41 0
-19 -2 -40 0
-3 -47 -33 0
-20 50 -20 0
-36 -47 8 0
-33 -30 -40 0
41 -10 -31 0
-35 50 23 0
34 -46 -14 0
-45 -23 -24 0
1 -1 30 0
-49 41 -4 0
42 10 28 0
-37 -1 -29 0
-2 -10 43 0
42 49 8 0
-28 -35 24 0
30 45 33 0
29 -10 42 0
-34 -3 42 0
-34 15 27 0
-14 37 -11 0
-25 5 39 0
32 24 7 0
-35 -47 -46 0
16 14 23 0
2 -24 -36 0
23 2 36 0
39 14 2 0
1 3 39 0
36 7 -29 0
1 -22 -33 0
23 4 -12 0
36 13 -1 0
-11 -44 -13 0
22 28 -8 0
20 -38 -25 0
-32 -2 -38 0
-46 34 -29 0
-30 -44 27 0
50 -9 -3 0
-26 -44 -34 0
-42 12 14 0
14 -46 -38 0
-44 25 20 0
-32 -13 12 0
43 2 -49 0
-34 -28 26 0
-2 -24 33 0
-43 40 -17 0
11 -16 45 0
30 -37 5 0
-47 44 -35 0
-13 18 -22 0
-29 30 -30 0
42 29 -13 0
-34 10 -2 0
-40 15 27 0
-10 14 -48 0
-40 -44 -44 0
14 45 -33 0
-46 -29 -8 0
-32 -2 34 0
-13 -40 6 0
13 -22 -20 0
9 48 9 0
16 10 -4 0
50 43 22 0
40 -49 17 0
-31 19 -40 0
-31 -45 -43 0
-28 14 28 0
-15 -30 28 0
-19 -29 13 0
1 30 -10 0
-6 39 31 0
32 -29 -24 0
13 -26 -16 0
-48 50 25 0
-27 7 -43 0
-25 4 -13 0
11 -49 -9 0
-13 -2 -4 0
-33 -2 5 0
1 -15 34 0
-49 -7 10 0
6 29 32 0
-40 29 -16 0
4 -8 -18 0
-47 -6 -15 0
24 26 -38 0
-44 22 49 0
