c CNF generator v0.9
p cnf 50 287
-22 -49 -29 0
5 13 -22 0
-3 -18 -31 0
-38 11 50 0
-17 -12 1 0
14 2 42 0
-10 2 -8 0
-8 38 14 0
11 19 25 0
-42 -23 -8 0
-22 -50 -21 0
-30 36 19 0
-23 4 49 0
-6 -18 23 0
18 -30 -34 0
50 -32 -30 0
-47 -4 -6 0
-49 -24 1 0
-49 47 -34 0
11 -43 -8 0
-36 17 33 0
-28 -36 -31 0
-11 -9 -15 0
3 30 -2 0
8 -39 -26 0
20 8 -45 0
-34 23 -21 0
-28 25 30 0
6 -50 28 0
21 -24 31 0
-16 -31 11 0
-17 -38 -23 0
-12 -37 12 0
30 -15 7 0
-16 2 -3 0
-16 -42 -33 0
3 48 -16 0
-8 -6 -32 0
-39 19 -22 0
-35 38 -32 0
15 -5 -49 0
-11 -32 -10 0
-36 35 47 0
30 41 30 0
48 -32 26 0
-44 3 -38 0
-4 26 22 0
25 -28 45 0
-4 18 -25 0
12 37 -33 0
3 -8 -9 0
-22 38 -40 0
-50 -12 45 0
48 -47 6 0
-7 37 -18 0
-5 -9 -38 0
22 24 38 0
3 -38 46 0
-48 -4 -37 0
40 -20 -41 0
-11 44 -37 0
-34 -5 26 0
37 -9 -43 0
27 -33 -42 0
-23 23 -37 0
-14 15 -1 0
7 41 30 0
18 20 -21 0
-47 16 10 0
-6 47 -16 0
1 31 48 0
38 35 40 0
-41 9 -40 0
-17 1 8 0
-12 -47 -11 0
-43 18 -31 0
13 -41 32 0
-9 -42 36 0
28 9 21 0
39 -8 15 0
-35 19 12 0
-30 -11 20 0
16 10 -41 0
19 -15 6 0
-25 -45 -43 0
-46 7 -39 0
-34 44 42 0
-11 -45 2 0
32 37 -28 0
-3 45 25 0
-3 3 -43 0
45 -40 -36 0
44 32 -8 0
33 -35 -30 0
-15 -45 -19 0
-14 7 -31 0
-9 31 32 0
33 23 -26 0
50 -1 -8 0
-42 -37 47 0
-37 -24 -47 0
-24 2 -50 0
-48 -9 -21 0
3 46 41 0
-39 -27 -40 0
-43 13 -38 0
28 -50 23 0
9 -24 -24 0
16 32 -7 0
42 41 35 0
46 -45 15 0
13 26 -48 0
44 42 -25 0
-22 -36 -30 0
-43 -38 39 0
46 -20 49 0
-45 -47 28 0
-32 -34 44 0
-1 -40 21 0
-47 3 15 0
-11 3 6 0
-41 -33 2 0
5 -7 -36 0
-28 -4 43 0
23 -42 -17 0
-10 -4 45 0
2 -38 3 0
-37 -16 3 0
28 40 -31 0
35 -3 -24 0
30 17 24 0
-7 27 44 0
-33 5 40 0
8 -7 -40 0
37 -20 -38 0
-13 -25 -33 0
-41 9 -8 0
-6 26 -42 0
26 43 -3 0
11 15 -2 0
-22 29 -39 0
19 23 7 0
-34 -34 -8 0
5 -1 8 0
-50 -14 31 0
30 -36 -1 0
24 -50 -29 0
-46 -46 16 0
20 14 28 0
30 -10 -23 0
-22 5 32 0
-36 -45 -11 0
35 7 43 0
-11 17 9 0
-12 42 43 0
27 -3 -43 0
-31 36 27 0
-11 12 24 0
50 15 -47 0
24 -32 12 0
25 32 39 0
-21 -35 10 0
-45 -33 -6 0
43 45 -23 0
-25 48 -49 0
-32 14 -7 0
33 -43 -9 0
30 40 28 0
49 35 9 0
-10 8 -24 0
47 -32 36 0
7 -4 9 0
-9 38 5 0
35 21 -17 0
-2 -49 10 0
35 -1 -39 0
-29 -2 4 0
20 3 -46 0
39 26 -25 0
-17 21 -11 0
-49 16 -35 0
26 33 40 0
-27 46 -25 0
-42 -9 -8 0
-19 -6 -14 0
45 9 -5 0
-44 -39 2 0
-4 35 -12 0
-31 -28 38 0
-33 36 -27 0
26 -37 -34 0
-35 8 18 0
14 -49 40 0
-1 -13 25 0
-11 3 24 0
16 -31 5 0
2 46 -30 0
-11 47 -47 0
-21 32 1 0
48 41 -17 0
31 47 15 0
-21 -17 -1 0
-8 3 -4 0
-11 5 42 0
3 16 -11 0
-32 -3 19 0
-49 -23 -43 0
-13 32 -25 0
-9 -13 13 0
-20 -26 9 0
26 -24 -9 0
-41 31 49 0
42 28 17 0
-1 -39 -38 0
27 17 -4 0
33 -40 -29 0
-21 -33 1 0
-47 15 -32 0
10 -23 -47 0
43 -38 -6 0
-44 -17 -36 0
-8 38 -20 0
26 -42 -44 0
44 -28 -30 0
-3 38 46 0
-48 -34 15 0
-46 -9 5 0
-38 17 -4 0
-32 41 34 0
-15 -36 23 0
30 36 12 0
-12 21 -3 0
30 34 -17 0
-17 -9 25 0
25 28 41 0
9 22 44 0
-13 -3 -19 0
-14 41 21 0
3 18 16 0
-21 -20 -43 0
34 27 -43 0
-4 -9 -8 0
19 4 -40 0
5 -27 -39 0
-19 -50 19 0
49 -29 36 0
-49 -8 -31 0
42 -46 46 0
11 -27 18 0
38 40 -4 0
32 4 2 0
14 -50 -11 0
-46 -11 19 0
24 -8 49 0
-16 15 31 0
47 10 24 0
45 -1 19 0
-24 4 -44 0
-6 35 -7 0
-17 24 -10 0
-13 42 36 0
-28 38 -10 0
35 12 45 0
27 11 -8 0
34 40 -43 0
-23 40 -30 0
-5 7 23 0
-10 -11 6 0
19 -19 -11 0
1 3 -11 0
7 33 -3 0
29 35 41 0
-41 -21 -18 0
9 -28 -45 0
-31 12 49 0
-43 27 20 0
-43 24 1 0
-32 11 -23 0
29 -41 22 0
3 -13 -39 0
-39 -6 -29 0
10 6 44 0
2 7 -3 0
-40 -13 23 0
17 40 29 0
-33 -11 10 0
-31 -5 -15 0
