c CNF generator v0.9
p cnf 50 287
-15 -44 15 0
-44 -43 41 0
-2 -36 1 0
13 -31 16 0
14 33 22 0
-8 6 -2 0
41 -35 -41 0
-21 -31 -45 0
36 -22 -7 0
-1 -21 34 0
-1 13 22 0
-24 -35 -17 0
-10 -2 7 0
24 -5 -46 0
-10 -12 -47 0
41 2 -41 0
45 42 30 0
13 48 16 0
-23 47 50 0
-48 37 29 0
37 -20 -9 0
-2 17 -44 0
-50 27 5 0
-38 50 24 0
-27 3 36 0
-13 -24 34 0
22 -26 41 0
-31 35 50 0
40 -17 -8 0
-27 44 12 0
49 20 -42 0
-30 41 18 0
27 -1 -10 0
-32 9 32 0
-23 32 6 0
42 43 9 0
-3 -23 48 0
-39 -26 2 0
31 6 29 0
2 22 43 0
1 -27 8 0
-10 -29 -34 0
-43 -23 -45 0
29 36 -26 0
-33 16 -32 0
7 38 38 0
-28 -22 18 0
-10 -29 45 0
44 49 2 0
7 -11 -8 0
-15 8 -20 0
29 -34 -18 0
-36 -24 -32 0
4 -24 33 0
-40 34 -5 0
-17 -47 23 0
-41 -33 27 0
-36 -2 39 0
-34 48 -39 0
-12 -12 -7 0
32 -28 2 0
32 45 44 0
25 29 -26 0
-48 -10 -50 0
-10 11 -12 0
-26 -9 4 0
-9 -12 -17 0
-5 -48 -44 0
49 -38 26 0
42 -46 -15 0
4 -47 4 0
-7 -29 -25 0
-32 -9 7 0
-1 42 34 0
-32 38 43 0
16 -19 42 0
-46 1 6 0
-34 -46 37 0
33 -38 -7 0
-5 34 -34 0
9 25 44 0
3 8 -31 0
18 -28 -42 0
44 32 14 0
25 50 42 0
26 33 -4 0
-17 -32 -48 0
-14 -18 -1 0
-11 19 10 0
-40 -11 -11 0
-2 10 -44 0
20 2 13 0
21 37 -37 0
-29 37 -15 0
-14 -42 -31 0
-3 -16 18 0
32 29 16 0
6 -7 17 0
-3 -14 28 0
43 26 -18 0
-5 -21 -31 0
4 34 -12 0
-22 44 -50 0
25 -30 -32 0
49 -32 48 0
46 32 18 0
24 -40 22 0
-9 28 -38 0
17 -12 -26 0
17 -39 15 0
-39 -35 -46 0
14 4 14 0
15 4 -16 0
2 29 10 0
-20 41 -44 0
-21 8 17 0
10 -20 4 0
-22 -28 34 0
8 -7 39 0
-27 15 15 0
-23 -42 -7 0
45 -13 -38 0
-7 -12 1 0
31 17 27 0
41 32 43 0
-46 28 -10 0
-10 29 -27 0
37 41 46 0
25 31 -6 0
-17 49 5 0
-12 36 -10 0
-8 -15 14 0
-19 2 -23 0
36 -36 -37 0
47 -19 26 0
3 45 50 0
-28 26 25 0
-18 49 2 0
15 -11 -18 0
-34 -12 -10 0
-39 -34 20 0
-44 16 -47 0
-41 49 -2 0
46 -33 13 0
50 -6 -2 0
-12 30 -43 0
37 -15 -22 0
50 -11 19 0
-35 36 -12 0
5 41 19 0
-21 -21 50 0
6 7 15 0
33 -33 7 0
28 -18 -22 0
-30 34 44 0
-46 31 -29 0
-2 -40 9 0
-21 48 41 0
-20 -4 -37 0
-19 -40 -36 0
-1 -9 41 0
-8 22 -20 0
-45 -23 45 0
-30 -11 21 0
-47 37 3 0
2 44 -6 0
50 18 -46 0
15 -13 -35 0
9 21 40 0
-47 25 4 0
25 37 -48 0
28 4 -39 0
-21 -18 -34 0
1 -34 -13 0
-11 42 -23 0
1 18 -33 0
46 -37 -9 0
-49 -6 -10 0
12 41 -5 0
15 -22 -46 0
-48 18 44 0
26 5 36 0
30 34 -15 0
-16 8 37 0
-27 -36 -42 0
-27 -7 -46 0
30 26 23 0
21 -19 -19 0
50 31 -29 0
-45 -16 17 0
16 -5 -40 0
-31 42 -27 0
-6 5 29 0
-44 -18 -10 0
45 -25 23 0
39 50 -37 0
-33 9 44 0
40 41 24 0
-37 16 -12 0
4 16 23 0
-8 -4 8 0
35 -5 -1 0
46 -8 50 0
25 -29 7 0
-45 -32 -46 0
29 -15 -23 0
-1 46 -25 0
-13 -34 37 0
18 -39 37 0
-8 -13 -40 0
-42 46 -42 0
-28 36 -6 0
-49 17 14 0
-24 -22 13 0
5 -49 -22 0
37 -16 -10 0
1 48 45 0
16 -8 40 0
-5 36 34 0
10 -8 27 0
25 29 24 0
-6 -44 -3 0
-50 -30 43 0
-7 13 -39 0
15 39 40 0
31 -33 -31 0
12 -12 16 0
26 37 -25 0
50 -23 26 0
-34 29 13 0
-1 35 22 0
-23 44 -29 0
-10 23 -7 0
-34 21 13 0
-43 39 21 0
7 17 5 0
42 26 -22 0
19 -28 -43 0
-23 1 -49 0
-47 50 30 0
-42 4 4 0
-41 9 -44 0
15 9 34 0
-24 -1 12 0
-25 -30 49 0
-22 42 18 0
-12 50 -19 0
7 15 12 0
-46 37 -5 0
-35 49 24 0
48 -23 23 0
8 -10 23 0
-48 -18 6 0
-50 -40 -27 0
37 40 29 0
-40 -9 2 0
50 -12 8 0
3 -39 -48 0
-47 5 -38 0
-31 40 36 0
-6 -8 -44 0
11 12 7 0
24 -33 31 0
38 -42 29 0
49 22 -37 0
34 7 -47 0
30 6 15 0
-11 -21 5 0
26 -11 -3 0
-24 8 -41 0
24 -20 23 0
3 17 13 0
-10 7 1 0
2 8 14 0
7 14 13 0
37 -26 3 0
-26 -19 -9 0
-12 -49 45 0
-28 23 -37 0
42 -7 -15 0
50 40 -31 0
-38 -44 1 0
24 -49 -39 0
-36 -32 -50 0
43 43 13 0
-47 -27 -12 0
-37 25 -46 0
