c CNF generator v0.9
p cnf 50 287
-24 -23 13 0
-37 -22 15 0
-8 -10 -36 0
-21 -33 39 0
-48 -31 43 0
42 29 -3 0
-21 38 -36 0
47 -29 -24 0
16 33 -46 0
15 -28 22 0
-45 8 15 0
-19 -23 48 0
-26 -13 46 0
-28 41 -35 0
-10 49 -8 0
-30 -48 -34 0
-26 23 -6 0
13 6 -15 0
7 15 41 0
27 -31 45 0
40 -46 -19 0
19 13 48 0
4 41 -2 0
-36 -3 5 0
25 -9 38 0
-19 -42 40 0
-23 -47 -28 0
-49 19 -25 0
22 21 21 0
32 -16 3 0
48 -25 28 0
-23 15 -15 0
-29 -46 -30 0
11 16 8 0
34 35 -2 0
13 -46 46 0
-4 -26 39 0
33 -48 -48 0
-3 29 10 0
-43 -47 45 0
31 -16 -27 0
-9 -46 -31 0
4 -47 27 0
-41 -11 2 0
-28 39 -39 0
8 25 16 0
16 38 30 0
-42 -29 22 0
-4 -1 27 0
-44 3 25 0
-43 6 -46 0
-46 -42 18 0
-11 34 -35 0
-18 -49 -47 0
25 -45 2 0
27 -6 29 0
50 -7 44 0
-1 -32 30 0
-18 36 48 0
10 -46 49 0
13 -12 45 0
-16 35 9 0
-31 5 -3 0
44 41 -13 0
-1 -21 -14 0
6 -33 -48 0
30 -34 6 0
-15 19 35 0
-1 28 12 0
19 2 38 0
-48 34 14 0
-24 -50 1 0
-12 -16 27 0
-37 28 -19 0
-18 -28 50 0
17 -3 -43 0
28 -39 37 0
-43 -3 -24 0
-5 -4 -18 0
42 -2 24 0
-21 -46 26 0
-18 -28 17 0
-38 -13 20 0
45 10 -40 0
-26 -7 -45 0
-26 38 -33 0
-20 30 -16 0
-19 -21 -41 0
41 6 10 0
-11 -36 -27 0
-36 19 1 0
-24 -4 -32 0
-37 -31 17 0
33 -9 -34 0
-8 14 -29 0
21 -7 33 0
-5 -42 -33 0
-47 -5 29 0
-46 8 -46 0
15 31 -28 0
29 -33 -44 0
-46 -18 -35 0
-31 -50 -6 0
-32 37 -37 0
13 -28 -26 0
-35 32 47 0
-22 22 -17 0
-38 -2 -21 0
-2 -49 16 0
-26 -48 -41 0
-45 13 28 0
14 -23 -12 0
-13 -30 -41 0
-5 -1 -25 0
6 -31 9 0
44 -24 -13 0
-21 17 49 0
-31 30 -17 0
38 44 15 0
6 -38 31 0
-44 -35 -46 0
7 -49 -2 0
1 11 -2 0
-18 13 4 0
-48 -28 -17 0
-40 3 -46 0
16 -10 -39 0
16 43 31 0
-39 -49 25 0
42 -37 -8 0
-16 -5 -44 0
33 45 -26 0
-17 -32 6 0
45 -37 46 0
-12 2 32 0
-11 -2 -15 0
25 -31 -26 0
-23 14 -44 0
-22 -19 -50 0
-17 -13 -7 0
16 32 8 0
-38 28 5 0
-39 -34 8 0
46 27 -24 0
44 -12 21 0
-41 9 37 0
34 -8 -37 0
34 12 28 0
19 -49 18 0
42 -30 19 0
-13 4 -35 0
-32 -31 -9 0
48 14 -28 0
-9 -2 48 0
-23 6 11 0
49 6 -20 0
-3 -34 -41 0
-44 -7 35 0
48 41 -21 0
5 -8 34 0
-37 43 9 0
-25 39 -16 0
-39 13 -15 0
28 -19 47 0
-45 -23 24 0
28 -39 26 0
29 46 -36 0
12 49 -18 0
-36 37 -25 0
33 7 -31 0
-32 15 44 0
38 -35 14 0
-45 4 -14 0
-19 -29 -9 0
25 -41 -35 0
23 41 -16 0
-16 9 -26 0
-20 42 -49 0
24 -48 50 0
9 -48 18 0
17 -37 20 0
43 12 -6 0
5 -2 43 0
46 -14 33 0
44 5 -17 0
-19 -7 -12 0
-49 -42 40 0
-23 7 -29 0
-32 -45 20 0
1 -25 28 0
18 38 -41 0
17 19 -42 0
16 5 -25 0
-6 -37 7 0
-37 -12 15 0
-50 -19 49 0
-33 -20 -26 0
-13 20 7 0
-6 48 -26 0
31 8 20 0
-36 -44 13 0
-37 31 22 0
-37 -32 4 0
-23 40 42 0
-13 45 -50 0
12 -35 -44 0
-34 -48 -49 0
-25 -16 -1 0
-20 34 -2 0
-7 2 33 0
8 -12 5 0
-11 -34 14 0
19 35 -24 0
-28 -6 -44 0
-16 -40 11 0
40 -17 36 0
-30 30 -13 0
7 19 -26 0
-27 50 -34 0
-49 49 -26 0
-43 31 -26 0
9 42 21 0
-7 -15 5 0
-4 20 -42 0
-2 48 31 0
36 17 -34 0
-18 40 -44 0
33 47 38 0
-40 39 -31 0
-42 16 -18 0
15 48 9 0
-36 18 -36 0
45 50 17 0
-26 -4 -9 0
-5 -20 -12 0
-10 -10 -23 0
-50 40 44 0
-16 15 -26 0
13 19 -30 0
8 43 25 0
18 34 45 0
-1 -28 8 0
11 46 39 0
-32 30 -31 0
-48 -4 -42 0
-11 -44 -22 0
7 4 49 0
-2 29 18 0
-50 -43 8 0
-6 7 -32 0
25 -48 -47 0
40 -23 9 0
20 -41 -25 0
6 -34 26 0
-48 32 -19 0
-18 37 17 0
-9 -12 8 0
19 -17 -36 0
-49 -28 -14 0
-13 -48 -12 0
-12 -35 11 0
-23 -27 -12 0
-3 -24 25 0
-29 30 -3 0
44 -48 -9 0
-26 -26 28 0
14 8 35 0
-47 -35 -32 0
40 -11 4 0
-49 25 1 0
-41 -48 -47 0
-23 23 -32 0
42 -15 9 0
-18 -10 -34 0
-41 22 -29 0
-42 15 -11 0
3 14 -49 0
38 12 23 0
34 26 -7 0
17 46 -49 0
-33 21 -4 0
-21 32 -34 0
-25 -10 -13 0
50 -28 -40 0
-45 -37 1 0
-15 -23 -23 0
13 -32 -20 0
