c CNF generator v0.9
p cnf 50 287
14 13 -18 0
-49 -11 32 0
50 -43 2 0
-44 25 34 0
-21 26 12 0
-8 -48 1 0
-43 39 39 0
13 -14 -7 0
-22 33 -35 0
-25 5 2 0
32 19 -37 0
34 -36 45 0
-27 -5 -48 0
45 -20 27 0
9 13 46 0
41 14 -5 0
-29 10 -46 0
47 -13 29 0
31 8 -25 0
11 3 47 0
8 -35 -14 0
-20 -49 15 0
8 -36 -21 0
-47 48 -14 0
-9 7 18 0
-1 -8 -21 0
-27 -16 5 0
43 -37 -42 0
-27 25 26 0
-39 -48 13 0
14 -1 41 0
24 -19 -9 0
48 -33 8 0
37 -40 45 0
-8 -48 -43 0
24 -10 45 0
-35 41 -3 0
-43 -30 3 0
36 36 28 0
-27 -9 -12 0
-48 5 22 0
-3 35 16 0
11 -49 49 0
44 -22 -16 0
-2 19 2 0
21 12 34 0
35 26 1 0
37 -22 29 0
43 -49 23 0
-13 36 36 0
22 17 15 0
-18 13 -46 0
24 46 -44 0
49 -32 30 0
36 -19 -23 0
-20 -20 33 0
33 3 46 0
-11 36 -19 0
34 22 -4 0
-43 -30 37 0
-33 -48 31 0
-9 38 -38 0
23 28 18 0
42 27 -14 0
43 -15 18 0
41 20 1 0
25 -3 -32 0
-14 -12 -40 0
34 -20 -30 0
17 11 21 0
-42 -43 50 0
5 -45 26 0
5 -43 9 0
43 -22 47 0
-34 9 -12 0
-23 -33 -18 0
-49 19 -15 0
-41 41 -47 0
-13 -19 2 0
26 46 -32 0
18 -10 -1 0
-33 -41 33 0
-36 -12 44 0
17 35 -25 0
36 6 39 0
-40 29 25 0
-45 32 42 0
35 8 31 0
-1 -18 23 0
-25 38 15 0
-14 38 -23 0
-26 33 -31 0
-2 31 30 0
47 36 46 0
-35 -13 -46 0
45 40 32 0
33 -21 10 0
-19 17 -11 0
33 -16 32 0
-16 12 -28 0
6 11 -40 0
8 13 -25 0
-31 -12 -5 0
-15 46 -2 0
-47 -32 12 0
-23 -40 -44 0
-31 41 18 0
9 9 11 0
-34 10 35 0
-6 -12 -25 0
39 14 45 0
-39 35 23 0
18 15 -1 0
-28 1 7 0
-24 43 7 0
48 22 39 0
-41 44 49 0
-16 2 2 0
4 -9 -49 0
-25 46 -43 0
-27 -45 -9 0
-39 -3 5 0
-5 -35 -44 0
-30 29 -13 0
22 34 -34 0
-10 -19 31 0
11 10 -37 0
-41 -18 -13 0
48 -8 -5 0
49 21 16 0
16 -37 -21 0
30 30 -25 0
-40 -35 26 0
14 -48 -29 0
47 -29 -16 0
42 20 50 0
-13 10 -15 0
-16 -44 13 0
-22 -4 -3 0
-31 -2 -11 0
-3 2 43 0
-46 17 33 0
-20 -37 -22 0
21 45 -26 0
-40 39 -19 0
-6 22 -43 0
-50 -13 -23 0
-23 -24 -35 0
7 -47 28 0
11 19 -27 0
-48 -48 24 0
26 2 -41 0
-49 -16 22 0
3 11 -41 0
28 -5 40 0
23 44 8 0
-31 25 27 0
17 31 35 0
7 39 -38 0
-39 20 30 0
42 26 21 0
-26 8 19 0
-46 16 -5 0
33 -38 -23 0
26 -26 -1 0
13 50 -9 0
8 -40 -33 0
-40 -7 18 0
11 6 -50 0
34 45 43 0
18 2 -12 0
-9 -39 -29 0
24 -42 35 0
-23 -36 6 0
-28 8 -5 0
-4 10 31 0
-41 24 13 0
6 3 -34 0
-50 -46 -39 0
-45 7 33 0
-42 -49 26 0
1 -42 -14 0
-34 23 -31 0
39 41 -7 0
-16 -31 -8 0
-10 6 49 0
41 43 47 0
2 -14 -28 0
28 -12 1 0
3 28 -10 0
17 -24 -13 0
-5 14 43 0
-29 37 2 0
-32 9 -27 0
-47 20 -37 0
-37 -31 -49 0
-26 -44 -50 0
-7 -26 -46 0
-4 29 -8 0
48 18 -28 0
4 -32 22 0
9 28 -22 0
-19 -39 9 0
-3 48 27 0
-19 43 11 0
-26 39 -6 0
-7 7 37 0
3 18 -10 0
32 -50 42 0
-33 21 16 0
-37 9 15 0
36 -16 -48 0
50 -14 -29 0
29 46 7 0
-4 38 22 0
5 -7 -41 0
-28 -18 6 0
35 33 -16 0
-4 -14 47 0
1 -13 -22 0
-41 25 8 0
-34 40 37 0
-35 -31 -14 0
-45 12 17 0
-19 -48 -21 0
7 4 -28 0
3 -15 -39 0
-44 -11 13 0
-32 -42 -13 0
43 30 -20 0
-16 12 30 0
31 5 24 0
-9 1 29 0
-49 -11 27 0
39 25 -20 0
-43 37 -25 0
-23 -29 -36 0
-49 -10 2 0
41 -49 -50 0
26 39 43 0
-29 26 15 0
26 25 48 0
-23 5 4 0
50 -29 -29 0
9 -43 18 0
3 29 1 0
1 -14 -6 0
37 10 47 0
-45 -46 -32 0
-1 34 26 0
-3 3 48 0
-21 47 50 0
14 26 -12 0
25 -43 6 0
-47 31 33 0
33 11 8 0
35 50 -34 0
42 -27 -45 0
-41 9 -3 0
-38 -28 1 0
-10 45 -13 0
-31 32 25 0
45 46 1 0
50 -12 -39 0
-5 27 13 0
-16 -29 29 0
-30 -44 28 0
41 -49 -25 0
-30 -3 -41 0
-14 -20 -4 0
41 -8 -32 0
40 38 13 0
19 28 -20 0
9 42 30 0
-4 13 48 0
12 2 23 0
22 22 34 0
-9 -6 -45 0
8 13 18 0
-14 34 24 0
50 45 24 0
6 13 23 0
-38 49 -43 0
-4 -14 -14 0
-43 -28 11 0
28 2 15 0
-48 -42 -40 0
