c CNF generator v0.9
p cnf 50 287
-19 2 2 0
-18 -38 45 0
-34 1 40 0
47 -49 -25 0
5 21 10 0
-29 28 -43 0
26 -5 25 0
-29 23 18 0
-11 -21 -43 0
-38 23 16 0
-44 42 47 0
-42 -32 12 0
-29 35 -35 0
30 22 20 0
-19 29 -33 0
-12 -23 20 0
50 47 -44 0
-27 -14 -23 0
44 -40 -39 0
-38 -42 9 0
-15 -12 -23 0
-20 -50 45 0
-12 45 -7 0
-18 -7 41 0
46 -21 -7 0
-14 -13 3 0
7 46 14 0
-46 -39 23 0
47 -50 46 0
18 -14 -38 0
2 -29 10 0
-7 -28 25 0
6 -18 5 0
19 -42 8 0
-21 -10 7 0
-25 -28 -18 0
-24 15 -14 0
-29 46 7 0
-5 32 24 0
25 -30 32 0
29 -3 29 0
26 -27 -9 0
5 -33 11 0
25 28 50 0
-17 27 43 0
-49 -49 -2 0
13 -36 -26 0
33 40 -20 0
-44 50 -10 0
-38 -14 43 0
-36 -49 26 0
-4 2 -23 0
26 35 -34 0
-31 43 -12 0
-18 -21 8 0
40 -37 -29 0
18 -10 32 0
-2 -49 25 0
4 -43 40 0
23 42 -32 0
15 38 -22 0
-31 -19 -10 0
-45 -50 -19 0
45 48 11 0
27 -17 9 0
41 36 -15 0
47 -42 48 0
29 13 24 0
-40 43 -16 0
34 35 -18 0
24 -31 41 0
-3 -49 30 0
16 41 -12 0
-7 7 -39 0
-27 -27 -19 0
13 -29 -7 0
-26 -6 -46 0
2 -35 40 0
38 -42 27 0
15 -34 23 0
-29 -18 -16 0
-46 36 -6 0
-23 -17 15 0
-28 -46 8 0
-14 13 -42 0
-23 1 44 0
-38 4 23 0
-29 -33 -36 0
41 44 4 0
-26 45 9 0
-9 46 26 0
-1 -26 -31 0
-20 2 -10 0
-49 -5 10 0
-27 -6 8 0
-31 -17 -8 0
-39 -50 -8 0
48 -29 -20 0
-44 -44 -3 0
43 -40 -19 0
25 18 10 0
-50 -44 -3 0
-31 35 -6 0
-19 -8 30 0
38 12 -5 0
-23 -49 8 0
13 6 1 0
-21 -37 42 0
-2 36 -47 0
-28 -4 -5 0
-24 -11 -32 0
40 12 27 0
50 -49 -48 0
21 18 -39 0
-29 -44 -5 0
-11 -34 -49 0
45 4 11 0
17 44 -49 0
-46 -48 -12 0
38 -13 -28 0
11 9 -44 0
-2 -42 35 0
26 47 -36 0
-39 2 42 0
-4 20 50 0
-49 22 5 0
-18 -45 19 0
-35 12 -34 0
-4 11 27 0
33 -11 19 0
34 18 -26 0
37 -41 -7 0
9 37 15 0
25 -36 -7 0
-12 -31 9 0
-44 17 -28 0
46 -35 -28 0
-10 -40 -34 0
48 -27 -8 0
-33 14 1 0
23 7 -32 0
25 38 45 0
31 -34 3 0
36 15 -15 0
21 31 -23 0
-11 -19 -12 0
26 -16 40 0
-44 -22 -22 0
-13 45 8 0
-44 -36 20 0
-50 -16 37 0
-27 43 -43 0
-7 29 34 0
-23 -10 -1 0
-13 -5 -43 0
15 -41 6 0
-10 24 46 0
-15 -39 -14 0
-30 23 -46 0
16 37 -15 0
-11 -24 35 0
22 12 17 0
-2 -30 38 0
24 18 48 0
-43 7 -34 0
-47 -10 34 0
-25 20 24 0
50 29 -9 0
-8 -4 -7 0
-31 -4 3 0
16 -22 48 0
6 25 -23 0
5 -27 1 0
-47 41 38 0
2 29 -18 0
-22 -15 17 0
-48 -20 40 0
32 29 -23 0
13 -47 -39 0
21 41 11 0
1 -40 44 0
-39 -48 39 0
-44 -34 4 0
4 4 30 0
31 37 -24 0
5 43 3 0
-6 18 -7 0
1 -41 48 0
-28 47 -42 0
27 -17 -10 0
-30 -4 39 0
28 2 -21 0
25 -30 -15 0
-41 -22 12 0
-22 5 -9 0
41 24 -28 0
-15 33 -18 0
24 42 -10 0
-42 -18 -45 0
12 -6 19 0
3 24 -14 0
18 -11 -23 0
42 17 47 0
50 48 30 0
3 -49 -8 0
36 -42 46 0
-33 -12 -33 0
8 -49 1 0
-45 38 24 0
-14 8 26 0
-40 -9 -21 0
-29 30 -47 0
25 1 48 0
38 -12 -47 0
-43 -5 5 0
-42 16 -11 0
-14 39 31 0
38 -20 20 0
12 -30 -6 0
33 -34 -20 0
6 3 -24 0
10 16 42 0
14 30 -35 0
-21 31 46 0
24 33 -1 0
9 21 -32 0
-2 -13 -39 0
38 -10 48 0
15 20 -33 0
-49 -20 9 0
-8 41 -49 0
24 18 -16 0
23 -26 40 0
-33 23 -13 0
23 44 -3 0
24 3 12 0
33 3 16 0
42 25 48 0
-10 12 -19 0
16 2 -4 0
15 36 -11 0
-16 -9 45 0
31 3 43 0
-37 -38 -2 0
27 23 -50 0
-40 20 15 0
5 50 -21 0
37 -37 50 0
-22 -19 -11 0
48 -10 -18 0
47 19 -39 0
23 22 -42 0
38 -38 37 0
1 27 10 0
-6 -11 34 0
17 -42 15 0
37 31 29 0
50 -30 -8 0
-30 44 -13 0
-17 -31 20 0
-17 6 14 0
13 14 25 0
50 -31 44 0
21 20 16 0
3 -24 -19 0
37 30 -10 0
-41 -1 28 0
-30 -35 38 0
-6 39 5 0
41 -18 -18 0
-3 -27 -1 0
-7 -12 -50 0
-48 4 50 0
44 42 -29 0
6 -41 14 0
-50 47 -42 0
36 -34 -30 0
-42 -34 -40 0
-50 -34 49 0
47 -10 -2 0
-35 -10 -50 0
-25 -15 -29 0
-15 38 15 0
12 -16 -21 0
38 -10 -37 0
34 25 15 0
-50 -12 12 0
