c CNF generator v0.9
p cnf 50 287
-41 -39 18 0
50 -32 39 0
10 -17 -34 0
-36 22 -20 0
49 -49 -12 0
47 6 43 0
17 -28 16 0
-33 11 -11 0
-4 35 41 0
-10 -49 -10 0
6 48 -3 0
-8 28 -17 0
38 20 -44 0
-21 45 -34 0
31 -19 48 0
-45 -5 13 0
10 -38 13 0
30 14 48 0
49 -24 -5 0
-19 -34 -24 0
-43 -10 29 0
-38 -16 -33 0
45 -49 27 0
-19 -34 14 0
8 9 34 0
37 -30 39 0
5 -14 -27 0
-14 48 -19 0
29 34 -32 0
-21 1 -25 0
-2 34 -37 0
-16 28 42 0
-24 20 -49 0
-49 -9 -22 0
-11 37 -8 0
-23 44 7 0
29 14 -28 0
-49 50 9 0
24 31 -9 0
-15 50 -33 0
49 7 37 0
-41 37 -29 0
18 -41 -22 0
17 23 -38 0
50 -15 -35 0
-27 -48 11 0
14 33 23 0
21 -22 -22 0
15 -39 -36 0
-18 46 16 0
13 47 30 0
28 -33 -28 0
-43 21 31 0
22 7 27 0
-24 -17 -46 0
45 -8 -49 0
-13 -21 20 0
32 -18 -33 0
31 44 -46 0
-28 -4 -11 0
-2 -33 11 0
-16 37 18 0
-19 17 -42 0
3 -13 39 0
-25 -20 -48 0
8 1 -42 0
25 -20 -47 0
15 24 -38 0
-41 31 -49 0
-42 4 17 0
-38 14 6 0
16 30 18 0
2 -25 -25 0
40 -48 -9 0
-13 -12 -33 0
-34 -27 20 0
50 6 10 0
-12 -43 -32 0
30 -34 45 0
43 -15 29 0
3 24 -50 0
-43 -4 7 0
39 34 43 0
36 -2 -10 0
27 -47 -7 0
-15 -18 7 0
19 -43 45 0
15 45 48 0
47 -12 -16 0
-22 -14 -40 0
37 44 -5 0
-39 42 -2 0
42 -2 28 0
-35 20 -5 0
-2 -9 -49 0
49 -7 -25 0
45 9 31 0
26 -6 -24 0
38 35 -19 0
41 27 32 0
-6 13 21 0
-43 45 47 0
41 41 34 0
-16 -29 30 0
-15 -12 -36 0
-49 42 -3 0
7 9 -39 0
36 -38 -37 0
-40 -49 -19 0
-26 -14 -49 0
-25 -16 42 0
-40 9 13 0
3 46 -15 0
5 23 -11 0
-23 32 -7 0
2 -23 -22 0
27 28 26 0
-3 -16 25 0
-20 -40 9 0
50 30 39 0
-22 -16 8 0
36 -48 32 0
42 47 5 0
-8 -34 20 0
-9 -47 -28 0
34 -20 -16 0
-18 -45 34 0
28 22 -35 0
-45 -28 15 0
-5 -25 -38 0
-4 -37 19 0
-16 29 -27 0
36 -36 -12 0
-17 21 -9 0
9 -27 14 0
31 48 44 0
32 -22 -41 0
32 -25 45 0
17 16 -36 0
47 34 24 0
40 21 -28 0
-22 27 40 0
49 -9 30 0
-47 11 -36 0
-43 -23 22 0
22 11 -39 0
25 38 -48 0
-11 29 7 0
28 31 25 0
48 -46 -25 0
-23 -46 -28 0
49 43 47 0
-4 49 -39 0
-42 46 -38 0
-8 9 -1 0
23 -5 -28 0
15 -47 -13 0
-21 31 -2 0
47 -14 36 0
42 -14 -31 0
-31 -20 20 0
-7 -42 -36 0
-35 26 -19 0
46 -30 -37 0
13 -47 -15 0
-7 26 -49 0
30 14 -12 0
-18 -11 -1 0
3 -9 46 0
-49 7 21 0
-1 -1 29 0
-12 -39 -5 0
14 -12 -15 0
23 -20 45 0
-13 -4 -27 0
41 -42 -3 0
-32 -41 -23 0
33 40 21 0
-3 32 46 0
-30 -19 41 0
-7 -11 38 0
-21 -38 8 0
41 -46 -50 0
-45 -19 -42 0
-33 -15 -12 0
35 34 -13 0
-39 -19 9 0
-24 23 14 0
-11 38 26 0
12 -28 37 0
-33 12 -27 0
-31 44 23 0
30 20 -4 0
47 -45 -4 0
36 -43 49 0
27 -50 -20 0
-21 -25 28 0
-32 -26 18 0
20 41 26 0
46 -28 45 0
-36 44 -40 0
-39 -41 -9 0
49 -39 40 0
37 -16 50 0
11 2 12 0
-41 -14 -13 0
-4 -15 24 0
42 -18 -7 0
-3 49 -50 0
-5 4 20 0
12 16 -25 0
4 -2 -28 0
-7 22 -14 0
-18 14 50 0
21 11 -12 0
42 -13 -12 0
-30 8 -43 0
25 -37 37 0
-13 -16 -38 0
-41 -44 -3 0
29 -24 -25 0
-31 19 21 0
-26 -6 -3 0
16 -48 23 0
32 -32 33 0
-31 16 -38 0
-7 20 -12 0
23 11 -2 0
-48 3 45 0
-50 3 -42 0
-2 37 -9 0
41 16 -16 0
40 17 -8 0
-24 49 16 0
42 -34 -7 0
-33 -9 -26 0
11 -23 44 0
-27 31 -3 0
-35 50 24 0
-31 -19 -20 0
1 35 -26 0
20 39 -2 0
8 28 37 0
12 46 -23 0
-12 -16 26 0
13 -5 1 0
41 26 -28 0
-7 -21 24 0
43 -41 35 0
-47 -21 11 0
-15 -33 24 0
-10 8 -7 0
45 -24 -37 0
-39 34 30 0
-6 1 12 0
29 20 -32 0
-12 -48 4 0
27 25 -11 0
-24 41 41 0
3 12 30 0
-45 -14 -1 0
24 50 -33 0
44 -21 13 0
23 30 11 0
37 -38 14 0
18 -3 38 0
18 -16 24 0
-32 -14 11 0
50 29 33 0
12 -26 -14 0
26 37 -38 0
-26 -25 7 0
15 1 -43 0
-12 -7 25 0
34 6 11 0
36 49 -34 0
46 24 12 0
-46 43 21 0
-9 -18 44 0
-21 34 -20 0
26 18 13 0
22 10 20 0
45 35 45 0
30 17 -11 0
42 4 -19 0
-49 50 20 0
49 -31 17 0
