c CNF generator v0.9
p cnf 50 287
-11 -17 3 0
-41 -5 -11 0
19 -5 -23 0
-17 28 42 0
-45 -40 40 0
-48 -20 12 0
-44 44 -38 0
40 -5 45 0
14 -49 7 0
-10 -43 15 0
32 15 -12 0
42 16 -43 0
31 25 -36 0
-26 -44 -14 0
-6 -24 -32 0
7 -44 16 0
-19 12 -19 0
-28 -30 16 0
-7 40 -23 0
33 23 18 0
-2 -27 26 0
-20 2 -25 0
3 -48 -21 0
36 -47 6 0
-16 -49 -13 0
19 -14 5 0
-49 -25 -42 0
-29 -46 16 0
43 20 26 0
-19 -28 -13 0
-9 -46 -39 0
-8 -47 -44 0
-15 -9 2 0
-46 39 43 0
-48 11 -29 0
-30 -17 13 0
29 24 19 0
-47 21 -28 0
25 -9 38 0
-40 34 -45 0
50 -49 13 0
-8 -50 -10 0
31 9 11 0
49 -27 4 0
-2 -3 21 0
23 -24 -29 0
-17 9 28 0
42 -3 42 0
50 -10 -39 0
3 15 31 0
15 -45 9 0
29 10 -22 0
-5 -27 28 0
27 41 -38 0
28 -24 40 0
26 34 17 0
45 -38 -43 0
-19 -35 -42 0
-19 19 -38 0
47 7 2 0
-16 -3 40 0
9 45 -30 0
16 -40 5 0
-8 -16 2 0
5 46 47 0
-10 20 -19 0
-2 -23 -22 0
40 -25 -49 0
-20 48 -3 0
-26 35 26 0
1 28 -12 0
42 -21 -49 0
-46 40 -9 0
48 -12 -47 0
-17 -47 44 0
31 49 -44 0
-20 15 -17 0
43 46 29 0
-23 -10 41 0
-20 -2 -39 0
31 -5 -33 0
20 33 30 0
18 -31 33 0
3 17 -38 0
-1 46 -2 0
-5 -27 39 0
-6 -31 -40 0
41 -49 33 0
19 17 21 0
34 40 10 0
4 24 42 0
-43 -1 23 0
31 25 -50 0
43 -18 -10 0
13 19 4 0
12 19 44 0
-11 43 -50 0
-41 46 9 0
-23 41 21 0
29 -22 -7 0
-46 -29 15 0
3 -31 -28 0
41 -43 -34 0
16 49 17 0
23 13 -27 0
11 -37 43 0
-28 3 -8 0
32 -39 42 0
-50 -35 -15 0
10 20 -27 0
28 -15 15 0
31 47 49 0
-32 -20 -2 0
30 -29 -25 0
41 22 3 0
-2 -21 2 0
-24 -13 2 0
15 -18 4 0
34 13 -37 0
35 -7 -4 0
-18 -35 -7 0
44 2 -10 0
35 -12 37 0
15 22 -7 0
-2 -40 8 0
38 37 -37 0
24 47 -43 0
-22 -34 18 0
-29 -47 31 0
-38 -17 -21 0
-39 27 40 0
39 44 -3 0
-19 -4 -43 0
42 46 17 0
-35 -14 -35 0
41 14 9 0
-39 -4 25 0
4 29 14 0
-24 20 9 0
48 20 -15 0
-26 31 -7 0
-24 -48 38 0
39 8 -43 0
-17 -9 -6 0
-33 -13 13 0
19 -24 3 0
-37 -22 17 0
16 -44 -17 0
-40 -48 4 0
12 41 49 0
-42 -20 1 0
-40 30 -30 0
16 8 -34 0
-17 35 46 0
21 16 -21 0
-31 50 46 0
9 2 12 0
25 -1 -1 0
-43 16 -44 0
-38 -38 -26 0
45 -36 21 0
29 -16 20 0
26 -41 -7 0
43 -23 -49 0
40 -33 43 0
30 -14 -39 0
-37 1 -5 0
44 43 -6 0
38 29 20 0
-32 3 50 0
45 26 -25 0
-15 1 -15 0
-21 27 5 0
-45 27 42 0
-18 -38 -17 0
19 -12 6 0
7 23 4 0
-25 14 -42 0
30 -21 -45 0
-13 2 17 0
38 25 -12 0
20 26 -36 0
42 -48 -2 0
38 -20 2 0
34 -12 32 0
-30 -20 -6 0
40 29 -36 0
16 -35 -44 0
-29 -20 -40 0
47 26 -21 0
-14 37 31 0
45 -39 47 0
-4 -26 44 0
12 -13 -1 0
-35 19 6 0
-39 9 -9 0
-4 2 -37 0
29 16 -42 0
37 8 -22 0
24 15 -40 0
-43 -5 38 0
21 26 -28 0
-36 49 5 0
49 14 35 0
-39 -10 -42 0
49 29 20 0
-1 23 -28 0
-11 -38 48 0
30 35 18 0
-10 26 36 0
-27 -12 19 0
31 -16 19 0
4 -22 30 0
46 -13 -21 0
8 27 -6 0
-27 -23 33 0
-46 6 7 0
37 -38 -33 0
49 28 13 0
48 30 34 0
-38 -22 46 0
-15 32 31 0
-29 31 -49 0
27 -49 -29 0
50 33 -34 0
-31 -40 27 0
26 -32 -15 0
49 -25 21 0
-41 41 50 0
43 -31 -47 0
-39 28 -35 0
19 -35 -39 0
-34 16 -25 0
-49 3 -10 0
-3 46 -6 0
-47 13 -44 0
28 -48 6 0
42 28 37 0
29 45 24 0
15 22 26 0
50 46 -32 0
8 -1 -47 0
-30 23 33 0
46 32 -47 0
16 7 35 0
39 10 37 0
7 -42 8 0
-18 29 -6 0
-4 4 -35 0
32 -36 29 0
8 19 26 0
29 -1 -5 0
18 42 -15 0
31 -30 25 0
-44 -49 20 0
12 33 2 0
-29 -17 -6 0
20 16 -17 0
-33 -39 -25 0
-42 7 -24 0
-45 13 34 0
26 -3 8 0
-48 -7 12 0
23 33 36 0
19 -44 28 0
-6 -41 44 0
4 33 26 0
15 -30 -1 0
40 -35 -17 0
31 7 44 0
-46 27 -43 0
-22 41 42 0
27 17 -31 0
20 -25 3 0
27 16 -16 0
-39 -18 28 0
-24 23 -19 0
-24 -25 -4 0
-43 -39 -42 0
15 15 -45 0
16 -26 20 0
-35 26 16 0
-22 19 -23 0
3 38 -38 0
-35 2 29 0
20 -22 -24 0
8 -41 -44 0
