c CNF generator v0.9
p cnf 50 300
-47 39 -28 0
-6 -15 47 0
-2 10 -9 0
-50 -6 11 0
-5 -6 -2 0
24 35 50 0
-27 -2 41 0
22 -36 -48 0
18 -39 24 0
-49 12 25 0
25 -39 -11 0
43 18 50 0
-17 32 -42 0
39 7 1 0
-1 18 34 0
-47 -33 41 0
-17 -22 22 0
-8 41 26 0
-1 6 -39 0
-15 44 38 0
-13 -1 42 0
-4 31 34 0
35 44 7 0
-28 23 -39 0
-11 -3 44 0
-32 27 -44 0
-17 32 -36 0
-31 -47 -24 0
1 11 -13 0
-34 43 11 0
46 33 36 0
-12 1 42 0
-31 -24 17 0
-27 -35 5 0
7 -44 -1 0
10 37 9 0
8 -37 7 0
50 2 -46 0
-37 -41 43 0
-47 -46 12 0
15 19 -44 0
44 45 -42 0
-24 -22 -13 0
-24 6 32 0
17 -9 -20 0
26 18 24 0
-42 -4 -35 0
46 -14 45 0
18 -39 -39 0
16 9 -9 0
-2 -38 27 0
-50 18 8 0
-11 -5 -38 0
-38 2 7 0
41 -40 19 0
-21 -3 -44 0
48 50 -6 0
-31 20 -14 0
40 21 -23 0
-46 11 7 0
-2 -36 -16 0
23 -22 -6 0
-22 19 26 0
-43 17 20 0
-3 16 -8 0
29 -4 11 0
-28 -50 -49 0
-10 25 18 0
-50 32 -20 0
-47 7 38 0
-13 -13 32 0
45 22 -11 0
3 43 19 0
-27 -43 -15 0
-24 45 25 0
40 -41 -21 0
40 33 -11 0
26 10 32 0
-37 -32 23 0
-20 -15 29 0
-44 -45 -37 0
-25 46 -27 0
-38 -6 -42 0
17 -22 35 0
17 27 -28 0
-27 -18 -10 0
2 -30 -33 0
-6 -16 3 0
6 -35 -26 0
-17 17 -20 0
-34 10 -35 0
-19 27 -40 0
-3 44 2 0
-23 -2 23 0
10 21 15 0
-35 12 -4 0
-19 -40 -15 0
42 -48 16 0
37 -21 -31 0
-35 -30 1 0
-30 4 13 0
-11 -50 24 0
21 39 -8 0
-29 -35 -28 0
-16 17 41 0
-27 -30 6 0
-18 8 2 0
6 13 -47 0
26 41 23 0
32 -29 -16 0
18 38 -28 0
-45 43 -43 0
-3 20 12 0
-36 29 -19 0
49 17 -23 0
31 32 35 0
-28 48 36 0
-22 17 -9 0
46 -40 31 0
19 -38 28 0
42 4 34 0
-12 -16 -42 0
45 48 -35 0
-40 2 16 0
-10 28 44 0
-38 -42 11 0
11 41 -26 0
-43 -16 -20 0
-7 25 10 0
-16 -26 -49 0
18 29 -33 0
23 -40 -45 0
7 24 6 0
18 -34 36 0
45 -10 47 0
-9 -30 39 0
23 -25 -17 0
-14 -15 1 0
-42 -8 20 0
48 -22 10 0
16 35 -48 0
19 5 29 0
-33 -20 19 0
-46 29 -13 0
-13 42 30 0
-20 -32 -7 0
-3 -13 -37 0
10 24 24 0
-17 19 -7 0
34 8 -12 0
28 16 33 0
9 -40 23 0
-34 49 -19 0
-22 17 18 0
-17 -17 -11 0
37 33 -9 0
-16 -21 46 0
-26 19 -8 0
-18 46 -31 0
11 -15 12 0
-49 -18 8 0
-45 -17 -10 0
2 -15 -28 0
-48 6 -38 0
40 31 -18 0
11 -23 33 0
42 -12 -7 0
6 -23 -40 0
24 -43 -1 0
4 -16 -45 0
44 43 43 0
16 -50 21 0
16 -18 24 0
17 32 -25 0
50 14 -10 0
-49 -50 -19 0
43 20 31 0
-31 -23 12 0
-13 4 46 0
28 -41 -49 0
11 35 -5 0
21 45 -14 0
-32 -20 42 0
-13 -22 -34 0
-4 18 19 0
-37 -47 -25 0
-20 5 17 0
30 48 36 0
-17 -44 16 0
10 -48 -19 0
37 36 43 0
-23 -39 -36 0
33 38 26 0
37 -8 43 0
-16 -24 -10 0
22 24 13 0
38 9 -20 0
-38 9 43 0
-26 42 39 0
-33 -29 14 0
-5 -46 15 0
-14 20 -30 0
-4 -41 -24 0
-14 -7 -40 0
42 -46 -35 0
19 -16 23 0
-47 -27 -31 0
37 28 -18 0
27 -38 -44 0
11 -3 -23 0
-17 9 15 0
45 7 39 0
-22 -16 36 0
42 -12 -5 0
16 -35 12 0
-48 -14 8 0
5 -32 -50 0
47 -38 25 0
-22 15 -14 0
23 -9 -27 0
15 19 11 0
-16 -11 8 0
21 -38 5 0
-18 21 35 0
18 -9 -6 0
23 -10 12 0
46 -39 -47 0
-47 42 -1 0
-45 21 2 0
19 4 6 0
45 13 -13 0
-50 -15 47 0
-2 40 -4 0
40 32 -12 0
30 21 43 0
-31 39 48 0
-2 -2 -37 0
-27 40 18 0
37 -19 45 0
-30 -43 -6 0
35 -6 49 0
29 32 -27 0
-19 13 -3 0
45 -22 18 0
-45 -47 10 0
-17 -44 -5 0
-44 -34 -37 0
-20 -30 -25 0
15 29 19 0
-21 -18 -38 0
35 -9 28 0
43 -11 -19 0
4 45 -31 0
-11 5 -45 0
-13 1 -19 0
30 -1 -49 0
-17 32 -32 0
-3 -21 -41 0
-2 16 -35 0
-36 -16 46 0
-42 17 4 0
14 29 -31 0
-31 33 -7 0
22 25 -5 0
-34 49 33 0
-38 9 -18 0
-47 41 -42 0
41 45 -37 0
-10 15 -45 0
2 -38 -30 0
34 -12 50 0
-21 -39 11 0
-6 32 26 0
-47 -42 11 0
-39 -42 -41 0
-43 38 25 0
-31 42 37 0
17 47 41 0
48 -18 -41 0
36 -46 27 0
8 -45 -20 0
-5 10 -13 0
-30 -45 -25 0
-38 18 -12 0
-47 -19 50 0
13 -37 -33 0
5 -6 -43 0
28 1 32 0
28 6 -32 0
23 -14 -22 0
6 -37 -35 0
-49 4 -39 0
16 -39 -17 0
-9 20 -46 0
-19 44 -6 0
-44 -48 31 0
4 18 30 0
-26 -33 36 0
-15 1 -29 0
16 -49 34 0
