c CNF generator v0.9
p cnf 50 300
-31 11 -29 0
-40 41 -50 0
4 -3 -23 0
-5 -1 20 0
33 -4 -7 0
-5 19 -37 0
-30 10 3 0
30 25 30 0
9 -5 -19 0
32 -28 9 0
-25 -42 26 0
24 -9 -5 0
-43 -38 -11 0
-47 -28 43 0
-44 28 32 0
-20 12 11 0
-35 19 -29 0
-43 -39 24 0
-49 -43 -10 0
-28 -18 -20 0
-3 -41 7 0
-14 -4 40 0
-39 37 49 0
-18 2 4 0
-29 -49 16 0
29 -39 -43 0
-38 -21 4 0
25 36 9 0
41 5 -11 0
24 50 -20 0
-20 28 16 0
-36 -42 -2 0
-17 -17 -37 0
-11 -23 36 0
21 12 -13 0
47 7 -20 0
16 27 1 0
48 -43 41 0
-28 21 1 0
-2 -12 -43 0
-35 31 -20 0
40 -25 9 0
30 -26 -7 0
-21 32 5 0
-35 -25 -3 0
13 -28 -47 0
-10 50 -16 0
32 -12 36 0
-35 -40 43 0
-40 -35 41 0
30 -46 -33 0
1 -2 -46 0
30 12 -8 0
26 34 35 0
24 -27 -39 0
25 38 49 0
-44 16 -31 0
19 -37 30 0
47 33 -25 0
48 -1 49 0
32 -22 31 0
20 -28 45 0
8 29 12 0
5 -36 -28 0
36 -44 -39 0
-20 14 -16 0
48 -50 38 0
-14 4 -22 0
-43 9 24 0
-19 16 -41 0
4 25 -40 0
-5 11 33 0
-18 39 10 0
21 21 7 0
-18 -32 -32 0
-21 -17 -17 0
-17 -14 33 0
15 -24 -31 0
21 12 -46 0
-4 -3 39 0
50 -34 -42 0
47 -25 -14 0
-38 -17 -6 0
-19 40 33 0
-13 40 -19 0
-11 -4 38 0
42 30 41 0
27 13 -21 0
20 7 -17 0
-34 -38 -13 0
-39 19 -32 0
-45 -10 33 0
44 42 15 0
-42 8 -5 0
-43 -33 37 0
-48 11 -21 0
28 34 -45 0
-23 -2 -18 0
-5 -29 -50 0
-46 -36 20 0
4 24 -44 0
27 -28 -26 0
-44 -31 -23 0
-37 38 -25 0
32 19 -35 0
47 -3 -29 0
-6 -22 -34 0
39 12 12 0
17 -47 -33 0
17 -36 47 0
-34 29 40 0
44 -26 -3 0
-19 -37 14 0
26 12 27 0
1 -8 -5 0
24 22 -11 0
-9 22 -42 0
18 -9 -24 0
-23 -38 12 0
8 -46 10 0
-24 -4 -15 0
-24 -26 -47 0
-25 49 -15 0
10 32 -2 0
31 -36 22 0
17 -23 -38 0
-45 -3 21 0
15 33 -4 0
23 -49 23 0
-34 34 37 0
32 -45 47 0
-17 -27 -35 0
-25 -31 -29 0
38 -46 -42 0
15 39 -48 0
32 -16 -6 0
-10 -30 -15 0
18 22 2 0
22 22 -26 0
38 -42 14 0
29 -34 26 0
16 40 -5 0
-5 19 33 0
-50 27 30 0
2 -35 -27 0
33 -10 -12 0
-3 -41 -39 0
-16 -36 16 0
28 -26 -19 0
-38 -34 5 0
-36 -22 33 0
40 45 -20 0
-14 44 47 0
1 -1 40 0
-1 -43 -37 0
27 -20 -28 0
-33 40 11 0
-17 -21 -33 0
-20 -37 5 0
-3 -26 -29 0
7 48 41 0
-45 12 36 0
-18 -34 -1 0
-12 37 -36 0
-12 -18 -18 0
10 36 -39 0
39 -11 27 0
-38 43 -14 0
48 2 21 0
-15 8 -41 0
46 -26 -4 0
-46 27 -31 0
48 44 50 0
-12 -2 47 0
38 45 17 0
44 -26 17 0
3 33 -39 0
8 -41 11 0
-21 -48 49 0
34 36 16 0
32 48 35 0
-31 -45 45 0
35 -44 -42 0
3 23 14 0
8 19 -48 0
2 4 -44 0
-34 32 4 0
-47 -26 -21 0
17 13 23 0
-46 -21 -15 0
-18 -35 -19 0
-8 -37 36 0
41 -17 7 0
-41 18 48 0
40 -21 25 0
-14 -13 -34 0
-1 -39 -37 0
31 -12 -19 0
46 35 23 0
44 47 -26 0
-2 -39 44 0
1 32 -33 0
-6 -7 14 0
-20 41 -50 0
20 -1 48 0
21 18 -23 0
14 48 14 0
-49 12 -34 0
-43 47 39 0
40 -21 38 0
-25 -44 -29 0
14 47 -5 0
46 2 26 0
33 -23 43 0
4 41 -28 0
30 3 -22 0
10 -9 -42 0
-34 -21 -48 0
15 20 -25 0
42 -14 4 0
27 -42 -19 0
45 43 22 0
27 -29 -33 0
-41 -50 -47 0
-3 22 -6 0
6 33 -18 0
-26 -9 47 0
-21 23 37 0
-17 40 -8 0
-35 -44 4 0
32 23 2 0
22 6 -43 0
7 -3 45 0
42 45 -40 0
42 -31 -11 0
-33 -37 25 0
21 1 -46 0
-14 35 35 0
-17 36 -40 0
-43 -39 -23 0
-6 14 41 0
30 -40 -24 0
-41 -43 -45 0
40 9 -16 0
16 6 4 0
-15 37 -21 0
-25 5 -36 0
-47 -10 17 0
17 -42 -4 0
18 46 -34 0
-28 -21 -46 0
20 47 49 0
-33 -50 -25 0
48 43 -7 0
46 -36 10 0
-1 -28 -18 0
37 -7 -44 0
28 37 -31 0
-20 -38 -39 0
7 -31 4 0
8 -9 -31 0
13 -20 -13 0
21 44 38 0
-42 -48 1 0
43 -46 14 0
42 16 25 0
15 -16 -13 0
-17 35 20 0
21 -37 -24 0
-9 7 46 0
-3 46 -8 0
12 5 -41 0
42 -42 41 0
-49 7 43 0
21 -21 35 0
-28 3 -31 0
-8 32 31 0
-5 15 1 0
6 11 -24 0
-5 -4 -39 0
22 -50 12 0
13 -18 6 0
30 45 43 0
6 -29 -28 0
-40 -45 48 0
-25 -27 5 0
-9 -2 24 0
-27 -12 47 0
-9 21 -23 0
50 -12 -11 0
10 12 -12 0
46 6 32 0
-22 37 -20 0
-43 -33 -44 0
11 50 -35 0
-30 40 -25 0
-48 7 -24 0
34 -42 -18 0
7 11 -42 0
-26 -29 11 0
