c CNF generator v0.9
p cnf 50 300
-44 34 -20 0
-10 2 -16 0
7 42 -4 0
-25 44 3 0
25 -43 -30 0
-31 -43 -36 0
10 -11 -16 0
5 38 -16 0
25 1 -48 0
24 -44 36 0
14 -46 50 0
-39 16 -17 0
-11 -30 -44 0
-41 47 24 0
-31 6 -40 0
18 42 -30 0
-1 11 27 0
38 39 -7 0
-32 -17 -18 0
13 -3 -13 0
43 -10 5 0
23 -38 39 0
20 -46 46 0
-13 -32 26 0
-16 -21 -19 0
-33 37 22 0
12 -20 -43 0
-4 -18 -35 0
-42 29 -15 0
19 -3 -10 0
19 20 30 0
13 16 30 0
24 38 -6 0
6 -14 1 0
37 29 21 0
-16 37 28 0
13 50 2 0
-38 -21 -37 0
-27 35 -42 0
-31 6 -12 0
-44 -46 24 0
-5 30 -1 0
50 45 -36 0
20 -32 2 0
-43 40 -49 0
14 -46 21 0
38 -26 -22 0
22 -35 -24 0
-3 22 -14 0
4 39 29 0
50 42 44 0
-25 27 47 0
7 38 -23 0
43 -47 11 0
37 47 39 0
-38 11 44 0
-13 -30 10 0
14 28 1 0
33 -12 42 0
20 -4 -1 0
-41 16 -21 0
20 -5 11 0
-44 4 13 0
16 -9 -41 0
-39 -8 -25 0
-35 -14 46 0
37 35 43 0
-43 44 46 0
35 20 -4 0
26 12 33 0
-23 -44 -33 0
-2 32 48 0
50 28 -25 0
-48 -39 -43 0
24 1 12 0
-13 -32 17 0
12 46 31 0
-21 14 -11 0
23 38 -15 0
-24 -36 -46 0
27 -41 31 0
-15 23 45 0
-16 -14 -48 0
-41 -48 14 0
-41 -41 -36 0
-46 -34 36 0
-41 -50 14 0
-10 -34 -14 0
16 -40 21 0
-11 -27 25 0
-21 27 34 0
10 -37 -2 0
37 25 -19 0
43 -4 32 0
26 34 17 0
-9 36 -1 0
-19 6 -24 0
-5 42 -2 0
-2 46 -36 0
50 -17 -49 0
3 23 -20 0
44 -1 15 0
-43 -11 -49 0
-8 -8 -9 0
-14 13 23 0
-28 -49 39 0
18 27 4 0
-1 -29 33 0
-35 -20 -35 0
-14 28 11 0
-20 -30 6 0
34 -9 33 0
-10 16 47 0
-1 -45 27 0
-32 22 42 0
9 37 -16 0
-13 -17 -28 0
26 43 -25 0
-42 5 -27 0
-23 -33 -35 0
28 -34 48 0
-4 30 32 0
24 7 45 0
-7 7 -10 0
-24 26 46 0
48 38 10 0
-37 16 -48 0
-10 -12 20 0
-24 24 -15 0
43 3 35 0
-2 -22 46 0
-17 39 48 0
37 -4 -34 0
-39 -18 -21 0
20 16 -42 0
33 14 47 0
-32 -34 24 0
1 -30 30 0
-45 -21 28 0
-37 -35 49 0
50 19 -29 0
-21 15 -20 0
2 -20 -35 0
-22 -1 29 0
-43 46 -8 0
2 -37 13 0
10 44 -47 0
-39 4 7 0
-29 11 -9 0
27 -17 22 0
34 2 -33 0
41 -4 -49 0
-47 41 1 0
36 -38 14 0
37 -27 -19 0
16 -25 -22 0
-50 6 26 0
49 -5 17 0
-5 26 2 0
41 36 32 0
33 -5 44 0
8 -31 18 0
49 -4 14 0
-2 32 -3 0
-17 -18 -36 0
26 43 -39 0
-17 1 16 0
-30 8 -14 0
20 39 27 0
-35 -19 18 0
-22 -43 50 0
18 -7 31 0
30 19 36 0
-49 20 -8 0
-28 21 38 0
26 6 50 0
8 25 6 0
-28 27 31 0
-2 -10 -21 0
11 3 -6 0
44 -1 35 0
-6 -50 15 0
31 -13 36 0
-25 -2 -26 0
-21 13 23 0
40 -35 13 0
30 -35 -50 0
-33 -23 22 0
-35 13 -45 0
23 -30 3 0
8 -23 -29 0
42 -10 -9 0
-46 1 15 0
38 -41 14 0
45 24 -14 0
48 19 34 0
24 4 -10 0
-23 -18 -23 0
-14 15 -32 0
-6 45 -1 0
-11 -24 -46 0
8 14 21 0
-31 23 38 0
18 14 -13 0
14 38 -9 0
22 -25 3 0
-26 37 8 0
-29 20 43 0
36 33 -3 0
27 49 29 0
-50 -22 6 0
34 39 19 0
-6 39 -49 0
36 18 -46 0
18 -15 50 0
-41 -11 -15 0
41 -50 -20 0
-43 -47 -21 0
17 11 -17 0
46 27 -30 0
-5 -39 -43 0
-22 29 -35 0
-32 3 1 0
42 -46 28 0
37 16 -28 0
-49 -19 -11 0
39 -1 -2 0
-39 36 13 0
-15 -35 13 0
37 33 -7 0
-12 -4 -18 0
45 -48 -36 0
23 13 15 0
2 -35 -28 0
-18 -11 -39 0
30 -1 17 0
-45 8 -17 0
26 23 42 0
12 49 22 0
31 24 14 0
-14 6 38 0
22 -40 -13 0
-45 -44 -16 0
-6 -4 50 0
-33 49 15 0
-35 -10 -10 0
11 -2 -39 0
-15 25 42 0
13 32 10 0
31 2 -11 0
8 -36 42 0
-17 -43 -24 0
-42 36 48 0
2 12 15 0
-27 -50 -39 0
1 13 17 0
-33 39 28 0
10 49 22 0
-35 -27 -7 0
-45 31 18 0
24 -28 -35 0
-15 -15 -10 0
13 -32 24 0
13 46 -49 0
-30 -50 35 0
-36 31 37 0
-11 -5 3 0
-24 -33 31 0
15 7 -4 0
23 21 -41 0
5 48 32 0
4 -18 -29 0
28 -14 13 0
7 -20 4 0
-7 13 10 0
-17 20 -40 0
33 -41 37 0
39 -24 31 0
-36 -4 -41 0
5 42 33 0
-3 38 -42 0
-23 -49 11 0
39 14 9 0
12 39 31 0
-41 24 1 0
-8 20 -43 0
44 15 -5 0
17 19 -40 0
43 12 17 0
5 -33 -46 0
33 25 21 0
-45 -44 -40 0
31 -7 -8 0
-23 26 16 0
42 34 47 0
-36 -16 50 0
-6 -22 -31 0
-34 -24 34 0
15 44 5 0
11 -4 42 0
