c CNF generator v0.9
p cnf 50 300
-49 42 38 0
-36 39 23 0
-26 -23 12 0
-14 15 -42 0
44 -7 -4 0
-14 16 36 0
-38 -4 16 0
8 12 40 0
-48 -1 8 0
35 45 5 0
-6 -39 50 0
-23 -3 44 0
10 -16 -29 0
23 41 -25 0
37 20 -14 0
-48 42 45 0
-18 22 -10 0
-38 10 36 0
-32 47 -46 0
-1 -35 -15 0
41 -5 3 0
11 -6 -24 0
-26 24 47 0
29 -26 22 0
39 7 44 0
46 -48 -15 0
-36 -11 13 0
-12 -48 -1 0
31 7 -32 0
-46 19 -5 0
-41 49 28 0
28 1 21 0
8 8 23 0
34 -7 -50 0
49 26 11 0
-40 -10 38 0
-25 30 41 0
-42 -43 -50 0
-38 17 11 0
-17 29 2 0
37 -37 -46 0
21 -2 -8 0
22 -47 -36 0
3 30 -46 0
17 28 5 0
-35 -43 28 0
2 -19 14 0
35 -6 10 0
3 32 38 0
-32 6 34 0
-25 -20 29 0
46 11 24 0
31 -21 46 0
-9 28 19 0
-46 -9 14 0
-30 36 -44 0
-43 -14 -9 0
-44 7 1 0
-15 -41 -1 0
7 35 40 0
-2 -48 -27 0
14 -25 -34 0
26 9 22 0
-18 34 -36 0
-24 10 31 0
-1 8 -21 0
-29 -7 25 0
50 25 42 0
-37 -8 30 0
22 39 -16 0
-47 42 18 0
-9 14 -18 0
-4 -25 -35 0
-20 15 39 0
-50 38 -18 0
-11 -29 32 0
34 -36 -5 0
26 19 -34 0
-42 21 39 0
28 -3 -45 0
40 27 -50 0
43 -36 21 0
35 28 50 0
-17 -46 -20 0
30 -26 -12 0
47 -22 30 0
46 -50 50 0
-43 11 30 0
40 -11 -48 0
-37 40 31 0
-38 50 -42 0
-32 13 -30 0
29 -39 45 0
-1 40 -31 0
45 10 -39 0
18 -25 -23 0
-47 -17 36 0
25 -15 37 0
19 41 20 0
33 12 32 0
-45 41 -40 0
-25 21 19 0
-41 5 19 0
-31 -26 12 0
25 -27 -17 0
-14 -37 18 0
17 -8 44 0
-15 -14 -40 0
-47 -27 -1 0
33 1 30 0
9 -14 -11 0
-19 39 36 0
-45 47 -47 0
31 29 -23 0
9 31 -26 0
45 -30 32 0
-28 38 -2 0
6 -48 -18 0
-14 43 48 0
-5 -3 16 0
-42 4 11 0
-27 -46 41 0
-27 4 22 0
31 -10 -44 0
-16 24 -9 0
6 3 -34 0
4 3 38 0
28 -28 -28 0
-15 44 -23 0
-6 -20 -12 0
-45 -24 31 0
-22 50 -8 0
-14 -13 -3 0
-1 -41 3 0
-19 -15 -47 0
-36 26 8 0
26 -14 50 0
-21 -16 -44 0
19 37 18 0
-11 17 -16 0
25 29 -25 0
24 -30 -22 0
-35 -25 -8 0
-20 -18 -6 0
34 15 -20 0
48 -6 19 0
-3 -1 15 0
45 -14 -36 0
16 -7 -12 0
-6 27 41 0
-27 3 18 0
17 -30 -26 0
-9 4 30 0
18 -34 -6 0
-26 -27 46 0
28 -22 -16 0
47 21 -11 0
5 -42 3 0
-10 42 -42 0
48 -49 -11 0
-21 -13 38 0
45 35 32 0
-24 22 50 0
-46 7 2 0
-50 -15 -35 0
31 17 40 0
28 22 -26 0
17 18 36 0
35 26 -18 0
-48 38 -37 0
4 1 40 0
41 -35 42 0
-10 -43 43 0
-19 26 -20 0
48 43 32 0
-43 -29 47 0
36 -47 9 0
-27 29 -17 0
8 9 13 0
18 -2 42 0
-16 -4 10 0
17 36 39 0
-30 -32 -22 0
-29 40 45 0
23 -43 16 0
29 -38 39 0
3 10 -46 0
-3 -11 -23 0
-28 -23 -30 0
36 17 -16 0
29 -40 14 0
46 35 37 0
-35 -46 -27 0
-40 47 3 0
11 -22 39 0
3 33 26 0
47 -47 12 0
44 14 -1 0
-11 -40 36 0
-18 -22 15 0
16 19 15 0
25 -9 -17 0
7 -20 17 0
50 32 -24 0
29 48 28 0
36 35 -48 0
-33 18 -47 0
29 -22 -33 0
18 -1 -41 0
46 -33 -2 0
6 49 -10 0
-32 24 21 0
-44 -17 7 0
31 -9 -45 0
37 -48 4 0
-16 23 -41 0
15 31 -11 0
42 -48 25 0
-43 -25 -48 0
-1 -22 -29 0
1 -41 31 0
6 -16 -27 0
27 6 -10 0
7 8 50 0
-33 31 6 0
1 -2 38 0
-3 48 39 0
26 -44 -4 0
1 -13 48 0
-38 -4 -35 0
12 -19 25 0
45 35 -28 0
50 47 -30 0
4 17 -11 0
-16 35 -33 0
-34 -30 47 0
-40 43 -4 0
-5 -37 49 0
30 32 -30 0
-38 31 -24 0
-30 7 19 0
-45 -49 34 0
22 1 -25 0
50 -13 35 0
-26 21 -12 0
43 -33 -45 0
-49 -16 48 0
41 -46 20 0
1 42 -23 0
-33 31 38 0
-12 10 42 0
32 -15 39 0
-7 36 48 0
39 15 -43 0
36 -30 17 0
21 33 -28 0
-2 -14 -23 0
-32 -44 -27 0
-46 2 12 0
-29 45 3 0
22 11 6 0
32 -27 -34 0
36 5 49 0
-44 -17 36 0
-37 36 -39 0
49 35 5 0
33 32 34 0
5 -29 29 0
26 -42 -45 0
-23 10 -21 0
7 -14 23 0
-14 5 6 0
1 -10 19 0
10 -4 18 0
50 31 -30 0
25 35 -22 0
-26 -44 -31 0
6 -35 19 0
13 6 -33 0
-31 25 21 0
-7 38 -40 0
2 37 49 0
34 -39 32 0
-10 8 24 0
20 -30 -49 0
-15 -3 -46 0
32 -50 -27 0
12 18 32 0
32 30 9 0
-9 5 47 0
26 48 -24 0
8 30 -38 0
-30 42 50 0
-11 23 29 0
-39 35 -9 0
-47 -44 33 0
-10 43 -44 0
-14 19 -39 0
-11 14 29 0
-26 11 16 0
