c CNF generator v0.9
p cnf 50 300
-30 -6 8 0
28 50 -45 0
33 23 -49 0
7 -6 -11 0
-35 36 23 0
-34 20 13 0
-13 -44 -44 0
-47 -50 34 0
9 36 19 0
11 -21 39 0
-8 -43 -3 0
-17 49 -9 0
-49 22 26 0
-12 28 30 0
-11 -46 -34 0
36 5 -36 0
-7 35 31 0
-31 -49 -4 0
43 -8 26 0
-24 23 32 0
-16 -42 49 0
1 43 -31 0
-2 -39 38 0
32 -50 2 0
28 -32 44 0
19 39 27 0
-11 40 38 0
34 -46 -42 0
-30 14 29 0
34 -18 30 0
-5 32 25 0
-22 23 -50 0
-24 20 -8 0
-22 -41 1 0
-2 33 -12 0
12 49 13 0
-26 22 38 0
37 -37 -7 0
-18 13 29 0
-20 -8 26 0
24 2 1 0
-3 32 48 0
-30 3 -47 0
50 -29 24 0
-29 -31 -48 0
-5 -34 22 0
-30 2 41 0
25 -38 -21 0
12 6 -37 0
48 7 -47 0
-28 26 -32 0
-38 -3 42 0
15 30 12 0
46 -12 7 0
-37 -3 -26 0
-27 22 -18 0
2 -16 23 0
-48 -35 -36 0
11 -48 -11 0
-34 -6 21 0
-8 -13 -47 0
-19 50 30 0
29 -6 -1 0
-17 36 27 0
-47 -14 9 0
13 7 -13 0
41 -15 -26 0
45 16 37 0
24 1 -36 0
21 -36 11 0
-2 -31 48 0
26 8 23 0
-19 31 -12 0
-10 18 -26 0
34 27 -21 0
41 41 13 0
11 46 27 0
9 -9 37 0
44 -9 -44 0
-44 31 22 0
-31 39 -45 0
-14 45 -24 0
-14 19 -45 0
38 40 -6 0
24 1 -26 0
-8 36 -34 0
-21 37 -7 0
49 -50 -31 0
25 -20 35 0
25 40 36 0
-20 -25 9 0
41 -27 28 0
41 -47 -21 0
-21 50 13 0
-13 -11 36 0
-18 -34 26 0
-22 -4 -13 0
35 45 -47 0
20 -3 32 0
-22 35 -5 0
-2 -3 -9 0
-2 -25 9 0
50 -40 -9 0
49 -5 36 0
-26 2 24 0
5 26 27 0
-20 -5 -50 0
-37 -17 20 0
43 -30 19 0
-2 -25 29 0
27 37 -14 0
27 29 3 0
-26 -9 45 0
28 -39 -45 0
-25 -47 5 0
30 33 -30 0
-36 -24 35 0
-12 49 -3 0
20 22 15 0
-12 4 2 0
-16 46 23 0
30 30 19 0
-34 3 -50 0
11 -25 -10 0
35 -45 3 0
7 44 -45 0
-20 21 -46 0
20 21 9 0
-11 -38 -18 0
-19 -25 21 0
-9 22 29 0
-37 19 -50 0
42 -1 -34 0
-46 44 -19 0
22 -10 14 0
43 -23 -39 0
17 37 35 0
-34 11 37 0
2 18 -12 0
-37 15 -20 0
1 37 46 0
-36 -46 -16 0
7 -1 -26 0
7 -1 -14 0
-49 -14 34 0
-6 -28 -2 0
-35 19 28 0
6 28 39 0
-5 5 -45 0
28 -46 -50 0
16 13 8 0
-41 12 10 0
19 -2 -1 0
31 45 -35 0
31 8 29 0
-22 -24 35 0
1 32 30 0
39 26 10 0
-33 27 32 0
32 30 41 0
-32 -7 35 0
-21 -31 43 0
-15 -18 -2 0
-40 -32 -48 0
12 17 33 0
-26 41 35 0
38 5 11 0
-49 -10 13 0
-41 4 1 0
33 -44 26 0
-45 15 -19 0
-43 24 35 0
33 9 25 0
-12 40 38 0
-49 -39 -18 0
-12 -9 38 0
46 42 -42 0
-33 -10 -23 0
-3 -30 -31 0
-14 -27 -21 0
39 -40 -16 0
-20 7 -38 0
7 44 18 0
-47 -5 -21 0
16 -48 -27 0
10 33 -40 0
-20 24 -37 0
25 -10 -27 0
27 20 -44 0
19 32 -50 0
-6 25 36 0
15 -41 18 0
44 20 -34 0
-28 -49 -21 0
38 -33 -17 0
36 -8 47 0
-40 47 34 0
30 29 26 0
-31 -44 18 0
-19 -19 32 0
40 -11 26 0
-1 7 4 0
-32 35 11 0
-35 38 -27 0
34 -12 -2 0
24 11 41 0
21 -15 -17 0
22 28 31 0
-26 13 -21 0
15 43 -24 0
-30 37 36 0
15 -8 6 0
29 47 -40 0
20 38 -21 0
-9 11 41 0
7 -4 22 0
41 -16 10 0
-45 -9 35 0
-9 -5 -23 0
18 -20 -7 0
31 21 -1 0
29 -28 -32 0
24 33 -36 0
-3 -10 -41 0
33 -2 -33 0
-16 41 -30 0
31 2 17 0
15 -23 -20 0
20 28 -38 0
36 44 34 0
14 33 48 0
-3 -24 -38 0
23 40 3 0
40 -1 -10 0
-25 -18 14 0
43 43 -40 0
-50 -2 15 0
-22 -38 -4 0
11 25 -12 0
27 21 -1 0
34 23 5 0
-43 -24 -2 0
41 -20 -31 0
34 -29 27 0
-9 50 -7 0
4 49 6 0
-27 -6 4 0
-14 9 -6 0
12 26 -48 0
7 -27 10 0
-18 -46 -11 0
37 26 -2 0
-3 48 -15 0
-43 7 -2 0
30 43 -15 0
-20 -17 25 0
37 49 5 0
-35 18 2 0
-28 -45 1 0
37 6 12 0
-13 -42 -5 0
-11 -35 11 0
15 -7 49 0
13 32 -49 0
46 -16 -36 0
20 -38 22 0
42 -49 -9 0
41 -11 -26 0
40 36 -41 0
-11 23 -49 0
47 13 -11 0
-19 -4 18 0
34 1 -21 0
-40 -5 -11 0
-4 -19 -39 0
26 -9 -22 0
-10 28 -12 0
-46 -28 36 0
1 -15 34 0
-33 45 26 0
12 -33 15 0
-19 13 -27 0
25 25 10 0
-47 42 12 0
-37 -1 42 0
1 -43 32 0
-10 -3 -27 0
21 14 -39 0
-36 -32 8 0
-27 14 -19 0
34 4 -43 0
43 -27 -29 0
-23 -16 -19 0
-47 -22 45 0
10 -44 19 0
-23 32 15 0
-16 -3 13 0
-23 23 -40 0
-49 -28 12 0
-49 14 -2 0
