c CNF generator v0.9
p cnf 50 300
1 41 -33 0
11 -6 48 0
-22 -30 42 0
-9 13 19 0
-25 36 35 0
-35 -7 38 0
11 -39 3 0
44 -10 14 0
-3 -1 -10 0
10 -10 10 0
-4 38 8 0
10 15 -40 0
-23 -29 45 0
-50 35 40 0
-49 37 15 0
50 -47 40 0
-34 -18 21 0
-2 45 45 0
37 23 15 0
3 24 -43 0
-29 24 13 0
-11 28 -9 0
-23 -27 22 0
17 28 -15 0
-18 -21 3 0
-12 22 -9 0
2 -32 -22 0
47 -42 13 0
-5 38 39 0
-50 -14 -37 0
35 1 -45 0
-12 41 -4 0
-31 7 13 0
2 -3 -28 0
10 42 15 0
20 -24 14 0
-9 -12 -1 0
49 10 -16 0
-18 -43 -8 0
-28 47 -19 0
-26 -4 -25 0
-11 11 34 0
-4 -38 14 0
46 -50 20 0
19 -35 38 0
-36 -21 15 0
32 14 4 0
-16 2 -50 0
44 -48 23 0
-1 -27 41 0
47 -22 22 0
46 19 35 0
14 -14 42 0
-10 44 -45 0
18 -29 37 0
29 17 39 0
26 6 -44 0
37 -28 17 0
-8 38 -13 0
9 17 18 0
20 -40 8 0
-41 -21 -10 0
-22 1 49 0
38 -6 -40 0
-26 15 -21 0
25 -42 -19 0
34 -50 28 0
5 -40 13 0
-24 6 -30 0
-24 -47 -16 0
-13 -8 -30 0
-36 41 18 0
41 -45 -36 0
-28 -24 50 0
38 19 15 0
-34 13 -43 0
41 -8 35 0
46 35 -28 0
-10 -9 7 0
-32 -48 -47 0
26 -38 5 0
-14 4 -29 0
-47 40 27 0
43 12 47 0
36 -49 32 0
-14 -21 -43 0
-20 -49 -40 0
-36 11 23 0
7 -42 -40 0
6 24 24 0
-13 -49 28 0
-28 -50 45 0
11 -24 1 0
21 -24 -9 0
-47 50 -26 0
35 33 -16 0
37 -37 -2 0
43 -6 -13 0
13 -44 32 0
-44 -39 -47 0
-27 37 12 0
17 33 -43 0
36 17 -38 0
-17 35 37 0
-39 -20 -20 0
-38 -19 39 0
-33 21 20 0
-49 44 37 0
42 -42 15 0
-14 41 -34 0
-50 -3 9 0
-49 10 -40 0
1 7 -30 0
-39 -31 -40 0
-28 -9 -32 0
-39 50 -44 0
44 48 41 0
18 48 8 0
-3 21 -7 0
-35 -36 44 0
-5 15 2 0
-40 -49 -19 0
-40 -30 -28 0
2 -26 -38 0
17 47 -31 0
27 -46 -31 0
9 -45 21 0
6 3 34 0
-20 42 -9 0
-24 -27 -6 0
45 5 40 0
40 -44 1 0
18 26 -10 0
42 26 5 0
16 -30 -27 0
50 -30 -11 0
42 8 -18 0
29 37 -18 0
47 -40 -47 0
-22 -45 12 0
-29 6 5 0
11 13 -40 0
28 7 18 0
44 -26 -27 0
38 -6 6 0
-8 29 40 0
34 -43 -42 0
25 18 -17 0
-15 -17 24 0
-41 20 -35 0
30 4 -40 0
-50 -47 49 0
-23 47 1 0
18 -42 -48 0
-20 -30 -40 0
24 -25 42 0
-34 -29 24 0
-17 37 -41 0
-3 -10 21 0
-2 -37 45 0
26 5 11 0
-11 -38 24 0
-47 -50 47 0
38 38 -3 0
49 35 -1 0
-12 43 45 0
-6 -42 13 0
3 -18 48 0
-8 43 12 0
40 42 33 0
3 17 43 0
39 30 25 0
19 31 12 0
29 -31 -50 0
-44 -23 -47 0
38 11 29 0
12 -15 26 0
-34 11 43 0
-35 -40 -12 0
-41 28 36 0
39 -29 -3 0
48 28 -22 0
38 -25 -47 0
32 -49 33 0
-14 -32 -5 0
32 37 24 0
-41 16 -49 0
-47 -8 44 0
45 45 38 0
-17 -22 50 0
-14 -2 34 0
-49 -25 -20 0
48 43 -32 0
-2 -14 -16 0
-16 -14 47 0
43 34 29 0
36 35 -21 0
10 25 48 0
36 6 -1 0
29 -30 -20 0
-46 -27 -30 0
-8 -38 -19 0
-32 40 27 0
-7 5 30 0
38 -13 12 0
45 43 31 0
36 44 -31 0
14 4 -46 0
-1 47 -37 0
17 -48 21 0
-16 -17 -35 0
-18 -23 42 0
-25 -23 -43 0
-1 10 -48 0
50 -24 46 0
-30 16 -19 0
-21 -45 -25 0
7 -33 -22 0
-40 8 -35 0
1 -16 14 0
-11 -35 26 0
-28 28 18 0
2 -33 27 0
21 -10 -28 0
40 -47 -37 0
-33 36 8 0
-39 -46 -21 0
10 23 8 0
-8 -31 -29 0
49 14 36 0
13 17 -14 0
-1 45 -41 0
-40 6 -38 0
-16 -34 -6 0
-30 16 34 0
43 41 -16 0
45 -23 -48 0
-15 -34 40 0
-2 -45 -45 0
-16 -15 -20 0
-50 39 -13 0
-23 -28 -48 0
-24 30 25 0
13 -4 36 0
12 -49 -6 0
-5 -1 14 0
43 -24 28 0
-10 -37 27 0
-45 50 43 0
5 -31 36 0
26 -17 -35 0
-29 -35 -19 0
-30 17 28 0
-46 -42 46 0
-14 46 29 0
34 -19 32 0
-29 -3 41 0
-41 -9 -8 0
23 32 -28 0
49 -25 -50 0
32 -40 -35 0
22 3 5 0
-10 12 39 0
26 16 -45 0
-46 24 -37 0
-21 -2 -16 0
24 -46 -33 0
-45 -16 42 0
29 42 5 0
-23 10 -17 0
-44 2 36 0
-23 -30 45 0
16 11 -39 0
-14 -40 42 0
24 -23 -29 0
-29 6 -37 0
44 -48 49 0
-31 22 3 0
21 -10 25 0
1 -21 17 0
12 23 -29 0
14 -29 17 0
41 -20 8 0
-42 14 -38 0
-1 34 17 0
-49 -26 -13 0
5 17 -39 0
7 -3 34 0
16 30 -26 0
25 5 -43 0
36 -13 17 0
-37 -45 -36 0
43 -3 41 0
37 -35 -5 0
-36 -21 24 0
17 46 -45 0
40 -29 -13 0
28 8 -41 0
11 24 40 0
-18 -24 -44 0
