c CNF generator v0.9
p cnf 50 300
7 29 -14 0
-45 -40 -32 0
37 -27 -15 0
19 49 -20 0
-46 -13 -36 0
28 -40 15 0
-45 -26 20 0
-33 -5 -49 0
14 47 -16 0
4 -29 -17 0
-7 -7 36 0
-15 -17 50 0
4 12 17 0
-40 25 27 0
-9 34 -36 0
-11 -26 15 0
20 35 33 0
3 -26 20 0
28 -40 -38 0
36 -45 43 0
46 21 -18 0
-23 -30 -15 0
-30 17 -32 0
5 -5 1 0
-36 -47 -36 0
29 48 -49 0
-9 6 19 0
33 1 -4 0
-44 -18 -31 0
-26 -43 9 0
19 -8 18 0
-38 23 -47 0
-21 5 33 0
-36 -33 33 0
-4 6 2 0
18 -25 37 0
16 5 45 0
33 -45 -42 0
-20 11 -8 0
-35 3 11 0
-10 34 -45 0
-16 -48 -50 0
8 14 -37 0
-19 -19 10 0
4 -29 14 0
7 -13 -41 0
30 -10 10 0
43 49 -13 0
-49 -2 -30 0
-35 28 -3 0
26 -29 33 0
-20 -45 8 0
35 -5 2 0
-2 -41 45 0
-2 38 -28 0
-15 16 -3 0
34 -48 -9 0
44 -20 39 0
-46 -31 1 0
-32 31 -38 0
40 50 -23 0
39 20 -6 0
-15 46 -37 0
16 43 -49 0
7 -35 -8 0
-31 -28 -29 0
8 -49 45 0
-37 -28 16 0
-30 20 -41 0
-11 -49 -32 0
1 -17 -9 0
-2 -49 35 0
-31 40 -29 0
-29 23 41 0
1 7 47 0
34 -5 4 0
-40 -38 -19 0
29 6 28 0
-43 -16 17 0
18 5 31 0
17 -24 -16 0
-2 19 38 0
-8 -26 4 0
4 25 7 0
24 -48 -25 0
24 -5 -48 0
17 45 37 0
30 -25 24 0
26 22 -20 0
-18 16 -32 0
26 -8 48 0
-28 45 -21 0
-48 48 35 0
-25 -22 15 0
-42 45 -42 0
-36 -41 39 0
10 17 41 0
-13 30 9 0
-37 21 35 0
-34 48 -45 0
32 2 17 0
48 -10 36 0
32 -16 25 0
26 -25 -41 0
5 -25 18 0
41 39 15 0
29 -24 46 0
46 27 -35 0
18 -15 40 0
8 45 -18 0
24 47 39 0
-11 -36 1 0
-31 -3 -29 0
-35 39 -48 0
41 -42 -19 0
48 17 23 0
18 9 41 0
9 -27 3 0
-22 27 13 0
-30 47 44 0
-1 -30 -47 0
-2 10 24 0
-32 -29 -25 0
1 -1 -29 0
-20 -44 -21 0
38 -28 -27 0
42 -45 -27 0
4 -50 -5 0
-44 32 -20 0
-24 -18 45 0
-28 44 44 0
29 43 22 0
37 -6 -25 0
5 -48 38 0
-30 -8 -16 0
49 4 -9 0
-28 -2 -35 0
-9 -36 26 0
44 47 -15 0
-21 -39 21 0
-18 16 35 0
-21 -10 -15 0
7 22 -6 0
49 -31 -37 0
1 -32 50 0
-18 5 -50 0
-33 -13 36 0
-39 22 26 0
48 -23 -7 0
-44 6 42 0
43 -23 43 0
23 50 37 0
-12 8 -15 0
2 18 -19 0
28 49 8 0
6 19 -27 0
44 11 33 0
41 -40 -24 0
-35 18 1 0
-10 -37 -45 0
-15 -42 -40 0
23 -30 49 0
41 30 49 0
4 46 -44 0
-47 44 -44 0
-41 6 32 0
-33 -24 10 0
-41 -37 -41 0
-11 -27 39 0
17 -24 -26 0
40 -21 50 0
-9 -39 -17 0
-12 -4 28 0
38 -35 31 0
-18 -17 1 0
40 -6 21 0
-35 -18 29 0
21 25 7 0
17 15 31 0
9 12 24 0
-42 4 35 0
-46 -48 39 0
12 13 -4 0
-44 -22 43 0
-25 34 -29 0
-48 -30 35 0
44 8 -6 0
12 9 -42 0
13 -15 -8 0
-6 -40 12 0
8 39 -8 0
-12 -24 -11 0
-37 23 -27 0
-7 9 -11 0
18 -31 -8 0
-1 15 -7 0
30 -6 -16 0
40 20 -8 0
-35 -39 -5 0
49 -23 -19 0
-24 2 19 0
46 50 39 0
10 -29 -13 0
49 48 42 0
-49 -27 41 0
-9 27 28 0
-28 -49 22 0
-29 -3 -44 0
4 49 18 0
8 -23 34 0
-4 -45 -37 0
27 -1 23 0
-16 8 1 0
-19 37 -1 0
27 42 31 0
5 -35 31 0
-29 -16 17 0
-19 20 -6 0
35 16 -16 0
33 36 -40 0
-11 46 -6 0
-41 30 -32 0
17 -42 46 0
45 4 49 0
-37 -43 33 0
-44 50 29 0
29 49 20 0
11 -16 29 0
-9 26 29 0
-26 -48 -7 0
4 -45 -43 0
-47 36 -38 0
-29 -39 31 0
-8 40 -15 0
2 28 27 0
-45 31 17 0
-42 -35 39 0
14 -47 29 0
-15 -35 11 0
-11 -38 -20 0
-2 43 19 0
40 -26 21 0
45 50 -2 0
4 -33 43 0
17 19 22 0
35 -31 36 0
18 9 4 0
-14 -26 46 0
9 -20 -24 0
31 -3 -23 0
-49 46 -26 0
-3 50 43 0
-24 -39 2 0
50 -11 6 0
-14 31 45 0
-40 -32 28 0
35 -10 38 0
-4 -25 -18 0
4 -11 24 0
-19 10 17 0
-12 22 28 0
-35 18 -41 0
-1 -40 -11 0
-19 11 -48 0
45 31 50 0
42 30 -31 0
-44 -10 36 0
1 40 -30 0
30 -37 43 0
-25 -21 28 0
37 -2 43 0
-45 23 -49 0
27 5 42 0
-1 -4 -11 0
11 -10 4 0
45 11 -5 0
23 -38 -34 0
-10 6 18 0
22 -47 32 0
-39 43 46 0
-29 1 -31 0
-50 12 46 0
-2 -40 -33 0
2 41 -22 0
34 -34 -9 0
47 -6 38 0
23 42 27 0
48 -12 5 0
-29 35 -10 0
35 -13 -11 0
-4 -3 31 0
46 -3 19 0
-44 47 -25 0
20 -34 -20 0
12 -20 -21 0
34 9 -9 0
48 40 48 0
23 41 -48 0
-26 -2 -38 0
16 21 1 0
