c CNF generator v0.9
p cnf 50 300
-6 -4 13 0
-10 5 -39 0
-12 22 -44 0
37 23 26 0
-20 -23 -9 0
-10 -47 -24 0
5 48 -42 0
32 -7 11 0
-37 1 -24 0
-28 -41 -31 0
21 44 24 0
-49 15 -41 0
22 -33 -47 0
-9 -14 18 0
-5 -27 -16 0
-3 -7 -22 0
-11 26 44 0
38 25 -47 0
-39 26 -15 0
-36 5 24 0
-18 -47 40 0
23 -46 -42 0
-15 3 -7 0
-50 4 -9 0
-46 -3 -42 0
10 -35 -49 0
-6 -17 48 0
4 -13 -34 0
-8 4 -33 0
18 20 -9 0
37 5 3 0
5 -40 44 0
30 -16 -19 0
37 -42 38 0
-21 -15 -6 0
4 19 -31 0
46 -11 -48 0
25 34 -40 0
16 -48 -19 0
-9 9 -33 0
42 -6 -40 0
19 -9 -42 0
-3 12 -47 0
10 -47 31 0
14 25 -20 0
-33 1 21 0
-29 -31 4 0
-33 -27 18 0
-10 -13 42 0
42 -26 -3 0
12 15 -40 0
11 -50 -41 0
-1 14 35 0
49 49 42 0
50 -10 23 0
38 -8 -13 0
31 18 10 0
-15 -12 -17 0
42 11 -5 0
-8 37 48 0
22 -44 -40 0
-23 37 -33 0
12 7 -1 0
-27 -11 9 0
-22 -23 -44 0
23 -20 27 0
-7 44 -28 0
38 9 1 0
19 -7 23 0
36 -48 47 0
-1 34 -7 0
-24 -5 5 0
-8 -28 4 0
21 -6 20 0
-25 4 39 0
-46 7 46 0
10 4 21 0
-4 21 4 0
-5 -33 47 0
-20 18 41 0
-23 30 -26 0
47 43 19 0
48 41 19 0
-6 -16 17 0
-19 -5 22 0
6 -26 33 0
-27 10 -38 0
-41 7 -49 0
-2 -12 -44 0
45 -40 -12 0
49 -19 -46 0
-42 16 5 0
-12 3 8 0
37 30 -29 0
-39 43 -33 0
-40 -6 -42 0
-1 3 36 0
-30 33 36 0
-5 21 -15 0
50 37 50 0
37 27 -13 0
32 -9 -25 0
-18 -24 8 0
2 29 -1 0
11 43 -13 0
42 50 -37 0
-12 -6 -10 0
35 -23 -39 0
-29 32 39 0
15 48 23 0
-17 41 6 0
-47 -10 -24 0
-18 -1 -48 0
22 4 43 0
-40 -4 -20 0
1 10 14 0
-31 12 33 0
-10 -39 18 0
-48 -1 11 0
17 17 -15 0
-3 47 16 0
38 7 15 0
34 22 11 0
-16 6 32 0
22 31 38 0
-28 -42 -11 0
-47 -21 43 0
14 10 1 0
31 -36 -36 0
32 -28 13 0
15 -43 -1 0
-40 48 -19 0
30 -47 18 0
14 43 1 0
-27 20 -39 0
19 -7 17 0
45 -1 -31 0
-26 34 3 0
-45 29 -8 0
-36 5 -28 0
2 -43 -1 0
5 37 2 0
-10 3 -44 0
-49 44 -27 0
-3 -28 11 0
-32 -15 21 0
-8 -39 47 0
-32 22 25 0
7 -13 12 0
10 36 9 0
39 3 26 0
5 32 -21 0
-50 -30 32 0
-40 -3 39 0
26 -40 -30 0
7 -18 31 0
-32 -48 -36 0
-9 33 -34 0
40 -8 21 0
-35 -43 12 0
-10 -12 38 0
-5 -49 -17 0
-15 4 18 0
10 16 30 0
31 43 -38 0
-24 26 11 0
-8 -25 -44 0
43 -32 -33 0
-15 -3 41 0
-9 26 -19 0
14 31 32 0
26 -32 27 0
36 8 29 0
-2 -42 -24 0
-9 35 -44 0
-4 12 37 0
18 40 -11 0
-28 -47 46 0
8 11 -17 0
-7 -20 6 0
8 -31 -11 0
-16 -46 16 0
-36 -39 40 0
33 -8 12 0
-14 8 -49 0
-24 -8 30 0
-11 -37 10 0
44 -2 4 0
48 -16 38 0
-40 49 -10 0
12 -38 -42 0
31 -39 -15 0
26 4 -40 0
-37 35 -4 0
33 46 -34 0
-34 -38 -3 0
50 -48 41 0
6 -21 -41 0
39 -13 9 0
2 -16 50 0
-39 -49 -45 0
-27 -8 -49 0
4 26 32 0
4 -4 -40 0
9 26 -46 0
-13 49 45 0
2 -46 24 0
18 48 32 0
7 15 -10 0
29 -46 42 0
12 43 13 0
-40 -41 -33 0
24 -38 12 0
-18 -31 -27 0
-16 16 -24 0
38 -20 -16 0
45 13 33 0
-42 -3 12 0
-7 9 31 0
26 4 11 0
-47 -28 8 0
-35 8 -23 0
39 -31 29 0
-30 14 -47 0
-29 33 -7 0
9 31 40 0
39 8 -10 0
-47 -32 -2 0
29 8 40 0
50 4 21 0
29 -34 -41 0
-11 -33 32 0
33 45 -7 0
5 -3 -15 0
34 -25 -14 0
10 -37 31 0
-16 -12 49 0
-7 4 -21 0
29 -38 -17 0
-36 -43 6 0
-31 -17 -7 0
-1 48 -41 0
13 49 43 0
-37 7 -5 0
-22 -22 -46 0
-40 13 16 0
38 -24 -30 0
46 16 -45 0
-49 -22 40 0
35 -38 9 0
16 -4 -22 0
-39 20 44 0
-18 10 -42 0
-42 42 10 0
27 -3 38 0
-7 -14 8 0
-4 -13 -21 0
23 -6 12 0
-44 -40 12 0
41 -17 -12 0
-43 29 -15 0
42 25 -35 0
-24 -8 8 0
-11 -5 -27 0
27 -15 -15 0
25 -35 36 0
3 14 13 0
46 -45 38 0
-26 3 -6 0
26 -31 43 0
37 -11 24 0
-2 17 -7 0
-10 36 32 0
-33 -50 50 0
20 -29 2 0
9 -46 42 0
12 -29 43 0
-46 -38 3 0
-4 -47 -6 0
23 4 1 0
29 40 14 0
-48 -15 -20 0
36 39 -13 0
36 -36 50 0
40 -35 -39 0
-14 14 50 0
-18 -24 21 0
-18 -10 12 0
23 -8 14 0
-5 -38 20 0
-10 34 -44 0
38 -28 -11 0
22 2 -20 0
23 -8 38 0
-28 1 46 0
14 -16 24 0
-33 29 -5 0
-1 -30 32 0
-21 -31 13 0
-18 -21 10 0
