c CNF generator v0.9
p cnf 50 300
28 -21 28 0
21 46 -36 0
11 1 -42 0
-37 21 25 0
-7 -12 -14 0
34 33 -27 0
22 -13 14 0
-37 -40 27 0
14 19 2 0
-32 11 7 0
25 -18 -17 0
-7 49 14 0
43 48 -9 0
9 38 -49 0
-41 8 -38 0
27 1 -39 0
-43 -9 -2 0
13 -26 40 0
-39 -31 -37 0
12 19 -46 0
-31 47 31 0
29 9 -29 0
43 -30 -16 0
-4 -49 -20 0
50 -24 1 0
-48 44 4 0
-4 42 -4 0
-15 -10 -3 0
-42 -30 -24 0
41 10 36 0
23 6 -25 0
8 -31 -12 0
35 -44 49 0
-25 -34 -16 0
-25 30 16 0
-41 15 -23 0
21 -18 8 0
26 27 50 0
28 -32 43 0
-31 -28 3 0
-12 -21 27 0
-8 19 -33 0
-30 -23 13 0
-17 -30 -4 0
40 -10 -6 0
-18 1 14 0
-23 37 17 0
-27 39 -12 0
50 -36 -8 0
4 -20 -6 0
-17 -35 24 0
47 22 -35 0
16 -39 32 0
-7 34 -30 0
-28 -28 34 0
24 -17 -7 0
7 -6 40 0
-11 -45 -26 0
-50 44 -32 0
-18 41 -12 0
-29 -46 50 0
6 -45 31 0
49 -10 17 0
18 -23 11 0
-31 29 13 0
29 13 -12 0
-28 -22 -50 0
12 41 -42 0
19 30 -44 0
48 25 35 0
-1 -45 -21 0
37 44 -22 0
19 -47 -17 0
-13 -12 25 0
-4 -24 38 0
26 49 -36 0
-24 -18 -4 0
6 -36 39 0
33 21 -36 0
-40 19 -38 0
-43 41 46 0
-37 19 -32 0
14 36 31 0
44 11 39 0
-26 15 39 0
-21 -42 3 0
-33 18 31 0
-48 20 -13 0
-29 -22 13 0
17 -9 19 0
-16 47 12 0
-15 21 -41 0
-24 -50 -12 0
-18 -10 28 0
25 -9 40 0
-50 12 -22 0
-4 36 37 0
39 43 29 0
33 6 -40 0
23 14 -12 0
-2 -21 -46 0
-22 -10 50 0
43 24 -15 0
-10 -41 -25 0
44 -9 -45 0
50 6 19 0
2 2 39 0
-46 2 -22 0
-11 -9 -30 0
-18 25 27 0
42 -17 -44 0
48 6 -15 0
45 -31 34 0
-45 -34 15 0
16 7 21 0
-8 6 -28 0
-49 8 26 0
46 24 29 0
-27 26 -20 0
23 -19 -25 0
-44 14 -47 0
41 -50 -47 0
41 1 -20 0
-14 -17 -35 0
-8 5 -6 0
-50 -11 -32 0
12 48 -3 0
49 -29 20 0
-43 -35 -36 0
-38 -18 32 0
49 28 40 0
25 21 -18 0
46 -46 -23 0
-9 -34 -16 0
-37 -6 -6 0
25 -24 2 0
-23 8 -9 0
-19 34 -22 0
44 -49 15 0
-25 20 27 0
32 -16 37 0
-10 21 -18 0
23 47 17 0
33 -43 -8 0
23 -26 31 0
-35 -44 -38 0
-38 -42 32 0
-27 -21 24 0
-16 19 23 0
-20 25 -27 0
-4 -13 -23 0
-26 5 42 0
17 -5 -29 0
11 16 -1 0
20 12 -32 0
18 13 -25 0
-9 -30 -33 0
39 -42 -1 0
12 -22 7 0
33 -15 -32 0
-23 -23 -7 0
-37 27 -13 0
-30 11 30 0
34 26 -35 0
-28 19 -12 0
34 40 -32 0
28 -46 46 0
48 -8 40 0
-48 -37 -1 0
-31 -16 -34 0
-23 32 28 0
12 30 8 0
-32 2 -10 0
45 16 43 0
-19 -22 10 0
43 48 29 0
50 -23 11 0
21 -2 21 0
7 -50 -29 0
-24 -32 -47 0
7 36 2 0
-22 3 43 0
-39 7 50 0
45 -39 -29 0
-19 -29 18 0
50 -28 8 0
-23 18 44 0
11 -18 5 0
-38 34 -33 0
3 -18 -21 0
-18 22 26 0
6 43 -33 0
35 -38 29 0
1 10 17 0
-49 -50 20 0
20 28 -18 0
15 -23 -46 0
-1 41 -4 0
4 -31 2 0
-12 -21 12 0
-37 28 2 0
5 38 2 0
10 10 35 0
-4 47 18 0
-9 49 9 0
-30 2 -24 0
28 -27 44 0
39 14 -13 0
-30 21 -31 0
22 -13 -31 0
12 18 -33 0
40 -8 30 0
-27 -4 27 0
-3 43 38 0
13 -44 -37 0
-49 -38 10 0
-19 -16 11 0
-5 -6 -6 0
-39 9 4 0
41 27 -18 0
8 -20 11 0
9 -37 2 0
-31 -40 17 0
-26 47 -25 0
48 5 -14 0
-24 45 -49 0
31 -45 36 0
-20 8 1 0
-9 29 34 0
-45 -24 -11 0
-10 -46 3 0
46 32 50 0
-34 -34 -22 0
-9 -38 24 0
28 -27 -27 0
21 -21 -26 0
42 23 1 0
-25 -24 32 0
41 -46 26 0
45 30 -35 0
20 -8 24 0
33 -13 1 0
22 32 -42 0
-8 -41 24 0
-16 -42 -11 0
-30 -35 7 0
-45 -22 1 0
-40 -33 -37 0
-26 -50 -26 0
15 -30 -50 0
-31 -15 -21 0
25 -49 7 0
-45 -44 -50 0
-14 -46 -8 0
-25 -48 31 0
33 24 15 0
-16 2 29 0
-25 -18 -13 0
-37 -7 33 0
36 2 15 0
-5 -11 -2 0
16 6 -8 0
49 -21 -32 0
30 44 1 0
21 15 15 0
-16 -18 -26 0
37 -38 -25 0
-26 31 -2 0
-48 24 37 0
-1 -13 33 0
-5 -28 9 0
11 -2 -11 0
-41 -19 -4 0
-38 9 -24 0
1 -19 -29 0
12 -42 -27 0
6 -37 -45 0
48 13 -34 0
38 -23 -42 0
-6 48 -29 0
15 35 30 0
-9 24 -37 0
-4 -8 3 0
-48 -49 27 0
-20 41 12 0
-11 22 -29 0
39 -20 43 0
-7 41 -16 0
12 -1 -33 0
9 49 -36 0
36 -25 30 0
34 25 19 0
20 -48 41 0
-18 -3 50 0
22 -25 14 0
5 -36 -34 0
-14 -29 -50 0
-31 10 -31 0
28 40 8 0
-42 24 -5 0
