c CNF generator v0.9
p cnf 50 300
-21 -28 -47 0
-26 20 -6 0
25 9 -12 0
46 10 -34 0
23 21 -40 0
47 -13 -3 0
47 -24 -18 0
-11 49 4 0
7 25 -48 0
19 42 -10 0
6 47 1 0
50 -48 12 0
25 -12 19 0
-45 -5 -23 0
-27 -22 -45 0
-21 34 20 0
-45 -9 -6 0
16 -43 26 0
-48 -6 -26 0
-50 9 -48 0
-29 22 32 0
-36 13 45 0
15 32 -24 0
27 13 -41 0
-44 -36 4 0
34 -41 43 0
16 29 -6 0
27 -20 -4 0
21 -15 -25 0
11 -21 -11 0
-45 33 12 0
44 11 8 0
-12 -15 -11 0
-28 -32 21 0
-2 -45 48 0
-29 2 -40 0
17 37 -3 0
38 6 -40 0
13 45 -14 0
44 -43 40 0
-37 -2 5 0
-14 -34 -48 0
23 -2 -31 0
17 6 16 0
-12 45 -50 0
-14 33 13 0
-46 -2 -18 0
-5 9 10 0
31 -6 4 0
33 8 -21 0
-26 -27 3 0
-42 -29 -3 0
30 -16 47 0
46 19 -24 0
-50 10 -25 0
20 -12 19 0
50 39 32 0
-31 -42 -39 0
29 28 -48 0
-40 16 -7 0
42 -47 -32 0
17 21 -19 0
-30 -24 29 0
-33 -50 33 0
7 13 8 0
45 8 -34 0
39 -35 35 0
47 -7 -5 0
-37 -48 -8 0
-46 17 30 0
-30 46 -6 0
-44 -32 25 0
-32 -40 9 0
20 13 10 0
-16 36 25 0
39 46 20 0
-49 -46 7 0
-10 19 12 0
-2 4 -31 0
18 49 25 0
26 8 -22 0
-12 4 8 0
30 -6 -29 0
-36 16 -11 0
-48 13 -2 0
-5 -38 48 0
-2 -10 27 0
16 9 33 0
18 -15 -32 0
-9 -1 9 0
-47 -20 18 0
-18 -45 -18 0
33 -42 12 0
-27 37 -39 0
32 20 24 0
13 -43 -41 0
-3 29 -35 0
-24 -25 32 0
-8 -31 44 0
-17 6 50 0
-36 44 -36 0
38 20 30 0
-36 41 -11 0
36 13 -28 0
17 -12 -6 0
22 10 -29 0
-30 31 12 0
-3 -41 41 0
-36 4 -3 0
11 -39 18 0
-42 43 -35 0
39 41 -1 0
-29 -36 -19 0
20 34 -44 0
-36 8 -13 0
8 -19 -35 0
-10 10 -5 0
-48 -32 -2 0
12 -49 -7 0
30 -5 -28 0
3 29 -21 0
-2 31 -6 0
-48 -20 -20 0
-18 -49 48 0
32 -12 -30 0
12 21 15 0
-42 -38 49 0
6 47 12 0
24 -19 20 0
-6 22 -14 0
27 8 -7 0
-27 16 1 0
21 4 38 0
48 9 40 0
33 35 45 0
-44 44 2 0
34 -42 -21 0
4 -6 -14 0
-41 -50 5 0
31 -17 -47 0
15 -50 -47 0
-37 43 49 0
-14 31 25 0
-34 -23 19 0
39 33 46 0
-26 -10 -14 0
-34 4 16 0
48 19 -27 0
25 35 -11 0
47 48 -17 0
-45 24 27 0
16 -1 4 0
11 -10 40 0
-8 17 -4 0
-11 -20 7 0
-9 -31 -2 0
15 33 31 0
-16 33 40 0
-13 -36 15 0
-42 -38 32 0
-11 -2 41 0
-45 -44 39 0
-40 -33 -48 0
-40 -38 -19 0
-34 -43 -20 0
-27 -34 25 0
40 -11 -46 0
-6 34 -24 0
-50 -37 -21 0
47 -47 12 0
32 -40 11 0
-48 -44 23 0
46 -7 -42 0
-31 33 16 0
-15 16 -16 0
10 8 36 0
-19 -22 6 0
-42 -24 21 0
46 32 24 0
43 -30 -6 0
-22 -11 -27 0
43 -41 -30 0
12 -7 -44 0
15 -41 -4 0
-3 -19 -16 0
-14 1 12 0
20 -15 28 0
14 18 36 0
-43 19 40 0
15 49 21 0
27 -13 45 0
12 15 -14 0
9 -7 8 0
45 19 50 0
19 -28 -23 0
5 33 24 0
33 49 42 0
-27 24 -48 0
3 44 9 0
27 -34 -15 0
-12 -8 21 0
-28 -24 -6 0
-30 -46 24 0
-5 -45 42 0
-31 6 4 0
-44 -26 27 0
49 -25 -22 0
12 20 -5 0
32 23 43 0
-50 -6 36 0
-11 -18 -4 0
16 -43 43 0
-46 31 2 0
-3 24 29 0
-38 -3 35 0
50 -43 -1 0
-16 34 35 0
24 -3 -38 0
39 46 -42 0
20 -17 -47 0
26 -15 32 0
-29 18 -4 0
-43 46 -34 0
-24 9 -36 0
-33 14 35 0
11 -16 -17 0
-24 20 -26 0
19 7 47 0
6 45 23 0
7 5 -7 0
-46 -10 42 0
-20 39 18 0
30 16 -12 0
25 -30 14 0
-17 28 -7 0
15 37 -46 0
15 45 19 0
-24 5 -39 0
4 -23 30 0
10 32 -31 0
-10 29 24 0
-29 -26 -22 0
19 31 -7 0
30 -5 7 0
21 50 -3 0
32 -19 33 0
-7 -35 -16 0
-33 -35 -24 0
-37 -46 -20 0
-7 -2 26 0
-40 -14 -41 0
-45 21 2 0
40 50 7 0
-2 -34 -16 0
-46 -28 -12 0
-32 -17 -41 0
-34 -22 8 0
-5 24 26 0
-32 -12 11 0
21 7 35 0
-30 -2 -9 0
-6 49 47 0
-43 -16 25 0
-40 -8 -41 0
-43 -10 12 0
9 17 47 0
32 49 -15 0
-3 3 2 0
-34 -35 -2 0
-36 -20 -37 0
31 -24 -23 0
-7 -32 8 0
-22 11 16 0
43 31 -5 0
-28 -23 49 0
48 28 -45 0
9 -30 -31 0
43 -31 39 0
-50 15 -41 0
37 -2 12 0
1 22 -44 0
49 -22 -37 0
1 -42 -40 0
11 20 -5 0
22 -4 -34 0
-46 23 16 0
13 -10 36 0
-31 -34 -48 0
-26 -20 36 0
-25 25 40 0
17 25 4 0
33 -30 21 0
3 27 10 0
25 5 -18 0
-38 -43 28 0
42 -45 -49 0
-42 12 -8 0
17 -6 42 0
8 36 3 0
-19 -50 7 0
