c CNF generator v0.9
p cnf 50 300
-14 -49 49 0
-11 48 -40 0
49 6 19 0
-2 -39 49 0
-4 -31 -13 0
-41 43 34 0
42 -9 -1 0
6 -44 -43 0
6 38 15 0
-28 -21 -7 0
24 22 -8 0
25 12 -13 0
25 35 24 0
43 -37 -18 0
28 47 44 0
50 -33 5 0
38 -27 15 0
11 2 41 0
36 24 44 0
-27 -47 6 0
20 -50 -17 0
21 13 -42 0
13 42 35 0
33 -44 -6 0
-35 20 -45 0
14 12 44 0
15 -8 -38 0
-39 -43 -36 0
3 6 26 0
12 -2 -24 0
-8 -30 26 0
6 16 -39 0
-34 48 -23 0
28 17 13 0
-19 16 42 0
6 18 12 0
24 -39 42 0
-46 -13 -50 0
-23 -34 -27 0
-7 34 43 0
-37 -39 -34 0
33 -21 35 0
18 -14 -3 0
25 18 -18 0
1 -3 11 0
35 -2 22 0
-16 -44 34 0
-45 -1 33 0
-27 -16 -7 0
2 -22 26 0
-46 -37 -21 0
14 -9 -47 0
-13 7 -28 0
32 -20 13 0
22 24 -27 0
14 8 -17 0
-27 -8 13 0
-34 -25 30 0
-44 -2 50 0
-4 41 40 0
18 15 -35 0
-21 -3 29 0
24 21 7 0
-13 34 -5 0
28 -36 -11 0
-26 48 36 0
-8 -39 21 0
19 -37 -6 0
-37 -37 -35 0
-33 -25 -22 0
42 -18 45 0
-43 11 5 0
28 -27 -27 0
17 -21 7 0
-8 -44 -31 0
-9 -40 -4 0
-8 3 18 0
25 -46 31 0
6 -40 42 0
-26 42 46 0
2 -34 -8 0
5 26 22 0
-16 35 -28 0
27 -28 28 0
-29 47 9 0
11 -29 35 0
19 -10 -39 0
-3 -5 17 0
26 50 44 0
41 -38 27 0
-4 49 27 0
20 -21 -5 0
11 26 -38 0
-27 16 34 0
18 -30 4 0
49 49 30 0
-32 32 10 0
31 -1 36 0
-26 -5 -40 0
45 47 45 0
4 -49 -8 0
-4 -3 -46 0
-39 16 42 0
-40 -47 9 0
-43 40 -31 0
-25 36 -12 0
-30 -48 6 0
19 38 -29 0
10 -37 -11 0
-29 43 18 0
-40 26 16 0
-10 14 -3 0
7 -19 18 0
44 -22 10 0
30 28 26 0
38 19 29 0
-47 38 30 0
23 12 -9 0
-50 32 4 0
-4 -3 -48 0
44 -25 -41 0
-34 -34 20 0
-20 13 -30 0
-19 -24 -29 0
-49 14 43 0
12 28 -4 0
20 34 -37 0
1 -15 -21 0
32 12 -16 0
-5 38 -11 0
-26 -45 -1 0
-10 -4 -17 0
-31 39 17 0
12 5 34 0
44 34 -11 0
32 -30 7 0
-12 42 4 0
-21 -27 26 0
-4 22 -34 0
-20 3 -2 0
-38 -47 -49 0
-31 15 -15 0
-18 -36 -15 0
33 7 20 0
25 -29 -15 0
9 46 46 0
44 -14 36 0
-39 32 -40 0
21 25 49 0
38 -19 30 0
2 25 6 0
14 22 -40 0
-4 -29 -15 0
9 -34 7 0
6 -16 12 0
30 48 38 0
8 45 47 0
41 44 33 0
10 -15 -33 0
-26 36 4 0
-11 42 -27 0
48 7 33 0
-26 -25 31 0
18 -43 -11 0
-8 37 -31 0
-32 -47 -37 0
-7 39 6 0
32 -1 -30 0
-43 -44 36 0
37 17 -17 0
30 8 -32 0
-16 22 44 0
-7 -25 -32 0
4 40 12 0
1 30 -29 0
-24 -14 -2 0
11 -32 -39 0
37 -46 -6 0
50 27 -43 0
11 -25 -40 0
23 -6 1 0
-18 14 50 0
-33 43 16 0
39 15 31 0
16 -6 39 0
-3 7 4 0
28 -23 -47 0
11 -39 24 0
-44 -17 26 0
28 -28 -6 0
-29 32 4 0
29 -49 -37 0
50 11 -32 0
31 18 47 0
45 47 48 0
16 -20 45 0
-47 32 32 0
-39 25 -15 0
41 30 -37 0
-48 12 40 0
-22 -1 36 0
-31 44 1 0
-4 -43 34 0
21 -24 -32 0
-34 17 -34 0
42 -3 10 0
39 -49 16 0
-11 3 27 0
26 46 22 0
36 -27 -45 0
-22 31 27 0
-42 -18 41 0
-35 44 32 0
-36 34 -32 0
45 -32 -14 0
-23 38 -34 0
25 38 -11 0
-7 -47 50 0
-15 44 -38 0
-20 21 34 0
-22 48 -40 0
-33 16 49 0
-9 43 -40 0
2 44 36 0
-4 35 -37 0
-32 -50 37 0
41 44 -36 0
38 16 -23 0
44 -20 8 0
49 4 -50 0
43 16 42 0
-24 25 15 0
49 16 16 0
-1 41 6 0
36 -19 -38 0
2 -28 10 0
-26 -22 -21 0
-2 -50 45 0
16 13 40 0
-37 18 -20 0
-2 38 31 0
-44 45 -21 0
-21 42 40 0
36 35 -41 0
-22 -16 -30 0
34 -5 23 0
30 32 4 0
-46 19 -11 0
1 11 23 0
41 -41 -46 0
39 7 -24 0
18 37 -28 0
-6 -47 44 0
-5 44 19 0
28 -14 1 0
-2 -29 -9 0
25 -20 38 0
-1 9 7 0
23 -10 -39 0
50 35 47 0
-2 24 -28 0
-16 -12 32 0
-4 22 15 0
-33 -10 -31 0
-3 -3 16 0
10 -30 -10 0
33 3 -33 0
25 16 41 0
-35 -10 13 0
-18 -31 29 0
-38 10 -45 0
-39 -29 -41 0
28 1 -32 0
15 36 34 0
-49 -43 -9 0
-45 -37 49 0
-6 -31 30 0
32 31 -47 0
-12 -18 7 0
23 -28 -30 0
-22 36 9 0
43 -26 34 0
12 -27 -9 0
17 -32 -10 0
-20 32 14 0
-49 -22 -41 0
5 -7 45 0
-27 26 -43 0
-16 32 15 0
-48 -3 28 0
22 31 19 0
-3 -47 -35 0
7 -10 -24 0
-14 -15 44 0
48 42 -3 0
-48 11 -22 0
-10 -15 46 0
-44 20 34 0
10 -25 -25 0
18 3 -47 0
