c CNF generator v0.9
p cnf 50 300
49 41 -18 0
-44 7 35 0
-31 48 -19 0
45 -45 -33 0
-50 -25 -8 0
29 -9 17 0
-22 19 -36 0
-2 15 -44 0
27 8 -44 0
15 50 15 0
-37 26 47 0
20 20 14 0
18 3 -13 0
36 28 -6 0
48 -15 -18 0
48 -25 -25 0
15 -21 -31 0
-32 -39 36 0
15 40 8 0
-6 -49 -10 0
21 38 -29 0
17 -32 -47 0
14 35 37 0
-29 30 -21 0
-32 21 -16 0
-27 -25 -43 0
-44 32 18 0
-20 -46 45 0
-46 -38 -50 0
-9 4 3 0
-32 -43 18 0
48 -3 4 0
-26 24 -4 0
-7 -48 -42 0
-40 -22 -48 0
45 14 -22 0
-14 -18 35 0
7 -31 -2 0
5 35 47 0
12 -24 21 0
-46 -23 33 0
-6 9 -50 0
23 36 11 0
41 37 -41 0
15 41 -47 0
19 37 -50 0
20 -1 33 0
34 41 8 0
41 47 -9 0
4 46 -37 0
30 28 -37 0
47 16 34 0
2 -50 -16 0
-47 -32 -42 0
-1 31 -14 0
-2 -14 2 0
-27 -2 -18 0
-24 4 44 0
-22 4 -22 0
-7 -28 -48 0
-49 -43 -32 0
-21 -33 37 0
-13 42 -40 0
-33 -26 -5 0
17 -9 -32 0
35 -3 31 0
-23 22 11 0
-3 -8 -47 0
-4 -30 -40 0
-30 -48 50 0
-12 44 -40 0
5 28 -28 0
46 41 -46 0
-18 -21 -12 0
-5 30 4 0
-19 34 10 0
-32 1 27 0
-9 10 -33 0
26 18 -13 0
-50 44 9 0
-43 -7 16 0
-46 -48 -47 0
5 -50 4 0
-44 -1 -12 0
23 32 -44 0
-12 -31 -36 0
-47 -22 26 0
-16 -16 -5 0
32 -20 31 0
29 29 -2 0
6 -29 -16 0
-39 -30 -45 0
-29 11 15 0
-46 -32 -36 0
-17 50 -4 0
-42 -29 -22 0
3 -50 10 0
-9 30 -40 0
50 10 18 0
17 43 -45 0
31 -11 -46 0
-4 -38 -19 0
38 48 -31 0
39 -14 -33 0
45 -45 40 0
23 -42 34 0
-12 40 40 0
8 47 -15 0
-16 -29 -9 0
-32 -29 26 0
12 -26 24 0
8 -44 -22 0
-43 25 22 0
8 41 -13 0
18 39 41 0
35 40 -16 0
12 35 -39 0
40 -24 2 0
1 28 -49 0
-27 -47 -12 0
6 21 -37 0
-30 -24 37 0
-30 17 -41 0
-38 -44 25 0
-27 10 11 0
-46 -20 6 0
34 -12 50 0
-9 -41 -3 0
-30 44 48 0
35 26 35 0
-7 43 -39 0
37 37 17 0
26 -22 33 0
9 41 8 0
23 1 -3 0
18 20 6 0
11 -19 30 0
50 -18 -37 0
26 19 38 0
18 -12 -38 0
-4 27 11 0
32 2 14 0
-16 17 27 0
32 -33 -45 0
-31 -38 43 0
22 -5 -21 0
7 -7 -8 0
-22 -24 12 0
24 47 22 0
36 44 -42 0
45 -37 24 0
45 49 39 0
-49 -24 12 0
-19 -49 35 0
-50 -10 41 0
-22 -6 -38 0
-30 -41 16 0
-30 -23 -1 0
-20 -3 -23 0
11 29 20 0
46 37 17 0
-21 18 38 0
39 3 -20 0
27 13 -9 0
47 -45 -6 0
49 -33 45 0
25 -13 28 0
-39 -44 -17 0
-2 31 6 0
-7 11 43 0
25 -39 -34 0
-9 31 16 0
-45 32 -44 0
26 -9 -33 0
2 -35 20 0
-32 47 -50 0
-45 -6 -25 0
-30 -31 -29 0
-3 24 -2 0
50 47 47 0
-2 -41 -19 0
-2 39 -8 0
31 12 -38 0
-49 4 6 0
-3 25 -48 0
-14 -23 3 0
36 44 -12 0
-44 -41 -26 0
-6 27 -25 0
50 23 -32 0
25 -11 41 0
46 11 11 0
9 17 -35 0
31 47 45 0
35 4 24 0
47 9 -28 0
-6 -44 -34 0
5 -29 25 0
-28 12 -12 0
-20 48 -17 0
-23 -45 -22 0
1 8 -10 0
-29 -24 36 0
-50 33 -33 0
-27 6 -33 0
6 -34 11 0
-15 17 -15 0
15 27 -37 0
37 -1 -29 0
-38 37 31 0
-42 33 13 0
45 -33 -15 0
-13 -33 12 0
38 -41 13 0
37 3 -5 0
-17 -42 -4 0
-12 -2 39 0
-27 -44 -20 0
38 39 32 0
-22 -34 -41 0
-23 46 22 0
-36 5 48 0
14 -29 -20 0
-6 24 25 0
-42 22 -2 0
-35 28 -26 0
-39 44 -30 0
-4 5 41 0
13 -33 -22 0
15 -19 -18 0
-46 -21 -24 0
-31 50 -44 0
-35 -23 27 0
-14 -13 19 0
-9 -37 11 0
-43 -3 -47 0
-21 -39 29 0
-28 4 -43 0
-37 1 50 0
-37 -47 35 0
-32 37 -22 0
31 -15 24 0
22 7 -23 0
-15 -16 -28 0
-48 -34 30 0
-18 -6 35 0
-31 36 -2 0
-13 -44 -31 0
44 33 36 0
17 -38 26 0
-31 40 -27 0
2 29 19 0
-19 2 43 0
50 -31 21 0
21 -15 -2 0
21 -4 -40 0
-13 10 4 0
20 -18 -18 0
-25 -37 38 0
-47 -10 10 0
25 -17 33 0
46 -25 -26 0
-43 43 38 0
-42 45 38 0
-47 1 -33 0
-16 -34 40 0
13 -32 -7 0
10 19 -13 0
36 -14 -47 0
-29 -23 25 0
-22 -37 43 0
-34 -15 27 0
26 -32 39 0
41 18 42 0
-32 -44 -20 0
10 -29 -3 0
-23 -20 11 0
38 10 -36 0
50 -1 47 0
35 14 -41 0
-29 -31 -1 0
30 49 40 0
-21 -29 34 0
14 -10 -21 0
-42 -36 22 0
-4 -7 -42 0
2 14 3 0
11 -6 38 0
-24 2 -32 0
-37 -43 41 0
18 -38 -48 0
-45 10 34 0
-15 42 -2 0
40 -38 19 0
-28 4 24 0
25 21 -37 0
47 -38 -28 0
-1 11 -33 0
-7 -19 26 0
-36 15 -37 0
