c CNF generator v0.9
p cnf 50 300
21 7 19 0
-19 37 23 0
-40 32 36 0
43 35 -31 0
-31 23 -10 0
40 -23 11 0
7 -50 1 0
22 -27 1 0
19 21 12 0
22 -23 39 0
24 34 7 0
4 4 -43 0
-35 42 -43 0
-36 14 21 0
-46 -33 -14 0
-20 -26 41 0
-21 10 28 0
34 13 -22 0
-9 -29 -11 0
-35 -44 -42 0
5 10 -14 0
-47 43 -42 0
31 -21 -4 0
-38 -27 12 0
-29 12 37 0
-23 17 8 0
-16 -46 -8 0
-3 34 12 0
15 15 25 0
7 20 2 0
-45 9 -6 0
5 5 12 0
-13 16 31 0
17 33 9 0
44 22 -39 0
36 40 27 0
26 47 5 0
33 24 18 0
-20 -34 -18 0
-31 -29 1 0
16 -32 47 0
-31 -29 -34 0
46 31 -45 0
17 -22 -28 0
12 23 38 0
20 -37 -26 0
34 -6 9 0
17 -9 -8 0
7 -26 -48 0
-15 -38 -16 0
-45 45 38 0
39 -20 -7 0
-36 -3 17 0
41 31 -7 0
-22 -34 5 0
-17 13 36 0
-6 -27 7 0
-40 25 -37 0
22 19 14 0
29 -2 7 0
-20 -9 -12 0
48 -42 2 0
-15 -10 -7 0
-27 24 -16 0
-34 -13 -50 0
-19 7 -41 0
38 41 -37 0
27 25 17 0
-38 44 -2 0
-49 -37 -10 0
7 -12 -12 0
18 -16 44 0
44 29 -49 0
-31 34 -24 0
32 -29 -26 0
-34 -10 -50 0
36 -37 29 0
7 29 -26 0
2 42 -20 0
-38 36 6 0
2 32 -15 0
13 -49 -33 0
19 -27 7 0
8 -37 4 0
1 16 44 0
-41 33 -45 0
24 -7 26 0
-9 -38 -42 0
20 32 50 0
7 36 39 0
46 30 -8 0
-14 -48 34 0
-14 -23 11 0
-27 41 50 0
41 -27 45 0
-40 -20 13 0
37 -30 40 0
50 33 -19 0
8 31 7 0
20 -36 20 0
-12 -10 -34 0
16 50 -18 0
-8 33 -48 0
18 7 18 0
-18 45 -30 0
-44 24 -28 0
-12 -43 -49 0
25 42 -25 0
-13 -36 -31 0
32 19 -45 0
-34 -3 8 0
35 -16 -46 0
38 40 42 0
40 -23 -29 0
-33 21 12 0
-47 -48 49 0
-48 -40 -12 0
45 -35 14 0
-27 -48 -46 0
-9 39 9 0
-38 27 22 0
-40 3 -14 0
30 32 36 0
18 28 -29 0
39 -23 49 0
30 28 -4 0
10 -2 -13 0
-18 21 -11 0
21 -49 -41 0
42 -37 37 0
-32 48 -13 0
-42 11 6 0
46 21 5 0
30 16 -12 0
20 -21 -22 0
-1 6 -50 0
-8 -6 42 0
48 24 -48 0
18 -9 40 0
-24 34 -39 0
23 24 38 0
-9 -15 -25 0
7 41 -13 0
27 43 -50 0
-17 29 -6 0
-42 38 -49 0
37 -43 -50 0
-6 -43 7 0
37 -43 49 0
32 6 20 0
-22 3 43 0
19 22 -25 0
-3 -48 24 0
43 -37 22 0
-10 -3 20 0
-15 24 -48 0
-23 -47 10 0
40 37 30 0
-16 23 -18 0
-15 -28 -16 0
41 -47 -14 0
1 -27 -38 0
20 -16 -16 0
-33 -14 33 0
-43 -26 -43 0
33 37 -28 0
49 2 -20 0
-47 21 -18 0
-23 26 36 0
-33 -10 42 0
-46 -1 -27 0
23 -48 -42 0
-34 47 28 0
32 14 10 0
-13 -15 -37 0
-28 -20 32 0
20 49 -35 0
28 -29 49 0
-30 26 46 0
11 19 -29 0
-6 -23 47 0
-49 2 37 0
-50 -42 11 0
-49 1 -28 0
-48 22 36 0
-9 34 -18 0
37 9 8 0
-15 29 16 0
30 -6 36 0
-44 30 25 0
13 11 -6 0
-10 -17 -14 0
-41 3 33 0
-27 -18 36 0
21 -36 -17 0
31 -3 1 0
21 12 -7 0
22 -11 -24 0
25 48 48 0
-32 32 -42 0
-25 -14 -40 0
-21 -6 -35 0
-35 33 -30 0
49 39 -11 0
-12 10 -28 0
-14 -19 -13 0
-14 39 -43 0
4 9 23 0
49 32 16 0
31 -49 -25 0
4 -44 49 0
-14 16 24 0
28 -22 -25 0
25 9 -41 0
-22 -1 -36 0
12 48 44 0
-37 36 40 0
-14 9 -14 0
15 22 -4 0
-31 29 37 0
-49 50 10 0
28 -31 1 0
-8 12 -39 0
49 44 14 0
37 -7 42 0
-38 33 7 0
-19 8 -6 0
32 -35 26 0
47 -18 10 0
45 24 -34 0
31 26 -10 0
-41 -15 18 0
-37 48 -40 0
-13 -14 19 0
-13 -45 49 0
32 43 11 0
-12 -47 -28 0
11 -27 4 0
37 43 -30 0
17 -49 29 0
-10 -18 -50 0
-6 39 -8 0
29 -41 41 0
-5 -18 -22 0
5 -48 15 0
-29 5 -46 0
14 43 -43 0
-31 15 23 0
7 8 18 0
-2 11 45 0
-46 -12 44 0
-29 16 25 0
-8 7 -22 0
-7 24 -36 0
20 -27 -6 0
24 8 -42 0
-15 7 37 0
-30 -35 36 0
36 36 -14 0
47 -6 -19 0
24 20 -10 0
38 44 13 0
39 12 -21 0
34 -50 40 0
20 -9 32 0
28 34 8 0
-2 44 7 0
20 38 41 0
7 -8 -46 0
37 21 -29 0
4 34 -48 0
-7 -16 -34 0
-29 41 37 0
-41 17 14 0
26 31 39 0
25 -25 -23 0
15 22 47 0
-50 44 21 0
-50 30 -3 0
19 38 21 0
-37 31 -50 0
47 -22 -16 0
45 38 -39 0
-9 38 -48 0
-3 -13 -32 0
-48 -39 24 0
11 16 5 0
-28 -27 20 0
7 -40 33 0
30 32 27 0
-43 7 46 0
32 46 26 0
-39 -27 -3 0
48 30 45 0
23 -24 -47 0
-19 14 3 0
-23 -32 43 0
19 35 38 0
27 -12 34 0
11 -23 21 0
