c CNF generator v0.9
p cnf 50 300
-43 -15 16 0
-34 23 23 0
40 5 37 0
-38 7 27 0
45 42 19 0
7 -21 -37 0
29 -15 -32 0
7 35 36 0
4 -43 24 0
-5 1 -28 0
26 -43 -7 0
6 -18 39 0
-47 42 23 0
40 29 43 0
-46 13 22 0
41 -5 -47 0
-20 -49 -20 0
26 -22 -25 0
-42 10 2 0
27 -9 -31 0
-2 28 -9 0
-9 -5 -34 0
-40 3 49 0
-33 -41 -14 0
34 43 -25 0
24 -5 -23 0
28 -39 -35 0
-17 -28 -40 0
-34 29 36 0
36 6 -20 0
7 4 -10 0
-45 -28 16 0
48 15 -44 0
31 -35 -22 0
24 40 -16 0
11 38 -4 0
-20 -16 50 0
25 16 44 0
-9 37 43 0
-26 -33 28 0
-47 29 -34 0
-27 5 37 0
50 36 -39 0
50 21 -26 0
39 26 -3 0
-14 4 -16 0
-3 -45 -12 0
-39 41 37 0
3 36 -15 0
-13 -49 -16 0
-13 -12 -17 0
10 -42 -34 0
-36 1 50 0
9 4 -40 0
13 -4 23 0
-11 36 12 0
-6 -14 -40 0
-38 -35 36 0
49 1 -45 0
13 29 -43 0
9 43 42 0
-34 16 -11 0
15 -37 47 0
35 -6 39 0
-20 -41 -32 0
-6 37 -33 0
29 37 6 0
39 -43 1 0
-37 -47 -35 0
40 34 27 0
-26 1 27 0
5 4 16 0
28 24 -42 0
22 24 -2 0
25 -23 18 0
1 -16 23 0
-42 -18 37 0
47 -49 -47 0
-35 -48 -6 0
-22 -12 -6 0
-20 6 -3 0
-48 8 28 0
8 35 -42 0
-37 27 -7 0
-46 48 48 0
-14 -28 1 0
11 -49 40 0
34 -6 -30 0
11 9 -4 0
8 -34 -12 0
-13 -7 -15 0
45 50 -34 0
-27 7 36 0
3 -6 27 0
-42 36 -15 0
6 7 32 0
-14 -3 -6 0
27 -31 -44 0
2 4 -24 0
22 -50 49 0
48 -1 -48 0
7 -26 -18 0
10 -5 -47 0
46 -32 -26 0
-16 -28 -14 0
-50 27 -39 0
-15 43 -47 0
23 43 24 0
10 44 33 0
17 10 -18 0
34 43 -41 0
33 -50 28 0
-39 -1 -25 0
23 -24 33 0
16 13 7 0
-4 -47 -50 0
-22 -4 -45 0
44 -7 -5 0
26 48 1 0
-5 -47 -18 0
29 -11 2 0
46 -20 -15 0
5 -39 28 0
8 -18 -10 0
-2 47 -8 0
48 5 -44 0
35 1 38 0
34 31 -29 0
38 17 4 0
7 -36 27 0
29 37 -40 0
24 -14 -44 0
-37 15 27 0
-16 13 -34 0
23 43 29 0
-14 -17 -35 0
-44 -44 10 0
25 -33 -31 0
-37 -40 21 0
-4 -5 -2 0
3 12 -22 0
36 27 17 0
36 -22 41 0
-1 9 19 0
42 -23 29 0
14 43 -40 0
-27 42 4 0
-2 -40 23 0
12 9 -28 0
-8 2 46 0
45 -43 2 0
-36 3 6 0
34 -32 46 0
-12 30 1 0
23 -19 28 0
-35 -45 1 0
50 -39 25 0
14 -47 10 0
-33 -35 -30 0
-10 -10 31 0
45 5 42 0
38 -32 -1 0
34 39 16 0
3 -7 -4 0
46 25 -1 0
-48 -47 -33 0
14 12 -45 0
33 -1 -47 0
19 -18 -22 0
-2 -34 -45 0
-35 41 36 0
-46 -40 32 0
5 32 -6 0
11 45 -19 0
41 -11 -46 0
-48 -50 10 0
12 -29 6 0
-27 7 -21 0
15 33 29 0
17 46 -44 0
50 19 -12 0
10 7 5 0
-4 -3 -9 0
-1 -7 26 0
-43 14 -29 0
7 12 -2 0
-23 -2 43 0
-47 -5 -9 0
-49 -45 11 0
-3 -17 19 0
48 50 49 0
-32 27 -28 0
13 50 -16 0
-43 7 -6 0
-7 -20 8 0
8 -11 -18 0
6 47 48 0
-49 -5 45 0
-23 28 -43 0
31 -5 37 0
-3 14 -48 0
27 6 -12 0
48 2 -34 0
13 2 26 0
25 15 1 0
28 -21 12 0
8 -34 11 0
27 -23 -45 0
19 -49 26 0
4 -32 -37 0
40 49 -42 0
29 5 12 0
37 24 5 0
50 30 27 0
47 -10 13 0
-20 -3 22 0
-50 1 3 0
29 -44 12 0
-20 -25 -16 0
50 -8 44 0
44 18 36 0
-17 -38 6 0
7 -7 39 0
-14 24 -20 0
14 -30 43 0
32 -17 -2 0
-21 48 33 0
41 -33 38 0
-33 43 18 0
26 22 20 0
-46 10 -18 0
-44 19 33 0
31 -39 -29 0
10 13 22 0
-38 -20 -30 0
42 40 38 0
-21 -18 -33 0
41 -6 -46 0
42 9 5 0
-43 20 -20 0
43 23 -4 0
42 48 -43 0
-11 21 -32 0
-26 -33 -19 0
49 -30 -35 0
-7 8 25 0
-8 44 -32 0
-41 -35 -29 0
9 -16 -11 0
-7 -41 -30 0
-6 24 -15 0
-16 -6 42 0
37 -46 15 0
-6 31 35 0
3 48 -3 0
-4 -3 41 0
16 -45 -25 0
49 50 -13 0
36 -28 -41 0
-24 23 -38 0
27 11 44 0
47 28 29 0
-23 27 -12 0
-49 37 4 0
-19 23 23 0
-4 -44 -29 0
50 50 -28 0
9 -2 -23 0
35 -19 -32 0
34 -34 -37 0
-15 -31 44 0
-21 -49 -16 0
-42 42 -15 0
-27 2 -42 0
-9 25 -9 0
30 41 -17 0
2 3 23 0
7 -13 -45 0
47 -37 -44 0
11 31 -19 0
-48 -17 36 0
25 43 -34 0
-23 9 36 0
-45 -42 -28 0
25 -41 16 0
28 40 -30 0
-10 9 5 0
16 -4 -20 0
-29 -20 30 0
32 -27 -5 0
-50 -16 10 0
26 15 -43 0
5 34 50 0
10 -46 32 0
34 47 5 0
36 1 -5 0
-18 -36 -30 0
-38 38 21 0
-7 45 -32 0
34 -4 19 0
