c CNF generator v0.9
p cnf 50 300
-30 -27 -19 0
48 12 23 0
49 -24 -39 0
33 27 4 0
50 -20 -43 0
38 -29 49 0
10 47 -2 0
-20 14 -44 0
-36 -12 8 0
11 -11 11 0
-17 38 -36 0
40 -40 23 0
19 21 -30 0
33 -48 10 0
-38 -14 47 0
46 -10 -14 0
32 -48 41 0
-22 -13 30 0
-10 27 -7 0
46 17 4 0
-28 -20 11 0
41 46 -16 0
-45 -40 22 0
-3 -8 -35 0
-43 -21 37 0
49 29 -49 0
-1 15 38 0
26 25 19 0
18 -8 18 0
-17 1 32 0
26 -25 -8 0
20 -5 5 0
-12 25 -3 0
-23 -21 50 0
-25 -42 22 0
36 -26 -48 0
-23 1 6 0
-27 -27 41 0
-3 20 -46 0
-33 24 -10 0
37 -14 12 0
-10 23 1 0
49 33 -10 0
-43 6 46 0
26 -35 31 0
34 16 49 0
-6 -29 37 0
15 -40 14 0
21 -4 47 0
-35 18 13 0
6 -7 -33 0
1 -8 15 0
20 6 41 0
-16 47 33 0
-28 25 -24 0
26 -30 -23 0
-23 -37 -37 0
-20 6 -17 0
-48 -14 16 0
25 17 26 0
14 39 -3 0
-22 -29 -27 0
-8 -22 -47 0
25 -27 -18 0
39 -37 50 0
12 -48 -44 0
19 2 24 0
28 19 -3 0
38 -35 -40 0
-18 -9 -14 0
38 -33 11 0
4 -33 11 0
18 44 -16 0
39 42 -40 0
5 -22 46 0
45 26 9 0
30 32 -2 0
25 -19 4 0
-14 41 48 0
-3 -15 -26 0
-39 41 42 0
-16 26 -25 0
4 -36 -44 0
1 -23 21 0
-22 29 -40 0
-33 28 -7 0
2 29 38 0
41 -7 37 0
47 26 5 0
-40 10 23 0
-30 3 -47 0
18 17 -2 0
-24 -38 -39 0
-13 13 9 0
19 46 -5 0
-37 50 -1 0
2 -22 -3 0
-46 -50 -33 0
-23 -30 41 0
20 2 40 0
36 40 35 0
-21 -47 -42 0
-24 8 -40 0
-5 18 -23 0
-13 8 2 0
-20 -25 -2 0
49 -9 22 0
-30 10 26 0
-29 39 48 0
-47 6 -34 0
-19 20 -50 0
-28 -30 32 0
6 39 -13 0
15 -12 30 0
29 20 6 0
-46 -18 22 0
-30 -14 -46 0
10 14 -23 0
49 6 12 0
-27 -44 15 0
-14 32 -3 0
-5 -28 47 0
20 28 36 0
-37 26 -13 0
27 -31 -38 0
-14 -15 -17 0
45 -28 14 0
-4 -21 41 0
28 18 -28 0
-36 -11 -42 0
11 15 -7 0
-48 37 -41 0
5 2 -41 0
5 2 35 0
-39 -49 -27 0
-40 15 -18 0
-40 -26 48 0
-40 -48 -29 0
6 -35 -50 0
37 -41 -2 0
-28 50 -20 0
45 13 -37 0
-49 40 -47 0
19 -49 -42 0
42 -49 26 0
-45 -31 4 0
21 42 -31 0
50 49 38 0
34 45 -20 0
18 -29 4 0
1 32 -38 0
-5 11 29 0
22 5 -39 0
-18 -24 -32 0
-25 -27 50 0
15 -42 -28 0
-21 -47 10 0
-22 -19 21 0
4 22 10 0
6 34 43 0
-15 -5 -13 0
-46 -13 15 0
-50 -33 -30 0
46 -3 18 0
6 -37 21 0
26 14 -3 0
3 -14 -35 0
5 6 -44 0
-14 21 48 0
-41 33 -16 0
-38 49 3 0
10 15 -41 0
-43 28 4 0
-9 44 41 0
50 29 -24 0
-8 2 -35 0
34 37 43 0
23 -21 -17 0
12 -32 -18 0
33 -41 25 0
1 6 -15 0
-32 5 3 0
-1 -3 36 0
33 -16 -35 0
-43 -20 -43 0
29 22 14 0
-27 -15 29 0
-50 22 -27 0
-23 -25 18 0
17 47 -13 0
-49 -20 26 0
11 48 -35 0
-24 -31 26 0
-34 7 -20 0
18 36 6 0
35 -34 -26 0
-8 -11 -45 0
-20 -27 -19 0
-13 2 -44 0
-41 44 -33 0
-9 -17 -8 0
-7 -10 11 0
3 -35 -33 0
-13 -44 -35 0
-2 45 -26 0
-50 11 -46 0
-49 -33 27 0
-1 -8 12 0
4 -41 28 0
47 -4 -33 0
-2 -18 15 0
-49 -28 -4 0
11 -50 27 0
-1 39 6 0
-3 -44 17 0
-31 -10 -21 0
35 -21 -29 0
-32 -26 35 0
-50 -18 -44 0
12 29 -46 0
-47 5 38 0
-41 -19 -12 0
-40 -17 36 0
43 3 -21 0
36 50 5 0
9 -48 -44 0
43 34 16 0
5 -48 -15 0
-25 -37 -23 0
50 -6 -9 0
-33 -37 12 0
12 -9 -15 0
-13 26 -12 0
-18 -31 -16 0
-12 -26 30 0
-48 -20 48 0
31 -27 -32 0
43 35 -28 0
-32 -36 -42 0
5 43 12 0
-10 46 -48 0
-32 -9 19 0
39 -13 -42 0
11 40 7 0
6 -45 -22 0
-45 37 -42 0
25 -44 -21 0
-1 37 34 0
-4 10 45 0
-28 27 -1 0
7 32 -26 0
37 4 -16 0
28 -31 -40 0
-40 -14 29 0
21 35 -42 0
-20 22 3 0
-21 19 -41 0
33 -48 -19 0
36 11 26 0
46 -44 -11 0
39 19 -13 0
-38 31 -33 0
-7 -43 33 0
-40 31 39 0
3 42 -25 0
26 41 10 0
45 1 -16 0
5 49 19 0
-33 -47 -14 0
3 8 -26 0
27 -3 43 0
8 1 -36 0
31 46 5 0
-7 42 21 0
-32 34 -27 0
-25 4 -30 0
17 41 -12 0
40 49 6 0
9 42 14 0
35 7 10 0
-35 -8 12 0
50 47 14 0
-50 -37 -44 0
-14 -9 -21 0
-10 -4 -23 0
6 -28 -46 0
-18 -24 16 0
-49 36 -24 0
-24 -18 -30 0
-16 32 41 0
-13 -44 -17 0
-48 28 48 0
-3 27 -37 0
-23 -40 -9 0
35 -49 19 0
-1 48 12 0
21 -20 33 0
-32 -23 -35 0
-50 11 25 0
47 36 26 0
