c CNF generator v0.9
p cnf 50 300
-37 37 19 0
-19 43 5 0
-11 -42 33 0
-38 14 -3 0
-34 14 -3 0
-13 2 -45 0
-3 2 49 0
8 14 4 0
-45 18 -45 0
-32 13 -48 0
9 -49 14 0
15 49 -49 0
-28 19 -33 0
14 25 -47 0
-32 33 2 0
3 20 25 0
43 -38 -30 0
-8 32 -33 0
-36 46 -30 0
37 -16 -13 0
-37 -19 -48 0
13 -11 5 0
-34 49 22 0
-19 4 35 0
15 29 -33 0
-4 -34 -19 0
-7 -16 24 0
1 5 38 0
-33 24 -12 0
3 45 26 0
-31 35 -8 0
-11 -9 -50 0
-11 -45 -5 0
28 -45 49 0
28 -42 2 0
35 11 37 0
39 -24 2 0
39 12 -32 0
-19 27 18 0
-13 -32 -33 0
38 -28 31 0
14 -44 24 0
35 -37 -38 0
-25 24 10 0
-29 39 31 0
12 5 48 0
11 -3 26 0
46 -32 9 0
-40 -35 4 0
-31 -23 24 0
6 -48 -31 0
2 6 32 0
-39 -50 -13 0
45 -48 -19 0
43 -31 25 0
-43 6 25 0
2 -37 -31 0
-19 -44 30 0
17 -38 44 0
-4 -45 -16 0
-3 23 10 0
-43 -11 -48 0
24 42 -10 0
9 -21 34 0
-45 27 -37 0
16 5 -6 0
9 2 -10 0
-32 15 28 0
-7 -33 -19 0
-2 -44 20 0
-14 9 -44 0
31 41 30 0
8 21 15 0
-47 17 -44 0
41 -24 -45 0
30 42 -38 0
-43 16 -40 0
36 42 -5 0
-40 30 13 0
-17 -23 9 0
-11 11 20 0
-48 -47 -42 0
50 -42 -16 0
-32 -21 -41 0
8 -13 36 0
21 9 -48 0
4 -39 38 0
47 3 9 0
1 -12 -25 0
23 -34 -6 0
9 36 11 0
-31 -18 19 0
-16 18 -15 0
-39 -47 -38 0
6 4 -43 0
11 -42 6 0
-43 31 1 0
-9 26 -46 0
-20 -10 27 0
-5 2 15 0
18 6 -49 0
-20 -2 -31 0
29 40 13 0
32 3 -43 0
24 10 33 0
24 20 -44 0
11 -46 -5 0
-40 19 22 0
-23 -45 16 0
10 9 -42 0
36 -41 47 0
46 20 -29 0
-6 25 -21 0
-46 22 36 0
21 -14 -5 0
-8 -1 -22 0
-28 17 -36 0
-43 -20 -13 0
-37 -47 -15 0
-15 -45 -14 0
8 -34 36 0
1 18 -17 0
-21 -19 -29 0
33 14 17 0
-33 26 -43 0
12 16 -23 0
-45 35 39 0
49 13 -35 0
-22 14 35 0
-15 -26 19 0
21 -7 -45 0
-26 -40 -2 0
-25 31 2 0
35 6 -17 0
30 -41 -23 0
-40 -43 48 0
-38 -20 47 0
-27 -49 -19 0
-50 -15 47 0
-31 13 47 0
31 28 -9 0
37 -49 -7 0
3 15 18 0
48 17 -39 0
-46 7 -17 0
4 22 48 0
44 18 9 0
-9 10 -46 0
-36 4 43 0
1 35 2 0
4 -40 2 0
1 17 -33 0
19 37 16 0
-46 6 1 0
-18 -39 6 0
5 -39 40 0
18 21 -34 0
34 5 15 0
-50 1 27 0
-24 12 -41 0
10 -34 -32 0
-40 -39 37 0
37 -6 -45 0
21 -2 -19 0
-39 2 44 0
-47 8 -46 0
17 -38 41 0
-45 -29 30 0
4 23 36 0
8 -28 -32 0
14 46 11 0
-50 3 36 0
-3 -14 49 0
48 -49 -7 0
-21 24 -45 0
-39 32 -17 0
37 7 -33 0
-14 -8 -22 0
15 -23 -46 0
22 16 -31 0
-23 37 -37 0
26 -26 -35 0
-29 -9 -12 0
26 31 -14 0
-28 40 43 0
21 30 -11 0
-32 46 39 0
11 -15 5 0
13 -5 -1 0
29 17 21 0
26 -4 -31 0
27 -1 1 0
23 -21 -42 0
-11 -48 44 0
-6 -41 22 0
-40 -26 12 0
39 46 -50 0
-26 35 14 0
-12 -7 -14 0
24 11 16 0
-38 -29 -38 0
10 -18 -15 0
-20 7 -49 0
-43 -5 29 0
39 28 -8 0
-48 -33 21 0
8 26 -32 0
13 27 -27 0
-45 19 -36 0
-1 37 -45 0
35 44 32 0
30 -8 -5 0
-36 -36 27 0
38 -23 -1 0
42 44 -33 0
-18 -13 36 0
-17 49 11 0
9 25 -21 0
-11 16 -40 0
-45 35 6 0
38 20 -38 0
-29 14 4 0
37 41 -15 0
13 -16 -19 0
36 39 21 0
18 3 12 0
32 19 22 0
36 -20 37 0
38 37 -16 0
-21 27 -12 0
3 35 46 0
-25 21 -18 0
-14 22 45 0
13 19 -36 0
-43 22 -47 0
48 21 35 0
47 35 -13 0
-40 -13 -25 0
49 33 9 0
29 -20 26 0
29 47 17 0
30 -31 -37 0
39 33 -23 0
-36 4 -41 0
-14 -47 39 0
-29 -15 -2 0
-30 -2 27 0
47 12 -29 0
32 -4 46 0
-3 19 11 0
-37 1 50 0
-37 35 -27 0
32 -38 1 0
-7 35 -2 0
48 15 -3 0
4 32 6 0
28 -37 -42 0
-15 -36 34 0
13 47 -1 0
19 44 -27 0
-24 41 -46 0
35 -18 -46 0
3 32 1 0
-20 -32 -10 0
-41 -48 30 0
37 19 -27 0
-42 2 49 0
30 -25 -48 0
6 -42 -32 0
-14 5 -14 0
-29 -25 20 0
7 48 -30 0
-45 18 -32 0
-5 -2 24 0
-2 -21 25 0
22 -38 -41 0
25 50 33 0
-41 -23 -30 0
47 -34 15 0
-33 -16 36 0
-8 14 -25 0
15 44 -48 0
-4 -16 -27 0
-6 22 -10 0
-29 6 44 0
7 45 33 0
2 -19 49 0
34 19 45 0
45 25 -19 0
29 -7 10 0
-3 -47 -36 0
-1 28 6 0
-46 -8 -28 0
-17 36 42 0
17 20 -40 0
-4 30 39 0
45 19 -21 0
-8 -48 43 0
-47 -15 7 0
48 -47 -23 0
