c CNF generator v0.9
p cnf 50 300
-48 -42 -9 0
34 -27 47 0
-17 6 32 0
32 4 -32 0
25 -44 35 0
21 -6 -21 0
-35 -6 32 0
-49 -34 -10 0
9 -37 -4 0
-23 -18 19 0
-15 7 17 0
10 29 -25 0
-40 40 -14 0
-11 -4 -7 0
41 4 -5 0
28 15 -24 0
-18 7 36 0
5 -9 41 0
5 13 28 0
42 27 15 0
8 -46 43 0
20 43 33 0
-28 -48 4 0
-10 45 -34 0
-34 22 -28 0
-6 -39 -8 0
-26 25 7 0
-4 -19 -29 0
25 14 -11 0
36 -8 -29 0
-9 29 44 0
37 11 -3 0
50 -15 18 0
-13 -12 35 0
15 3 -8 0
25 -28 22 0
38 44 11 0
37 -49 12 0
24 -27 -29 0
50 14 32 0
43 5 -45 0
25 36 39 0
45 -19 5 0
-18 -37 2 0
38 48 -41 0
-33 2 -34 0
23 30 41 0
12 4 20 0
14 -10 -11 0
44 -23 -20 0
-2 33 -2 0
-27 -23 43 0
21 38 -37 0
-36 -27 -45 0
36 19 3 0
39 9 -46 0
-49 10 -37 0
9 30 32 0
3 -38 -42 0
16 -43 -35 0
-41 -50 16 0
-41 31 15 0
-25 38 39 0
-49 21 4 0
-9 44 -13 0
33 -34 24 0
28 -28 1 0
31 30 -27 0
-49 -19 -25 0
-23 -7 -30 0
34 19 22 0
46 -11 36 0
-48 -2 18 0
-8 -14 25 0
48 16 7 0
33 22 4 0
11 29 21 0
26 -25 -1 0
-10 44 48 0
-33 -42 23 0
-16 -26 -4 0
2 50 22 0
-46 -30 -36 0
-17 22 -7 0
46 9 15 0
-16 30 22 0
37 -14 -13 0
-26 14 22 0
49 38 38 0
-6 31 16 0
-36 33 -3 0
-24 -7 22 0
-7 -12 -43 0
-40 -32 -14 0
-31 50 19 0
24 31 -36 0
49 1 -20 0
48 -21 47 0
38 12 26 0
-12 24 31 0
-19 -5 39 0
21 4 -40 0
10 -36 45 0
25 -23 -38 0
16 -47 3 0
41 24 -8 0
15 24 -12 0
7 -30 -14 0
-46 45 -50 0
-48 -1 16 0
12 -24 20 0
-46 23 -35 0
24 -1 39 0
36 -6 -15 0
-4 39 -28 0
-48 4 -18 0
-27 -12 39 0
20 -40 -21 0
5 46 -13 0
-26 -3 50 0
-3 -12 -35 0
39 32 -43 0
13 48 -31 0
-10 44 -22 0
-22 26 21 0
17 12 -37 0
-32 1 -34 0
25 2 -41 0
16 18 43 0
-44 -10 -46 0
2 17 -45 0
41 41 -26 0
-27 -35 -43 0
-48 -7 -42 0
12 42 12 0
37 -28 34 0
-21 -30 28 0
50 29 -37 0
38 37 39 0
-44 23 -14 0
-40 12 -49 0
15 -31 -43 0
-12 -8 21 0
18 15 3 0
-14 -29 10 0
-33 46 -28 0
19 -18 -42 0
22 17 -7 0
6 47 -30 0
10 50 -22 0
43 -17 4 0
-50 -9 20 0
-32 34 22 0
9 1 -10 0
-14 30 23 0
32 -28 35 0
36 43 28 0
-29 -17 -13 0
16 -17 42 0
-50 -34 37 0
-17 -28 33 0
-39 -28 -40 0
47 -19 21 0
-2 -31 -49 0
-13 39 -40 0
30 44 -6 0
30 20 -13 0
-42 -39 -4 0
-38 -23 -37 0
-43 -48 9 0
20 15 -27 0
-6 -7 -32 0
11 6 7 0
-36 -26 -27 0
10 8 -3 0
35 -5 -31 0
39 33 -38 0
16 37 41 0
21 43 -4 0
-45 -13 22 0
16 -28 20 0
14 -42 -19 0
1 35 44 0
-19 30 5 0
-34 24 15 0
-44 -48 45 0
-43 8 -30 0
34 11 -23 0
14 -25 -38 0
44 41 27 0
-40 48 -1 0
1 -48 -36 0
29 1 -8 0
44 -18 21 0
19 22 26 0
3 -38 20 0
12 37 25 0
-42 31 -10 0
-40 2 -20 0
20 -30 1 0
-23 -7 21 0
6 -46 4 0
17 1 -28 0
22 30 31 0
-16 50 -5 0
-49 49 42 0
12 2 47 0
15 43 11 0
31 29 -9 0
-19 50 -38 0
39 21 27 0
11 -30 -26 0
-21 15 35 0
-36 15 17 0
1 8 -16 0
34 5 27 0
29 11 25 0
-28 37 25 0
-9 -41 50 0
7 16 -17 0
-10 -16 16 0
-40 27 25 0
-41 49 42 0
-42 -4 -26 0
50 -27 4 0
39 -41 -5 0
-17 -18 -20 0
31 -1 -11 0
17 8 -6 0
-6 7 -3 0
-6 24 -46 0
38 23 26 0
18 12 -6 0
47 30 -10 0
-33 29 -49 0
10 19 -29 0
36 -50 40 0
-36 -40 4 0
-50 29 39 0
26 11 -6 0
36 -31 17 0
-5 13 50 0
-18 -11 -45 0
8 15 -19 0
-45 -11 -16 0
-11 -19 -43 0
21 -48 -49 0
-7 5 16 0
-49 -20 19 0
-28 -23 35 0
32 2 -41 0
31 -43 43 0
-19 50 -23 0
-19 -43 17 0
-49 42 33 0
-33 17 -23 0
2 17 -5 0
-14 -39 3 0
8 22 47 0
-3 6 -16 0
-43 50 46 0
-8 30 -14 0
-4 23 30 0
42 -44 -29 0
-48 24 12 0
-31 31 19 0
-26 23 36 0
-14 -48 -28 0
21 -4 -32 0
-38 -43 -33 0
-1 -47 1 0
32 6 8 0
-47 -42 27 0
-27 32 41 0
10 21 -6 0
-27 14 14 0
-35 -17 -21 0
-21 22 -26 0
12 30 -50 0
-44 -42 50 0
-19 -31 22 0
42 46 -30 0
-18 18 37 0
-5 -42 -49 0
19 -1 11 0
-26 13 -18 0
19 -33 -31 0
-29 -43 28 0
-10 -5 39 0
22 47 -43 0
33 16 -29 0
3 -25 41 0
16 43 -20 0
-30 -40 33 0
-49 15 21 0
-50 -28 26 0
-49 39 16 0
-30 47 -31 0
-36 -28 -44 0
-5 -25 -42 0
