c CNF generator v0.9
p cnf 50 300
3 21 12 0
-7 46 -3 0
38 -21 32 0
-21 -6 -25 0
-10 -42 -46 0
30 -19 4 0
33 40 -1 0
18 32 21 0
-29 -37 2 0
-31 37 -17 0
-24 -32 -48 0
43 11 18 0
34 -5 14 0
-17 33 15 0
1 -39 -7 0
23 1 -13 0
20 49 31 0
-39 -6 34 0
-27 -43 -46 0
-30 12 -43 0
4 7 -11 0
-15 -46 49 0
36 -21 -34 0
-39 -18 16 0
2 11 40 0
49 -50 35 0
31 19 21 0
30 -28 -30 0
-30 35 48 0
-50 28 27 0
21 9 -40 0
19 22 9 0
21 -38 -19 0
50 -40 -6 0
-44 39 50 0
-5 23 -32 0
-7 -14 -18 0
-46 17 7 0
7 25 43 0
-16 -30 -24 0
-47 37 -7 0
-44 43 -19 0
-23 39 -13 0
-10 -27 8 0
-2 -8 48 0
5 24 26 0
26 -26 -19 0
-19 -48 -46 0
-32 -46 -44 0
19 49 -37 0
-11 -27 -7 0
-10 20 -10 0
48 -10 13 0
38 2 26 0
-16 7 44 0
16 -12 43 0
40 30 1 0
28 38 -33 0
-30 -2 -49 0
-7 5 -48 0
-31 14 47 0
23 -20 -32 0
41 -9 13 0
-34 -8 -28 0
-47 -29 40 0
-13 -16 8 0
40 41 -22 0
47 39 41 0
12 -31 36 0
20 2 50 0
-6 24 -41 0
-49 5 37 0
-10 -30 -50 0
43 -34 3 0
-38 -16 32 0
-27 -17 21 0
-37 21 -43 0
-29 -9 -46 0
-40 -30 49 0
2 10 -36 0
39 43 -3 0
22 -11 -1 0
27 -37 -26 0
42 -3 -34 0
40 -26 11 0
2 -43 47 0
-16 50 17 0
-3 -15 -13 0
19 -7 -4 0
15 40 -50 0
19 -24 -34 0
15 19 -39 0
-23 40 33 0
-31 -2 -4 0
32 5 29 0
7 -16 -6 0
37 -40 -5 0
-18 41 -8 0
-44 -31 -34 0
-14 -31 46 0
23 -34 -38 0
-30 32 -6 0
4 -13 5 0
-32 11 24 0
14 36 -47 0
24 5 -2 0
-21 49 30 0
8 -10 -49 0
43 -6 -50 0
7 -46 -5 0
-34 15 4 0
-39 -41 12 0
38 -22 -50 0
46 10 38 0
7 -32 -15 0
6 1 -17 0
-26 -44 16 0
-49 2 -33 0
-31 -21 27 0
3 40 32 0
-48 30 5 0
-14 -34 -1 0
44 -39 25 0
-50 -17 50 0
-42 9 24 0
15 3 48 0
-28 35 17 0
-21 -9 36 0
13 28 -34 0
9 27 46 0
-8 49 14 0
36 16 -8 0
-5 -49 21 0
-16 6 32 0
24 50 19 0
-15 44 23 0
34 -39 35 0
36 46 -31 0
12 -12 30 0
5 -46 -48 0
-33 -43 -18 0
-5 32 -49 0
-6 -35 13 0
10 35 -46 0
21 -24 3 0
-11 14 -18 0
-5 6 -26 0
-1 -50 -36 0
15 -30 10 0
1 7 28 0
-7 -4 32 0
-8 33 12 0
-29 25 3 0
1 -10 15 0
23 -41 -27 0
-20 -12 2 0
-45 -14 48 0
-19 44 -6 0
50 -6 6 0
-10 -15 -34 0
-4 24 50 0
-13 -16 -50 0
14 23 -47 0
15 39 40 0
12 38 46 0
-10 -5 1 0
14 -46 -44 0
46 11 18 0
14 41 -40 0
-5 45 32 0
20 -15 38 0
5 27 28 0
-47 -47 37 0
16 -44 -41 0
-48 -50 16 0
27 -3 -25 0
-37 37 -19 0
-27 19 17 0
2 47 4 0
-46 -41 5 0
-29 -18 15 0
39 12 -49 0
14 29 -29 0
-9 -6 2 0
36 35 -8 0
-28 26 4 0
-16 15 38 0
2 -31 6 0
-48 19 -35 0
-47 46 5 0
-2 -35 -14 0
-16 27 26 0
12 -10 -15 0
50 -11 -20 0
43 27 31 0
-33 -6 -18 0
-8 47 -4 0
-34 49 -2 0
18 48 -20 0
-30 8 16 0
4 6 -15 0
48 13 18 0
11 25 49 0
-8 -36 11 0
29 42 -39 0
-8 45 3 0
8 -29 41 0
44 45 32 0
-44 -19 44 0
-15 -1 -17 0
-18 6 19 0
-8 50 30 0
-8 39 10 0
-13 30 28 0
-16 -20 -27 0
-18 15 -14 0
-3 4 4 0
11 -34 2 0
38 -13 9 0
18 -2 22 0
49 -6 21 0
1 39 19 0
-37 -40 34 0
21 -16 -27 0
35 -24 -23 0
28 37 48 0
37 16 -36 0
-36 4 46 0
-13 37 19 0
-11 -11 -3 0
14 -4 -1 0
9 19 -39 0
-8 -5 41 0
7 6 38 0
17 39 -50 0
-48 -19 -10 0
-19 30 9 0
48 -13 -35 0
-46 44 12 0
49 -20 -41 0
12 -6 -8 0
47 27 -22 0
-45 -15 11 0
-29 -13 -30 0
-27 -17 31 0
8 29 36 0
-26 47 -14 0
-7 20 38 0
48 -38 -31 0
-13 -27 39 0
49 -37 -8 0
26 -35 -25 0
-31 26 19 0
-19 38 -31 0
27 -4 42 0
21 -18 47 0
50 -49 12 0
-25 8 -29 0
-2 -46 24 0
13 -48 -32 0
-41 -5 20 0
31 16 -29 0
-15 15 27 0
5 17 37 0
-5 -13 -29 0
5 -31 -50 0
-44 -23 -48 0
37 40 -45 0
-14 28 7 0
4 15 -38 0
-29 45 5 0
47 18 -25 0
-44 -17 40 0
49 -23 -35 0
-49 48 40 0
-25 32 -28 0
-28 40 -26 0
19 -47 -16 0
17 -47 -10 0
-48 37 -36 0
-32 -11 17 0
-2 -26 23 0
-47 34 4 0
-11 36 -9 0
-24 10 49 0
38 39 -23 0
46 -50 -25 0
45 14 8 0
-21 -43 28 0
1 -48 7 0
49 39 -25 0
-8 -29 35 0
-27 -37 -19 0
36 44 -34 0
-39 12 28 0
20 -32 1 0
-17 47 49 0
-1 -47 -12 0
6 26 4 0
24 -19 48 0
