c CNF generator v0.9
p cnf 50 300
31 -18 -30 0
-25 -37 -44 0
-2 39 3 0
-6 -7 -31 0
-27 13 5 0
-14 -47 -16 0
-30 30 14 0
12 -28 31 0
-2 -3 -50 0
-33 15 26 0
-24 11 47 0
32 -26 42 0
14 -10 22 0
-40 -33 20 0
47 -5 -37 0
-38 33 6 0
-4 3 29 0
-25 2 -3 0
15 -9 -50 0
3 15 -38 0
34 -49 -40 0
2 47 18 0
-37 22 -49 0
-6 2 20 0
8 1 18 0
-10 -8 -22 0
-20 -16 2 0
-2 -18 -15 0
-13 -2 -41 0
-44 -37 -48 0
25 -34 1 0
23 -27 30 0
-15 20 31 0
11 15 -8 0
-30 -48 -9 0
7 39 49 0
-10 37 -47 0
-10 -45 23 0
-32 -4 42 0
-39 37 -22 0
36 2 -41 0
37 -48 -34 0
7 42 -47 0
-42 3 -9 0
-42 47 -7 0
48 16 42 0
2 -9 -9 0
-23 25 -46 0
-27 -27 -4 0
32 45 39 0
9 -44 -25 0
-30 15 46 0
26 -5 -26 0
50 19 47 0
49 -11 34 0
19 23 46 0
-26 7 3 0
-2 28 17 0
45 -48 -8 0
-22 -44 -30 0
-18 34 -9 0
20 10 -38 0
-27 37 -39 0
-6 35 -8 0
-9 19 31 0
23 -43 8 0
22 -14 -27 0
-10 42 39 0
31 13 -19 0
-28 47 38 0
45 -38 -26 0
2 9 -27 0
11 -14 -42 0
48 -25 47 0
-10 37 -42 0
-40 -19 37 0
22 20 -42 0
33 -46 3 0
-44 -44 24 0
-32 6 30 0
48 -49 2 0
-30 -47 7 0
-45 21 14 0
-40 32 -49 0
14 18 11 0
29 42 19 0
-21 -15 9 0
-35 -8 -23 0
5 47 -26 0
-8 -47 32 0
-25 37 -17 0
21 29 -17 0
-41 3 24 0
28 -32 -9 0
-5 -2 34 0
6 -24 -2 0
-36 35 -16 0
38 -12 24 0
44 26 -32 0
-46 -30 21 0
10 -16 4 0
22 29 13 0
17 -39 20 0
49 34 30 0
-19 -49 -47 0
-48 -38 -49 0
-47 29 -46 0
-16 -48 -10 0
-28 11 2 0
4 1 24 0
36 -13 12 0
25 22 44 0
-18 -39 -19 0
-41 -24 -1 0
33 -29 19 0
36 24 -5 0
-48 45 -7 0
11 19 -40 0
-37 49 33 0
-24 -39 -9 0
12 37 -11 0
-2 42 -4 0
36 -29 24 0
5 -28 -2 0
-34 -42 30 0
-6 15 33 0
15 19 44 0
-21 -18 -36 0
32 -35 1 0
4 43 -34 0
-20 2 12 0
-29 -43 -8 0
-28 -32 38 0
28 -39 48 0
-45 21 -12 0
-44 -47 11 0
27 19 -24 0
39 41 15 0
-28 31 -6 0
-18 40 14 0
20 15 31 0
-43 45 7 0
-20 32 19 0
-9 -18 -24 0
43 30 28 0
26 42 36 0
36 50 47 0
16 39 -3 0
-47 -27 -50 0
35 -33 10 0
-31 15 12 0
-33 -46 41 0
49 -35 37 0
-40 6 -8 0
-37 17 26 0
25 38 45 0
-7 33 1 0
-46 -25 -42 0
27 25 -22 0
-23 32 34 0
17 -10 37 0
-20 -33 12 0
13 12 34 0
31 -4 -26 0
17 48 -23 0
-18 -41 26 0
-10 30 -31 0
28 -50 -9 0
13 -9 6 0
-9 8 -11 0
12 -9 20 0
23 31 44 0
24 6 5 0
11 47 -32 0
-23 10 -34 0
7 12 48 0
7 -50 -24 0
-49 48 1 0
-44 13 -32 0
-44 34 -19 0
8 19 19 0
47 36 15 0
25 9 17 0
42 37 19 0
36 -18 22 0
-29 44 22 0
-19 45 31 0
39 -1 -47 0
-20 -36 7 0
-38 -42 26 0
37 8 -48 0
-44 -1 -7 0
11 21 -26 0
-9 -10 48 0
-25 -35 33 0
-3 7 19 0
39 44 -14 0
-11 -45 29 0
-8 -6 -21 0
-49 21 -36 0
-26 -31 -30 0
-18 -30 -13 0
43 -9 34 0
-15 -32 -24 0
-16 2 29 0
-49 37 -33 0
23 16 49 0
42 -9 37 0
50 16 -10 0
-28 36 -32 0
7 38 -44 0
-27 19 37 0
16 -49 -34 0
-27 -41 2 0
-18 -14 -11 0
-14 -4 -7 0
-33 -48 -34 0
-23 -3 -38 0
-6 -11 21 0
-19 14 -26 0
21 -9 -25 0
44 45 13 0
-4 -16 4 0
-8 49 -9 0
-26 -2 6 0
12 -45 -3 0
-6 -11 -1 0
17 48 -35 0
45 -46 -19 0
35 28 -11 0
-4 36 26 0
7 -7 14 0
34 -31 47 0
-3 45 25 0
-37 -33 -24 0
31 -19 -40 0
34 -9 -17 0
-7 47 12 0
-31 -32 21 0
-26 39 -8 0
22 -6 -35 0
-20 22 30 0
21 -23 -18 0
-25 -50 42 0
-39 22 -1 0
-5 39 1 0
46 -28 -41 0
38 -29 1 0
-47 -23 -8 0
22 -17 42 0
36 -50 -36 0
-24 -10 8 0
13 -8 21 0
-29 -44 -43 0
-10 -27 -26 0
30 33 48 0
15 -26 -46 0
-2 -30 -7 0
45 -38 2 0
11 43 15 0
-23 46 -48 0
-24 -29 38 0
-49 36 -33 0
2 46 10 0
-20 -6 5 0
25 -7 -19 0
-37 -14 -26 0
5 -1 32 0
35 -8 -35 0
-37 -7 -38 0
-28 -42 44 0
-19 -4 -43 0
18 -24 -41 0
49 24 -12 0
-42 -48 35 0
-38 -37 6 0
12 1 34 0
-9 27 34 0
1 -47 43 0
-29 17 -39 0
26 8 -24 0
50 34 -15 0
-40 48 -11 0
-36 33 23 0
-18 26 -41 0
1 -42 23 0
37 40 49 0
-32 2 20 0
26 39 6 0
-48 20 48 0
30 -24 -41 0
11 -35 47 0
47 -36 -1 0
-49 -47 -26 0
1 40 42 0
-48 50 50 0
-11 -38 -29 0
7 41 38 0
21 17 47 0
48 -20 -6 0
