c CNF generator v0.9
p cnf 50 300
-17 -12 -22 0
-2 41 46 0
40 17 8 0
-19 4 19 0
32 -8 -48 0
22 40 -34 0
-45 -23 4 0
-45 -16 49 0
-34 7 33 0
36 29 34 0
-31 26 27 0
15 47 -8 0
20 12 -23 0
-10 45 6 0
12 -37 48 0
28 -26 -21 0
16 -14 -21 0
-41 48 -15 0
-47 -26 14 0
-41 9 13 0
-50 -22 23 0
10 23 -30 0
1 -6 47 0
-22 7 -37 0
35 42 -4 0
38 -45 47 0
-49 46 -31 0
-30 20 -39 0
42 18 33 0
41 -50 -18 0
-23 26 28 0
2 29 -27 0
23 -25 -11 0
36 -39 44 0
26 -48 -3 0
45 -18 23 0
43 -11 -43 0
37 -47 24 0
45 35 2 0
-3 48 -22 0
25 36 12 0
11 -48 35 0
3 6 47 0
26 15 -8 0
2 28 31 0
25 -43 -25 0
-4 -6 39 0
-48 -44 30 0
50 -4 -32 0
11 -38 25 0
8 43 -28 0
37 -13 20 0
-38 -16 -22 0
-41 25 17 0
28 -12 -37 0
-26 -35 -33 0
7 -15 -48 0
49 49 -18 0
33 40 -13 0
10 45 -17 0
-7 -18 -15 0
29 -16 44 0
31 7 -39 0
47 -38 -33 0
4 -13 -26 0
32 46 26 0
-21 -34 -23 0
23 -8 -9 0
35 -28 2 0
-37 8 -45 0
-46 7 -31 0
37 23 17 0
38 -25 -44 0
47 -20 -42 0
-3 31 -20 0
-44 35 33 0
-18 5 -13 0
50 34 -33 0
-5 46 34 0
-48 -35 15 0
1 -1 -3 0
-20 32 -11 0
-25 38 18 0
44 -47 36 0
9 15 -47 0
-41 39 48 0
44 -11 10 0
-20 10 4 0
21 43 31 0
6 -35 6 0
-31 -33 20 0
-22 1 41 0
-28 -7 21 0
6 1 7 0
-15 32 -5 0
-20 16 -36 0
4 -26 -13 0
-38 45 2 0
24 14 10 0
33 -31 -44 0
2 -34 6 0
3 33 -13 0
14 -7 29 0
7 -39 20 0
-6 -41 -40 0
44 23 -7 0
29 5 -45 0
-15 16 49 0
33 -23 47 0
4 49 -30 0
23 -34 27 0
-33 -6 -31 0
-5 -10 -46 0
-36 -21 -49 0
36 -37 1 0
-50 9 -37 0
26 45 40 0
25 4 -17 0
-23 -10 40 0
-48 14 -26 0
15 2 -11 0
-25 -8 -37 0
35 1 -27 0
33 -27 -21 0
-37 -29 -34 0
-35 -39 42 0
20 -50 49 0
-37 -25 -35 0
24 -50 -16 0
19 28 -43 0
35 -44 16 0
41 23 16 0
50 -18 -25 0
-4 13 20 0
-30 -20 -4 0
13 49 21 0
47 39 39 0
-20 -14 -34 0
-21 45 -38 0
42 -50 20 0
3 -49 46 0
29 42 46 0
-3 -36 12 0
-13 2 -4 0
50 49 -39 0
38 -3 19 0
49 24 39 0
37 -28 38 0
-22 26 28 0
-20 -44 16 0
35 -11 35 0
8 14 -20 0
-23 -17 -36 0
2 18 4 0
-35 -31 27 0
-17 -40 29 0
-32 8 -12 0
-12 37 1 0
-38 -36 32 0
-14 28 -25 0
25 11 37 0
39 27 20 0
2 -44 -16 0
24 -38 -25 0
-50 -35 11 0
-22 -46 -18 0
24 -15 44 0
30 -11 -21 0
2 -27 -12 0
-19 -50 -42 0
9 29 24 0
31 -21 38 0
1 -41 10 0
-11 -35 -17 0
-27 31 23 0
46 23 44 0
37 -6 -39 0
8 -37 41 0
-44 50 -28 0
36 -45 36 0
21 -38 21 0
-26 7 -4 0
-29 -38 9 0
-13 -12 42 0
10 22 -41 0
4 -49 -31 0
19 15 43 0
-48 31 -46 0
-14 36 39 0
-1 7 44 0
-20 -22 -38 0
-21 -13 -17 0
-17 -45 11 0
-38 34 37 0
-16 43 47 0
-37 -15 -27 0
50 37 12 0
41 -50 6 0
-10 10 -47 0
-29 19 14 0
44 -38 -45 0
15 -22 -17 0
9 49 -7 0
-44 12 -32 0
20 -33 41 0
-24 -8 -33 0
37 -48 38 0
2 46 12 0
16 -24 -18 0
-14 14 14 0
23 28 -41 0
29 1 -6 0
46 42 -39 0
-26 8 13 0
-29 -18 -13 0
37 -38 -32 0
-48 43 -3 0
-49 -50 34 0
42 -25 -5 0
-24 36 8 0
39 29 6 0
29 42 32 0
-13 28 42 0
-43 28 25 0
-45 30 -40 0
-38 9 -29 0
-39 -45 17 0
28 -33 38 0
-12 8 -40 0
49 6 28 0
-50 38 -4 0
28 -21 -6 0
47 13 23 0
-49 -5 6 0
48 -29 46 0
26 22 16 0
16 -12 24 0
37 -28 44 0
21 46 -46 0
34 11 14 0
-35 29 50 0
-31 -12 -26 0
3 12 -26 0
-36 38 -22 0
-16 21 35 0
25 -8 -5 0
48 25 -31 0
8 -24 -46 0
29 34 -8 0
29 -1 28 0
34 -22 28 0
29 20 -25 0
27 45 -34 0
-40 -6 -37 0
27 10 29 0
16 25 46 0
38 39 -44 0
-47 25 -27 0
-15 10 49 0
-18 16 7 0
-46 50 -22 0
-42 -30 -40 0
14 -28 -3 0
43 -37 -24 0
-13 48 -35 0
-3 -17 -43 0
-40 8 50 0
35 -13 16 0
-45 -22 13 0
-18 -43 15 0
2 -34 -23 0
2 -29 -48 0
-45 -49 -9 0
27 -11 19 0
-17 28 -33 0
39 -13 -27 0
-33 44 45 0
-28 -33 -39 0
-6 -3 -33 0
35 26 6 0
12 45 -44 0
-14 14 -43 0
-9 2 9 0
42 -16 13 0
-41 27 -39 0
-26 39 21 0
13 31 -30 0
-10 8 -27 0
20 -37 18 0
38 -42 -34 0
-26 -47 -24 0
-42 49 40 0
-15 -7 -32 0
-6 18 41 0
-11 -34 44 0
11 -45 16 0
11 -18 -30 0
-19 45 17 0
41 27 18 0
-31 -1 -11 0
