c CNF generator v0.9
p cnf 50 300
10 20 -44 0
5 -24 28 0
-23 32 -28 0
-6 -17 -13 0
-48 13 -27 0
7 28 47 0
50 18 -36 0
35 11 19 0
28 8 48 0
-35 8 -48 0
27 -11 -49 0
18 -42 25 0
21 38 -20 0
-24 15 -50 0
-2 27 -36 0
8 10 42 0
-44 -14 46 0
-11 34 24 0
4 7 32 0
21 -42 -22 0
-39 20 4 0
7 -44 33 0
23 50 -12 0
41 43 19 0
-43 -33 32 0
-24 -17 27 0
5 42 41 0
19 35 40 0
2 15 -31 0
9 -49 8 0
-16 18 1 0
49 -35 -23 0
-11 7 -28 0
12 -23 -6 0
-22 -5 -23 0
41 19 -29 0
-44 32 28 0
-21 35 -23 0
-48 -27 -5 0
-6 -42 11 0
2 35 29 0
-31 -27 5 0
24 -35 -6 0
-37 26 -11 0
15 13 -49 0
14 41 -38 0
-1 42 -29 0
-32 47 -1 0
43 20 45 0
18 -45 17 0
-13 9 19 0
-22 -27 -37 0
37 14 49 0
-28 50 -21 0
29 35 10 0
-38 38 -48 0
35 -14 25 0
22 -38 -5 0
-16 -13 -28 0
30 22 -19 0
-44 32 7 0
-41 -20 -48 0
-25 12 -9 0
45 -10 34 0
-38 19 -16 0
-11 38 25 0
-26 -31 -9 0
50 -2 -30 0
-7 -41 15 0
27 -45 19 0
-45 -47 27 0
-27 36 35 0
31 -17 24 0
-36 -33 -48 0
18 -31 -35 0
-24 12 45 0
-20 -47 -9 0
50 41 40 0
20 31 -16 0
46 47 -23 0
18 -29 -38 0
30 42 -33 0
-46 20 -47 0
37 -18 7 0
6 -23 49 0
15 -21 46 0
43 47 36 0
-11 -23 33 0
-4 38 -22 0
-17 38 -48 0
-13 4 3 0
11 -46 46 0
15 50 11 0
-6 -18 20 0
-42 -12 20 0
25 33 -21 0
47 7 1 0
11 -8 -29 0
-43 -28 14 0
39 45 44 0
-29 34 -32 0
36 -6 33 0
45 38 -38 0
-28 -39 -13 0
-50 34 11 0
-15 -31 -8 0
17 15 12 0
-1 50 3 0
26 11 -50 0
40 21 -11 0
19 18 -7 0
-24 -38 33 0
-5 49 -21 0
-28 15 4 0
-41 24 46 0
22 28 18 0
20 18 31 0
43 -46 -16 0
-38 12 48 0
-50 4 -40 0
30 2 -36 0
3 -15 -38 0
28 31 44 0
18 -19 16 0
-2 12 -11 0
-43 40 30 0
49 6 31 0
49 -37 50 0
-10 20 -18 0
18 -19 -48 0
-35 -42 25 0
-46 17 -44 0
-23 -47 34 0
-40 -38 -48 0
41 -10 -48 0
-48 21 -24 0
22 6 25 0
-37 18 -8 0
1 3 -5 0
-4 -34 -26 0
-39 27 33 0
10 2 -41 0
-16 -45 -21 0
-5 -45 43 0
43 49 17 0
-4 -1 -46 0
-25 2 -38 0
49 -47 -25 0
1 7 -31 0
36 41 -38 0
-26 46 50 0
23 21 -22 0
27 31 -7 0
18 41 -42 0
49 34 23 0
3 35 -31 0
21 -28 -36 0
46 -38 37 0
44 42 44 0
-2 -24 -45 0
-32 -4 -22 0
-8 39 -29 0
26 17 -48 0
-23 -6 -32 0
-32 6 38 0
31 9 -34 0
31 19 -27 0
-1 40 18 0
6 46 9 0
26 28 -2 0
-23 6 33 0
21 40 -18 0
46 5 20 0
14 -14 14 0
50 -41 -44 0
-31 -22 -37 0
-37 1 44 0
-12 13 23 0
15 49 -37 0
4 41 -10 0
-1 36 -37 0
50 -4 -39 0
-49 -46 43 0
5 11 -35 0
21 -7 23 0
7 -43 -15 0
-13 -36 -23 0
-2 -32 15 0
-31 -38 -10 0
24 -27 39 0
-24 15 -45 0
42 34 10 0
35 -6 35 0
13 12 14 0
-16 14 13 0
18 -29 -2 0
-13 9 -4 0
28 -39 -41 0
-11 24 39 0
17 35 25 0
-42 -8 -44 0
38 -34 -5 0
-25 10 -31 0
34 -42 -39 0
-7 34 -29 0
32 -39 -46 0
35 -8 46 0
-12 -31 -49 0
-8 49 -32 0
-5 -46 -6 0
-32 -7 23 0
14 10 27 0
28 20 -40 0
-44 4 -42 0
25 18 3 0
-11 14 49 0
33 -10 5 0
43 15 -39 0
38 27 -48 0
34 49 48 0
-38 -1 19 0
-7 32 6 0
-34 -1 12 0
9 -31 -41 0
-40 36 -48 0
-42 26 -1 0
-47 33 -5 0
6 49 38 0
-44 4 -5 0
-27 -7 -24 0
-26 -19 9 0
22 2 40 0
39 40 28 0
38 8 4 0
23 11 23 0
32 25 44 0
-46 -48 -39 0
-42 -35 -13 0
9 -28 11 0
-44 -33 -43 0
21 39 27 0
-41 46 -9 0
38 42 -24 0
39 8 24 0
1 39 -48 0
44 9 23 0
-38 46 12 0
-48 -4 45 0
43 -20 33 0
20 37 32 0
-2 3 20 0
-15 -48 20 0
-40 -21 17 0
-34 -14 27 0
24 24 11 0
-14 -18 28 0
35 -14 -4 0
-34 28 44 0
-48 -22 8 0
-13 -49 -50 0
6 36 -44 0
46 25 -49 0
29 -2 -13 0
8 13 -49 0
-41 28 -29 0
-44 -48 -14 0
31 21 -25 0
15 -15 -30 0
14 9 18 0
-13 12 -24 0
-4 -21 42 0
-47 4 2 0
-20 -47 -21 0
-20 -28 -37 0
-27 10 13 0
11 -35 -34 0
18 -31 -19 0
-46 13 8 0
-31 36 10 0
26 17 41 0
-41 -42 -13 0
48 3 16 0
-42 33 -21 0
39 -9 34 0
-48 34 17 0
34 45 -16 0
22 21 -47 0
25 -39 -38 0
29 7 -5 0
-35 4 45 0
-29 34 44 0
43 29 9 0
25 -7 -40 0
1 -31 -12 0
12 -42 -39 0
-40 -29 50 0
49 35 -45 0
-40 -8 -16 0
-29 -12 -42 0
-1 -32 -11 0
