c CNF generator v0.9
p cnf 50 300
-46 24 38 0
-11 36 -38 0
-13 8 -36 0
32 7 20 0
-2 5 -27 0
5 27 1 0
-45 36 -46 0
-15 5 41 0
-15 21 -19 0
24 -8 31 0
22 -50 -39 0
24 20 10 0
-37 -24 35 0
8 21 -34 0
-32 -24 49 0
-41 46 11 0
-16 10 41 0
49 17 37 0
-5 -27 -9 0
-8 21 -18 0
44 -9 -25 0
47 12 30 0
-17 42 5 0
14 23 37 0
-27 15 -36 0
15 50 -33 0
-37 -23 -31 0
-42 -7 44 0
47 20 -25 0
-33 10 15 0
-5 48 12 0
29 4 -1 0
33 11 37 0
29 -10 -16 0
17 20 28 0
29 16 -39 0
47 17 50 0
-31 45 -45 0
18 5 44 0
-28 35 -32 0
36 -13 -26 0
-35 -7 -37 0
-21 -31 9 0
-4 5 11 0
-35 48 9 0
-13 -37 -7 0
-11 -13 36 0
35 33 -19 0
7 1 46 0
44 -50 -19 0
-13 -34 -50 0
-30 2 45 0
19 18 -11 0
-1 16 -8 0
38 -14 37 0
3 40 -50 0
-22 15 39 0
-33 -46 21 0
-14 -34 12 0
50 -17 22 0
-36 26 -4 0
-41 -2 18 0
-25 14 32 0
5 -16 8 0
2 -21 1 0
24 2 -5 0
10 42 -27 0
-33 46 17 0
-19 -5 -42 0
14 -18 17 0
36 25 30 0
13 30 44 0
46 31 48 0
-44 -6 -24 0
-38 9 -37 0
9 6 34 0
-20 14 5 0
-39 -14 -35 0
-17 32 -23 0
-16 32 33 0
7 36 36 0
-21 42 44 0
33 -7 34 0
-10 21 44 0
-39 -16 33 0
-21 -45 -10 0
-44 34 15 0
2 27 21 0
7 39 -8 0
-14 5 14 0
29 9 8 0
17 -29 -8 0
-5 4 -6 0
-44 31 49 0
14 36 34 0
18 -1 45 0
-23 32 12 0
-38 -50 32 0
50 -18 9 0
16 -25 -27 0
-21 23 -49 0
-29 -41 5 0
19 -44 -21 0
45 1 27 0
15 -6 -5 0
44 37 9 0
47 27 -49 0
-35 -17 -3 0
-30 2 -21 0
46 -16 -16 0
-26 -43 -27 0
-37 -47 -11 0
-18 -4 30 0
-22 44 -35 0
-46 30 -30 0
-31 -4 -18 0
24 9 -45 0
-9 39 2 0
-22 -21 34 0
-20 48 35 0
-18 2 44 0
-42 -21 27 0
31 -27 -11 0
16 -49 -18 0
-45 -24 -31 0
20 -9 -12 0
2 -38 13 0
2 34 -17 0
-15 -41 38 0
-18 39 -1 0
18 -38 -40 0
44 -43 -6 0
-21 -9 32 0
34 -26 41 0
29 -4 9 0
-26 36 17 0
-43 -24 -15 0
23 -29 -18 0
-40 38 -36 0
-42 39 -28 0
-27 22 11 0
4 2 44 0
25 -48 24 0
47 8 -8 0
42 -49 -3 0
-13 40 -4 0
4 23 42 0
49 -25 -7 0
44 27 -18 0
31 2 -44 0
-27 -6 37 0
-11 -4 -44 0
48 -36 -12 0
-31 -4 -42 0
11 -19 15 0
45 14 25 0
26 22 37 0
-3 18 5 0
-31 -24 12 0
-37 33 28 0
-9 -17 -19 0
-28 -49 2 0
-44 34 32 0
44 -26 22 0
15 46 -19 0
29 47 -15 0
-6 12 -15 0
18 -47 -25 0
-25 45 -25 0
7 36 25 0
30 -23 14 0
-9 47 -40 0
6 -11 -36 0
-9 14 -17 0
-50 39 -46 0
35 -10 -48 0
5 -25 22 0
46 10 -23 0
35 33 -24 0
-43 -19 2 0
-27 7 48 0
43 -33 8 0
9 -22 -22 0
21 42 -33 0
-29 -45 -24 0
-19 5 -3 0
-27 1 -17 0
-34 26 23 0
-24 4 -49 0
11 -36 -29 0
-45 35 45 0
33 -5 -20 0
20 5 5 0
-16 -37 -29 0
38 33 47 0
26 43 4 0
-2 2 36 0
10 21 -19 0
31 40 43 0
24 -1 -19 0
-37 9 -47 0
8 -38 4 0
42 -30 -39 0
-24 -5 11 0
-39 -43 42 0
27 -28 -10 0
15 -29 49 0
-12 -11 41 0
35 22 -33 0
-45 7 42 0
49 44 -39 0
11 20 -39 0
2 20 -34 0
-43 -28 31 0
12 -7 -6 0
-27 48 -40 0
9 44 44 0
-22 32 12 0
2 11 -29 0
39 22 46 0
49 -7 35 0
-50 -7 40 0
-22 -31 -50 0
35 -7 33 0
-37 20 -6 0
-11 43 -12 0
-28 19 18 0
-24 -10 39 0
24 17 -18 0
47 -16 -40 0
-42 30 7 0
39 -48 13 0
-15 34 -33 0
-38 45 27 0
-20 -13 21 0
-9 29 -31 0
4 2 -35 0
-49 -1 -34 0
-23 -22 35 0
-28 9 -37 0
8 -48 -27 0
41 -25 35 0
28 2 -37 0
13 -48 10 0
39 24 14 0
-9 49 47 0
-8 6 7 0
39 -31 -10 0
-6 -21 -40 0
9 -3 1 0
21 7 -25 0
22 -30 -41 0
-1 28 7 0
13 -37 -50 0
7 32 -40 0
-11 20 -25 0
26 28 -15 0
13 -16 15 0
30 20 35 0
40 27 31 0
-21 5 -9 0
-31 28 15 0
33 -50 -13 0
-25 46 6 0
-18 -41 20 0
-44 -21 -6 0
21 40 26 0
-39 -12 -27 0
-50 -7 31 0
7 3 -29 0
10 -26 -41 0
26 12 8 0
-5 -24 -14 0
32 32 42 0
44 47 -50 0
14 13 14 0
10 -23 -3 0
50 42 -28 0
-35 4 35 0
31 -44 35 0
12 18 17 0
-34 37 -11 0
50 -35 -24 0
-39 23 14 0
-28 8 49 0
16 -43 -9 0
34 -15 -33 0
7 -28 45 0
36 -48 -23 0
-10 29 43 0
-5 -42 44 0
17 -47 21 0
-37 26 15 0
-9 -1 7 0
-25 46 17 0
24 45 -42 0
-43 24 24 0
38 16 14 0
8 -11 -19 0
40 -12 -37 0
