c CNF generator v0.9
p cnf 50 312
-40 40 -9 0
-30 -18 17 0
24 -33 29 0
-24 -24 -18 0
38 40 -24 0
-11 -2 22 0
-14 26 35 0
3 -35 -13 0
3 14 4 0
19 -14 30 0
-27 33 29 0
-28 3 -4 0
-12 22 -10 0
38 -24 44 0
27 13 32 0
-28 28 -3 0
-32 -18 8 0
25 -20 -21 0
2 46 35 0
-46 -43 34 0
39 14 43 0
-19 14 40 0
-23 33 -34 0
11 -39 -46 0
28 -30 -36 0
8 -8 -13 0
-41 -28 44 0
33 -14 -18 0
-5 35 -39 0
-29 -12 -33 0
-4 34 25 0
-46 -42 41 0
-1 5 -5 0
39 9 -34 0
-38 45 -22 0
11 18 -7 0
33 -11 4 0
-22 -26 -26 0
22 35 -46 0
49 -47 26 0
-35 9 -41 0
33 34 -22 0
-26 32 35 0
35 -13 -46 0
45 -35 -10 0
-4 16 8 0
11 -2 29 0
-17 8 -14 0
-37 -29 -9 0
15 -30 33 0
-20 -43 48 0
-5 -3 29 0
49 9 23 0
-8 -28 -8 0
26 -3 3 0
15 -4 -31 0
-14 -25 5 0
1 -41 32 0
36 -17 35 0
48 15 -38 0
-20 -16 32 0
3 -17 -27 0
48 -26 12 0
14 49 7 0
16 -37 30 0
-20 38 24 0
50 -39 26 0
-14 -40 -13 0
-28 -45 -30 0
8 -38 -28 0
-12 -24 -31 0
11 -22 46 0
-38 49 -32 0
35 11 33 0
27 -42 48 0
28 -31 -31 0
-25 -40 -8 0
21 16 39 0
-12 16 -10 0
-38 14 47 0
27 25 5 0
-39 -45 -25 0
-46 -32 2 0
-16 -38 -34 0
-41 7 -17 0
5 23 -19 0
18 39 -44 0
45 26 34 0
-45 -19 -14 0
12 30 -38 0
34 35 32 0
41 15 12 0
-15 15 50 0
-16 25 50 0
-42 -41 -14 0
-37 15 -2 0
-7 16 3 0
-6 -23 -35 0
12 -16 -23 0
-17 -46 3 0
35 -1 6 0
-46 -13 -29 0
16 17 -1 0
-19 41 30 0
-37 45 -24 0
-1 -2 -10 0
-50 27 -44 0
7 10 30 0
-4 1 18 0
31 48 -49 0
-38 -48 50 0
32 -30 23 0
12 -47 42 0
-22 49 48 0
27 32 44 0
-43 2 -26 0
-14 41 -6 0
18 -46 -23 0
43 -5 5 0
-27 -41 15 0
27 19 38 0
-45 36 49 0
-15 28 -25 0
44 39 -34 0
-14 26 -25 0
4 -28 -42 0
20 -14 -16 0
-38 -13 16 0
-22 -20 41 0
30 -13 -3 0
21 -44 -25 0
-32 16 -18 0
5 33 12 0
13 -11 -41 0
50 -33 42 0
-18 26 -36 0
48 8 3 0
-11 40 4 0
-23 -43 -15 0
31 -26 -29 0
-14 32 28 0
-16 -40 6 0
11 25 -34 0
-7 18 -48 0
46 -25 10 0
-43 37 -42 0
23 -3 -12 0
-16 31 -9 0
20 -24 36 0
-33 31 6 0
36 2 -26 0
-24 -39 -32 0
-4 -25 -17 0
20 10 -20 0
47 -21 16 0
-20 -31 -30 0
13 22 -46 0
-7 43 15 0
-8 -31 -32 0
8 -49 33 0
12 48 45 0
-7 -46 37 0
-28 -48 35 0
-9 -16 40 0
19 40 -36 0
29 -32 12 0
33 -8 30 0
24 -25 42 0
33 -7 13 0
-47 46 -41 0
-4 -13 -49 0
-32 -21 -44 0
-1 -31 41 0
50 26 -9 0
23 -27 26 0
-25 49 8 0
6 -25 -11 0
8 -25 -36 0
-46 13 -45 0
39 2 43 0
-9 -6 -23 0
-45 -8 49 0
19 12 35 0
-45 -6 17 0
-10 -37 46 0
14 -34 -37 0
-17 -10 -40 0
-33 -23 -14 0
-26 29 35 0
12 -24 -14 0
21 -12 -49 0
-2 17 31 0
-35 21 -21 0
9 22 -23 0
-19 23 -28 0
35 19 49 0
21 28 8 0
-43 24 -21 0
3 -50 5 0
-9 1 26 0
31 33 -44 0
42 48 50 0
2 9 10 0
-5 -45 -27 0
30 -15 47 0
-30 -17 45 0
26 -16 49 0
-49 45 -26 0
-2 -49 9 0
40 -17 -4 0
28 -40 30 0
47 9 -37 0
27 -38 -32 0
-14 -14 44 0
14 17 16 0
-26 28 8 0
-11 -47 12 0
-39 -17 42 0
5 -11 -3 0
1 12 -30 0
28 43 -6 0
3 46 -36 0
-24 -27 18 0
-41 -45 46 0
-7 39 -42 0
11 11 -45 0
-2 -10 45 0
46 29 -20 0
-39 -33 1 0
-10 -11 -26 0
30 13 -30 0
-22 48 -15 0
-32 -11 -36 0
-16 49 2 0
19 12 -39 0
-13 -27 -15 0
39 -22 44 0
-8 29 38 0
-21 20 -31 0
2 9 36 0
42 -7 31 0
-30 40 42 0
29 24 -41 0
-33 8 15 0
-38 15 -37 0
22 -35 43 0
9 -6 30 0
16 -2 2 0
36 32 9 0
-19 -10 -41 0
-43 10 35 0
36 48 23 0
45 20 -6 0
34 28 -39 0
-13 -14 -40 0
41 -19 -3 0
-30 -13 44 0
43 -3 -2 0
-16 31 50 0
28 32 -33 0
-2 7 -33 0
34 -40 41 0
-49 -5 -29 0
41 10 25 0
-44 -33 -41 0
1 23 -21 0
-21 -22 -48 0
35 -27 4 0
-24 -36 -36 0
-46 23 -22 0
20 -40 -23 0
-4 33 -10 0
-1 -46 -36 0
-43 31 45 0
42 -34 -7 0
-40 9 41 0
-47 -2 -36 0
-16 -47 40 0
-4 6 49 0
41 -13 9 0
47 -4 4 0
-21 -11 -9 0
-27 -42 10 0
28 41 -49 0
12 4 6 0
5 -37 15 0
2 28 1 0
-30 -12 -4 0
15 46 9 0
-20 -5 10 0
-33 -38 -46 0
46 9 -10 0
-26 26 16 0
-33 19 -50 0
42 39 24 0
-36 -17 44 0
31 -32 -50 0
46 20 -6 0
-39 36 9 0
47 3 -24 0
-20 -50 34 0
19 13 -17 0
7 -23 13 0
47 -38 -16 0
17 -32 35 0
4 -6 -7 0
8 -44 -37 0
10 48 41 0
-40 5 39 0
-23 24 47 0
-46 -40 -21 0
5 32 41 0
