c CNF generator v0.9
p cnf 50 312
-44 50 50 0
-4 27 -1 0
43 48 13 0
-1 -4 1 0
-8 -8 24 0
33 45 -12 0
-21 5 -30 0
-36 35 6 0
35 11 47 0
19 23 3 0
48 20 41 0
22 14 13 0
23 -7 1 0
-13 -33 -43 0
24 -24 45 0
41 17 -2 0
-10 -41 -18 0
8 50 49 0
-44 21 -45 0
-48 35 34 0
-30 -38 49 0
21 35 -2 0
46 -11 27 0
34 -13 -48 0
29 -11 14 0
50 43 12 0
17 -44 -7 0
-23 -46 1 0
-45 41 -28 0
32 29 4 0
37 14 -8 0
31 50 -9 0
-41 -47 17 0
-42 14 6 0
-40 -27 -37 0
-19 -21 -49 0
-4 -50 -6 0
15 -27 33 0
30 11 36 0
46 10 32 0
4 -25 -36 0
11 -7 -25 0
6 -9 12 0
39 17 -50 0
-50 -50 20 0
17 -22 20 0
-13 4 -31 0
-49 37 -45 0
-45 -31 -33 0
-48 42 44 0
-41 28 -24 0
-41 34 31 0
-6 -11 43 0
-9 14 -18 0
-29 15 45 0
-39 2 44 0
-38 -23 28 0
-50 24 -4 0
13 32 -5 0
-30 45 -30 0
19 -36 3 0
2 -20 14 0
38 12 -50 0
-23 50 27 0
-38 -40 32 0
-16 30 -16 0
31 32 -43 0
3 -30 -5 0
-4 -24 -16 0
-40 37 -33 0
-25 17 -25 0
42 29 15 0
-47 -33 1 0
-27 37 -4 0
-44 44 -11 0
45 -49 33 0
45 2 -5 0
43 -26 -39 0
32 -34 33 0
-28 47 -49 0
-34 -31 -28 0
3 -23 3 0
46 -48 48 0
26 27 41 0
38 -27 49 0
-44 37 33 0
-31 21 44 0
49 35 -43 0
-17 -5 -39 0
-6 -5 -46 0
-31 3 28 0
-17 19 24 0
21 46 -9 0
34 -32 37 0
-29 34 12 0
-19 24 -31 0
9 -49 20 0
15 37 24 0
26 26 -26 0
26 40 42 0
47 31 -40 0
-25 39 1 0
17 29 13 0
-25 21 16 0
-6 17 -21 0
-45 -30 17 0
24 -27 4 0
2 -14 17 0
-34 32 21 0
35 -22 -3 0
16 29 -36 0
42 -19 -31 0
-38 -48 -50 0
-17 32 49 0
-48 8 34 0
-23 49 -11 0
-41 -21 -48 0
28 5 20 0
6 -12 -23 0
31 -43 -21 0
-12 -36 21 0
-3 19 -26 0
36 -34 15 0
29 -7 -22 0
17 3 5 0
-21 -38 26 0
-5 27 -11 0
-16 -27 -29 0
-17 26 18 0
-5 15 -32 0
18 50 32 0
-30 6 -47 0
-15 26 -29 0
-27 -20 24 0
25 29 44 0
1 -48 -18 0
34 -47 -29 0
-31 3 9 0
-3 34 30 0
-39 21 -42 0
13 28 -3 0
-21 -9 -37 0
-32 -30 -4 0
48 30 12 0
-47 -2 26 0
-43 -20 -28 0
42 45 13 0
-33 -8 26 0
-8 -19 -27 0
-35 -43 -26 0
49 26 27 0
24 23 -3 0
28 -43 -13 0
41 45 27 0
39 -6 12 0
-4 -9 19 0
-32 -22 -21 0
15 -47 -20 0
48 -37 38 0
38 -28 -25 0
-9 9 26 0
30 18 3 0
-22 -29 -8 0
-32 -4 -8 0
-11 -28 -34 0
48 -8 -33 0
-24 9 29 0
-45 -33 -26 0
-45 35 47 0
-17 42 1 0
-36 -8 41 0
-7 -19 -13 0
43 15 -33 0
-13 -5 -46 0
27 -42 13 0
-47 -50 32 0
5 -24 -47 0
20 29 -33 0
28 -6 -32 0
31 -38 -27 0
13 27 8 0
2 18 13 0
-43 18 -17 0
17 -3 8 0
-12 -31 -24 0
-42 -18 15 0
-24 -35 -31 0
17 -10 -33 0
-31 36 -21 0
11 40 -16 0
-48 13 -38 0
50 -47 -45 0
24 -10 29 0
-23 34 -50 0
31 -5 34 0
11 -13 16 0
50 41 -8 0
20 43 27 0
-12 33 -16 0
-14 -11 50 0
-48 -13 -8 0
-9 -30 -45 0
-44 41 37 0
35 4 -49 0
9 -4 25 0
-19 11 20 0
17 -5 27 0
-38 19 -4 0
48 11 -26 0
11 -2 -31 0
17 2 9 0
13 -35 -50 0
-39 29 -20 0
48 22 2 0
-46 -43 19 0
-2 -14 -7 0
-16 -43 -43 0
28 -40 -36 0
-46 -26 35 0
-19 -25 19 0
44 -33 -22 0
10 10 13 0
-28 36 30 0
-17 45 33 0
11 45 26 0
-15 -21 7 0
-27 29 20 0
-30 -32 32 0
13 -36 12 0
-36 -19 8 0
-28 -36 -7 0
25 -36 -39 0
24 43 13 0
34 -4 50 0
-6 43 25 0
-25 -41 -34 0
24 -26 -31 0
40 42 6 0
-21 18 -21 0
-49 -15 -47 0
7 47 -45 0
-3 36 15 0
-12 -37 49 0
-22 -21 -10 0
-5 11 -4 0
34 14 -46 0
-40 2 22 0
40 39 -37 0
1 10 -17 0
-14 -2 23 0
-6 42 19 0
-45 37 24 0
14 -14 33 0
-13 31 19 0
1 -48 -20 0
44 -36 17 0
8 -31 -22 0
-23 44 37 0
15 16 -47 0
-38 28 15 0
-8 -4 -12 0
10 -20 -23 0
49 12 47 0
-11 -6 -26 0
-25 -29 31 0
-21 -2 41 0
34 -7 -42 0
-14 37 -43 0
-21 10 16 0
-40 19 47 0
14 -42 4 0
-3 -40 18 0
15 -31 -47 0
-20 2 48 0
28 46 -45 0
17 -8 32 0
8 31 -5 0
-5 25 -49 0
-14 3 49 0
-28 14 -34 0
-22 -28 44 0
-15 -33 14 0
19 -24 16 0
38 -14 19 0
-20 16 49 0
-5 18 -9 0
21 -50 -37 0
44 -6 -16 0
36 -15 -36 0
48 35 43 0
-18 -16 46 0
35 26 -13 0
-40 -7 31 0
-36 -8 19 0
-23 -42 -20 0
-10 3 45 0
28 -10 -25 0
36 -39 36 0
-3 -50 26 0
-3 -41 -17 0
-38 -44 -22 0
-23 -20 -31 0
37 -37 -14 0
-35 -31 27 0
36 32 -5 0
-45 -46 46 0
19 34 9 0
-29 44 -4 0
43 -8 21 0
-24 33 -10 0
26 -13 39 0
-42 46 19 0
