c CNF generator v0.9
p cnf 50 312
-39 48 35 0
-22 38 40 0
-24 -18 -38 0
4 -20 -44 0
44 10 35 0
-27 -3 -16 0
38 17 14 0
-38 -24 10 0
-18 -22 -16 0
-36 -17 -46 0
29 -41 42 0
36 19 48 0
-29 -2 -29 0
-1 3 -46 0
35 -11 -20 0
-35 20 30 0
-35 -1 -8 0
-4 -12 -25 0
-9 23 49 0
-10 -45 19 0
9 45 -35 0
-26 4 10 0
-22 21 -40 0
-36 13 -24 0
-3 34 14 0
-23 9 -10 0
37 2 -32 0
-18 2 5 0
-15 39 -38 0
1 35 -8 0
7 -43 20 0
-12 -16 4 0
-48 17 5 0
-36 -43 19 0
30 -28 -43 0
30 -38 -49 0
42 17 28 0
18 15 -46 0
-18 18 -46 0
47 18 -25 0
30 31 27 0
13 -44 -42 0
24 34 -49 0
38 9 26 0
45 -4 -49 0
-7 -20 -11 0
-27 -20 -38 0
11 -40 40 0
42 -33 -44 0
5 23 -5 0
42 1 -42 0
27 -15 34 0
42 49 36 0
3 -7 28 0
-44 39 27 0
-46 -49 -31 0
-44 -24 -10 0
19 -9 -39 0
-16 49 -30 0
-11 -34 -3 0
-39 10 27 0
-6 -40 9 0
3 -35 49 0
-10 24 22 0
45 -5 -3 0
-24 -17 14 0
-23 -50 20 0
-49 -4 -4 0
-42 -42 -24 0
-32 25 18 0
-50 8 13 0
49 35 -43 0
-14 -46 9 0
-21 21 6 0
-30 -1 -18 0
2 -27 -48 0
3 -50 50 0
48 47 13 0
-45 -4 -50 0
-50 -36 35 0
38 -46 30 0
-43 42 -41 0
-37 -11 10 0
21 4 -5 0
23 -44 2 0
-40 -25 2 0
-8 1 45 0
45 -15 37 0
25 -29 44 0
-24 -16 12 0
32 -29 -6 0
35 -25 -26 0
29 42 -16 0
37 15 -44 0
-45 37 3 0
21 2 -18 0
45 -3 15 0
32 -46 38 0
20 19 -31 0
-46 -2 -28 0
-19 9 -43 0
-45 38 -28 0
14 13 -6 0
15 48 -17 0
18 28 -20 0
25 -49 19 0
-19 -3 -34 0
23 27 -40 0
3 7 21 0
-6 -2 5 0
34 -1 -9 0
-21 -50 -46 0
-7 18 -13 0
-31 -42 -19 0
-28 -24 15 0
-36 -2 -24 0
-49 -47 47 0
-30 19 4 0
-27 -28 48 0
37 -8 25 0
-31 -14 -3 0
-18 1 4 0
33 -3 22 0
13 -9 13 0
34 4 -37 0
-25 -49 31 0
24 34 -5 0
8 -24 29 0
39 -26 26 0
-21 -14 -3 0
34 46 29 0
-34 33 24 0
28 -38 -49 0
-46 -45 2 0
-45 -46 4 0
-14 34 -14 0
39 -40 7 0
25 39 -18 0
35 -22 -50 0
-49 -22 -43 0
-20 -4 5 0
6 42 -22 0
5 -39 -11 0
-24 -19 42 0
-40 -14 32 0
-27 45 -13 0
-46 4 -44 0
45 -9 46 0
20 -50 30 0
36 -41 2 0
38 11 -1 0
15 -38 36 0
-41 46 50 0
-48 42 -13 0
14 44 -1 0
-38 -12 46 0
-8 -19 -49 0
34 -22 3 0
29 32 39 0
-21 49 -22 0
27 -37 27 0
-44 11 -6 0
26 -36 -19 0
-1 -28 42 0
-16 27 -22 0
34 -47 19 0
36 12 22 0
-46 -16 37 0
14 23 -26 0
-45 -26 -22 0
-6 -37 -27 0
1 22 16 0
-43 13 27 0
43 50 4 0
-32 31 48 0
-5 20 47 0
-16 -11 3 0
4 48 -13 0
30 -24 31 0
-13 -1 -38 0
-46 20 -7 0
48 -40 25 0
22 4 2 0
-30 -44 26 0
-3 -32 1 0
7 -30 12 0
-1 44 -27 0
-21 26 -37 0
-32 -22 -11 0
-21 -3 -22 0
-1 -36 -30 0
-13 -47 34 0
36 -5 17 0
-15 41 22 0
46 -23 39 0
-38 44 39 0
-18 49 -24 0
-2 -7 -12 0
-34 30 25 0
-28 50 33 0
-7 25 12 0
-22 -5 18 0
4 15 24 0
-16 33 -48 0
-24 -19 -24 0
19 5 20 0
34 47 -26 0
-40 29 26 0
-34 20 13 0
-41 -24 -1 0
10 -5 31 0
28 -40 36 0
7 38 18 0
-23 5 -33 0
-9 12 22 0
8 -27 5 0
-39 -7 -3 0
-37 20 -24 0
45 -46 25 0
16 36 21 0
-7 -20 36 0
-11 -29 34 0
36 45 15 0
33 46 14 0
22 12 47 0
-2 10 23 0
5 -32 -40 0
-8 -8 -42 0
-46 6 -37 0
-15 -11 -9 0
-30 21 -45 0
-1 -35 -40 0
-17 -20 42 0
18 -14 10 0
30 -19 -39 0
28 -21 38 0
-40 35 12 0
47 13 -23 0
-8 34 -11 0
-28 -43 40 0
5 -38 -31 0
11 25 -36 0
-3 -9 31 0
-35 -5 -9 0
-37 -20 -22 0
-20 -49 -46 0
-9 -30 -4 0
30 28 -12 0
10 7 3 0
41 -11 3 0
41 -29 -45 0
39 22 24 0
-36 23 -35 0
-23 25 44 0
-41 11 -3 0
-16 -26 -24 0
7 -23 -1 0
33 46 34 0
-40 -24 -37 0
-14 -28 29 0
7 -45 9 0
-21 -34 15 0
20 1 3 0
43 30 17 0
43 -4 -16 0
-31 -48 -33 0
46 -28 -41 0
2 42 -37 0
-27 -43 30 0
-16 -31 48 0
29 -50 -22 0
-46 -23 -3 0
-19 -37 30 0
-50 6 -13 0
-19 43 -33 0
35 -43 44 0
-21 -27 -11 0
10 -12 3 0
44 2 -36 0
-35 -35 29 0
-40 9 30 0
-4 -36 20 0
41 -2 -50 0
-22 -15 22 0
44 -36 2 0
-22 -8 -15 0
39 -7 -1 0
9 41 -9 0
11 29 48 0
12 -21 -34 0
15 -14 -28 0
-28 21 -44 0
20 -47 18 0
41 -29 -29 0
-19 -44 -24 0
-39 42 23 0
30 -32 45 0
-38 18 28 0
-44 10 37 0
-37 -31 1 0
-15 -29 31 0
-15 24 42 0
-13 -27 -43 0
17 28 6 0
5 44 -17 0
21 -50 26 0
36 36 -44 0
-5 10 46 0
37 -26 15 0
42 17 14 0
25 -20 -11 0
-25 -41 42 0
