c CNF generator v0.9
p cnf 50 312
7 -26 10 0
-25 -14 42 0
4 -15 20 0
29 45 10 0
35 -42 -40 0
-36 38 45 0
-20 -11 -33 0
47 -19 4 0
-35 -10 -24 0
42 33 20 0
-5 34 -29 0
5 -13 19 0
-15 -38 -11 0
18 11 34 0
-16 -12 -50 0
-40 45 15 0
2 -7 10 0
-46 42 -46 0
38 -21 20 0
-24 -42 34 0
46 44 5 0
-42 -31 -10 0
-6 -6 17 0
-31 -9 -32 0
-2 -37 48 0
-22 10 13 0
-40 48 12 0
-14 44 -9 0
28 -50 24 0
2 11 -47 0
-3 -45 -34 0
-21 -8 -40 0
13 -23 -25 0
4 34 14 0
-14 -19 5 0
-49 19 -37 0
1 -6 -45 0
17 -32 -26 0
22 -16 -27 0
23 30 43 0
-42 16 -17 0
26 -33 -10 0
34 22 -15 0
-2 22 25 0
-46 22 19 0
27 10 16 0
48 29 -35 0
-17 -50 1 0
44 -40 25 0
9 37 -37 0
19 -13 50 0
41 23 43 0
9 41 2 0
38 39 48 0
14 31 -7 0
3 -38 -17 0
26 42 -1 0
24 28 49 0
-2 45 21 0
-8 1 25 0
-29 46 -32 0
-42 -47 -28 0
-21 -50 3 0
14 19 42 0
42 -37 -25 0
-25 -29 -14 0
-35 -21 7 0
22 42 -22 0
24 -23 -38 0
-45 -27 -30 0
30 -16 40 0
25 -46 44 0
41 20 -1 0
16 -46 22 0
-24 10 37 0
-15 7 -17 0
-25 -3 44 0
-9 -31 -34 0
-5 41 -48 0
-1 -1 30 0
-24 48 -47 0
12 18 24 0
-24 -21 -17 0
5 50 -35 0
-32 16 2 0
-9 -49 5 0
-21 49 3 0
-22 13 8 0
-41 -12 17 0
-30 48 16 0
-11 -39 45 0
18 20 17 0
28 33 4 0
15 35 -23 0
8 33 9 0
-33 25 32 0
-8 -21 -19 0
46 -39 1 0
-13 2 1 0
6 -2 -21 0
32 41 39 0
-13 18 -29 0
49 -32 -29 0
49 13 43 0
1 6 45 0
36 -25 50 0
-21 5 -27 0
-13 47 40 0
7 -27 -42 0
33 7 24 0
20 16 -31 0
21 -11 2 0
-21 -39 20 0
-33 -3 34 0
-34 -8 -33 0
13 47 10 0
41 -50 -32 0
-43 48 -39 0
-19 -17 -16 0
39 18 -11 0
31 27 -12 0
36 7 23 0
-6 32 40 0
35 39 26 0
7 -50 -48 0
23 41 34 0
-18 11 -12 0
19 -31 31 0
24 47 -35 0
15 6 -42 0
-10 -46 43 0
37 -43 9 0
-50 -3 -30 0
37 29 33 0
-50 46 -30 0
-33 33 -46 0
43 7 -37 0
-42 -16 12 0
-44 -5 -27 0
26 24 -34 0
29 -21 50 0
43 37 -12 0
-35 1 -6 0
25 2 -7 0
5 16 44 0
-30 -11 -16 0
-12 -20 10 0
-41 -32 23 0
11 33 40 0
1 -49 44 0
-44 16 16 0
28 42 -38 0
34 33 -39 0
40 43 -47 0
-39 -32 34 0
17 4 -48 0
-32 -19 -41 0
41 40 18 0
-25 -36 -42 0
-34 -28 -26 0
48 45 7 0
-38 -19 -32 0
-46 -35 -15 0
38 -32 8 0
-16 20 -26 0
-35 -48 11 0
39 1 -11 0
4 33 20 0
11 38 21 0
-14 -21 10 0
26 24 16 0
47 38 49 0
22 -14 19 0
19 -13 3 0
12 -46 3 0
6 -19 42 0
-6 -43 -13 0
26 6 -36 0
12 -25 -4 0
-35 -26 7 0
-10 -25 33 0
11 4 -23 0
-37 50 -43 0
-2 15 -50 0
22 -50 37 0
-16 -42 -44 0
42 -29 -30 0
-43 41 -15 0
45 -10 22 0
-25 37 15 0
22 -3 25 0
-39 -22 -40 0
-10 -21 -8 0
-13 -28 -45 0
10 18 11 0
-33 31 -42 0
-40 -35 27 0
29 4 -19 0
43 -49 -6 0
44 -45 -47 0
26 34 45 0
-16 47 -3 0
32 -41 26 0
19 -47 15 0
-25 16 20 0
-7 3 -37 0
-46 -37 41 0
47 16 -50 0
32 -3 26 0
-45 20 -25 0
-45 50 21 0
-11 -47 -29 0
-44 -3 36 0
-17 -18 -22 0
-1 -49 1 0
-13 -49 21 0
-12 -44 11 0
-21 -14 -30 0
-36 -6 50 0
18 6 -12 0
-15 34 -7 0
-8 13 -38 0
-47 -10 -16 0
-46 -26 -19 0
33 38 -18 0
-29 -5 36 0
42 -29 -15 0
42 -44 28 0
40 24 29 0
-7 -17 -1 0
9 14 -9 0
9 1 -3 0
-34 -13 13 0
31 38 29 0
33 -44 1 0
5 -48 -24 0
34 -14 1 0
-7 1 -22 0
43 38 16 0
-11 1 -19 0
-9 -40 -33 0
19 29 -44 0
7 -45 -38 0
-31 45 -5 0
-23 -31 -44 0
-4 -32 -39 0
-1 -41 -44 0
-7 17 -21 0
-8 -18 22 0
27 28 11 0
-18 33 -24 0
-31 18 23 0
-13 41 48 0
28 -35 -32 0
-22 38 5 0
-18 -7 -1 0
31 40 -35 0
24 -36 9 0
-4 -36 -16 0
24 -17 -4 0
-34 -35 -38 0
-39 7 -33 0
-23 26 17 0
18 30 -30 0
-41 26 20 0
-34 14 20 0
6 -7 -23 0
-9 41 27 0
30 23 -11 0
20 -2 6 0
-11 47 -6 0
-17 -40 33 0
26 46 -26 0
42 45 46 0
-22 -48 -33 0
-13 29 -19 0
-34 -49 -7 0
-18 -48 32 0
41 35 41 0
43 35 41 0
4 -48 -1 0
18 34 49 0
-8 -8 -23 0
2 -39 34 0
-21 27 9 0
6 -27 30 0
45 29 -20 0
-47 -50 -21 0
6 21 9 0
50 19 47 0
47 -33 4 0
39 -6 12 0
-49 -28 7 0
-28 -20 -9 0
-20 -4 -50 0
5 34 42 0
22 49 20 0
-6 9 -43 0
21 -6 -19 0
-23 50 -46 0
-6 5 39 0
-20 19 41 0
-12 -11 49 0
14 -35 11 0
42 23 12 0
16 -11 26 0
49 21 -28 0
-50 -19 -13 0
23 -17 17 0
-19 -16 43 0
28 -32 -46 0
-13 -23 -15 0
