c CNF generator v0.9
p cnf 50 312
8 28 -50 0
-49 32 -10 0
-14 -50 -11 0
25 27 -45 0
-30 -26 29 0
-36 -5 -3 0
-9 22 29 0
-38 42 -17 0
-27 -14 -46 0
-43 9 -35 0
-16 7 9 0
31 43 -48 0
-44 -5 42 0
28 24 -33 0
1 -48 31 0
-19 -34 42 0
30 33 -38 0
-41 -45 -23 0
-46 1 -7 0
4 -34 31 0
19 -16 -45 0
-13 -5 -29 0
-10 11 43 0
-43 32 -46 0
-41 30 18 0
-27 28 -39 0
-21 -34 2 0
-47 32 -29 0
32 50 -34 0
-48 29 -2 0
15 22 48 0
-27 -40 16 0
-30 -30 -22 0
37 49 -46 0
-7 5 6 0
41 2 11 0
-37 -39 28 0
-45 -23 -32 0
22 41 10 0
-38 -15 -13 0
-20 -16 20 0
-41 -42 26 0
4 6 29 0
19 -12 17 0
7 -31 -29 0
-17 40 -15 0
-45 -9 13 0
10 30 1 0
43 -33 2 0
-42 -47 -2 0
-41 -30 47 0
45 -23 39 0
-35 16 -48 0
40 13 -35 0
-10 -2 -42 0
-49 -31 -17 0
-48 37 -25 0
-25 -21 24 0
37 14 4 0
-18 -15 3 0
42 14 -14 0
-42 -24 49 0
-35 -14 -7 0
39 8 31 0
2 29 -5 0
42 26 25 0
-46 -40 -3 0
32 29 -24 0
-22 -6 49 0
3 9 10 0
-40 -19 -25 0
29 -21 27 0
16 5 13 0
-27 47 -5 0
-35 -38 -17 0
16 14 -10 0
13 -24 -23 0
16 28 -8 0
37 -13 15 0
-41 -22 27 0
45 42 39 0
19 -22 40 0
50 1 2 0
-15 21 -12 0
33 -13 -4 0
38 -1 20 0
-16 27 -27 0
20 -34 6 0
43 35 14 0
-50 -2 30 0
4 -17 42 0
-43 -31 -13 0
18 9 1 0
2 -13 30 0
-10 5 -15 0
-50 -6 37 0
-23 40 46 0
-16 -19 -24 0
-6 -25 -37 0
1 37 -26 0
46 -22 26 0
42 -47 -37 0
7 -36 9 0
45 37 39 0
-28 40 -19 0
-24 22 -49 0
46 10 38 0
-23 -2 -43 0
38 -37 -12 0
-20 43 -41 0
-4 18 -22 0
49 -6 -8 0
25 -43 -27 0
-11 -39 -33 0
13 1 23 0
13 -13 -33 0
27 49 18 0
48 -5 5 0
-15 -45 2 0
-7 -18 -45 0
15 -1 20 0
45 -46 18 0
-20 50 -7 0
4 -16 -24 0
18 14 2 0
-15 -50 -11 0
-19 -2 -25 0
-32 47 -13 0
30 13 36 0
-49 -2 1 0
5 -23 40 0
-36 -8 26 0
-47 -32 -33 0
19 -3 -5 0
-33 -4 -40 0
1 -49 36 0
-12 -9 41 0
-29 19 15 0
24 16 -3 0
-26 -25 27 0
-1 -40 42 0
3 -49 -20 0
4 -39 -30 0
10 -44 30 0
-40 -37 43 0
-32 28 -30 0
-24 40 -5 0
38 -6 32 0
23 -5 -8 0
48 17 49 0
-11 -42 -2 0
-36 34 39 0
39 46 -41 0
-39 12 30 0
38 -39 43 0
-38 9 39 0
28 -50 -48 0
28 -38 23 0
-23 8 28 0
-17 -26 -32 0
-34 9 -15 0
-19 -33 16 0
-18 -19 15 0
-26 -33 33 0
16 -15 -8 0
7 -49 -18 0
41 -45 -16 0
-4 28 -45 0
39 -1 46 0
-37 -33 -8 0
24 -23 -28 0
2 -28 -23 0
33 -31 28 0
-32 39 18 0
-20 -45 32 0
-12 37 7 0
-13 -46 -12 0
31 -35 36 0
-49 -19 40 0
42 -4 -14 0
-27 12 -18 0
-41 -23 1 0
14 7 11 0
-46 27 12 0
-38 34 -28 0
-50 -39 49 0
39 -13 47 0
36 31 46 0
17 -5 38 0
-39 28 -29 0
-44 36 -45 0
8 -27 49 0
-11 41 -2 0
-4 -14 -36 0
46 -25 41 0
8 49 -21 0
-36 38 13 0
23 -3 -13 0
-41 -17 42 0
-16 -31 30 0
-42 19 -31 0
-7 35 -23 0
-17 50 -19 0
2 -27 14 0
-8 41 41 0
4 8 -23 0
21 33 34 0
17 18 -41 0
30 -29 8 0
-17 -48 -50 0
-13 -7 47 0
34 -26 48 0
28 31 -33 0
-2 47 15 0
45 13 16 0
40 -49 -46 0
-34 9 -27 0
37 -23 -8 0
-48 -5 36 0
-40 -39 12 0
47 33 -9 0
-17 24 -5 0
-3 -32 -37 0
27 31 34 0
-15 15 -36 0
-12 31 -38 0
21 30 -12 0
38 10 43 0
38 49 30 0
-5 32 -13 0
17 1 27 0
-30 47 -28 0
-47 -40 -49 0
9 -6 -48 0
-37 33 -20 0
31 -15 -47 0
29 -4 -18 0
41 5 -43 0
-38 12 44 0
27 -27 -40 0
-2 19 -28 0
29 -35 46 0
30 35 -5 0
-35 13 -24 0
-18 -33 -40 0
-42 -16 16 0
44 22 -48 0
39 5 -1 0
-40 -5 48 0
21 29 30 0
10 2 -20 0
-17 18 10 0
48 -46 15 0
31 13 20 0
-33 -19 30 0
-5 49 -19 0
-41 -48 -19 0
46 -36 -45 0
22 -31 9 0
31 -39 -26 0
-15 6 -34 0
-4 15 -22 0
11 -17 46 0
-17 19 36 0
1 -2 -50 0
18 11 -18 0
45 9 -17 0
48 17 28 0
-50 -50 -10 0
4 -25 24 0
40 -48 -34 0
-36 41 -5 0
44 16 -23 0
31 -48 -39 0
-20 -47 -48 0
-26 13 9 0
-46 -6 9 0
31 12 49 0
-48 32 27 0
-15 50 -21 0
-49 -35 21 0
-22 -46 -26 0
48 9 38 0
34 -14 41 0
5 45 -27 0
-35 -48 47 0
-31 2 41 0
-10 11 15 0
15 44 34 0
35 -19 -42 0
21 -9 39 0
-4 -41 49 0
-3 6 -38 0
-45 -12 7 0
35 33 -22 0
-28 -29 -23 0
29 22 35 0
41 14 -48 0
10 -29 -8 0
27 29 -26 0
-25 -38 -13 0
-8 -36 40 0
41 -18 -44 0
-37 27 16 0
14 -28 38 0
18 26 -36 0
20 14 29 0
-44 -15 30 0
23 -19 15 0
34 32 15 0
-29 -24 6 0
-9 -47 39 0
