c CNF generator v0.9
p cnf 50 312
-14 7 14 0
29 26 10 0
16 -2 -13 0
-6 8 -10 0
-28 -15 -45 0
46 30 3 0
-44 7 34 0
-32 4 -38 0
-22 32 -28 0
32 -9 49 0
26 7 -28 0
-45 44 21 0
-50 4 -17 0
-18 -31 -34 0
-14 -44 29 0
-45 -12 -41 0
-7 6 -3 0
12 4 -8 0
43 -47 45 0
8 38 20 0
-49 -44 18 0
5 43 -6 0
-30 36 -28 0
-47 16 18 0
1 -25 24 0
-50 45 9 0
25 -48 45 0
-28 38 23 0
49 10 4 0
44 6 -31 0
-44 -40 -34 0
-13 -8 19 0
-11 25 45 0
-4 39 14 0
5 19 43 0
29 -8 -2 0
-11 10 26 0
-41 -14 -15 0
20 -1 -46 0
-24 19 -35 0
-31 -36 39 0
7 34 -36 0
9 -11 -4 0
-21 49 22 0
44 -2 -21 0
-6 30 -26 0
27 -12 -34 0
-26 48 -24 0
-25 -6 2 0
3 15 18 0
-13 -23 15 0
46 -18 -13 0
28 22 -31 0
-1 -46 5 0
5 -43 24 0
-44 -13 8 0
-35 -33 21 0
10 -35 16 0
-38 -44 5 0
-44 -22 -48 0
-21 -26 -39 0
-3 41 26 0
-38 -45 -24 0
-40 25 -29 0
-35 -46 46 0
30 5 -16 0
-31 -49 10 0
1 2 -28 0
-44 23 24 0
21 -36 4 0
-1 -40 -5 0
-46 4 50 0
-36 -47 -49 0
-2 -41 -4 0
-34 14 30 0
16 -31 -14 0
12 -15 8 0
-48 -2 7 0
-49 -9 18 0
-28 -11 -7 0
-33 -37 -24 0
-24 -47 3 0
-41 -4 30 0
19 -20 21 0
-10 23 -17 0
-40 20 14 0
26 8 -32 0
-10 -47 -48 0
-20 -16 -37 0
21 -22 -8 0
18 35 39 0
-13 16 29 0
16 -17 -6 0
10 44 31 0
-44 -35 -23 0
-10 25 -34 0
-19 -47 36 0
14 -37 -27 0
-7 35 -12 0
-4 -4 -21 0
9 -49 -2 0
-45 7 -37 0
-36 -43 33 0
-27 18 45 0
-11 -4 -47 0
26 13 14 0
2 -33 12 0
-25 20 50 0
18 27 -25 0
-42 -21 -42 0
3 16 -36 0
-26 -30 25 0
-22 -26 -42 0
-33 28 10 0
-44 -36 -39 0
-10 -7 -39 0
-33 47 -33 0
-45 36 21 0
32 24 -38 0
-31 27 46 0
30 49 -5 0
-44 -13 6 0
-12 43 17 0
48 -3 -3 0
22 18 -3 0
48 14 -48 0
-2 -25 49 0
40 15 21 0
-44 -34 -29 0
-5 42 -6 0
-17 -50 -38 0
41 -12 -50 0
-43 -37 5 0
-21 -10 20 0
-34 -37 -24 0
6 35 35 0
47 41 -39 0
34 -10 -4 0
-44 8 10 0
28 -28 -7 0
31 25 -24 0
3 38 -15 0
-35 11 9 0
38 24 -2 0
-5 27 -47 0
17 35 29 0
25 50 28 0
32 -39 -15 0
5 -5 1 0
-40 -9 -28 0
-28 43 -45 0
24 10 -47 0
16 -35 45 0
-27 -17 50 0
-18 36 -41 0
42 -1 -8 0
16 -15 42 0
-30 13 10 0
-36 49 -3 0
46 9 12 0
24 -14 16 0
28 21 -30 0
-44 25 -5 0
21 -21 11 0
-24 19 7 0
19 30 18 0
23 -49 -15 0
41 48 -21 0
3 -33 27 0
-23 1 -26 0
-7 -9 24 0
14 -50 8 0
-44 16 -34 0
4 -2 -13 0
18 -21 -5 0
-8 28 16 0
32 39 46 0
1 11 50 0
-8 32 -50 0
-18 -21 -28 0
-29 38 -25 0
38 6 10 0
-33 48 -32 0
26 -22 46 0
6 48 44 0
29 -1 -1 0
4 21 -49 0
-32 -1 -29 0
-27 31 21 0
8 -22 2 0
-41 -22 24 0
-11 34 -42 0
-4 2 -38 0
27 -6 21 0
45 12 11 0
-41 -10 1 0
-13 14 -15 0
-2 -49 -44 0
-26 18 36 0
25 8 -41 0
25 -5 7 0
-38 -7 -33 0
-43 11 -40 0
8 42 46 0
-15 -28 14 0
11 -50 35 0
-27 -13 -21 0
45 31 -39 0
25 33 26 0
22 47 20 0
18 12 35 0
-6 12 -35 0
-36 1 -25 0
6 27 -31 0
36 10 -16 0
-6 -30 24 0
38 9 22 0
-13 14 22 0
26 38 -35 0
8 -28 -15 0
50 -31 -40 0
-45 -15 -42 0
29 27 -12 0
-46 -1 -12 0
-31 -4 -32 0
13 30 28 0
4 -36 -35 0
4 27 37 0
21 42 21 0
7 -5 12 0
2 -16 18 0
35 -38 -24 0
-15 4 15 0
47 50 42 0
23 -24 7 0
15 42 26 0
-3 8 45 0
-29 -47 -8 0
9 -9 26 0
21 -29 31 0
24 30 33 0
-9 24 15 0
-30 -1 -47 0
-10 -45 26 0
9 2 -34 0
31 -37 31 0
-17 -22 -16 0
19 -47 30 0
-34 -49 37 0
-44 -16 15 0
24 27 -36 0
-33 36 -46 0
-24 -16 -1 0
-2 -34 29 0
31 -9 46 0
-23 45 -31 0
25 -7 43 0
-41 1 -50 0
14 -44 24 0
-12 39 -50 0
-28 -5 -1 0
49 -9 -39 0
45 40 3 0
20 -11 17 0
47 -32 35 0
19 17 -4 0
8 -32 30 0
30 22 -28 0
-1 39 -12 0
-28 -5 7 0
32 -18 20 0
-36 39 -18 0
-41 -9 47 0
46 18 -30 0
34 17 -33 0
-29 -20 -46 0
49 10 -4 0
-45 29 -2 0
22 -36 24 0
47 -24 38 0
6 -11 -23 0
-5 33 21 0
-23 -43 -16 0
34 48 -26 0
31 -13 36 0
27 23 -6 0
-32 -39 -29 0
-23 -14 -4 0
19 50 -39 0
-28 -28 39 0
-26 25 -17 0
-8 5 37 0
-9 -13 -29 0
-31 33 -28 0
46 3 -29 0
13 -31 -15 0
-40 -38 -32 0
17 44 -28 0
27 -5 19 0
1 -36 -16 0
-43 18 -19 0
-22 -47 4 0
-27 -21 -8 0
-40 -28 -41 0
-30 -12 -49 0
14 -21 -19 0
-4 42 -34 0
-43 -38 -32 0
-38 -34 26 0
25 27 -10 0
-15 23 31 0
-29 -26 13 0
