c CNF generator v0.9
p cnf 50 312
-50 -49 50 0
-2 -45 21 0
-12 -13 42 0
-18 40 -15 0
45 12 11 0
-22 -26 -25 0
44 13 -37 0
25 15 -7 0
19 28 -34 0
15 -35 -20 0
10 -39 44 0
-11 -20 47 0
-19 37 28 0
43 44 24 0
-26 -48 -45 0
-39 -25 -15 0
-31 -50 36 0
-4 -12 -46 0
25 46 36 0
-28 -2 -8 0
-10 41 -23 0
14 39 -23 0
9 -7 15 0
30 -49 6 0
-9 -16 28 0
36 39 13 0
-16 -26 10 0
4 -29 36 0
43 44 -40 0
-9 28 9 0
-24 41 42 0
-28 -25 -29 0
11 -42 38 0
-37 -27 23 0
24 -4 14 0
-49 12 -46 0
34 42 41 0
-38 -34 -50 0
-27 15 45 0
22 19 -13 0
12 -10 -40 0
5 -22 -20 0
-47 11 -16 0
-10 -16 -22 0
24 15 9 0
-24 -1 -18 0
-14 -36 40 0
26 -26 6 0
-21 17 24 0
-12 11 -36 0
-13 38 -17 0
-37 -11 35 0
13 -9 36 0
4 44 12 0
49 -50 -19 0
17 -47 -45 0
-29 3 -3 0
5 -49 -28 0
-16 -7 24 0
-5 -17 -28 0
45 -49 -20 0
37 -20 8 0
-12 -2 -26 0
3 20 -21 0
29 3 30 0
-42 19 2 0
-11 -22 11 0
-48 13 16 0
-9 -12 -24 0
-13 -12 21 0
9 38 12 0
-30 -7 -27 0
9 -34 36 0
10 -11 -37 0
-3 37 -18 0
-45 -24 -45 0
-22 -6 -1 0
-22 -41 -34 0
-15 -34 -26 0
49 -5 11 0
32 -20 46 0
33 -43 -18 0
1 -17 -2 0
-48 -14 14 0
-7 -9 15 0
42 11 -11 0
45 28 -43 0
4 12 15 0
4 -19 27 0
12 -23 -17 0
37 4 -20 0
23 47 -37 0
-22 42 26 0
-36 28 12 0
40 1 11 0
28 -13 -21 0
50 48 -1 0
18 -35 43 0
16 -50 33 0
-45 19 12 0
-6 -34 -9 0
-5 31 22 0
-11 -25 8 0
34 -16 -32 0
19 -17 15 0
-16 49 -4 0
26 -35 -38 0
3 5 -9 0
-48 -42 -45 0
22 -41 -5 0
38 11 50 0
-39 38 -7 0
32 -26 27 0
18 50 -47 0
-46 18 24 0
-12 2 -30 0
24 31 20 0
19 7 11 0
37 16 12 0
44 1 -11 0
-47 19 -41 0
42 50 -49 0
-26 14 -6 0
44 -7 14 0
33 -7 48 0
-5 17 -38 0
-43 43 3 0
14 16 38 0
7 40 37 0
34 27 45 0
-17 -34 45 0
-31 47 -43 0
24 -13 45 0
28 -14 6 0
-14 -24 -10 0
9 22 19 0
-42 -29 -35 0
-13 10 -5 0
-41 18 -44 0
19 42 43 0
-20 -17 32 0
8 -48 7 0
-49 -5 27 0
46 -36 -50 0
-30 8 -25 0
23 -41 -35 0
-39 7 -44 0
-10 29 -49 0
14 -22 8 0
-20 50 1 0
50 -46 18 0
-15 -45 19 0
29 -5 29 0
-3 -4 4 0
-9 2 -26 0
33 -36 7 0
-35 -27 -18 0
38 40 46 0
30 7 9 0
-3 5 45 0
-6 -4 35 0
-9 19 33 0
-1 22 -46 0
5 4 22 0
15 44 -12 0
3 -27 5 0
48 -11 17 0
33 -50 21 0
23 43 15 0
-14 -31 -46 0
-35 -41 -16 0
-19 33 -20 0
44 -24 20 0
27 6 48 0
19 5 7 0
29 -12 9 0
33 -30 40 0
13 1 3 0
12 -37 -12 0
28 -10 36 0
4 3 -43 0
-21 -16 13 0
34 -1 30 0
30 11 -26 0
-18 43 -7 0
12 31 7 0
43 16 43 0
33 43 15 0
22 16 6 0
40 29 -30 0
36 -15 36 0
-23 31 4 0
27 -15 44 0
39 -12 39 0
33 -5 19 0
32 13 36 0
-20 43 -11 0
-29 47 29 0
28 -11 43 0
40 43 49 0
13 34 -12 0
-32 -40 -43 0
-42 13 31 0
-48 2 -31 0
48 30 -22 0
-40 22 18 0
-37 -46 -47 0
28 -6 35 0
27 25 -11 0
-15 -11 -37 0
26 -33 45 0
39 -24 -12 0
-8 41 -22 0
23 8 -32 0
-13 36 3 0
8 32 -45 0
-7 6 14 0
20 -22 -25 0
38 -47 28 0
-20 -11 -40 0
-33 -8 -46 0
-31 -20 -23 0
-47 4 4 0
-4 27 2 0
22 -48 43 0
-49 22 -26 0
-43 -35 33 0
15 -1 -11 0
18 13 36 0
12 -35 -36 0
-31 -50 13 0
-11 -40 1 0
46 -43 46 0
-21 3 17 0
41 -25 -49 0
15 -29 17 0
30 41 -15 0
-1 21 34 0
24 16 6 0
-8 42 16 0
-11 30 44 0
21 46 42 0
12 -24 4 0
-18 -28 -41 0
-28 -43 22 0
-37 34 -23 0
-48 50 25 0
15 -32 45 0
-39 -9 34 0
-10 46 21 0
42 22 -9 0
-17 2 10 0
-39 11 17 0
-31 -11 -1 0
-8 -19 -10 0
42 -48 -4 0
37 43 45 0
8 -12 -43 0
-21 -40 -4 0
28 -40 38 0
47 13 33 0
-9 29 50 0
34 4 26 0
-14 -16 -18 0
7 47 36 0
-20 32 -23 0
33 -39 19 0
32 36 30 0
16 -32 36 0
-25 -37 -29 0
-32 -28 -46 0
28 33 20 0
-2 14 41 0
4 -12 -34 0
-21 8 -46 0
48 -41 -47 0
-34 -49 -41 0
-35 -17 17 0
-12 10 43 0
-1 -35 -3 0
-1 21 -49 0
-5 -26 27 0
28 -33 29 0
-31 -21 -43 0
16 25 29 0
-46 6 -30 0
-42 -11 -23 0
49 -43 13 0
49 23 8 0
44 -15 34 0
45 -8 33 0
-6 -10 -32 0
-28 30 -36 0
39 37 -36 0
28 -12 35 0
49 -49 23 0
5 18 -5 0
-26 -8 8 0
49 31 14 0
36 35 24 0
-14 8 -18 0
-15 -41 -21 0
-24 1 48 0
45 47 33 0
45 -2 -36 0
-43 18 29 0
50 -6 37 0
-2 25 -46 0
28 -50 24 0
6 -33 7 0
32 -14 -27 0
-26 22 7 0
