c CNF generator v0.9
p cnf 50 312
-4 -39 48 0
-6 -31 -33 0
-29 -15 31 0
5 15 -18 0
8 -22 -49 0
-44 -11 3 0
-37 -26 -46 0
-48 16 -9 0
21 36 -5 0
35 -36 -24 0
-25 11 -46 0
-23 -39 -43 0
25 -43 7 0
-41 29 -26 0
6 40 -18 0
47 -28 10 0
45 -10 -39 0
42 28 -48 0
-35 -23 2 0
1 4 12 0
-49 -30 -2 0
16 34 -19 0
30 49 -45 0
12 34 -50 0
-42 -42 -49 0
-10 -14 -18 0
7 -29 9 0
5 23 -3 0
-39 -38 47 0
38 31 33 0
-25 -38 -8 0
-22 10 32 0
-40 21 33 0
-21 -11 -37 0
21 -44 14 0
-35 30 -20 0
11 -32 -49 0
11 -17 -38 0
-30 -39 25 0
37 -11 49 0
-26 -24 25 0
4 19 15 0
26 4 31 0
36 42 -45 0
16 4 -7 0
-41 17 49 0
-25 -34 12 0
33 27 31 0
33 -1 -38 0
27 -31 -23 0
31 -27 22 0
-9 3 -38 0
4 35 48 0
48 33 -26 0
-50 29 16 0
2 3 -4 0
24 35 -14 0
2 -19 18 0
9 -29 -41 0
-5 -32 -22 0
11 17 13 0
40 33 14 0
-19 37 34 0
31 -50 -24 0
19 50 -17 0
9 49 -32 0
40 -27 -35 0
-49 -50 42 0
21 12 -6 0
35 -45 -49 0
-37 -24 -33 0
23 8 -47 0
11 17 -33 0
37 -5 -50 0
26 44 -39 0
-39 12 6 0
27 -31 -36 0
40 32 19 0
3 35 -47 0
26 -47 -37 0
44 -24 -1 0
46 10 40 0
38 11 -26 0
-16 39 29 0
7 15 -28 0
26 27 4 0
-7 -50 -47 0
6 -10 19 0
20 24 -15 0
15 -8 20 0
46 37 -14 0
8 8 41 0
-24 24 21 0
16 -41 18 0
39 -6 -26 0
-30 -37 28 0
21 37 -38 0
29 3 5 0
-30 -15 9 0
-28 6 -50 0
31 -46 -4 0
40 11 46 0
-38 -46 41 0
31 -23 3 0
34 25 -42 0
-37 27 37 0
19 -15 -39 0
-50 25 24 0
-21 1 10 0
-44 -45 45 0
5 7 40 0
16 -50 38 0
24 -18 5 0
-40 3 -3 0
-4 -15 -37 0
7 16 -50 0
36 40 24 0
29 -18 45 0
20 28 46 0
-41 13 40 0
46 -35 34 0
-1 48 -34 0
-17 29 3 0
-42 39 19 0
27 26 47 0
1 34 7 0
-21 32 7 0
-37 22 34 0
-20 -26 36 0
25 -4 21 0
-43 -10 16 0
50 -17 -47 0
20 -30 10 0
6 36 -25 0
47 12 -11 0
5 -26 -39 0
-27 -37 19 0
44 19 -23 0
-18 1 47 0
-10 -23 24 0
11 49 -14 0
22 8 11 0
-39 -22 36 0
-27 7 25 0
13 29 -25 0
-40 15 40 0
13 -21 11 0
-19 -46 -27 0
-13 -44 18 0
-30 -23 -41 0
-37 6 -15 0
-39 15 -40 0
16 18 -20 0
45 -33 -43 0
49 12 10 0
6 45 13 0
41 23 -23 0
-41 -4 47 0
-43 -50 -33 0
28 22 19 0
31 -35 22 0
-41 24 -15 0
6 22 8 0
12 8 22 0
48 28 -19 0
45 40 39 0
-36 -2 35 0
-46 -42 13 0
14 -1 -4 0
-4 -22 10 0
6 48 11 0
33 -9 -11 0
24 -15 -13 0
40 -35 -49 0
-29 -44 21 0
5 -5 48 0
11 -50 -48 0
26 50 22 0
-46 -37 38 0
-37 25 5 0
-41 -36 6 0
-36 -43 1 0
-32 48 42 0
-32 -42 -50 0
8 48 -47 0
-2 -24 -24 0
-6 -41 47 0
9 17 32 0
-16 -5 5 0
26 40 36 0
37 29 -38 0
24 -1 39 0
7 15 47 0
-36 -21 30 0
3 -39 23 0
34 -47 -15 0
38 -25 -23 0
17 25 -26 0
-37 -11 -29 0
9 -38 10 0
-42 3 -24 0
33 1 32 0
-41 35 39 0
-41 13 20 0
18 21 1 0
19 -2 -12 0
19 31 -1 0
18 27 -7 0
23 -41 10 0
-23 48 -36 0
-23 41 -23 0
-41 30 -7 0
-50 -48 9 0
3 24 39 0
47 -32 15 0
-4 22 46 0
-9 -37 -11 0
17 -19 32 0
41 36 -27 0
24 49 -9 0
-11 22 -38 0
12 34 46 0
11 -37 1 0
38 -47 26 0
-16 -22 37 0
30 -21 -11 0
-16 47 11 0
-9 -40 27 0
33 -5 29 0
26 5 -48 0
-42 4 -4 0
50 -43 39 0
19 33 4 0
21 3 49 0
-22 -48 18 0
-30 7 50 0
-16 28 -3 0
2 -17 -22 0
24 -38 49 0
-15 40 -50 0
41 17 33 0
34 -43 -2 0
2 -10 8 0
16 -13 9 0
-14 -40 19 0
2 -20 -17 0
5 -11 -39 0
-13 -26 7 0
9 28 11 0
34 45 -46 0
-37 -29 -34 0
-13 13 32 0
38 19 38 0
39 11 -12 0
-2 46 -12 0
-10 -19 39 0
-6 -4 -4 0
49 -40 -40 0
29 -29 -21 0
-22 -43 11 0
-15 42 -14 0
-13 -4 -45 0
-26 -31 40 0
-13 -13 -40 0
-37 -31 -47 0
30 9 5 0
28 35 18 0
37 11 -48 0
-3 46 50 0
36 34 23 0
-8 -37 5 0
-48 44 -41 0
-23 23 -36 0
-46 -19 8 0
35 8 -19 0
-31 22 -41 0
21 18 -32 0
48 34 -8 0
-38 -44 -20 0
-1 -14 -31 0
24 27 24 0
-48 34 -38 0
28 6 36 0
-39 -1 -34 0
-5 26 3 0
-13 47 4 0
14 -16 -21 0
20 -1 -36 0
7 -49 43 0
-35 -43 21 0
-45 19 -47 0
32 26 -13 0
40 38 -5 0
34 21 1 0
25 -15 -33 0
-1 21 -11 0
-25 -28 25 0
5 24 37 0
7 7 -29 0
-28 23 8 0
-29 23 -43 0
-1 -6 5 0
-13 8 -1 0
-15 42 31 0
44 50 -3 0
-4 47 -44 0
-47 11 -26 0
22 -30 24 0
13 10 -14 0
50 -34 12 0
24 27 -10 0
7 -24 13 0
