c CNF generator v0.9
p cnf 50 312
42 9 23 0
23 -27 22 0
21 36 22 0
-42 -5 6 0
14 4 31 0
21 -33 -36 0
43 -8 37 0
-18 26 22 0
-17 -20 36 0
-42 -21 -40 0
14 -43 26 0
48 -47 39 0
34 -31 50 0
4 -19 28 0
42 6 4 0
-14 -26 -2 0
38 39 -31 0
35 42 -14 0
-47 -11 4 0
7 37 -24 0
-9 23 -25 0
-20 -7 27 0
45 -4 6 0
-34 -45 -39 0
27 9 6 0
-18 23 19 0
-33 5 -15 0
20 10 -28 0
-23 -49 -48 0
-9 -33 30 0
-27 -36 6 0
-44 24 -32 0
-2 -37 -12 0
24 23 -14 0
-4 -45 -25 0
-28 -12 31 0
-48 27 -49 0
-33 -45 -22 0
-45 -2 20 0
34 -4 39 0
-8 8 -41 0
41 5 28 0
-50 16 23 0
27 -3 26 0
-4 42 48 0
24 -45 -4 0
-34 50 41 0
-33 7 -44 0
7 47 8 0
-22 38 22 0
-48 4 -29 0
-2 35 -27 0
-9 32 -32 0
19 -38 9 0
-39 -18 37 0
-12 -6 29 0
-18 23 -48 0
-4 -41 37 0
-39 -3 -25 0
10 17 -5 0
11 -6 2 0
-31 -1 24 0
44 41 30 0
-44 23 -31 0
-15 -31 46 0
16 -10 -27 0
-35 -48 11 0
14 15 8 0
-15 -41 2 0
-1 20 32 0
-5 23 25 0
-3 15 -21 0
-23 46 29 0
36 -49 41 0
20 -31 47 0
19 33 -24 0
20 14 -46 0
-27 -48 -18 0
-4 -49 33 0
29 21 -22 0
-9 -11 44 0
23 46 -37 0
26 16 22 0
2 40 41 0
43 -32 29 0
46 -29 -15 0
11 -4 -40 0
31 -35 20 0
-24 27 -46 0
25 42 -32 0
42 -37 -18 0
-2 23 -14 0
14 39 -30 0
-29 5 -3 0
-36 -25 -13 0
-32 47 -15 0
20 -43 4 0
-24 -35 -4 0
-37 -7 42 0
-38 26 48 0
-15 -5 -44 0
-50 2 6 0
-6 -8 14 0
4 -4 -29 0
36 34 44 0
36 -50 -24 0
21 23 17 0
36 -27 -46 0
16 -26 39 0
-3 11 -12 0
-31 13 45 0
5 -22 17 0
-46 -26 -35 0
-36 -30 -30 0
-12 3 50 0
33 31 -1 0
30 -28 45 0
-48 12 -12 0
31 6 34 0
49 -2 2 0
12 -6 -49 0
-34 27 -37 0
25 6 -45 0
-37 7 7 0
43 36 -1 0
14 -8 5 0
48 -41 -44 0
-13 -30 -7 0
-42 26 3 0
21 47 15 0
6 24 7 0
-5 42 -29 0
-33 16 -8 0
-7 44 5 0
-7 -2 -20 0
-22 26 -36 0
39 -41 -33 0
-34 -35 -4 0
-7 39 8 0
-33 40 -9 0
-41 29 -32 0
-16 35 -29 0
-30 23 46 0
-34 1 -14 0
35 -41 -10 0
10 -19 -38 0
-23 39 -16 0
-6 -13 11 0
-1 25 47 0
-27 -9 13 0
-26 49 32 0
4 1 -33 0
11 -41 42 0
27 -33 50 0
-31 46 25 0
44 43 45 0
-21 -40 11 0
-44 31 -20 0
49 -1 -47 0
-13 -46 -47 0
39 43 -18 0
-40 -5 17 0
-21 -20 25 0
28 -12 -1 0
41 31 -19 0
-24 3 30 0
-50 -8 -49 0
-43 45 41 0
-31 30 -6 0
-39 -22 -7 0
-23 16 33 0
10 11 -40 0
-40 -31 -42 0
-8 -22 -38 0
3 16 1 0
-13 -29 -48 0
-39 -44 36 0
30 29 -12 0
-34 -20 33 0
-23 -22 49 0
-37 -20 -29 0
25 2 18 0
45 30 -30 0
20 6 24 0
-41 28 48 0
41 -3 -23 0
32 11 -24 0
-23 14 8 0
-36 -28 -26 0
-2 -29 -6 0
6 -20 -36 0
11 -18 6 0
4 -50 41 0
-3 30 13 0
-48 16 1 0
-29 -37 23 0
6 -10 42 0
2 -45 -29 0
-9 20 25 0
8 42 -4 0
-22 -4 -29 0
11 -40 -36 0
26 38 -41 0
-21 42 -37 0
48 3 -33 0
-31 21 24 0
-19 10 -7 0
42 -47 38 0
-47 -31 42 0
-37 -1 -1 0
-43 -44 -15 0
-21 45 -6 0
-34 -28 38 0
46 17 -12 0
-13 7 -17 0
11 33 20 0
39 40 -41 0
47 28 -22 0
17 -45 -33 0
29 11 -18 0
35 27 41 0
-29 12 -49 0
-12 -49 39 0
46 -12 21 0
-6 -34 15 0
-3 -26 -24 0
-33 41 46 0
37 10 27 0
42 49 -17 0
14 -7 43 0
-31 -45 -1 0
-42 -36 -38 0
-42 -11 48 0
15 32 16 0
40 4 -34 0
-7 -32 -43 0
-48 -30 -44 0
35 33 -34 0
1 14 48 0
6 40 -8 0
42 -19 -9 0
-37 -12 17 0
-3 -32 25 0
-1 49 24 0
29 -3 49 0
-30 24 -36 0
9 23 -4 0
-26 -23 9 0
-7 -26 14 0
19 22 -6 0
-39 -44 3 0
47 11 -19 0
47 -20 8 0
-17 -31 44 0
37 -40 39 0
36 22 31 0
-6 16 13 0
-17 18 41 0
-18 34 -6 0
-30 -34 41 0
11 7 -37 0
-25 34 42 0
-44 -4 -50 0
21 -13 -18 0
14 8 -17 0
-50 29 -48 0
-38 -5 29 0
-37 -42 43 0
-1 -7 8 0
5 35 34 0
28 29 14 0
-20 -44 -47 0
10 -30 9 0
-39 34 -44 0
19 -30 -44 0
-47 -25 -2 0
-39 -30 -14 0
7 -50 -12 0
17 28 -40 0
-15 22 14 0
21 3 28 0
40 44 8 0
-25 1 6 0
-7 -12 -16 0
4 3 2 0
9 29 -40 0
-19 -50 -22 0
50 -18 -25 0
21 11 -9 0
15 45 -8 0
-14 -29 12 0
14 -47 26 0
-50 16 -3 0
-10 10 -48 0
34 36 -45 0
-29 28 48 0
3 48 -8 0
16 45 17 0
35 -11 -5 0
-4 -5 6 0
-19 9 -47 0
-46 9 45 0
-46 -24 36 0
-49 -50 8 0
21 -49 -20 0
-2 12 -32 0
-9 -3 40 0
-34 -6 -12 0
1 -40 -8 0
21 -41 -31 0
-20 20 35 0
-45 45 2 0
