c CNF generator v0.9
p cnf 50 312
-31 10 19 0
2 -36 7 0
9 -35 22 0
31 23 -20 0
9 -31 -45 0
46 42 -42 0
-30 -45 -19 0
-11 -35 -47 0
45 -38 -9 0
-44 -13 30 0
-50 -9 8 0
-38 47 -41 0
23 -31 -31 0
-36 48 -16 0
-26 46 -43 0
-17 27 -25 0
49 46 38 0
36 -3 -16 0
18 36 -37 0
23 44 -20 0
16 -34 44 0
4 2 5 0
-8 27 43 0
-47 -20 -33 0
23 -30 34 0
-18 -29 33 0
-14 38 29 0
-48 -45 1 0
48 -32 -36 0
47 -33 -2 0
12 40 39 0
36 -44 -39 0
25 3 25 0
47 -5 -28 0
-34 -31 47 0
-12 -22 -41 0
-33 -23 24 0
-44 -32 -44 0
-31 1 1 0
-16 30 -39 0
27 -20 -47 0
37 -13 43 0
-48 42 4 0
16 6 7 0
-1 -33 18 0
-5 -35 9 0
11 -48 -18 0
50 -33 -3 0
-30 -45 10 0
40 30 31 0
18 4 6 0
6 -45 11 0
-43 -6 11 0
-33 4 31 0
12 20 -35 0
33 49 32 0
-41 15 6 0
36 9 24 0
37 34 -11 0
-4 -38 17 0
32 15 -31 0
-28 20 -7 0
19 39 -33 0
-21 49 -48 0
7 30 -48 0
21 32 24 0
-12 -4 -21 0
1 -49 22 0
41 -45 -45 0
40 11 -47 0
29 36 16 0
5 16 -36 0
23 41 2 0
-22 -36 49 0
-45 11 -30 0
-17 7 32 0
-34 30 -30 0
31 2 -2 0
-25 -46 -45 0
50 20 26 0
-32 20 36 0
-41 41 -43 0
-50 31 17 0
11 20 -1 0
1 -7 41 0
17 22 30 0
-38 2 27 0
28 -13 34 0
47 -46 -1 0
-47 -25 -33 0
38 16 7 0
11 -37 -46 0
18 -19 6 0
10 -6 32 0
24 42 47 0
-14 19 -41 0
-48 5 3 0
38 -22 -42 0
48 -19 -13 0
30 -6 2 0
-8 24 -14 0
29 32 -48 0
-2 -47 -21 0
49 -48 28 0
-33 20 35 0
24 -47 -42 0
-9 45 24 0
8 -35 -35 0
-8 34 -38 0
50 45 23 0
36 -23 -13 0
-21 29 28 0
2 19 42 0
28 19 45 0
-31 -50 4 0
-34 -48 -2 0
-7 -44 -48 0
-48 -21 24 0
19 28 47 0
-22 15 -46 0
43 -13 16 0
-13 20 -50 0
-38 29 44 0
-31 -7 39 0
-21 -23 -8 0
20 33 5 0
-17 8 -35 0
35 13 29 0
-24 -14 8 0
31 -8 -50 0
48 26 44 0
-35 25 -3 0
-6 28 15 0
7 46 -12 0
15 -42 -13 0
-42 10 1 0
-11 50 9 0
48 -2 40 0
-15 -11 -10 0
-22 3 35 0
42 27 -42 0
32 13 -49 0
43 -18 -42 0
41 -37 47 0
31 41 14 0
2 -32 35 0
-30 -22 24 0
-16 -33 -38 0
-24 -5 41 0
40 -36 -21 0
28 15 -32 0
27 2 5 0
41 -41 -40 0
-50 9 33 0
-13 20 16 0
-25 42 -13 0
-49 36 28 0
31 42 29 0
-16 8 4 0
9 -31 -37 0
38 40 -32 0
47 2 -5 0
-27 -26 -17 0
13 -2 48 0
-26 -9 -30 0
7 1 -6 0
14 -12 43 0
18 -34 -29 0
7 6 9 0
-16 -40 9 0
-48 15 49 0
-26 -6 -46 0
33 -9 -45 0
-14 -7 -33 0
47 3 -25 0
47 -13 43 0
3 -11 -14 0
-34 24 6 0
33 -39 -1 0
-36 24 37 0
42 -31 -21 0
-1 16 -6 0
-46 9 -6 0
28 12 -5 0
-42 -35 25 0
30 5 37 0
50 32 -23 0
-41 40 49 0
23 -43 -45 0
-20 -21 15 0
28 47 -5 0
-27 4 -24 0
49 22 -49 0
-23 35 -40 0
-50 16 25 0
35 7 -24 0
-3 5 20 0
-4 14 -36 0
29 -32 41 0
-19 28 -11 0
-3 44 -6 0
38 -16 -7 0
-30 -16 -11 0
12 4 35 0
-33 23 12 0
44 -44 27 0
9 3 -3 0
25 44 -8 0
-7 41 -37 0
-44 -28 -15 0
-41 20 -28 0
-4 -22 17 0
44 1 -46 0
-26 -37 -30 0
-3 -41 -39 0
25 28 -17 0
-2 16 12 0
-10 30 -34 0
-44 -46 -12 0
-1 30 17 0
36 8 -21 0
-39 36 -14 0
-13 -8 22 0
31 -1 41 0
-12 47 21 0
-18 36 -9 0
-19 12 -8 0
28 7 16 0
-1 -10 13 0
-38 16 -49 0
34 -50 -36 0
-41 8 -6 0
-34 39 18 0
33 18 2 0
6 -27 1 0
-41 40 1 0
13 42 -10 0
-29 -34 -34 0
-42 -1 -33 0
-7 2 -38 0
16 -28 5 0
37 42 5 0
15 10 -46 0
25 -8 -9 0
25 32 -39 0
29 -6 29 0
16 29 -12 0
-19 -5 40 0
-27 -27 32 0
40 -17 -10 0
-13 -8 39 0
-2 -14 -34 0
6 28 -21 0
13 50 -21 0
32 -37 -32 0
30 -29 -36 0
30 36 19 0
12 -2 31 0
-43 29 37 0
-21 48 -42 0
-9 3 -13 0
25 -41 -50 0
-33 -1 15 0
-31 11 -32 0
-44 -8 24 0
11 -20 47 0
45 46 -50 0
-44 -15 -35 0
16 -2 -49 0
22 16 -3 0
-42 24 22 0
46 -48 31 0
-11 -7 34 0
2 -6 -3 0
1 -42 -17 0
-26 -19 -24 0
-14 35 1 0
-20 -50 -34 0
12 9 43 0
35 46 -5 0
-12 6 9 0
32 -45 11 0
40 -50 -50 0
-32 -22 -25 0
-48 20 44 0
31 32 34 0
-48 -13 -10 0
-13 -14 20 0
31 -19 -36 0
50 41 -33 0
-49 24 -39 0
-45 -42 -13 0
10 -36 -15 0
21 -38 27 0
-47 48 26 0
1 47 22 0
28 23 -17 0
33 38 6 0
47 24 20 0
-8 -13 1 0
-49 16 44 0
29 13 -8 0
16 -36 34 0
-44 33 -42 0
-39 -17 -13 0
-39 -47 -5 0
-38 -12 24 0
-38 -25 -38 0
-25 -42 -31 0
4 46 -12 0
-32 -43 32 0
-11 -6 -45 0
