c CNF generator v0.9
p cnf 50 312
30 30 46 0
27 -46 18 0
-25 37 -37 0
-45 3 -10 0
47 23 -8 0
9 12 25 0
-11 43 3 0
19 -31 5 0
48 33 30 0
-9 25 12 0
27 -12 29 0
-25 -13 14 0
47 7 17 0
-7 -47 28 0
9 -4 41 0
-36 -38 -50 0
-36 -43 14 0
29 -12 24 0
-3 7 14 0
-5 38 -10 0
44 -43 15 0
42 34 -30 0
-11 -32 18 0
11 1 1 0
-47 -32 17 0
-35 -22 -40 0
-2 43 -2 0
25 3 -15 0
29 -11 13 0
-36 -36 -24 0
7 31 32 0
-38 20 -29 0
-35 -32 22 0
-48 45 -42 0
-44 24 -26 0
28 -32 -31 0
12 -27 18 0
-38 -45 -12 0
-39 22 -31 0
-22 -2 -13 0
-4 -28 -6 0
13 48 -36 0
-46 38 3 0
-50 -28 19 0
35 -18 -9 0
-43 4 -7 0
43 27 -31 0
10 43 -33 0
-44 38 -22 0
47 40 -46 0
-1 47 -28 0
-42 45 -12 0
-17 2 28 0
34 -23 3 0
-19 7 47 0
-46 48 -41 0
-21 -47 -43 0
36 33 9 0
-29 26 -21 0
20 4 -13 0
44 44 50 0
-35 43 7 0
-33 45 -37 0
19 37 -18 0
15 -27 22 0
6 -24 13 0
-17 38 -21 0
-13 37 -10 0
-11 -34 14 0
14 -41 -19 0
-29 -18 -15 0
-8 4 12 0
50 -23 9 0
41 -25 15 0
33 -16 30 0
-13 -49 29 0
9 46 1 0
35 -28 -42 0
-47 12 -18 0
-19 -3 36 0
-9 -5 23 0
-17 35 13 0
-24 -14 48 0
-13 27 41 0
-12 29 -43 0
31 12 -2 0
48 -14 -44 0
-22 2 1 0
9 -32 24 0
25 40 44 0
27 48 -41 0
-33 22 -47 0
2 50 15 0
8 42 -34 0
-10 -38 -7 0
-12 -38 -26 0
-17 -47 20 0
36 7 -8 0
40 -36 10 0
36 41 44 0
-4 7 48 0
-31 -20 -36 0
-23 26 37 0
8 -41 -35 0
8 -13 -15 0
2 -21 20 0
-39 -41 -37 0
38 47 31 0
49 -2 -8 0
45 -7 29 0
30 -46 15 0
40 5 -48 0
13 29 49 0
9 48 30 0
19 -10 25 0
46 3 24 0
-4 34 14 0
-41 5 34 0
41 41 -48 0
-32 -9 -21 0
11 -38 46 0
-25 -36 -29 0
33 22 41 0
29 -6 11 0
-21 11 -42 0
-39 8 48 0
39 -43 -37 0
41 10 31 0
40 16 38 0
-13 -21 -30 0
-33 41 48 0
-26 32 28 0
-15 7 33 0
29 22 30 0
-43 37 -11 0
41 -26 49 0
-18 28 33 0
9 -5 16 0
38 12 -33 0
38 -24 12 0
2 -13 -13 0
-30 36 43 0
7 -16 -27 0
30 -33 -32 0
17 -43 -27 0
-32 2 26 0
7 31 -34 0
-20 4 19 0
-16 -28 5 0
-23 7 -8 0
10 49 -31 0
25 -28 -28 0
-36 40 6 0
20 29 13 0
10 -14 47 0
9 21 34 0
29 -49 24 0
31 18 26 0
19 -16 31 0
-11 46 -31 0
-33 24 -24 0
19 9 43 0
47 -26 15 0
-48 -43 -42 0
-31 23 -37 0
40 -12 4 0
1 48 -16 0
-20 33 35 0
15 26 19 0
-7 -23 -30 0
-25 -32 -23 0
-16 -19 10 0
-10 -44 42 0
17 -9 -13 0
-22 21 -22 0
38 34 -47 0
-42 27 34 0
29 7 17 0
-22 33 6 0
-41 -22 30 0
37 32 -31 0
34 3 8 0
37 -3 10 0
36 6 -49 0
-21 -46 -34 0
12 16 21 0
-28 1 -36 0
37 43 -27 0
-39 4 -40 0
11 -25 30 0
43 40 -8 0
41 19 20 0
-48 49 37 0
15 -25 -4 0
-12 1 8 0
42 -33 -37 0
-7 -3 46 0
-47 -26 -11 0
-3 -39 9 0
47 -43 -13 0
31 19 17 0
-12 4 30 0
-25 8 20 0
35 46 27 0
13 11 -28 0
-20 -49 -50 0
18 -25 -31 0
-24 -37 50 0
-8 6 20 0
-42 4 11 0
-5 48 9 0
-15 36 -46 0
-18 40 30 0
-2 32 -15 0
-45 -38 42 0
20 -17 -11 0
-8 19 -29 0
-43 -10 -3 0
-38 18 -29 0
-44 19 17 0
3 -4 -28 0
26 -19 27 0
50 48 -39 0
-30 -5 8 0
-16 -3 11 0
-34 -11 -24 0
29 6 30 0
-39 46 -16 0
30 -47 35 0
-10 -35 44 0
37 -45 30 0
-41 -22 -38 0
-8 46 -43 0
-11 -17 -17 0
46 -14 -48 0
46 -26 9 0
1 -39 -18 0
-24 -26 -11 0
26 33 -3 0
45 -41 1 0
34 37 38 0
-20 22 11 0
-14 21 50 0
-44 37 -19 0
7 7 -40 0
45 -49 8 0
27 -8 10 0
6 -12 -24 0
50 -22 13 0
-33 35 -8 0
33 -49 26 0
-31 -34 -13 0
28 -28 36 0
-17 25 -18 0
-2 -46 14 0
-7 33 -9 0
-42 -29 9 0
-27 35 16 0
-5 -26 1 0
-36 13 40 0
7 30 -13 0
-41 -33 27 0
-27 13 34 0
-17 4 5 0
31 33 -47 0
-47 -3 28 0
-25 20 -18 0
-21 -50 29 0
-37 37 -3 0
48 26 -40 0
16 -28 17 0
-6 18 -36 0
-12 32 -44 0
10 39 -37 0
-43 -38 -44 0
28 34 -30 0
-27 -26 46 0
-25 -20 -49 0
-25 -20 41 0
-6 -42 9 0
-6 11 -50 0
-32 -30 -25 0
49 -37 -5 0
44 -10 -21 0
12 -44 -37 0
-2 -8 -34 0
6 -13 14 0
28 36 8 0
38 18 11 0
36 -25 38 0
-2 23 -22 0
-36 -37 -24 0
7 -6 -9 0
7 24 30 0
-19 45 -36 0
35 34 22 0
6 -15 -30 0
-28 -7 49 0
7 -35 13 0
-13 -37 46 0
48 43 10 0
42 26 -14 0
8 -20 -22 0
14 -13 -7 0
34 -2 12 0
1 4 -3 0
4 3 39 0
45 44 -1 0
-41 -44 26 0
-29 -8 17 0
-50 -23 -21 0
50 -26 17 0
