c CNF generator v0.9
p cnf 50 312
-12 -19 5 0
40 37 50 0
41 -27 -18 0
-40 -13 36 0
-50 -40 -28 0
-2 38 34 0
-2 -50 -8 0
33 -19 26 0
34 -42 41 0
-16 22 -19 0
18 25 14 0
7 3 -25 0
35 -26 -4 0
-16 7 17 0
12 11 5 0
35 -48 -17 0
23 -39 41 0
38 -18 20 0
25 33 36 0
44 20 -29 0
37 -36 -17 0
-3 -23 -44 0
-39 25 -25 0
48 32 -27 0
-25 30 26 0
10 24 45 0
-30 19 26 0
23 14 1 0
-4 -13 -20 0
-30 -8 6 0
-11 -28 6 0
-15 13 8 0
-37 11 30 0
22 42 47 0
-32 -46 38 0
16 -18 39 0
18 -47 -19 0
-46 -32 -35 0
-30 -48 14 0
-23 8 45 0
17 9 46 0
7 29 46 0
-19 18 27 0
28 13 -6 0
37 -40 -21 0
-18 15 23 0
41 30 -45 0
3 -11 -37 0
-6 -49 35 0
20 1 -25 0
-18 29 -11 0
-10 43 33 0
-24 14 -22 0
-19 37 -24 0
17 -11 12 0
-1 -45 34 0
31 -36 -35 0
-40 -6 -14 0
33 28 -29 0
-44 -18 -32 0
-20 17 27 0
7 5 43 0
-18 31 15 0
46 44 43 0
7 20 -10 0
-22 -37 5 0
13 -15 -23 0
-38 -19 34 0
-12 -16 -4 0
3 47 42 0
-32 -48 10 0
42 4 -8 0
-16 -11 -25 0
-31 23 26 0
32 -48 5 0
21 37 -2 0
42 37 -46 0
12 18 -8 0
26 11 -36 0
-15 -28 -13 0
39 17 -21 0
43 17 27 0
-15 -35 23 0
-17 -50 -48 0
-4 -13 39 0
-10 25 -37 0
-39 -11 -39 0
-1 -19 21 0
16 9 -6 0
50 11 49 0
-34 -4 -38 0
45 16 -4 0
-6 25 -21 0
19 35 -34 0
21 -47 -19 0
-46 -34 -43 0
44 35 -28 0
6 -46 2 0
9 12 36 0
13 34 -25 0
-11 -48 -49 0
14 31 2 0
-40 10 4 0
31 -19 -30 0
18 13 24 0
39 11 -20 0
-17 -18 42 0
40 19 50 0
-32 -39 -40 0
-14 37 -3 0
3 -21 -15 0
-34 2 -21 0
49 34 26 0
22 -36 -45 0
-23 -34 -33 0
14 -50 -31 0
38 26 47 0
-3 -35 -22 0
31 -24 -11 0
-8 17 17 0
-33 41 -48 0
-27 24 -41 0
32 -13 -44 0
22 2 -28 0
-47 -20 20 0
37 -3 -2 0
-21 -1 -25 0
50 -39 3 0
-20 3 1 0
-15 -26 -10 0
47 -43 29 0
32 10 22 0
41 49 -15 0
-17 1 37 0
-19 -6 -21 0
-49 27 -26 0
-21 48 -20 0
8 29 40 0
-9 -25 37 0
37 -12 49 0
2 -43 -42 0
7 -26 22 0
-45 -39 -18 0
-29 42 45 0
37 33 28 0
-3 -5 -29 0
-21 -27 35 0
-1 -50 1 0
7 -24 -1 0
-9 -32 -32 0
-20 -11 19 0
-39 -19 28 0
23 -35 4 0
38 10 43 0
22 39 4 0
11 -35 -13 0
-20 36 31 0
25 -32 22 0
-19 -12 -19 0
9 4 -48 0
49 -4 -10 0
6 26 -10 0
25 6 7 0
45 22 38 0
46 -22 -44 0
-50 47 2 0
-34 43 -16 0
-1 -33 49 0
-7 -13 -38 0
22 8 -19 0
-10 1 -16 0
30 -9 -32 0
-48 -24 20 0
-4 16 42 0
21 16 -6 0
43 -46 4 0
33 5 50 0
11 38 -21 0
-12 -15 14 0
37 -34 42 0
-31 19 -49 0
-46 16 -28 0
-9 -46 29 0
-29 -13 17 0
7 23 26 0
16 23 -26 0
47 -13 -44 0
32 -45 -23 0
21 -8 -1 0
30 -11 -25 0
9 1 -18 0
35 -24 -2 0
41 27 -45 0
-43 50 -43 0
-33 12 9 0
-42 40 -15 0
30 38 8 0
9 25 30 0
-43 14 -28 0
-13 48 21 0
-46 -19 -42 0
-50 -25 44 0
25 -21 39 0
-27 16 -46 0
14 14 -37 0
-33 -50 -19 0
38 -16 -38 0
14 -31 20 0
47 -14 -45 0
-49 16 19 0
-40 -11 5 0
-48 16 31 0
27 -20 30 0
37 3 -45 0
-23 -28 24 0
29 -50 1 0
-35 13 -15 0
-40 12 40 0
30 5 39 0
39 40 -33 0
-5 -27 -50 0
-13 -42 47 0
-44 45 24 0
-11 7 -14 0
29 45 -11 0
-7 -47 -50 0
-3 15 7 0
12 7 35 0
-15 45 -29 0
38 -22 -20 0
45 -33 10 0
-26 -19 45 0
2 -20 23 0
3 -32 43 0
30 34 43 0
17 -44 -47 0
27 44 44 0
-17 2 -30 0
9 48 17 0
8 46 -15 0
18 -35 37 0
-23 -48 10 0
50 -42 13 0
-18 -41 -24 0
8 26 -5 0
27 -21 25 0
-13 -36 11 0
2 13 -6 0
15 -21 30 0
-14 -12 -32 0
15 -21 -50 0
9 26 20 0
35 12 47 0
45 42 40 0
45 2 1 0
-49 19 -18 0
-49 12 45 0
-13 -42 -40 0
10 49 50 0
45 -30 41 0
-1 18 49 0
12 37 -49 0
45 19 16 0
9 35 -44 0
-16 -25 -26 0
34 -24 -40 0
-37 38 -24 0
27 -25 10 0
-15 43 -8 0
9 17 -19 0
42 33 36 0
-18 -32 -6 0
-24 -1 17 0
41 48 21 0
41 32 -49 0
32 -19 7 0
-20 -49 25 0
3 22 -49 0
37 -6 37 0
-40 -45 -31 0
-28 3 -3 0
-3 -25 33 0
-17 31 -28 0
8 -11 44 0
46 44 -25 0
-30 26 15 0
7 -3 3 0
-25 -20 38 0
-35 -49 6 0
-2 -6 22 0
-50 45 39 0
-17 38 11 0
-48 -42 -29 0
49 -15 45 0
-30 -3 45 0
26 -31 19 0
-30 -17 -48 0
-23 -8 -28 0
-33 -38 -20 0
27 -27 50 0
-12 -49 -26 0
-30 26 14 0
-16 -7 -49 0
24 48 39 0
-18 -3 -4 0
43 -19 -23 0
-7 34 33 0
-25 -50 48 0
-6 36 -45 0
20 -45 -50 0
16 -43 -22 0
34 47 -41 0
