c CNF generator v0.9
p cnf 50 312
-46 -26 24 0
35 -21 32 0
-36 -13 22 0
-2 -10 33 0
-7 43 -10 0
34 -36 -7 0
36 29 -25 0
-17 -39 14 0
44 26 -16 0
25 -10 3 0
-25 43 -37 0
-42 16 -37 0
-17 -21 -16 0
25 -7 -44 0
-26 -20 -15 0
-35 25 -13 0
-7 16 -2 0
33 -9 23 0
-44 -12 -31 0
17 39 -22 0
-28 12 26 0
6 17 49 0
-34 20 -1 0
26 -5 -23 0
-8 -2 29 0
-22 -9 30 0
-22 4 21 0
-22 50 9 0
20 -3 -28 0
-12 50 23 0
-28 2 -7 0
4 -22 -49 0
25 -45 -21 0
34 -6 -4 0
-42 3 -13 0
-5 9 36 0
-12 13 4 0
34 -42 10 0
19 33 -3 0
-36 -43 -28 0
14 -33 -12 0
-35 40 4 0
-28 43 11 0
30 -20 19 0
5 -1 -26 0
-46 -31 -34 0
-25 32 2 0
39 43 29 0
-45 -5 49 0
8 48 13 0
-12 -13 -35 0
-37 8 -31 0
-14 -21 12 0
29 42 -34 0
-17 45 11 0
22 -45 49 0
48 -49 -21 0
-31 -10 30 0
-30 -4 -23 0
7 -33 -37 0
-19 9 14 0
-27 6 -5 0
8 8 23 0
-20 -10 -33 0
33 39 9 0
23 40 36 0
-38 -12 28 0
45 9 5 0
-25 19 12 0
-30 -30 21 0
48 -16 -50 0
-43 17 50 0
48 12 44 0
-8 -4 18 0
47 -2 19 0
-35 31 -22 0
39 -17 16 0
-36 48 15 0
-43 36 18 0
37 8 39 0
-41 -26 -22 0
-32 15 -23 0
36 12 12 0
-31 -8 -12 0
3 25 -37 0
9 3 -29 0
-28 46 33 0
-15 42 -46 0
-27 17 -41 0
40 -16 32 0
-30 -3 -45 0
19 34 -20 0
-43 43 -34 0
-47 -47 43 0
-25 20 -20 0
-14 40 8 0
19 5 -27 0
34 -23 -41 0
-35 -11 24 0
14 -36 35 0
-3 -20 15 0
38 12 -10 0
17 -46 46 0
-32 -12 -45 0
-29 45 -20 0
-31 43 48 0
-15 8 50 0
-21 25 -13 0
4 43 -11 0
-30 -4 25 0
-12 -21 -18 0
39 -38 44 0
13 46 -31 0
-41 -34 -40 0
41 15 5 0
-41 9 5 0
38 7 12 0
-8 3 42 0
-36 -14 42 0
-29 13 -41 0
12 37 39 0
-47 -38 -21 0
45 35 -28 0
32 -37 46 0
2 -19 -9 0
-38 48 -30 0
-27 25 -43 0
50 11 1 0
-20 -10 -10 0
8 -19 16 0
-44 -29 -6 0
-21 -26 28 0
-40 -16 -6 0
8 19 -25 0
47 34 27 0
-13 41 40 0
-23 7 15 0
-31 -31 26 0
18 -28 -22 0
-7 42 49 0
26 19 -12 0
-7 47 -31 0
39 -34 -18 0
49 -27 39 0
24 -30 27 0
-26 -26 -30 0
24 -12 -16 0
41 -10 1 0
43 -48 43 0
-5 -42 44 0
-30 22 41 0
41 -28 50 0
32 -44 -30 0
28 15 -18 0
-14 44 -9 0
-21 -7 -34 0
30 -5 -46 0
-29 -28 47 0
-6 -11 17 0
28 -24 -7 0
45 -2 8 0
28 2 23 0
39 -2 -49 0
21 19 37 0
14 14 -21 0
32 32 15 0
-29 -7 20 0
38 -38 -30 0
34 -33 -28 0
42 42 33 0
18 -15 32 0
43 16 47 0
48 15 49 0
-32 -21 -42 0
-2 -14 -3 0
6 -33 -49 0
13 11 27 0
-50 16 47 0
-3 13 42 0
-49 15 -25 0
23 -46 -4 0
34 -49 -32 0
16 -42 -22 0
46 19 -21 0
-49 28 -22 0
-29 -31 38 0
-42 -11 36 0
-49 30 34 0
1 -17 -30 0
-45 28 -16 0
-14 11 49 0
-40 -4 5 0
-1 -16 45 0
14 36 -29 0
29 39 -34 0
50 -35 7 0
-3 -21 -5 0
-10 -42 -12 0
47 -6 26 0
-32 38 -33 0
30 -46 -39 0
-39 40 -18 0
9 4 39 0
-28 -47 20 0
3 -3 37 0
10 38 -35 0
-5 3 -12 0
-26 47 -34 0
41 -13 30 0
-18 -11 -4 0
23 50 -46 0
-40 43 -41 0
39 16 22 0
-26 7 34 0
45 3 -24 0
5 -19 -12 0
28 -48 -11 0
-2 -11 43 0
-38 -46 -46 0
-35 -28 48 0
-29 -27 -26 0
39 -12 -42 0
-9 -30 31 0
-11 10 8 0
-48 17 -13 0
35 -46 47 0
-13 13 -25 0
17 -3 -23 0
-7 -41 -19 0
-22 10 -28 0
34 -27 -25 0
-27 8 -16 0
23 6 -29 0
35 17 48 0
22 44 -25 0
-50 -12 24 0
-21 6 23 0
-7 8 -41 0
41 -4 26 0
19 -19 -10 0
29 -23 15 0
23 -30 -49 0
35 -40 -27 0
-29 -29 -50 0
-44 -35 24 0
-27 49 -47 0
-40 -34 38 0
31 -41 13 0
-46 1 23 0
-18 20 22 0
-46 -45 -48 0
-19 -33 44 0
-7 -27 32 0
-48 32 42 0
-41 -8 -20 0
-29 -24 42 0
39 -19 45 0
-18 20 -10 0
-31 45 33 0
29 -47 36 0
-10 -29 -17 0
29 48 12 0
-41 -39 32 0
38 -48 -44 0
27 12 17 0
2 -12 13 0
-48 -29 15 0
49 -3 -4 0
15 40 -18 0
32 -28 48 0
22 -26 18 0
48 1 22 0
35 -48 36 0
-47 19 -18 0
-30 17 50 0
-18 1 31 0
29 20 39 0
9 20 -20 0
-41 -7 -20 0
28 -4 -9 0
28 -19 -46 0
27 -40 -14 0
-5 -50 -32 0
-48 35 6 0
-32 -22 9 0
2 47 -22 0
18 50 -13 0
-11 47 14 0
-15 -13 -6 0
-48 -9 -44 0
28 20 35 0
-7 -45 -36 0
-46 -18 38 0
15 1 24 0
-49 19 -28 0
18 -7 14 0
-9 21 -12 0
35 -27 -36 0
13 44 15 0
-20 9 -33 0
-26 29 7 0
-30 42 -3 0
26 -5 26 0
37 -40 36 0
-22 24 -28 0
19 -41 34 0
-45 4 -9 0
44 -8 11 0
30 44 28 0
13 -42 6 0
15 -45 -25 0
-35 -25 -4 0
