c CNF generator v0.9
p cnf 50 312
13 4 39 0
-15 32 41 0
22 -32 -5 0
50 -9 6 0
50 12 2 0
15 39 -16 0
33 16 -2 0
4 -20 -1 0
-40 6 3 0
-2 -23 3 0
28 -10 -2 0
38 48 -27 0
-48 -16 -1 0
-50 -27 26 0
-32 45 48 0
46 -50 46 0
-12 -9 -44 0
-44 33 -17 0
-9 38 7 0
-37 28 7 0
-4 45 -36 0
41 13 1 0
-5 10 -49 0
-47 2 37 0
-44 34 -19 0
-47 -2 -23 0
6 -40 25 0
-35 9 -16 0
-29 8 43 0
17 11 5 0
31 -22 17 0
-39 1 -43 0
50 46 11 0
33 14 -32 0
46 -24 12 0
-18 -12 -37 0
-11 1 -27 0
-4 23 30 0
-11 -27 -45 0
5 -49 40 0
3 -49 -9 0
-49 41 34 0
24 42 -48 0
25 -6 -48 0
-9 -31 -44 0
28 -10 -17 0
22 -23 -26 0
-19 -2 39 0
26 -34 -39 0
-46 -20 42 0
19 -2 -42 0
-8 -9 -26 0
11 -20 -39 0
39 -50 -31 0
21 -15 -7 0
-48 -32 3 0
-13 8 8 0
30 -5 16 0
14 -45 9 0
4 -27 -14 0
-12 41 -34 0
-29 8 24 0
31 -14 45 0
-12 -43 49 0
2 -40 -9 0
-18 -13 -20 0
-11 28 -28 0
24 7 -47 0
36 21 2 0
-31 19 -42 0
-8 -48 -22 0
29 3 -44 0
-14 6 -48 0
41 40 41 0
-3 36 17 0
32 12 18 0
21 -36 -26 0
31 -44 28 0
28 -40 14 0
-42 50 48 0
23 -43 23 0
-24 1 -38 0
50 18 -47 0
31 25 18 0
1 -4 9 0
29 -40 5 0
13 48 38 0
38 34 44 0
43 18 19 0
-50 -39 -34 0
13 -22 7 0
47 47 49 0
5 34 -24 0
21 48 -24 0
17 -22 1 0
38 4 37 0
36 -20 -39 0
30 35 -29 0
46 11 24 0
1 29 -50 0
21 -18 38 0
6 -36 -12 0
27 -22 -16 0
-10 -24 -44 0
27 26 -17 0
19 29 45 0
-14 -41 30 0
48 33 -11 0
41 38 28 0
12 40 -40 0
-1 19 -47 0
22 -21 -48 0
-39 -37 31 0
29 -32 28 0
22 18 23 0
13 -29 26 0
35 28 5 0
28 -22 -32 0
-26 -40 -20 0
-10 -11 8 0
1 -11 14 0
14 24 22 0
-43 20 -41 0
12 11 -27 0
-11 -46 -15 0
-21 47 -27 0
34 -18 -46 0
-8 -27 -8 0
7 -11 44 0
36 -41 -41 0
-26 23 -22 0
-49 41 -23 0
8 -8 -5 0
50 -23 -23 0
-22 -23 31 0
-32 37 20 0
-3 -29 -41 0
6 -39 29 0
-6 28 4 0
-5 -50 45 0
-23 -42 31 0
-19 16 1 0
-26 -15 -22 0
-48 -36 -24 0
-33 12 -22 0
-20 -15 6 0
-16 -4 18 0
-1 -36 25 0
38 -44 24 0
11 -4 19 0
-31 -18 38 0
-8 -27 13 0
-14 41 12 0
-11 17 38 0
-13 -12 -8 0
25 -10 -30 0
-15 -45 -20 0
38 40 20 0
-46 31 -46 0
50 7 -47 0
-33 -4 5 0
8 -26 -48 0
-4 16 -29 0
-45 48 21 0
14 -35 -38 0
30 25 34 0
46 -46 5 0
41 -43 -39 0
37 -44 -22 0
-16 -32 -4 0
1 -5 14 0
24 35 21 0
-28 -33 40 0
29 1 38 0
30 -23 41 0
31 -24 38 0
-42 -10 -20 0
23 -50 29 0
-16 -1 -15 0
-5 -23 -31 0
35 -25 33 0
48 -10 -8 0
-26 22 22 0
-1 -15 9 0
-39 38 -43 0
-43 -37 5 0
-12 -39 -20 0
-32 41 30 0
-16 29 -31 0
33 6 -18 0
-26 -30 18 0
33 -7 23 0
11 -31 -45 0
-32 -30 -24 0
-34 -37 38 0
29 32 49 0
-35 42 30 0
47 -50 -22 0
42 -6 -25 0
42 16 -24 0
48 -8 31 0
-12 9 -39 0
44 -1 -49 0
-44 -2 -6 0
33 47 -26 0
-11 50 -24 0
-2 -49 27 0
-44 19 3 0
35 -31 -36 0
33 27 15 0
-34 -2 -5 0
32 1 -43 0
-17 -48 -49 0
40 20 34 0
42 35 50 0
28 -28 -33 0
-22 33 -33 0
30 20 -20 0
38 -32 -5 0
8 42 -22 0
30 19 -44 0
-12 -17 -39 0
47 19 -11 0
-22 26 -45 0
-10 19 10 0
21 -32 48 0
-23 33 45 0
32 -40 14 0
-37 -33 2 0
-30 13 -4 0
-24 -6 -11 0
-35 13 24 0
3 21 29 0
15 -1 -18 0
24 19 -45 0
44 -1 47 0
-8 25 38 0
-36 16 -7 0
-20 25 43 0
-15 -16 30 0
40 11 -43 0
7 -14 -7 0
10 18 -31 0
33 -24 -30 0
-46 -19 -30 0
-40 4 -50 0
-16 -28 12 0
-7 -13 4 0
6 6 -41 0
-30 19 -31 0
-40 -35 2 0
-4 -12 -48 0
-29 -2 38 0
14 -42 -34 0
-3 1 -13 0
-50 30 31 0
31 33 31 0
47 -1 -3 0
24 -20 11 0
-6 47 -15 0
11 -26 37 0
-9 -29 48 0
30 2 -17 0
43 5 -49 0
3 25 -23 0
27 -1 33 0
-29 27 -26 0
-50 19 -41 0
-6 -4 -22 0
-19 34 -37 0
-45 -14 -32 0
-13 -32 15 0
-14 6 13 0
-20 -24 39 0
30 -18 -46 0
-16 29 8 0
38 -21 -47 0
-9 36 3 0
17 16 -28 0
-43 -33 -47 0
-10 -31 25 0
9 -45 -37 0
-21 43 -1 0
39 44 -9 0
30 -46 -42 0
-28 -12 -38 0
21 45 17 0
-49 -4 42 0
15 12 -49 0
-42 10 31 0
29 5 19 0
-5 -11 -20 0
21 -48 5 0
-35 14 -31 0
40 45 21 0
-15 -9 -22 0
-48 38 -28 0
3 -25 -17 0
-42 -50 49 0
-29 -26 6 0
12 2 45 0
-44 32 -1 0
-24 -50 -11 0
-35 35 -17 0
14 1 -23 0
5 -23 -39 0
6 49 34 0
14 49 35 0
6 -27 43 0
-14 33 -37 0
-3 -30 1 0
19 -26 -25 0
