c CNF generator v0.9
p cnf 50 312
-26 -38 16 0
-32 43 -23 0
10 47 46 0
-30 48 29 0
-27 -14 -46 0
-39 8 -6 0
-40 -36 -33 0
-12 -22 22 0
14 -27 11 0
25 50 29 0
-35 -43 -44 0
-35 9 17 0
-5 17 -9 0
-34 -46 -16 0
-24 -32 9 0
-15 40 14 0
-15 35 38 0
-32 -21 -15 0
40 46 -33 0
7 25 -7 0
6 -18 -9 0
-28 14 7 0
17 -37 49 0
7 9 30 0
22 -34 41 0
-7 39 50 0
-47 31 2 0
-50 -11 20 0
-38 -1 44 0
-4 41 -23 0
-42 26 14 0
10 -12 28 0
-20 5 30 0
-42 -16 -38 0
45 -19 -37 0
50 50 36 0
25 -27 -2 0
44 -44 -7 0
-50 41 24 0
-41 34 -27 0
-15 -22 -13 0
-31 49 -9 0
18 -48 -39 0
-48 -9 21 0
9 -37 33 0
16 4 -18 0
1 35 -8 0
17 -20 21 0
-13 9 1 0
25 35 -29 0
3 -27 11 0
50 -37 27 0
-1 17 44 0
-48 -12 -27 0
-5 -47 21 0
-27 8 -24 0
-14 -15 -49 0
-25 49 -18 0
30 -6 22 0
-34 17 47 0
7 29 44 0
11 -34 -35 0
48 11 -5 0
-23 6 -25 0
15 -10 -31 0
42 -13 10 0
49 32 40 0
-37 29 -12 0
36 9 -28 0
43 -38 -26 0
13 -44 10 0
27 15 42 0
7 -12 9 0
38 -18 5 0
-20 -27 -9 0
-4 -13 41 0
29 5 35 0
-49 -32 17 0
31 -19 50 0
-3 -39 -10 0
-3 50 2 0
3 -44 -14 0
13 17 -17 0
18 37 44 0
-25 39 33 0
16 43 8 0
24 -3 -44 0
9 47 -15 0
-1 50 -42 0
49 37 28 0
2 20 28 0
50 -1 -50 0
24 17 -27 0
3 17 44 0
8 -22 -37 0
-29 -35 -47 0
25 40 -23 0
33 -7 4 0
5 -27 46 0
-18 11 42 0
-15 -33 45 0
36 -36 42 0
-14 50 46 0
-49 34 -44 0
-39 -11 -18 0
35 -32 -45 0
38 15 -44 0
-6 -10 21 0
12 43 -36 0
-14 49 6 0
11 -15 6 0
-19 43 -36 0
24 32 -4 0
44 -45 13 0
19 -17 20 0
43 -15 7 0
-17 24 42 0
-5 -25 -26 0
-40 -42 8 0
39 -39 38 0
-39 5 -19 0
-39 20 -13 0
-41 3 -38 0
34 -46 8 0
-36 -36 -4 0
-19 45 11 0
-17 11 45 0
32 -39 -14 0
21 -1 -2 0
-21 -10 23 0
-31 48 8 0
-31 -15 4 0
-31 15 -12 0
26 11 -37 0
-42 19 7 0
40 42 49 0
-48 44 36 0
46 16 -39 0
31 -26 -43 0
30 7 4 0
-27 7 -39 0
-7 46 27 0
32 27 6 0
50 13 -10 0
-12 19 -29 0
44 -19 5 0
16 -12 -24 0
43 -23 29 0
47 12 25 0
-6 -33 49 0
-44 49 49 0
6 13 -18 0
-35 50 -31 0
-35 26 3 0
-28 -47 -2 0
48 22 18 0
-37 -16 -14 0
34 8 -11 0
6 -17 17 0
11 42 11 0
6 23 45 0
-29 41 1 0
42 -24 12 0
-37 24 -5 0
-37 -30 26 0
8 20 -35 0
11 24 49 0
49 1 38 0
20 4 -10 0
22 7 12 0
-46 49 -15 0
7 -7 -36 0
16 18 -5 0
-13 -36 29 0
-28 -14 40 0
19 -6 36 0
4 -40 21 0
38 -22 -43 0
16 -35 3 0
19 -24 43 0
6 17 -4 0
-9 1 -14 0
43 12 8 0
-9 -6 40 0
-26 12 12 0
-14 -28 -44 0
17 6 3 0
-11 -22 -29 0
-1 10 -28 0
-23 -7 37 0
4 -21 -45 0
4 13 14 0
43 8 31 0
-40 -5 33 0
-40 -14 49 0
5 19 -44 0
38 -26 -19 0
-5 32 -10 0
-36 40 31 0
38 44 49 0
-50 32 5 0
40 24 -32 0
28 -13 41 0
-34 20 -39 0
-4 40 10 0
-35 -34 -39 0
48 -41 20 0
32 -43 -17 0
-49 -35 -9 0
-7 41 -12 0
2 -48 -16 0
25 4 7 0
-13 -39 1 0
5 -18 49 0
-23 24 -25 0
26 -32 8 0
-45 -18 47 0
26 13 48 0
22 17 37 0
-13 -35 8 0
37 7 -45 0
16 3 -35 0
-21 -29 -7 0
33 -1 20 0
-45 -17 -47 0
-42 36 4 0
-3 -14 12 0
-9 21 -32 0
40 -9 26 0
34 13 -48 0
28 -27 4 0
34 48 22 0
44 -7 7 0
-15 -2 -21 0
29 9 20 0
-19 -5 -47 0
34 28 42 0
-40 18 -45 0
-43 -23 -6 0
-50 -15 26 0
-28 48 45 0
-6 33 -42 0
15 -23 -23 0
26 46 -38 0
-38 19 -42 0
45 -4 -27 0
17 12 -9 0
46 38 -27 0
-27 -33 -45 0
45 -24 50 0
-1 18 43 0
-28 -45 43 0
-47 5 -21 0
34 -30 -28 0
-18 -50 -29 0
5 -13 -3 0
-36 -37 4 0
30 -49 -36 0
-12 29 41 0
30 -4 17 0
34 -23 28 0
49 30 -30 0
-44 -31 -4 0
-44 45 20 0
48 -43 -13 0
22 35 -3 0
30 25 46 0
9 -19 -2 0
-10 -36 33 0
-23 30 -34 0
7 -7 50 0
24 -6 26 0
46 -6 35 0
8 -41 32 0
-36 -5 -28 0
14 34 -39 0
-35 15 16 0
-20 33 33 0
2 13 18 0
23 13 12 0
40 24 -7 0
9 5 18 0
20 -14 -16 0
-40 21 32 0
3 3 19 0
-22 11 37 0
38 -9 7 0
-34 -16 21 0
-14 1 48 0
41 10 45 0
50 -2 44 0
-31 -17 -28 0
33 -20 -34 0
-3 -2 20 0
-15 -12 20 0
28 -30 -4 0
22 49 48 0
-39 29 -40 0
-36 -48 24 0
31 29 -11 0
-48 -36 -40 0
18 -18 8 0
-41 -41 33 0
-29 25 -25 0
29 42 -3 0
2 -8 43 0
6 -14 -15 0
-28 33 -12 0
34 -40 9 0
-37 34 27 0
41 32 -48 0
25 -2 -27 0
