c CNF generator v0.9
p cnf 50 312
7 41 43 0
40 -17 48 0
-35 -7 -11 0
-20 44 30 0
-3 -2 44 0
45 20 37 0
38 -4 20 0
33 -8 -31 0
-8 -15 -40 0
-1 -25 -40 0
33 23 2 0
37 9 -6 0
29 -43 -28 0
-37 38 -38 0
-8 -40 -47 0
-30 3 25 0
6 -14 -12 0
-17 -4 13 0
48 43 28 0
-34 -30 -36 0
-40 -27 16 0
15 -12 39 0
11 7 -34 0
-10 -30 -11 0
-21 37 3 0
-3 28 46 0
-6 21 -3 0
-1 -39 7 0
-9 -1 10 0
-35 -12 -33 0
13 6 -31 0
-16 -10 35 0
10 -12 42 0
-20 -18 37 0
-46 -47 44 0
39 23 -37 0
18 39 -22 0
-35 27 -18 0
13 -4 -19 0
13 -41 31 0
-11 -1 -5 0
-4 -48 6 0
48 -10 50 0
50 35 -27 0
24 -34 34 0
-34 -4 -22 0
37 -5 5 0
19 35 45 0
-2 21 46 0
-21 23 -7 0
19 19 -27 0
-20 -8 18 0
-12 15 -49 0
16 18 7 0
-22 14 47 0
45 43 -16 0
-3 -40 28 0
37 -26 -4 0
30 -32 -48 0
-50 -31 15 0
-50 43 -30 0
-12 25 -12 0
-38 8 -27 0
-39 -48 -48 0
-21 -17 50 0
-23 -20 18 0
14 -44 -43 0
15 -33 -19 0
-25 25 39 0
-36 -34 -33 0
-10 48 35 0
-15 -24 36 0
20 22 43 0
-47 29 45 0
-19 -3 47 0
7 3 -32 0
40 -37 24 0
29 6 -24 0
14 40 -14 0
-28 -7 -19 0
50 -29 17 0
15 -34 -38 0
-31 5 17 0
-18 -50 25 0
-16 -39 19 0
-18 44 -32 0
13 -30 44 0
25 17 16 0
-17 19 10 0
-48 -12 -5 0
9 -37 -38 0
-2 23 35 0
6 -50 28 0
44 36 -12 0
-13 26 -30 0
-11 -39 -28 0
8 16 1 0
-9 36 45 0
31 18 -32 0
-48 45 -37 0
-18 -32 -42 0
-22 31 28 0
5 -46 -3 0
33 -37 -28 0
-4 -42 30 0
40 6 7 0
29 -45 24 0
15 49 35 0
-46 20 -48 0
-17 5 31 0
1 -16 -40 0
13 16 3 0
-7 6 14 0
-30 38 -32 0
-26 -45 24 0
8 24 -27 0
26 -4 -10 0
22 -32 34 0
-37 -9 -43 0
-28 44 21 0
-41 23 47 0
22 36 47 0
-17 40 -16 0
38 -15 -28 0
-39 45 -12 0
-3 30 -25 0
-29 -2 50 0
14 43 -12 0
-4 3 29 0
-49 -7 34 0
-15 -30 -19 0
-10 -43 21 0
4 -42 -35 0
22 44 -14 0
35 32 46 0
38 -1 6 0
-41 48 -39 0
13 43 -23 0
5 11 -24 0
-28 -31 37 0
-16 12 -12 0
-27 -49 -40 0
45 39 -29 0
-20 44 39 0
25 10 28 0
-44 43 -43 0
21 -5 36 0
-42 38 18 0
27 27 -27 0
-38 42 -3 0
-14 33 -2 0
5 21 29 0
-3 -8 -24 0
40 26 48 0
1 -49 27 0
6 -1 -34 0
22 -49 16 0
41 28 -25 0
12 -29 -40 0
48 9 16 0
33 17 -36 0
-38 9 9 0
-44 36 45 0
48 -6 -29 0
-7 7 -8 0
-14 -37 -15 0
-41 -15 -48 0
-30 26 18 0
22 28 -46 0
-15 -6 -39 0
24 6 21 0
-42 46 22 0
20 -36 46 0
8 50 -48 0
-13 -21 -18 0
-26 37 14 0
28 -9 27 0
-37 -43 -8 0
45 -26 14 0
3 26 -16 0
23 -22 11 0
-19 -14 34 0
30 -39 -43 0
-46 -3 -50 0
47 24 23 0
-42 -24 -48 0
-8 -40 -3 0
-34 -37 -34 0
33 13 -26 0
34 15 10 0
-10 32 10 0
-36 -50 39 0
-9 32 -37 0
11 20 -41 0
-39 8 20 0
-50 48 -44 0
7 46 47 0
32 -14 13 0
-22 43 -44 0
11 -18 44 0
-33 2 41 0
-4 -11 -27 0
34 47 -42 0
24 -4 18 0
26 -38 -36 0
32 -21 11 0
10 -30 -47 0
-30 37 -12 0
-8 -30 -42 0
26 -39 41 0
42 4 -27 0
-33 -3 26 0
-28 -32 28 0
22 25 42 0
4 17 -5 0
13 -7 -40 0
-49 7 40 0
-22 36 19 0
-4 36 -27 0
7 -22 -13 0
-26 -21 -8 0
-37 43 -23 0
-18 -12 46 0
2 -41 36 0
-22 -48 -48 0
-44 7 16 0
22 8 -42 0
-34 34 46 0
27 28 35 0
9 -40 -20 0
4 -46 -27 0
-15 -7 -37 0
-19 33 6 0
24 35 -48 0
29 36 -7 0
38 -10 -21 0
-30 43 7 0
-19 -20 -11 0
-38 -46 -36 0
-24 40 1 0
-43 49 32 0
7 -19 -6 0
18 -12 -31 0
16 21 -12 0
11 36 -49 0
-21 -13 -24 0
-47 -27 -45 0
13 -50 -13 0
11 30 13 0
7 -5 29 0
-11 42 -46 0
-11 -32 32 0
4 34 7 0
6 -23 14 0
40 -23 2 0
-26 -18 30 0
-20 -1 6 0
-28 -12 14 0
-27 -24 20 0
25 45 43 0
-37 -46 -36 0
-24 -29 -46 0
16 -4 48 0
7 -23 -33 0
-34 22 5 0
-15 -42 -28 0
-47 2 33 0
-1 -15 -28 0
-25 -24 -25 0
-49 -19 -30 0
46 -38 29 0
-2 47 -3 0
6 20 -39 0
-8 21 -6 0
-19 4 48 0
27 -8 40 0
8 18 -31 0
1 28 -2 0
-18 -17 -4 0
-12 40 -4 0
6 -21 32 0
22 -33 -39 0
-9 -40 -12 0
-30 33 -37 0
3 18 -11 0
37 -49 -37 0
-48 33 40 0
-24 -8 -36 0
24 35 35 0
-3 17 -42 0
-40 -29 -9 0
22 -6 -23 0
19 -30 32 0
21 -39 46 0
-30 29 -3 0
-27 47 30 0
48 45 -37 0
20 -8 7 0
-21 12 48 0
34 -30 -37 0
-3 6 26 0
16 -22 50 0
48 30 49 0
6 48 19 0
-47 34 28 0
49 41 14 0
-20 -23 3 0
-42 -43 29 0
-45 35 -49 0
35 -23 11 0
-48 9 50 0
-38 22 36 0
