c CNF generator v0.9
p cnf 50 312
31 -9 -20 0
32 -14 -31 0
43 38 -45 0
21 47 16 0
-27 39 -46 0
-42 16 -44 0
34 40 -20 0
-42 -34 20 0
3 -16 27 0
15 -37 5 0
-35 15 48 0
46 32 -29 0
26 -1 -4 0
-37 -4 33 0
-37 47 30 0
-30 -14 32 0
-46 49 2 0
-43 45 30 0
-46 4 19 0
-29 49 -45 0
-15 12 -46 0
-15 26 -26 0
-49 4 -25 0
-20 47 11 0
-8 -14 -8 0
-25 -24 -49 0
31 47 -23 0
49 -32 5 0
17 28 -38 0
16 48 48 0
8 -33 9 0
-48 32 -13 0
-3 -20 16 0
-23 26 -19 0
-22 44 5 0
14 39 -12 0
42 3 -33 0
11 -25 -22 0
-16 28 -40 0
37 -42 -7 0
-28 5 -15 0
-24 32 15 0
-13 -40 7 0
-8 -35 -2 0
22 -14 25 0
-26 49 33 0
13 -8 -49 0
-47 14 6 0
25 -19 -12 0
-16 -2 6 0
-48 -24 28 0
36 37 -4 0
-34 41 -9 0
-19 9 17 0
-49 -13 18 0
24 -48 40 0
-25 -30 31 0
-22 -44 28 0
21 -2 47 0
-16 14 -47 0
-9 31 1 0
19 14 -35 0
-6 29 31 0
26 3 -26 0
17 26 -20 0
24 23 -6 0
34 22 -21 0
-25 -35 -44 0
35 -6 6 0
27 -25 -29 0
-13 12 43 0
-8 -15 41 0
48 -21 41 0
-13 -22 -22 0
39 43 -41 0
-43 1 32 0
-9 49 35 0
-26 -29 32 0
31 -48 18 0
29 17 -29 0
-19 -43 49 0
47 3 -29 0
-50 26 30 0
-25 40 26 0
-27 -6 -17 0
45 28 -37 0
43 -13 17 0
-38 -13 -49 0
-4 -40 -43 0
-39 -29 -15 0
-6 19 9 0
46 -36 -14 0
-47 -9 44 0
-25 -14 17 0
29 -6 40 0
27 21 32 0
-50 -29 -19 0
-43 3 -25 0
13 30 -18 0
-14 19 27 0
42 -12 47 0
47 36 -32 0
-49 49 -20 0
-3 -17 -46 0
-37 -32 -27 0
30 3 18 0
-31 32 -7 0
9 -25 -25 0
-14 19 28 0
-49 -11 -8 0
43 8 49 0
-2 30 31 0
-6 -25 18 0
16 -50 -9 0
26 32 -46 0
23 -20 -11 0
-17 -5 -26 0
-12 -35 -49 0
33 -27 2 0
-17 -14 -43 0
-19 31 -26 0
-8 39 -30 0
-46 14 27 0
46 43 40 0
-18 -5 1 0
20 4 42 0
-2 -34 38 0
-49 -23 8 0
-50 36 -49 0
-34 43 35 0
-28 -45 38 0
-42 -43 -31 0
-38 -42 -48 0
-48 -28 49 0
10 21 -23 0
38 16 23 0
9 -43 -19 0
31 -34 -35 0
5 18 25 0
-26 1 21 0
3 -12 5 0
-9 -43 -47 0
-43 -40 28 0
-34 25 43 0
15 40 -37 0
-10 -22 24 0
-2 -47 -8 0
-23 -47 -1 0
-38 -25 -44 0
-40 2 45 0
27 17 2 0
-13 33 30 0
14 -5 -26 0
-27 -8 21 0
-39 21 28 0
-19 -7 -33 0
-23 -21 -3 0
28 -39 2 0
-47 -44 38 0
-32 -35 -48 0
-47 -12 30 0
-10 -1 7 0
6 -7 -37 0
15 9 -12 0
-30 3 -13 0
39 -13 -30 0
-42 46 8 0
-49 47 30 0
-33 42 -23 0
-13 -50 -9 0
-6 13 42 0
-17 36 38 0
-22 41 -10 0
13 5 -32 0
-38 48 -48 0
-8 -43 13 0
4 32 -16 0
-37 -43 -43 0
-40 5 -26 0
1 -9 24 0
-38 -24 29 0
41 -16 30 0
41 -13 39 0
3 19 -1 0
-34 -33 -34 0
39 -14 -42 0
-22 -27 26 0
9 48 12 0
24 41 10 0
-11 29 30 0
42 41 8 0
-35 49 26 0
49 45 38 0
43 -5 22 0
44 49 -6 0
-26 11 -19 0
-18 -5 -18 0
-29 46 -38 0
-42 -6 15 0
15 22 15 0
25 -41 28 0
-48 4 -1 0
-20 16 43 0
-10 -19 27 0
16 39 9 0
-26 -3 17 0
-21 -2 3 0
10 27 -9 0
1 7 4 0
-49 -27 38 0
-50 -14 -9 0
-44 43 -7 0
35 -14 18 0
-32 -43 -4 0
6 47 30 0
48 24 -29 0
13 48 -34 0
-29 15 -26 0
23 20 -37 0
11 -10 -17 0
14 -34 14 0
-23 5 30 0
-21 -19 30 0
-44 -39 -16 0
31 37 15 0
5 -33 -36 0
-29 20 -5 0
-48 4 42 0
-18 26 -42 0
-38 39 3 0
42 6 -40 0
-27 -31 -24 0
-45 -35 -26 0
50 -48 -44 0
-43 26 37 0
9 8 24 0
-5 -6 8 0
-28 -3 -50 0
-36 13 -7 0
-50 49 -8 0
7 8 38 0
-14 4 3 0
-23 28 49 0
49 -25 18 0
15 24 37 0
-49 35 -25 0
-40 -10 47 0
-31 44 -20 0
-39 4 -16 0
40 -44 35 0
50 -18 25 0
-46 -3 -36 0
-12 48 -46 0
-41 -31 6 0
22 -35 -2 0
29 -21 -33 0
-45 -35 -28 0
41 -21 50 0
8 31 -50 0
-20 6 -47 0
47 -43 39 0
-29 -40 31 0
24 -29 44 0
36 -24 8 0
-9 -16 17 0
-36 -35 -32 0
15 18 -5 0
27 31 -43 0
17 -19 -3 0
50 50 -13 0
-10 -13 12 0
22 -28 30 0
6 -15 16 0
24 -50 -24 0
-49 -5 -28 0
31 15 31 0
-3 42 28 0
-44 34 29 0
-43 6 49 0
-9 -15 33 0
-15 -23 31 0
-40 -19 -15 0
20 -30 -9 0
-50 -11 25 0
37 32 42 0
4 -3 -4 0
2 12 -36 0
-27 -48 -13 0
43 -43 -37 0
-37 -14 -41 0
29 -11 -23 0
24 -5 4 0
-23 -28 -17 0
39 -21 -28 0
-24 -41 39 0
-8 -29 -43 0
15 -22 34 0
48 -46 41 0
-5 -16 15 0
20 47 -2 0
48 3 21 0
-27 -10 -24 0
-6 12 42 0
37 -23 45 0
-48 6 -24 0
-46 34 31 0
24 -14 -22 0
48 -33 33 0
-31 -16 18 0
-13 -48 -2 0
-35 45 17 0
24 36 -17 0
