c CNF generator v0.9
p cnf 50 312
10 -47 27 0
-46 -20 23 0
42 -42 -43 0
16 8 28 0
-33 -2 35 0
-4 40 -36 0
-14 22 -24 0
40 -27 33 0
-37 36 9 0
-41 -35 -37 0
43 37 24 0
24 -29 32 0
5 -30 -33 0
-13 -8 47 0
-50 48 46 0
-2 11 11 0
-2 -12 47 0
2 -30 30 0
17 -34 -33 0
36 -45 -24 0
47 -6 -44 0
46 13 17 0
-15 27 36 0
44 29 -38 0
-9 9 31 0
-33 -31 25 0
48 -1 16 0
22 -49 37 0
-15 -21 5 0
44 -18 -50 0
2 1 -3 0
-49 21 26 0
18 -19 -36 0
8 30 -34 0
-19 41 27 0
3 48 6 0
-26 -22 11 0
5 30 -9 0
2 47 10 0
-29 1 2 0
11 5 43 0
33 10 18 0
-28 -25 36 0
47 -41 -26 0
-32 -45 -39 0
39 33 -27 0
-45 28 -50 0
13 7 24 0
15 -31 -5 0
-13 -9 41 0
-36 4 -40 0
-46 16 23 0
-33 7 -48 0
44 -39 -50 0
19 25 47 0
19 48 29 0
-45 -10 35 0
21 -18 -32 0
37 -38 40 0
28 45 42 0
31 -12 33 0
-27 14 -16 0
-30 34 -20 0
2 -38 36 0
-14 -14 -17 0
42 -41 31 0
23 -18 12 0
-21 21 -38 0
-32 -15 -49 0
-34 27 29 0
39 41 -47 0
38 22 -32 0
6 33 -22 0
-48 38 37 0
48 12 -12 0
-48 -49 16 0
-37 34 13 0
22 40 41 0
29 28 15 0
36 12 -3 0
29 -8 -38 0
-7 -19 -26 0
36 -10 -1 0
-44 -21 40 0
-34 -9 -35 0
19 -6 -25 0
-42 46 -46 0
25 -3 42 0
-17 -42 12 0
-37 -46 2 0
-1 44 37 0
-8 -41 24 0
44 39 2 0
-26 48 -42 0
36 27 -4 0
19 24 27 0
-21 27 -25 0
39 38 18 0
-1 -33 1 0
-27 13 -28 0
-48 29 -34 0
34 18 -19 0
-22 23 29 0
-6 50 -22 0
-39 28 37 0
20 9 -9 0
30 19 17 0
15 42 -43 0
41 16 20 0
40 -22 -33 0
40 -20 -10 0
1 -36 47 0
-45 -31 27 0
-15 -5 32 0
43 -39 -36 0
-16 -25 -34 0
-26 26 8 0
-16 37 -6 0
22 1 5 0
34 41 11 0
1 13 46 0
34 4 27 0
8 -10 -26 0
-37 -13 28 0
25 31 7 0
4 -20 -7 0
39 -23 5 0
-33 40 -38 0
-18 13 -14 0
-30 -8 -34 0
24 -49 -18 0
2 42 5 0
-17 27 11 0
-50 36 -10 0
32 49 -5 0
8 -34 19 0
1 32 45 0
15 23 -1 0
7 -50 26 0
1 -36 -46 0
46 8 -44 0
-49 15 18 0
49 -47 2 0
-5 -9 -17 0
42 -27 46 0
-41 -44 34 0
40 27 -35 0
-49 -24 -23 0
24 46 20 0
1 -20 -44 0
-29 -6 28 0
-24 -26 27 0
-35 14 -22 0
43 -38 -19 0
19 6 -47 0
33 -19 -26 0
1 -39 -35 0
27 -8 -47 0
33 3 -4 0
41 44 -47 0
-27 -9 31 0
23 -30 -4 0
-5 33 47 0
47 1 44 0
7 23 4 0
-6 44 -30 0
-21 -7 22 0
-4 -21 6 0
-34 -39 -23 0
-35 19 35 0
-21 -9 34 0
45 18 24 0
15 -48 -38 0
11 -12 -13 0
39 24 14 0
18 -28 -50 0
-41 9 1 0
-34 6 8 0
-21 -39 18 0
22 15 -18 0
47 33 10 0
-27 -24 -34 0
-34 -44 -12 0
-5 41 -16 0
39 33 -37 0
2 -4 12 0
19 41 -23 0
-37 1 11 0
-6 12 10 0
48 -16 -7 0
1 19 20 0
42 34 49 0
-5 5 -19 0
-7 21 -3 0
23 23 20 0
-16 -2 -35 0
-7 -3 -26 0
-23 23 -41 0
-11 12 -10 0
1 -24 -12 0
-25 -3 40 0
38 -12 -32 0
1 -35 12 0
19 25 -42 0
5 -1 43 0
-8 -4 22 0
-45 50 18 0
-10 25 25 0
47 -33 4 0
-31 -29 41 0
-50 16 -28 0
16 39 -38 0
47 1 23 0
-49 22 -49 0
-35 48 21 0
-6 -33 -32 0
26 42 22 0
-20 32 -25 0
22 20 16 0
12 24 34 0
47 33 -31 0
-32 -7 -12 0
26 38 12 0
-2 18 28 0
21 -40 -36 0
25 -45 -28 0
16 -48 39 0
-46 5 -23 0
-36 36 30 0
39 31 21 0
49 9 36 0
-16 -14 37 0
1 -40 -46 0
15 39 3 0
36 40 -42 0
20 -8 20 0
-22 -34 13 0
5 22 -38 0
-1 36 -27 0
-37 -39 -3 0
-30 20 26 0
46 22 32 0
33 -28 5 0
-22 -12 -17 0
-39 -33 9 0
-45 26 -28 0
-4 -33 17 0
-33 29 -49 0
-45 18 -40 0
26 -25 30 0
29 -14 20 0
11 -48 34 0
39 -2 41 0
6 -9 50 0
-37 -45 17 0
4 40 -14 0
-15 -7 33 0
38 -39 -49 0
39 25 -39 0
22 30 11 0
-15 -24 -8 0
-10 26 -6 0
-41 1 20 0
21 13 26 0
50 48 -48 0
-42 -29 -44 0
-25 16 -37 0
-5 4 7 0
-19 27 -5 0
18 -47 7 0
10 -34 46 0
41 48 -30 0
-39 2 14 0
28 7 -17 0
46 -48 47 0
-46 -45 48 0
-14 -40 -23 0
24 41 37 0
-41 13 -13 0
-34 20 -33 0
19 11 35 0
-50 34 46 0
11 50 -42 0
-40 32 28 0
38 -5 46 0
-11 21 -21 0
-44 -14 35 0
-49 -50 13 0
47 18 -49 0
-31 44 -47 0
-21 5 -22 0
-22 5 12 0
39 -43 -44 0
-26 -33 -4 0
-36 33 -22 0
-29 50 20 0
-1 39 -5 0
-28 -31 -16 0
29 -49 -5 0
-49 1 -10 0
-35 25 40 0
4 -33 -3 0
21 -48 -1 0
11 34 -34 0
-17 -3 48 0
40 49 47 0
-41 -35 -23 0
-25 -9 -18 0
-42 2 6 0
13 -20 21 0
36 -49 -33 0
-14 -50 -20 0
