c CNF generator v0.9
p cnf 50 312
42 20 -38 0
-28 -32 -5 0
31 28 -38 0
-37 -19 -39 0
-37 -16 12 0
-18 27 -50 0
33 23 9 0
-23 -16 15 0
-28 42 39 0
10 -3 9 0
-12 26 19 0
7 -47 18 0
-11 20 -42 0
29 25 15 0
-7 5 40 0
10 -43 47 0
26 17 -39 0
-38 -17 -19 0
15 29 -28 0
-14 -2 21 0
2 -34 25 0
-8 21 -36 0
-48 -27 -29 0
18 -43 40 0
-9 -25 -48 0
42 -13 37 0
-45 15 1 0
30 34 -36 0
-24 -20 6 0
-10 46 -1 0
14 -34 48 0
29 6 29 0
-30 -2 4 0
-24 2 5 0
39 -37 44 0
44 22 -10 0
4 28 40 0
-39 -22 29 0
-11 -26 47 0
-47 -30 -20 0
-16 -31 -50 0
34 23 -13 0
19 -34 31 0
-31 9 -48 0
-7 25 -36 0
-48 -24 20 0
-36 -34 15 0
-22 13 -30 0
4 -27 -23 0
46 38 -1 0
8 14 -8 0
5 22 49 0
33 44 -6 0
-33 44 -38 0
15 -33 -43 0
42 -50 -42 0
-15 -4 4 0
1 -5 -4 0
-24 -13 5 0
16 -27 22 0
5 23 14 0
15 17 -40 0
-17 -3 -42 0
-2 50 -16 0
35 40 -15 0
-37 3 -2 0
1 -22 -23 0
5 34 -7 0
-34 32 4 0
-35 29 46 0
-13 -12 -8 0
-1 28 14 0
35 20 39 0
-41 5 -20 0
29 -27 -30 0
38 37 26 0
-32 46 -16 0
25 -1 32 0
-28 42 6 0
-32 12 17 0
2 -7 12 0
-50 45 -7 0
-33 -44 12 0
-5 -19 38 0
-25 -46 -27 0
16 -41 -9 0
-5 45 12 0
-50 25 -5 0
35 -33 46 0
-13 -23 12 0
-33 -35 7 0
29 12 -19 0
-23 -15 33 0
45 -6 16 0
-27 -10 -9 0
6 -49 36 0
-5 -13 -13 0
-29 50 12 0
4 -5 -43 0
9 -35 -46 0
10 -34 -23 0
44 -28 -41 0
36 -7 21 0
-17 -40 -8 0
-27 17 15 0
48 -3 -31 0
-9 -7 44 0
-7 13 24 0
37 5 47 0
-49 -16 -25 0
5 45 41 0
46 38 47 0
9 45 30 0
-12 -31 -33 0
11 28 -50 0
22 45 45 0
-26 -43 19 0
5 -16 23 0
-2 -48 5 0
-7 -24 12 0
6 8 -43 0
9 -40 -27 0
-44 -19 25 0
8 -27 -33 0
12 30 -2 0
-5 -39 -1 0
17 -15 -19 0
21 7 -43 0
-10 16 42 0
32 24 -26 0
36 26 37 0
-23 -19 -20 0
33 1 21 0
24 18 46 0
48 -26 -37 0
-13 40 40 0
36 -21 18 0
43 14 4 0
-31 -29 24 0
-18 27 46 0
-16 40 -41 0
20 -13 49 0
-12 33 -28 0
8 -47 -9 0
46 -6 42 0
-39 26 -25 0
4 -4 6 0
18 16 26 0
-8 -27 14 0
-33 -22 47 0
20 -22 47 0
9 43 -15 0
23 36 -3 0
-43 -32 35 0
39 -36 -33 0
19 -21 -46 0
31 10 7 0
2 -6 -8 0
47 45 -50 0
6 -36 -15 0
-48 -47 47 0
10 3 44 0
-41 24 -43 0
50 -13 -3 0
11 18 47 0
-14 -1 -48 0
23 43 31 0
39 15 -24 0
4 -6 28 0
42 43 45 0
49 -18 -8 0
28 18 -19 0
7 33 -27 0
29 -43 2 0
-30 -49 36 0
47 31 43 0
50 35 10 0
7 44 -44 0
-6 -37 22 0
40 23 4 0
-12 2 47 0
-22 5 -13 0
-27 -41 27 0
-40 37 8 0
-7 -26 -26 0
-13 11 -38 0
20 35 -49 0
-6 -16 30 0
-46 -24 4 0
-12 -28 -48 0
23 -28 21 0
13 -41 -5 0
-43 -14 -12 0
-38 13 10 0
-7 35 -3 0
-30 1 17 0
-3 23 24 0
24 4 3 0
-27 48 19 0
-47 19 -20 0
-1 -32 45 0
-19 -23 39 0
-15 -31 46 0
-11 38 18 0
-32 -37 45 0
30 46 -44 0
-25 -49 -35 0
43 15 8 0
-23 -14 38 0
-44 -32 -36 0
6 -12 12 0
12 -34 -32 0
-2 -12 -31 0
36 31 -37 0
5 15 26 0
45 30 -37 0
-28 -4 10 0
50 -42 -3 0
-5 46 -5 0
-21 -18 -5 0
13 6 -23 0
-30 3 16 0
32 6 -41 0
-8 40 29 0
48 42 31 0
34 -29 -30 0
40 -47 -17 0
23 27 6 0
-50 50 19 0
-20 -32 -21 0
34 -6 22 0
4 28 -5 0
-40 -7 -15 0
-13 -48 20 0
-36 14 -41 0
4 29 41 0
-41 24 -39 0
49 8 -39 0
4 -7 47 0
-10 -31 2 0
32 -30 6 0
32 30 -30 0
3 -48 24 0
-42 -33 -27 0
-45 -48 -29 0
-22 -50 -9 0
-3 -13 -32 0
-4 24 -34 0
37 -32 15 0
17 -35 -24 0
-23 -47 -47 0
-42 43 40 0
24 -12 -24 0
25 19 -30 0
-18 -5 14 0
8 -19 39 0
5 1 -15 0
-28 -35 -28 0
-35 20 26 0
29 3 18 0
36 20 42 0
-31 20 -10 0
23 20 13 0
40 -20 17 0
-31 -19 1 0
-17 21 42 0
-14 -24 45 0
-23 49 -47 0
14 32 -36 0
24 14 -50 0
46 -39 -12 0
-24 -31 -21 0
-37 -12 15 0
9 -50 18 0
4 -33 -23 0
-24 44 -9 0
-35 -46 -3 0
20 46 -47 0
7 37 49 0
31 -40 16 0
12 45 -4 0
-27 48 -5 0
22 -42 44 0
-32 -19 38 0
-26 -24 -18 0
-32 -5 35 0
-43 9 -12 0
-20 18 -30 0
-16 47 42 0
-17 25 -35 0
20 -23 -38 0
-10 -15 -14 0
40 13 -32 0
-15 10 -34 0
22 26 -7 0
43 -39 -7 0
30 -29 17 0
-11 12 -5 0
-29 14 34 0
-43 28 11 0
-32 -44 -10 0
-45 -23 -45 0
-5 -1 -20 0
40 -26 50 0
14 -19 -19 0
-49 -6 40 0
44 -3 -21 0
-44 -48 12 0
48 -16 -19 0
-40 -28 -4 0
31 19 42 0
24 39 42 0
