c CNF generator v0.9
p cnf 50 312
-17 -34 -13 0
4 -6 28 0
36 29 -8 0
3 8 -21 0
7 29 -3 0
-40 25 -37 0
17 -44 -31 0
-32 -30 -34 0
45 -47 30 0
-37 -48 16 0
-30 -6 -44 0
-14 20 25 0
-28 -41 11 0
-12 29 13 0
-11 26 4 0
22 37 -45 0
-6 41 -2 0
42 2 24 0
-1 -48 -25 0
15 11 45 0
-44 -47 -30 0
-35 10 -23 0
35 40 47 0
3 30 50 0
36 48 2 0
11 -41 -29 0
-4 48 -39 0
26 -20 -31 0
-12 4 3 0
-27 18 -24 0
27 18 41 0
2 -13 -50 0
-7 -6 -16 0
-4 36 -3 0
28 -10 15 0
-35 -27 -47 0
-3 -48 -19 0
-22 3 -35 0
48 -40 -15 0
12 -43 -48 0
40 3 26 0
46 16 16 0
-25 18 4 0
5 -34 40 0
48 -18 17 0
2 -42 36 0
-10 -46 27 0
40 41 31 0
-20 -26 -20 0
-37 -22 -5 0
-24 20 14 0
-33 -9 -13 0
34 -24 37 0
38 -42 5 0
18 -43 19 0
29 48 -47 0
-19 44 33 0
-47 -10 14 0
23 -26 43 0
-30 -39 21 0
-4 -46 36 0
16 -37 20 0
-15 -23 -29 0
-14 27 22 0
29 23 -14 0
-28 46 -6 0
-46 30 10 0
-38 -47 -15 0
20 14 34 0
-10 31 42 0
38 1 28 0
28 4 -28 0
-7 -43 25 0
-26 44 16 0
-35 -23 -10 0
19 -37 -13 0
20 -42 38 0
-39 -50 23 0
4 -44 -23 0
33 -34 42 0
47 43 -43 0
8 43 -38 0
27 8 -3 0
13 32 8 0
49 -27 -17 0
-44 -44 18 0
-30 27 20 0
-12 20 35 0
-18 9 14 0
39 16 -30 0
-20 32 -16 0
-22 -28 41 0
45 44 -42 0
-13 44 -31 0
12 47 4 0
29 23 -40 0
-42 -47 34 0
-37 -35 40 0
-3 -35 -6 0
1 -50 43 0
-41 -17 -31 0
15 50 29 0
4 -14 25 0
-46 -34 11 0
37 36 23 0
26 -41 38 0
35 -50 -23 0
-24 -10 20 0
-27 27 -4 0
40 -27 36 0
14 35 38 0
49 10 26 0
-29 -7 -39 0
16 24 -33 0
37 2 -19 0
32 4 -15 0
-10 -36 -4 0
-30 25 -26 0
43 -15 -13 0
48 29 47 0
4 -30 -36 0
-50 -15 32 0
45 4 -42 0
-31 -25 48 0
46 11 6 0
-8 -30 -2 0
-39 13 39 0
11 33 3 0
-33 3 47 0
-24 -28 -50 0
28 -10 -6 0
-35 -4 -39 0
8 -2 45 0
-33 -9 -15 0
21 50 36 0
35 -48 7 0
-15 30 -43 0
-49 45 10 0
28 14 -28 0
25 30 -37 0
-19 18 5 0
-14 17 37 0
36 10 10 0
45 -15 20 0
41 22 2 0
1 29 11 0
-23 -6 43 0
23 42 45 0
31 -47 -50 0
-19 -28 -8 0
23 -11 -32 0
16 49 24 0
28 4 -47 0
23 47 -45 0
-7 18 -28 0
-49 -23 -46 0
-48 1 48 0
-49 -24 -9 0
36 -4 17 0
-35 -50 -7 0
-2 -42 -32 0
-12 -32 -13 0
-25 24 -2 0
-26 -39 -7 0
-49 3 -5 0
31 36 -5 0
45 4 -20 0
-50 -16 3 0
-49 -2 10 0
-43 -2 -23 0
45 3 11 0
7 -47 28 0
18 4 13 0
-45 -36 -46 0
36 -20 43 0
43 -25 1 0
-12 33 -20 0
-20 -11 25 0
-34 17 -38 0
50 -13 -1 0
37 -45 -31 0
-34 -36 -50 0
44 -32 18 0
-13 -42 30 0
41 14 -9 0
-46 -45 1 0
-3 -44 -11 0
5 37 -6 0
10 -7 -13 0
11 9 -35 0
50 6 1 0
-40 25 -1 0
40 -46 33 0
17 24 -29 0
49 -39 -37 0
41 35 -39 0
39 22 -31 0
15 -26 -12 0
-49 -7 -42 0
-7 33 8 0
38 -12 -32 0
45 -6 21 0
10 16 19 0
41 47 41 0
-20 -1 -33 0
-31 -11 -32 0
41 -25 -35 0
-11 26 -17 0
34 -9 33 0
36 25 -31 0
5 17 10 0
-7 49 -23 0
-39 18 -45 0
-44 46 36 0
46 33 30 0
34 42 46 0
32 -21 -46 0
-37 -21 -11 0
-24 36 9 0
-1 36 -43 0
8 30 12 0
26 12 48 0
38 -48 47 0
-28 -47 24 0
-48 16 38 0
-12 34 -17 0
1 28 -32 0
17 21 -45 0
6 31 -36 0
33 -36 26 0
24 -33 4 0
33 50 -14 0
45 -34 -38 0
4 9 36 0
16 44 -21 0
50 -12 19 0
-37 -40 -31 0
-7 50 -25 0
-14 -47 40 0
42 -21 47 0
4 -19 -42 0
21 -4 19 0
-36 20 -48 0
33 26 40 0
-39 27 -41 0
-13 -28 -44 0
26 -12 -1 0
48 39 -7 0
-39 11 32 0
40 -35 36 0
1 19 -44 0
17 43 10 0
35 33 -31 0
-21 40 1 0
-50 40 30 0
38 11 -30 0
48 19 -24 0
-24 1 -36 0
-23 -16 29 0
-44 -40 -36 0
-4 -42 19 0
15 -46 -46 0
25 -29 -43 0
-31 20 40 0
13 -24 -41 0
50 41 5 0
-32 -28 46 0
42 42 28 0
-31 24 30 0
3 -13 -50 0
-16 45 -17 0
-15 36 22 0
-19 48 25 0
-30 36 12 0
-14 -43 1 0
22 -22 25 0
-18 21 25 0
12 -39 -22 0
-4 22 -22 0
-29 43 13 0
-43 -15 27 0
-31 8 -25 0
50 3 40 0
9 44 -6 0
32 47 -47 0
-17 41 -34 0
41 22 -39 0
-25 -13 38 0
-5 28 -3 0
-25 -38 -14 0
10 20 -27 0
17 -20 -12 0
-3 -23 26 0
17 -33 39 0
-12 -16 -36 0
-42 8 -1 0
-29 26 6 0
32 -27 30 0
37 7 11 0
-44 13 33 0
15 -38 -1 0
39 -3 -13 0
2 -41 -14 0
46 41 -48 0
-42 34 26 0
20 8 26 0
16 -33 7 0
6 3 36 0
18 28 -32 0
-44 -10 19 0
-9 34 -27 0
-24 -26 5 0
