c CNF generator v0.9
p cnf 50 312
-18 16 -35 0
27 -31 -42 0
11 27 -29 0
43 34 -44 0
-28 49 -37 0
-44 -49 -14 0
-32 48 -13 0
-20 50 18 0
-42 5 -31 0
25 -10 -9 0
35 34 7 0
-24 -6 -31 0
11 21 18 0
-19 -15 -12 0
-28 -23 -14 0
39 -16 -45 0
-22 -44 -39 0
26 -41 45 0
14 -10 7 0
-35 37 15 0
35 -41 2 0
-17 28 10 0
-41 -48 8 0
-34 6 37 0
-33 49 -8 0
11 -7 -39 0
-48 -11 39 0
47 -2 -34 0
-25 -18 -48 0
-1 -39 -32 0
-46 2 -27 0
37 17 48 0
5 37 -38 0
-8 -42 2 0
35 16 26 0
13 -36 -25 0
32 -10 -44 0
12 -10 46 0
39 13 45 0
10 -7 47 0
-5 44 29 0
25 47 -37 0
-39 -38 42 0
-26 20 -33 0
30 -29 -32 0
-37 46 45 0
39 3 27 0
28 -28 -31 0
41 43 48 0
8 -39 -46 0
-46 20 -36 0
44 -34 33 0
2 21 39 0
12 41 17 0
30 20 34 0
2 -3 -9 0
2 -44 -14 0
-8 -10 -50 0
27 34 -28 0
30 49 -33 0
9 36 22 0
-19 12 -29 0
-18 37 -6 0
15 -35 -46 0
-34 -11 39 0
-42 -16 22 0
24 41 -33 0
32 9 45 0
-25 -11 -4 0
-20 19 40 0
8 39 -13 0
33 50 -10 0
14 12 -10 0
-27 -2 2 0
-4 21 -20 0
17 8 45 0
-26 -21 -8 0
-45 -39 50 0
3 28 36 0
10 31 28 0
-45 -47 3 0
-19 -3 -36 0
-34 -17 -35 0
21 26 -47 0
-49 11 -25 0
-30 -30 -10 0
-35 34 -4 0
12 -38 14 0
25 -7 5 0
16 2 -21 0
37 6 -46 0
-41 24 47 0
-34 26 35 0
43 -10 -47 0
2 2 12 0
47 -25 -14 0
24 -15 -35 0
-44 -49 -46 0
2 25 13 0
-3 20 22 0
3 -17 13 0
37 19 -40 0
-18 -44 -29 0
-42 42 34 0
-4 -21 -28 0
44 27 -49 0
-4 38 41 0
-28 -17 46 0
31 -32 -49 0
-29 11 -28 0
20 -7 -21 0
5 -30 -50 0
35 10 5 0
-15 -10 -42 0
1 -18 5 0
-46 -16 12 0
-17 49 39 0
-50 -26 20 0
31 48 -39 0
11 12 -25 0
37 -46 30 0
28 -3 -18 0
23 3 -6 0
38 4 29 0
46 -4 21 0
-47 -50 -39 0
2 -38 -31 0
12 -45 39 0
42 -6 -26 0
-17 19 -11 0
16 -41 -21 0
43 25 -49 0
-23 -33 -33 0
23 23 24 0
24 -22 -2 0
-11 27 17 0
-46 -40 -39 0
-16 33 15 0
3 -18 32 0
4 -23 -14 0
-46 -36 -49 0
16 15 43 0
42 -9 5 0
32 -18 -23 0
-5 -46 17 0
19 -13 29 0
-34 -31 -1 0
34 -37 29 0
-21 -6 46 0
1 -6 33 0
43 45 -44 0
-4 30 -15 0
-5 -41 -10 0
25 21 42 0
10 -16 -6 0
-11 -38 3 0
9 -16 -33 0
-37 -36 -34 0
8 -48 -41 0
-16 12 -15 0
20 6 -7 0
-5 29 -16 0
-14 -32 -47 0
25 -25 17 0
35 32 14 0
41 -39 -47 0
-24 -8 -11 0
27 -36 -28 0
-44 22 -47 0
28 19 42 0
50 -7 40 0
-37 -41 -19 0
-43 4 -33 0
34 -12 48 0
-6 48 -26 0
-24 -34 18 0
-15 44 35 0
20 42 -47 0
-39 -2 -14 0
9 50 -34 0
-15 -31 3 0
16 5 21 0
2 4 37 0
31 -16 42 0
48 25 -8 0
-19 14 5 0
48 -48 37 0
-48 -4 48 0
-33 -16 34 0
-26 27 -10 0
21 -20 28 0
40 41 21 0
-9 20 -3 0
35 -24 18 0
15 -34 -36 0
-24 37 -31 0
-43 26 8 0
-34 -8 -41 0
-1 -42 -19 0
-39 -14 -32 0
45 -14 -7 0
19 -16 -45 0
-13 -36 -41 0
6 -15 -38 0
-37 25 10 0
-17 -41 -36 0
44 11 40 0
-37 32 15 0
14 16 -10 0
-38 -16 -49 0
-45 12 -35 0
-46 37 -46 0
30 -23 10 0
-22 34 21 0
22 18 9 0
-33 35 3 0
-37 -50 24 0
1 31 -1 0
-5 -9 46 0
-15 -23 5 0
-37 -23 48 0
24 -40 10 0
31 -28 13 0
39 40 -12 0
-40 9 -41 0
-44 4 15 0
22 6 33 0
46 18 -46 0
18 -12 -17 0
-13 -9 36 0
30 -20 13 0
-29 -2 15 0
-20 19 -14 0
18 -5 -7 0
-10 8 -6 0
46 -11 39 0
21 42 -13 0
-32 28 -39 0
-48 -23 11 0
-38 48 -36 0
-24 -4 47 0
32 -16 -18 0
-49 -10 50 0
-18 -1 48 0
21 -42 -40 0
-17 15 -34 0
28 47 -1 0
27 4 5 0
-49 44 -47 0
-50 42 -7 0
43 22 15 0
-43 34 16 0
-49 41 -14 0
-6 -37 41 0
-27 -36 24 0
1 -12 -28 0
-38 -19 -13 0
-41 6 -4 0
-49 49 4 0
-10 -10 28 0
24 -25 2 0
-43 -17 -31 0
-37 -13 15 0
24 2 36 0
44 9 24 0
41 -36 17 0
50 26 -4 0
14 27 -22 0
-5 46 31 0
22 -20 4 0
49 -40 33 0
40 -49 15 0
11 34 41 0
1 27 -2 0
-24 32 26 0
-7 11 -9 0
-28 -3 12 0
-44 -29 -33 0
3 -2 23 0
28 30 -22 0
34 6 28 0
-13 -41 -31 0
37 2 47 0
42 -32 -16 0
37 21 -29 0
-25 39 10 0
49 9 10 0
-17 38 48 0
-8 -31 -2 0
-20 1 10 0
-25 -6 6 0
35 42 46 0
23 9 39 0
-18 45 42 0
-25 4 -32 0
-5 13 -30 0
-44 -32 12 0
35 6 42 0
2 -11 14 0
-31 4 9 0
26 -29 -35 0
-10 -32 20 0
13 37 -22 0
-12 -35 -4 0
21 -6 -3 0
-12 -41 20 0
-1 -9 42 0
-36 17 27 0
46 23 -4 0
-36 23 39 0
-44 34 -12 0
-8 48 -5 0
