c CNF generator v0.9
p cnf 50 312
25 34 17 0
48 8 -24 0
34 6 -18 0
-39 -6 33 0
-26 -12 40 0
-27 -5 -13 0
-6 -20 7 0
13 -41 28 0
12 -23 46 0
3 39 -15 0
-49 36 -3 0
24 11 -23 0
-37 31 -42 0
18 38 33 0
-13 20 -31 0
-11 -41 -23 0
-40 39 -48 0
-10 39 -18 0
20 9 18 0
14 -9 36 0
-9 -10 -9 0
25 -34 -35 0
-17 18 -50 0
46 -26 49 0
8 -10 -5 0
-38 -8 50 0
-43 -7 30 0
6 37 -28 0
-42 -2 -43 0
25 49 6 0
16 -5 -2 0
-26 32 42 0
-41 -15 34 0
-14 -47 -10 0
28 6 -41 0
-38 -1 -18 0
-36 46 -43 0
-34 2 -39 0
28 37 -22 0
19 38 -5 0
32 -44 33 0
-12 -45 27 0
-2 -14 -15 0
-16 10 -47 0
10 -32 38 0
3 32 42 0
43 -36 31 0
38 -19 -9 0
9 30 -14 0
50 -14 -47 0
18 -42 34 0
50 -48 46 0
31 20 -39 0
-8 15 50 0
48 -4 39 0
-32 12 -35 0
-13 21 -1 0
-13 -4 4 0
-39 -32 15 0
46 6 29 0
43 -24 -19 0
49 32 35 0
8 4 28 0
-6 32 11 0
-43 20 35 0
-30 37 1 0
-27 -31 43 0
40 27 -48 0
-50 -23 17 0
12 -40 22 0
47 -45 32 0
35 45 40 0
-9 16 14 0
-8 31 -15 0
-27 -18 -14 0
4 -22 -15 0
-4 -20 19 0
-50 45 -29 0
33 -40 -32 0
-18 19 28 0
-19 -32 -15 0
-15 50 -14 0
27 10 -45 0
2 23 13 0
-31 -43 -27 0
-31 9 41 0
12 -48 49 0
35 -9 45 0
-32 -47 -24 0
12 -37 -42 0
5 -15 36 0
-21 -10 36 0
37 46 49 0
32 -39 38 0
-16 -4 -11 0
16 -4 -13 0
18 -14 29 0
-42 -26 -5 0
-22 -48 -44 0
15 -4 -40 0
35 -2 28 0
9 46 -44 0
33 36 -19 0
-4 29 21 0
-30 14 -26 0
15 28 -28 0
-20 -35 -13 0
-3 30 -24 0
2 -15 42 0
10 18 -45 0
23 11 12 0
16 -26 -49 0
-29 -20 44 0
-42 -26 32 0
-13 49 -44 0
-31 37 -9 0
-28 9 20 0
41 -21 -33 0
46 -15 27 0
-26 -50 2 0
47 -48 14 0
28 6 -7 0
1 -4 3 0
2 28 7 0
-25 39 43 0
39 30 36 0
-27 24 -22 0
26 -35 12 0
28 -17 21 0
4 27 -27 0
-3 32 22 0
47 28 -37 0
-18 -48 48 0
-48 39 4 0
15 47 -2 0
22 26 8 0
-39 -21 -49 0
26 11 15 0
-38 31 20 0
18 -22 15 0
44 -16 -47 0
25 21 -1 0
22 -15 -14 0
-13 -49 7 0
6 41 -29 0
-44 -30 31 0
12 -22 -38 0
-23 49 25 0
38 30 18 0
-45 -4 22 0
10 34 -13 0
-4 -31 -14 0
11 -45 -35 0
13 -15 -15 0
30 -21 9 0
44 -25 -15 0
35 -11 -3 0
32 -6 3 0
-21 -7 46 0
-28 31 -21 0
38 22 -22 0
8 -13 -48 0
-30 -47 35 0
-47 -44 -26 0
-28 -21 -27 0
2 -9 13 0
24 34 -20 0
5 50 -43 0
35 -18 44 0
-28 -47 5 0
30 33 30 0
-27 21 -7 0
-37 -14 43 0
39 -21 6 0
25 -13 5 0
-17 24 -24 0
-42 3 -15 0
-21 15 -10 0
33 -26 36 0
-29 25 20 0
11 11 48 0
28 24 -3 0
-47 45 -2 0
-37 -43 -26 0
45 1 22 0
30 3 -2 0
40 18 -47 0
-19 -21 49 0
-30 7 48 0
-18 -26 -46 0
-2 -3 3 0
40 -8 -5 0
-34 14 43 0
8 -2 -14 0
-44 30 36 0
11 31 -34 0
-17 20 41 0
-26 -27 -18 0
28 -5 -21 0
44 -45 -47 0
7 -7 2 0
-26 1 -40 0
17 6 -15 0
4 -34 -4 0
44 -30 23 0
31 -36 -28 0
-15 44 -14 0
-39 2 17 0
4 21 13 0
-22 -28 36 0
46 -18 20 0
-6 44 45 0
18 -26 -23 0
-4 -7 -32 0
28 22 -17 0
-40 23 23 0
39 -9 -40 0
-16 -41 -3 0
49 -30 -35 0
-6 -13 -9 0
11 -32 9 0
14 16 44 0
7 -43 26 0
8 -9 30 0
-38 3 -20 0
46 19 -6 0
-47 -2 -38 0
21 -27 -21 0
-38 -30 -41 0
7 8 30 0
-21 -15 5 0
-41 -23 49 0
-16 -27 -5 0
41 -11 25 0
-38 41 -39 0
31 9 3 0
31 -9 26 0
-43 -28 6 0
-7 -6 -12 0
50 -36 3 0
-35 -2 -32 0
-36 -1 6 0
-47 -43 -15 0
-44 -29 25 0
28 10 34 0
11 -29 -21 0
42 -40 -34 0
-14 -48 23 0
24 6 2 0
-2 33 22 0
8 7 8 0
-42 -14 -44 0
-3 -23 21 0
10 -27 -49 0
14 -44 26 0
43 -22 -27 0
47 24 -48 0
1 -9 5 0
-3 -18 3 0
13 -3 42 0
-36 49 -21 0
27 34 11 0
27 -27 48 0
38 42 -4 0
45 1 42 0
17 -24 -41 0
9 12 20 0
47 -5 35 0
15 25 -24 0
-45 -35 43 0
-31 -4 -29 0
-17 34 -26 0
8 -50 16 0
-40 43 28 0
41 25 26 0
26 -26 -44 0
17 -39 44 0
-38 15 20 0
-50 31 28 0
33 -17 47 0
3 38 -35 0
-8 -30 -35 0
-2 -37 -17 0
-44 -13 25 0
39 -37 -39 0
-50 -15 44 0
11 -40 31 0
-47 -17 -25 0
28 -44 -28 0
-21 -31 22 0
34 1 -14 0
-5 20 -26 0
-1 8 -42 0
-29 -50 28 0
-1 29 16 0
-34 -3 -7 0
-16 -29 -14 0
32 39 16 0
-45 -38 21 0
26 -21 34 0
-43 7 -10 0
31 -35 38 0
42 13 -2 0
37 -23 35 0
20 -24 46 0
-3 15 -7 0
-17 36 -34 0
-33 -4 7 0
-6 13 5 0
43 26 47 0
14 17 28 0
-4 22 36 0
