c CNF generator v0.9
p cnf 50 312
-39 -48 6 0
41 25 49 0
-39 -34 -49 0
39 -48 -24 0
45 -22 9 0
-14 -23 43 0
-39 -2 24 0
34 26 43 0
46 -39 6 0
1 39 -3 0
28 46 -2 0
-10 36 -19 0
10 11 -5 0
-21 40 -18 0
-48 34 31 0
-25 25 -9 0
-29 44 12 0
9 27 32 0
-11 40 34 0
21 26 -34 0
-26 43 -7 0
-44 -30 30 0
29 -48 36 0
30 -16 -9 0
-13 -37 -30 0
31 7 -13 0
26 -19 33 0
25 -35 19 0
23 3 2 0
25 -43 42 0
44 -40 20 0
27 -48 10 0
22 2 21 0
-8 17 -12 0
40 18 18 0
31 -31 -27 0
-21 -11 46 0
-44 -29 2 0
24 22 -19 0
-33 47 9 0
33 50 46 0
-49 -12 7 0
-37 27 -16 0
28 -2 43 0
-9 -23 -8 0
44 -39 15 0
11 20 -10 0
-22 31 36 0
-40 11 33 0
-29 10 50 0
-18 -29 6 0
-21 -34 50 0
13 48 -30 0
7 41 14 0
48 24 13 0
38 42 1 0
25 2 38 0
33 47 15 0
-49 29 38 0
4 9 -16 0
36 50 -42 0
-28 -14 30 0
26 49 40 0
10 26 32 0
28 -23 26 0
-31 25 -20 0
28 -9 11 0
44 8 -26 0
-11 24 41 0
40 -3 -10 0
50 47 1 0
10 28 -18 0
32 45 -20 0
36 6 -14 0
7 7 -28 0
41 16 -2 0
-29 49 -14 0
-17 47 -14 0
-4 13 4 0
-4 -49 29 0
3 9 -24 0
30 5 -30 0
-22 -32 40 0
-30 -21 -18 0
45 45 49 0
30 44 -18 0
40 34 15 0
13 -12 47 0
-28 -30 -36 0
-7 -50 6 0
45 -26 37 0
25 10 -34 0
-34 42 -23 0
10 -16 9 0
29 43 6 0
-40 -32 -21 0
-42 -48 -47 0
3 -37 -22 0
-21 -5 1 0
19 -32 4 0
-41 13 -32 0
-13 31 17 0
48 -49 -15 0
11 50 -33 0
35 45 -40 0
-25 -16 25 0
-10 9 -47 0
-33 23 1 0
-22 -15 7 0
6 20 -45 0
46 -4 -5 0
33 -47 22 0
-15 -44 37 0
49 -32 -15 0
-33 25 -5 0
20 -8 40 0
50 -24 -18 0
-44 20 -50 0
10 16 50 0
13 38 46 0
-32 -20 -30 0
24 36 21 0
42 50 42 0
-41 -30 -11 0
13 -40 14 0
18 -30 6 0
28 -20 10 0
-17 12 14 0
-45 -23 -30 0
4 -30 -38 0
3 -3 -4 0
46 13 -41 0
21 31 -5 0
27 36 -5 0
42 5 13 0
22 6 34 0
-20 -11 -12 0
32 -29 -30 0
-36 -17 -21 0
33 -29 50 0
2 -42 24 0
2 -35 -49 0
-49 -29 -6 0
28 24 11 0
39 41 -23 0
-1 25 -15 0
19 -7 35 0
-19 -10 -38 0
-16 15 5 0
-15 -29 4 0
-34 -48 -5 0
-14 -37 22 0
-9 8 -27 0
-27 -5 -8 0
-22 27 37 0
-29 5 -19 0
-1 -18 49 0
-12 -15 -29 0
-49 -6 43 0
-13 40 -23 0
-50 35 -9 0
48 46 -18 0
-30 37 24 0
45 -29 6 0
25 -33 6 0
-29 26 -46 0
-26 -15 -23 0
3 26 49 0
-5 45 33 0
44 15 18 0
-26 45 -47 0
27 -6 13 0
-34 -32 15 0
12 -30 44 0
-28 -6 6 0
33 28 29 0
12 -49 24 0
-9 -3 34 0
-23 -44 50 0
7 10 39 0
21 -50 18 0
-35 -16 -23 0
30 33 32 0
12 25 -8 0
33 -21 25 0
-31 -28 8 0
48 33 -12 0
-29 21 -48 0
-36 16 36 0
21 -1 -10 0
44 49 -46 0
-6 31 8 0
2 15 15 0
12 20 9 0
12 47 -49 0
-45 3 7 0
19 -13 29 0
-34 -20 26 0
-50 -2 13 0
21 23 -21 0
-38 -40 -13 0
40 33 6 0
-23 -26 -6 0
-15 -31 6 0
-15 41 37 0
10 43 -50 0
6 -12 -38 0
26 21 -22 0
38 -39 -12 0
7 10 35 0
41 -40 -50 0
-43 -44 45 0
24 -16 45 0
31 -34 29 0
-12 -37 -8 0
10 -12 18 0
-1 -38 -14 0
1 7 19 0
-36 17 -7 0
-35 -24 34 0
23 7 -22 0
40 28 15 0
-45 -12 2 0
-20 16 13 0
35 -9 6 0
4 -13 37 0
42 -46 -43 0
42 -43 6 0
22 -39 -4 0
48 -27 -24 0
14 -5 29 0
-48 42 -2 0
20 4 12 0
-13 49 -18 0
40 10 18 0
-49 20 -19 0
-35 40 36 0
-41 -30 -24 0
-47 47 -7 0
14 -16 46 0
-10 -39 23 0
-44 -48 34 0
-9 -13 -7 0
33 44 48 0
22 -27 -4 0
11 20 12 0
-42 -48 35 0
21 -11 9 0
38 -12 44 0
4 2 1 0
16 21 10 0
3 43 -15 0
28 -14 13 0
45 24 -8 0
9 -33 25 0
-46 -30 -20 0
42 2 20 0
-20 16 6 0
42 -7 -3 0
8 47 47 0
-48 -25 -16 0
23 -24 -17 0
-41 -39 33 0
39 -33 -14 0
15 -36 45 0
-32 -18 -38 0
34 -39 44 0
15 3 43 0
-30 45 -37 0
50 17 14 0
2 -41 -35 0
-49 -12 28 0
-32 6 9 0
-22 2 47 0
-21 42 36 0
-47 -2 20 0
-17 -19 -10 0
-10 11 -38 0
-45 -41 34 0
-50 -12 -32 0
37 12 5 0
46 -20 -31 0
16 -39 26 0
-36 29 36 0
-17 19 33 0
30 18 -36 0
-14 -40 14 0
-14 -21 -16 0
-18 17 22 0
-36 15 4 0
35 12 19 0
15 19 -48 0
7 -25 -15 0
3 23 34 0
-43 -24 -26 0
40 -26 -7 0
9 -22 -15 0
-39 18 -19 0
44 -3 -17 0
-48 -12 -18 0
24 -27 35 0
9 -49 18 0
-2 36 -27 0
-19 -13 26 0
-25 31 41 0
-11 48 -17 0
-29 -15 11 0
46 42 -49 0
-43 -38 46 0
11 -37 5 0
-39 8 28 0
-17 -21 -4 0
