c CNF generator v0.9
p cnf 50 312
6 21 -10 0
-33 21 -48 0
-37 -6 17 0
-40 -7 -12 0
16 21 5 0
-6 18 -15 0
40 48 41 0
41 11 -1 0
-33 13 -36 0
18 15 9 0
8 -27 -21 0
28 46 -28 0
-18 41 -50 0
5 -29 36 0
41 -17 30 0
26 -8 8 0
32 -36 29 0
-35 14 29 0
14 -37 -22 0
-42 10 41 0
-7 -7 -45 0
-23 32 -29 0
46 2 19 0
-20 -40 10 0
-36 25 33 0
11 45 -2 0
-24 -12 5 0
-20 -48 -41 0
-17 -19 -45 0
-50 -25 18 0
-24 35 1 0
6 6 44 0
26 -15 -26 0
3 -16 31 0
-10 14 8 0
28 -14 -48 0
39 -37 -43 0
-13 -36 38 0
-42 19 46 0
-9 -38 -16 0
22 20 49 0
13 18 38 0
-7 -46 -35 0
-11 -11 -5 0
-22 -28 -6 0
13 23 -17 0
-13 24 -14 0
-31 28 -11 0
-39 1 49 0
49 50 11 0
29 19 -4 0
41 -44 43 0
-1 39 -47 0
15 27 36 0
4 -49 11 0
11 26 1 0
-16 16 42 0
-42 -45 11 0
45 28 40 0
46 -47 45 0
-12 -33 -8 0
45 -17 35 0
7 27 -20 0
16 -38 -22 0
-18 -40 -6 0
47 29 13 0
47 -5 43 0
4 14 -40 0
-36 -42 -38 0
19 48 -9 0
-8 9 23 0
32 26 -27 0
-37 31 -35 0
39 -38 17 0
38 -2 -39 0
26 16 45 0
23 -48 -25 0
41 46 27 0
44 36 5 0
-18 17 10 0
19 -30 -20 0
1 -9 16 0
30 1 48 0
4 48 -25 0
-41 -26 6 0
49 10 20 0
-20 -4 -9 0
-44 36 27 0
-40 39 -37 0
39 -8 -49 0
24 -43 -7 0
-9 22 25 0
-20 -25 16 0
-43 25 -21 0
27 7 -34 0
5 6 -7 0
-49 22 -17 0
32 -29 -49 0
-46 -23 17 0
-35 -32 15 0
43 21 50 0
30 -50 -24 0
-36 -30 -32 0
-18 18 -41 0
-48 -21 -2 0
26 43 -20 0
43 38 -15 0
-49 -27 -4 0
9 -47 -39 0
11 45 -15 0
1 18 -19 0
-15 5 34 0
1 -18 50 0
-12 9 4 0
21 -49 9 0
-2 -26 -11 0
-28 -6 -40 0
3 34 -5 0
9 -11 23 0
41 11 -12 0
-50 -45 -15 0
28 -16 -42 0
26 -35 30 0
-39 -7 41 0
31 -25 23 0
-4 46 25 0
-38 39 -27 0
-5 46 49 0
34 2 23 0
-48 -30 -33 0
-17 -38 -44 0
41 31 23 0
-28 -34 -23 0
-43 37 -13 0
13 -46 37 0
-15 -42 -36 0
-35 11 7 0
-44 36 -29 0
39 4 27 0
12 -37 -47 0
-24 46 38 0
39 26 -13 0
23 -28 16 0
-1 -1 40 0
-34 -45 16 0
-7 25 36 0
28 -17 -37 0
-30 -19 47 0
14 7 -7 0
-6 -27 -7 0
9 -42 -33 0
-20 6 34 0
-40 21 48 0
13 14 6 0
43 16 -15 0
-22 22 22 0
-13 -25 12 0
-2 22 31 0
-48 -36 -11 0
-25 -34 -12 0
-21 32 -23 0
23 50 -8 0
-50 -15 -48 0
38 3 -28 0
4 -39 -46 0
38 -31 48 0
12 17 22 0
-15 36 -43 0
43 -1 -28 0
-24 -41 5 0
-50 46 -33 0
25 42 -16 0
-5 -9 1 0
22 17 -30 0
-11 -10 2 0
18 -34 4 0
32 -3 26 0
46 8 -41 0
24 -10 -26 0
-50 -27 -3 0
-22 9 -44 0
-8 -41 14 0
-14 36 23 0
24 44 19 0
-11 -13 7 0
-1 -8 39 0
-26 44 4 0
-15 4 28 0
23 38 -50 0
31 29 28 0
-16 -26 37 0
-5 -32 -20 0
-19 -16 -13 0
-17 -23 17 0
-10 32 -6 0
40 -49 39 0
15 -9 -17 0
-1 4 -1 0
45 -1 -23 0
-36 24 -37 0
-48 16 3 0
-46 50 38 0
-4 -21 -11 0
5 -10 -3 0
-40 9 9 0
-13 -10 -29 0
-30 36 39 0
-8 14 1 0
6 4 -32 0
13 -49 -16 0
29 22 -11 0
10 -36 4 0
35 -18 -15 0
41 12 29 0
41 9 -16 0
49 -34 -45 0
47 42 -11 0
-48 -49 6 0
48 10 24 0
50 11 -35 0
-9 36 -47 0
-22 -7 14 0
9 8 -15 0
31 -6 16 0
11 19 -7 0
-14 -33 -36 0
28 -35 6 0
-29 -6 34 0
17 4 -48 0
30 29 -31 0
31 21 41 0
-15 -13 -46 0
-36 -25 36 0
44 -27 -38 0
19 -39 -50 0
-18 15 -25 0
-33 -23 -4 0
44 -1 31 0
42 44 30 0
-5 -8 -33 0
-32 -30 -11 0
-15 22 -33 0
-11 25 -42 0
5 42 20 0
33 9 44 0
50 -42 20 0
42 29 -32 0
-7 2 2 0
-44 -50 32 0
-12 -19 5 0
-46 34 9 0
-15 -49 19 0
37 36 17 0
-27 -25 4 0
45 20 -47 0
-10 9 13 0
4 22 -24 0
29 7 4 0
25 16 24 0
28 -37 -7 0
-35 -32 -43 0
37 -27 2 0
16 36 -40 0
18 3 25 0
-42 44 46 0
8 -33 -5 0
47 -26 44 0
45 -25 -29 0
-36 -26 10 0
-13 -11 -40 0
-23 -7 3 0
50 -29 -46 0
-9 30 43 0
-2 31 -43 0
-19 -36 3 0
-17 15 7 0
12 18 23 0
31 -34 -49 0
5 -50 15 0
20 -11 13 0
15 -3 -11 0
28 41 34 0
50 36 -29 0
-35 31 -15 0
36 -8 -18 0
-18 46 -6 0
12 39 23 0
8 17 -40 0
-9 -33 26 0
27 -21 28 0
29 49 4 0
-39 42 -20 0
22 1 -20 0
31 -11 4 0
-22 -37 30 0
39 -6 -33 0
5 45 3 0
18 -6 7 0
27 32 13 0
36 -29 1 0
-46 -48 -29 0
-34 -44 -11 0
7 -21 -13 0
-49 23 9 0
43 30 30 0
-46 -26 -24 0
-47 21 12 0
-18 -4 -25 0
-47 25 28 0
-40 38 -49 0
24 -4 50 0
-12 -38 31 0
