c CNF generator v0.9
p cnf 50 100
49 15 13 0
5 14 -30 0
-24 23 -26 0
-39 13 -30 0
17 -6 2 0
-20 -25 -43 0
-42 46 -50 0
37 -49 -1 0
-21 -28 25 0
-40 10 41 0
-30 -46 17 0
38 -31 -24 0
-32 -31 3 0
20 -7 25 0
35 -14 -14 0
13 6 45 0
-2 3 33 0
7 -24 -4 0
-33 34 -5 0
41 -4 -29 0
36 -8 2 0
35 -12 44 0
3 18 40 0
-1 48 16 0
5 -29 -9 0
43 -35 -25 0
-41 44 24 0
-28 15 4 0
33 -15 17 0
44 -40 -16 0
-40 -43 13 0
20 -31 41 0
38 16 -23 0
-25 -10 11 0
29 3 33 0
25 15 49 0
13 -6 16 0
-20 18 3 0
-44 22 -43 0
-30 -15 20 0
22 24 1 0
-37 -2 17 0
-4 40 19 0
-50 -40 8 0
10 -7 24 0
-29 35 -16 0
28 -20 -8 0
2 33 -2 0
44 -34 43 0
37 -15 -5 0
33 -41 -37 0
-18 -49 2 0
-9 21 41 0
4 -24 -16 0
-20 -14 -2 0
-31 -43 -5 0
43 23 35 0
40 -2 -35 0
36 38 33 0
42 7 49 0
1 -34 -14 0
-1 -49 43 0
-25 -25 -44 0
-22 -7 -26 0
-23 -3 -22 0
-24 45 34 0
-36 23 24 0
-2 5 -15 0
-11 1 -3 0
2 -2 -43 0
31 -13 5 0
15 40 31 0
17 49 -9 0
5 -34 1 0
1 48 10 0
9 20 -40 0
-9 30 -48 0
3 42 20 0
-27 -42 -50 0
-49 18 8 0
19 8 15 0
7 -7 49 0
-4 2 13 0
27 -37 50 0
35 -32 -39 0
23 16 7 0
-20 -4 7 0
-20 47 41 0
-7 44 12 0
49 7 29 0
36 -32 -43 0
32 50 43 0
-47 -35 -29 0
-24 23 -7 0
-38 -3 37 0
-43 35 3 0
-7 16 -42 0
20 -25 -39 0
-2 -18 -43 0
-37 -4 -2 0
