c CNF generator v0.9
p cnf 50 100
37 -44 -44 0
-15 17 34 0
-40 39 22 0
-14 42 38 0
-3 -21 -23 0
-36 -44 -34 0
18 8 43 0
33 16 27 0
-48 33 -27 0
-38 34 -43 0
-10 48 14 0
-47 12 -4 0
9 -39 34 0
-35 24 3 0
-16 47 -11 0
-20 -33 -4 0
43 38 33 0
3 -44 16 0
-3 -16 -28 0
-35 38 -42 0
-31 32 -4 0
35 -15 30 0
11 -14 4 0
-24 41 8 0
-41 3 -3 0
-43 46 -1 0
5 -15 -1 0
-24 -24 34 0
-7 -16 -50 0
-25 -48 -48 0
-28 -48 28 0
-26 -43 -32 0
-12 -10 -46 0
39 -28 -22 0
-16 41 -23 0
11 -11 -20 0
-10 -6 48 0
-6 -11 -21 0
-28 -30 2 0
-46 -47 -44 0
-50 -11 28 0
-15 43 -4 0
-18 -27 30 0
-47 -49 -36 0
35 27 -41 0
-46 46 -45 0
-50 -32 -38 0
-3 -15 -37 0
23 -39 -27 0
-39 -27 -29 0
8 -47 -12 0
-2 35 -23 0
-11 8 21 0
49 40 13 0
22 -47 -15 0
-19 18 14 0
36 -27 24 0
32 -24 36 0
24 -13 -8 0
48 -7 -22 0
-50 23 -39 0
-9 -30 -3 0
24 -13 22 0
4 -29 -46 0
40 4 43 0
8 -7 -4 0
-21 -27 -15 0
-45 -42 -20 0
-22 49 48 0
24 -25 2 0
-10 4 46 0
-30 -46 -8 0
-34 46 11 0
42 -33 -4 0
-1 -1 5 0
-38 44 -49 0
-33 -12 43 0
30 -13 3 0
-2 15 47 0
2 -13 50 0
-12 25 -24 0
3 -19 -35 0
22 -30 25 0
-32 -42 -2 0
-12 -43 -26 0
-23 6 42 0
-38 -30 -29 0
-2 -3 24 0
-19 10 -18 0
23 50 22 0
22 27 15 0
24 18 -42 0
-15 30 27 0
-41 -15 19 0
-27 12 32 0
33 -50 -31 0
33 16 21 0
16 13 48 0
-17 12 -24 0
8 22 -30 0
