c CNF generator v0.9
p cnf 50 100
40 1 27 0
-12 -16 45 0
-12 19 47 0
-17 -17 6 0
-31 -11 -29 0
-27 -44 -33 0
19 33 19 0
36 -37 -21 0
12 37 20 0
17 -37 -15 0
-40 45 -16 0
-9 2 -7 0
20 -16 -30 0
-4 -9 -7 0
-42 -18 48 0
5 18 6 0
-5 37 -50 0
33 49 -8 0
-50 8 24 0
-2 35 49 0
14 13 43 0
33 -48 10 0
22 42 -19 0
8 32 -34 0
40 -48 6 0
-4 -9 41 0
7 30 -31 0
27 36 -18 0
47 48 -35 0
-24 43 -22 0
30 -25 -7 0
-4 21 -30 0
-37 31 26 0
22 -47 31 0
-9 7 -32 0
7 -25 -19 0
-19 -48 -31 0
8 -3 35 0
33 9 -28 0
-26 20 2 0
30 -21 43 0
-38 -18 30 0
-20 4 37 0
-14 22 23 0
-41 -5 40 0
-21 39 -31 0
32 27 25 0
14 42 41 0
23 -15 35 0
47 -49 38 0
1 44 44 0
27 -27 -19 0
-23 -42 -11 0
-40 48 8 0
-18 19 -19 0
-6 19 -37 0
23 45 39 0
-22 -30 -7 0
-26 17 19 0
-31 36 -31 0
-20 48 4 0
42 7 -2 0
-34 41 -20 0
19 33 2 0
32 -1 25 0
-35 -9 29 0
25 13 9 0
-21 20 45 0
42 8 37 0
21 -11 -48 0
10 15 -3 0
-3 36 20 0
-19 13 -2 0
-8 -14 -19 0
17 4 27 0
26 21 37 0
11 -45 23 0
1 15 -25 0
-8 -14 -10 0
9 -39 12 0
41 -50 -18 0
23 2 -11 0
5 30 -38 0
12 -44 -29 0
38 -19 -15 0
28 34 -36 0
36 -11 -35 0
40 -6 -46 0
41 45 -46 0
-25 -13 -16 0
-25 -42 4 0
-7 8 21 0
2 -22 -22 0
20 -28 49 0
-24 36 47 0
42 24 -21 0
-7 20 28 0
31 40 4 0
29 10 6 0
-3 8 -4 0
