c CNF generator v0.9
p cnf 50 100
-18 -39 -18 0
22 14 24 0
-47 17 -41 0
-42 -43 -20 0
41 -42 -42 0
25 -1 28 0
36 44 -23 0
19 36 15 0
37 -3 -9 0
-3 -3 -3 0
-28 -18 37 0
11 8 30 0
47 20 39 0
-18 -31 19 0
1 -33 45 0
18 -33 13 0
31 22 14 0
-42 -30 -48 0
21 -21 20 0
-9 16 -48 0
-43 38 41 0
31 -33 -14 0
-2 48 -14 0
-33 22 46 0
-46 8 8 0
-38 -9 44 0
-31 17 7 0
11 25 10 0
47 40 26 0
-25 -31 49 0
-21 23 -24 0
-43 50 21 0
-10 28 -6 0
-8 22 -42 0
4 -40 -29 0
11 25 -29 0
-42 32 36 0
40 -27 9 0
-34 20 -12 0
-2 -26 30 0
16 -21 39 0
44 -11 42 0
-49 1 -48 0
-41 36 -16 0
-22 2 -19 0
49 -44 23 0
-14 30 9 0
-33 40 -46 0
15 -45 45 0
-32 -44 34 0
-5 36 14 0
4 34 -40 0
23 -14 -43 0
-44 -9 -34 0
35 13 30 0
-47 -44 -37 0
47 38 -39 0
-19 32 -31 0
39 -31 47 0
7 45 -1 0
-14 38 -27 0
-39 45 34 0
14 15 -13 0
-27 -41 9 0
-26 -49 -33 0
-21 6 16 0
15 18 4 0
50 -7 -27 0
30 2 -17 0
12 32 -19 0
-7 -35 -32 0
4 2 30 0
44 13 40 0
-15 41 -9 0
-21 -16 -35 0
4 46 -26 0
-43 -49 -22 0
27 -49 5 0
-30 -29 15 0
16 -25 -46 0
-8 7 48 0
44 -37 48 0
-44 19 -49 0
6 -34 26 0
-41 15 -38 0
10 30 39 0
-6 -8 -23 0
-17 50 46 0
-27 3 6 0
-4 44 25 0
44 -8 -3 0
-5 -19 11 0
18 -20 -14 0
-16 -29 8 0
26 -40 -24 0
-50 23 -6 0
21 5 37 0
3 -32 -2 0
41 -37 18 0
35 -47 -34 0
