c CNF generator v0.9
p cnf 50 100
2 36 40 0
41 36 -20 0
-19 41 41 0
6 21 5 0
1 -41 27 0
31 26 1 0
12 48 39 0
-41 -9 -27 0
28 -37 -33 0
28 38 4 0
44 4 35 0
4 14 47 0
-19 -22 39 0
-48 27 -3 0
3 5 19 0
-40 36 -20 0
-35 41 -38 0
27 23 1 0
-45 -24 -41 0
-21 33 -44 0
-2 2 -41 0
28 -20 -33 0
-17 20 -26 0
-21 17 36 0
40 22 22 0
-27 -37 -31 0
-19 -46 -32 0
-36 40 -37 0
38 -23 -27 0
10 -31 37 0
39 5 2 0
-4 -49 43 0
48 -41 9 0
-37 -15 50 0
-20 -33 -32 0
19 42 46 0
41 2 19 0
41 -20 -42 0
-50 4 50 0
-36 41 23 0
-16 -25 5 0
-37 22 -18 0
46 28 -44 0
-20 -48 33 0
28 36 -20 0
-38 -38 -42 0
-7 30 -2 0
29 45 -10 0
38 27 3 0
-36 -19 3 0
11 46 -26 0
-6 -25 -42 0
41 -21 24 0
-39 33 -45 0
-3 -11 25 0
-10 21 15 0
30 -23 -23 0
-15 -42 15 0
-23 47 -34 0
-35 -9 26 0
-11 -4 3 0
23 -11 -4 0
17 23 36 0
-5 44 26 0
48 31 32 0
11 -4 12 0
31 48 -42 0
-14 28 16 0
-39 -2 8 0
32 -17 7 0
-42 -25 -15 0
28 43 16 0
9 -16 -10 0
-49 8 12 0
-8 33 -41 0
32 37 34 0
-28 18 25 0
27 -29 12 0
7 25 -13 0
4 2 27 0
37 -23 40 0
-45 21 -24 0
38 43 -37 0
-29 2 21 0
-16 -46 34 0
-8 -36 20 0
7 13 -5 0
-10 23 17 0
-19 -16 34 0
-40 13 -33 0
-46 41 37 0
-5 -16 -2 0
-25 -9 -18 0
9 21 32 0
17 -46 -28 0
-31 43 12 0
-22 -3 48 0
37 48 42 0
-1 14 -16 0
25 -5 7 0
