c CNF generator v0.9
p cnf 50 100
-3 -47 31 0
25 -47 37 0
13 39 48 0
-23 -44 -3 0
8 -3 48 0
-42 -49 -18 0
42 -31 -45 0
11 -25 22 0
-10 11 25 0
32 -40 18 0
-15 -24 -24 0
-32 -35 16 0
-31 -8 -12 0
-50 15 13 0
-4 -36 -31 0
44 33 40 0
-19 34 19 0
31 48 32 0
2 45 -40 0
-10 -31 -35 0
-42 40 -12 0
42 15 -35 0
12 -28 30 0
-40 36 7 0
44 6 -28 0
-25 12 22 0
-17 -26 -20 0
2 -26 -10 0
-50 -38 -47 0
-34 26 -34 0
-1 -8 -36 0
14 25 40 0
-40 -20 -18 0
45 -1 -19 0
27 -46 24 0
33 1 -35 0
22 -43 -12 0
-38 8 -8 0
31 -45 -9 0
-14 -14 11 0
-28 -20 21 0
-50 50 -45 0
-42 -26 9 0
-27 -39 39 0
41 -28 -21 0
18 -7 15 0
-27 -12 25 0
28 50 28 0
45 -23 28 0
-31 43 36 0
40 4 -46 0
42 31 48 0
46 -13 17 0
-22 7 17 0
5 -22 -21 0
-15 31 -39 0
-27 -42 -48 0
-38 -3 -22 0
33 -33 -32 0
-41 -30 11 0
44 -38 -43 0
4 -4 -46 0
-43 37 36 0
22 -24 45 0
18 14 16 0
-42 15 4 0
-5 -21 -39 0
44 20 -30 0
48 -1 38 0
25 33 4 0
-19 13 -35 0
26 -27 -43 0
42 22 35 0
13 -46 36 0
-20 -11 -18 0
36 31 10 0
38 -19 -39 0
-38 3 39 0
9 -16 50 0
-31 31 -20 0
40 3 -29 0
46 -8 -22 0
-10 27 -19 0
-14 34 -3 0
-5 9 13 0
4 41 -4 0
-17 -2 -17 0
35 6 26 0
13 -34 44 0
-10 20 -31 0
-50 45 -32 0
28 16 -3 0
-45 1 -9 0
-35 25 -29 0
44 9 -19 0
-50 -9 -41 0
36 -42 15 0
-40 -46 26 0
-46 34 1 0
-2 -26 -10 0
