c CNF generator v0.9
p cnf 50 100
1 -26 11 0
46 -30 -45 0
-27 47 4 0
-4 29 -8 0
32 -46 1 0
-44 41 -10 0
8 -50 30 0
-34 -6 -48 0
-41 -48 -27 0
25 -13 40 0
-29 44 -6 0
38 19 -9 0
-44 3 -6 0
28 -50 1 0
41 -39 -34 0
47 45 8 0
7 -5 2 0
-37 45 -35 0
-9 -3 -44 0
18 46 -25 0
-26 -37 -18 0
-1 36 20 0
-7 29 21 0
30 1 25 0
-19 48 43 0
-19 18 -35 0
-2 47 -35 0
-9 -6 -48 0
-33 42 20 0
-10 -17 15 0
6 -7 31 0
40 -49 -14 0
27 15 27 0
46 42 28 0
-36 -44 -14 0
-45 47 39 0
27 -31 20 0
-36 33 48 0
45 -33 32 0
30 19 -27 0
-12 1 -4 0
-25 -42 19 0
17 36 33 0
43 34 -35 0
20 -34 47 0
37 -1 42 0
45 -41 -31 0
39 -29 -48 0
20 -46 -22 0
-12 26 23 0
-2 -46 1 0
33 42 5 0
-41 36 -22 0
17 21 22 0
-44 28 -28 0
-37 -50 4 0
-42 21 -17 0
5 -4 1 0
30 -33 14 0
-49 -29 -25 0
-38 41 -19 0
-12 34 -22 0
47 9 8 0
-23 -2 -4 0
1 50 -1 0
41 12 36 0
45 -18 -42 0
12 -50 -11 0
-28 -23 -39 0
30 -37 11 0
-28 -38 -24 0
-43 27 -27 0
-30 -44 -34 0
37 41 -44 0
41 34 1 0
-43 -46 25 0
31 29 -9 0
49 19 9 0
14 -9 -5 0
-8 46 -10 0
35 45 -18 0
-33 10 -43 0
47 17 -6 0
20 5 -19 0
19 -48 -27 0
5 24 -30 0
-17 -4 46 0
-48 -22 15 0
-17 3 -15 0
-46 -36 48 0
34 -8 42 0
27 -47 15 0
47 27 35 0
6 -48 49 0
38 -40 30 0
13 -33 -9 0
-37 41 48 0
-12 41 23 0
-40 -31 -50 0
28 38 20 0
