c CNF generator v0.9
p cnf 50 100
-37 -40 34 0
-8 -34 37 0
3 -35 -1 0
-11 33 -16 0
34 -46 45 0
-11 8 -12 0
12 -34 -17 0
37 -42 49 0
-8 -26 -13 0
28 -12 -25 0
-46 -34 -34 0
1 -17 34 0
23 -33 -35 0
-2 -45 -39 0
44 6 32 0
-24 -20 36 0
-16 30 43 0
-29 33 -42 0
-34 34 31 0
21 -26 -34 0
36 26 17 0
-3 21 -15 0
38 45 24 0
-38 46 18 0
-41 -5 -50 0
34 30 8 0
8 -27 -35 0
-7 -43 17 0
-27 -50 22 0
-18 46 -46 0
-44 3 -18 0
-3 11 26 0
26 -22 6 0
5 -10 46 0
29 17 -20 0
-7 14 -1 0
-4 42 19 0
3 32 43 0
3 -30 -41 0
-11 -26 3 0
-41 5 5 0
-7 -47 42 0
45 -12 47 0
22 43 -24 0
-1 -13 -2 0
-42 -2 8 0
-7 4 23 0
50 25 8 0
-47 -12 -33 0
-44 47 15 0
46 10 -16 0
-20 19 -30 0
9 -33 -39 0
29 3 -32 0
-13 40 22 0
30 19 -47 0
-45 -26 30 0
-28 -4 -49 0
-45 -33 43 0
-27 5 -6 0
-2 13 8 0
41 -1 -31 0
-43 -47 44 0
25 24 27 0
50 8 2 0
-28 -15 9 0
23 -14 30 0
-44 11 -1 0
36 9 -29 0
-25 -43 26 0
-38 -8 22 0
19 1 -2 0
-28 13 37 0
-8 -36 48 0
-18 48 16 0
-40 -22 -46 0
-32 40 25 0
-32 29 17 0
7 -14 -16 0
-46 -25 36 0
-2 15 -1 0
42 -25 17 0
2 36 24 0
-41 -17 -39 0
48 8 -14 0
-29 -39 2 0
24 -44 -17 0
-9 48 -31 0
10 -8 13 0
-48 46 -3 0
30 39 -19 0
-22 44 -48 0
29 -33 15 0
19 11 -22 0
29 46 24 0
26 26 39 0
-30 -10 20 0
18 28 -14 0
23 50 -41 0
31 45 -15 0
