c CNF generator v0.9
p cnf 50 100
21 33 -14 0
-27 -38 -43 0
-14 23 4 0
-12 46 27 0
-49 33 -23 0
-11 50 13 0
-18 -22 27 0
47 33 -18 0
32 12 -26 0
-42 37 -47 0
-48 -13 -49 0
16 11 50 0
25 38 -18 0
37 45 -19 0
-6 -37 -48 0
-8 -28 6 0
48 -25 -16 0
46 33 -25 0
13 31 -23 0
27 24 30 0
-39 -1 -42 0
18 29 -35 0
12 -11 24 0
-17 49 -4 0
39 -2 -29 0
-25 22 46 0
2 -34 21 0
-15 -37 -3 0
-20 -27 -10 0
21 42 38 0
-13 31 34 0
-20 37 -16 0
45 40 9 0
-23 47 -18 0
7 -38 -16 0
24 13 46 0
-42 -47 -7 0
50 26 39 0
-7 -5 -27 0
29 29 -15 0
49 34 31 0
43 -16 38 0
44 4 -28 0
-26 48 -11 0
49 23 39 0
-26 15 -10 0
13 45 -27 0
26 -5 14 0
-39 45 -30 0
-26 36 -20 0
-32 35 20 0
23 28 26 0
-3 48 -21 0
-24 11 -7 0
21 4 -37 0
-11 -37 -18 0
36 -28 -19 0
-24 -49 -49 0
-4 -36 36 0
-24 -17 -14 0
-45 48 32 0
1 6 50 0
-20 23 13 0
-10 40 -22 0
-6 -38 -45 0
-44 -32 -26 0
-19 -12 -21 0
-12 -3 29 0
-24 -28 -42 0
-14 -50 14 0
30 -44 -30 0
15 21 21 0
10 41 23 0
-46 -41 -38 0
8 25 36 0
16 -20 -44 0
19 -14 40 0
-17 -39 14 0
16 -34 -38 0
25 12 10 0
25 35 -1 0
42 50 47 0
14 9 40 0
-46 -19 43 0
-4 28 -11 0
37 30 22 0
44 24 -38 0
-14 -1 -17 0
35 4 -18 0
11 5 34 0
-2 43 15 0
-12 -42 21 0
4 50 29 0
-2 3 -14 0
-41 40 47 0
-24 -13 38 0
26 50 -48 0
9 -40 1 0
40 -8 -37 0
46 3 50 0
