c CNF generator v0.9
p cnf 50 100
-27 -38 46 0
-44 -29 -23 0
-19 -44 43 0
27 30 -33 0
1 -27 30 0
16 -43 -7 0
-8 26 9 0
14 -27 4 0
-20 21 -30 0
-43 -23 17 0
-6 -42 -41 0
-26 -36 43 0
-11 -42 3 0
-44 18 -50 0
48 -6 47 0
44 -1 -24 0
-31 41 -29 0
-41 41 41 0
3 28 -32 0
-7 27 -17 0
50 -12 -17 0
30 36 5 0
-47 11 -31 0
8 25 6 0
50 11 -27 0
10 -3 23 0
-9 42 13 0
1 28 -44 0
11 42 -25 0
-46 39 3 0
-41 -43 22 0
-28 15 50 0
36 20 49 0
-18 -9 40 0
10 40 50 0
-21 47 20 0
-34 41 31 0
-2 17 3 0
43 -43 14 0
33 13 18 0
-17 10 43 0
-43 -19 11 0
20 -20 3 0
-1 50 29 0
10 -6 38 0
46 22 45 0
12 18 21 0
3 12 5 0
-33 -35 -6 0
-6 38 24 0
20 -27 -36 0
-23 12 19 0
1 -21 37 0
-18 25 -24 0
33 16 -25 0
36 37 44 0
4 44 14 0
-10 -10 -2 0
-1 -19 -8 0
-23 34 -17 0
-43 -37 -15 0
11 -46 -3 0
3 41 21 0
-44 50 49 0
32 -22 -8 0
10 31 -7 0
-33 -37 -36 0
10 23 -34 0
16 12 14 0
32 -4 -48 0
31 -4 38 0
-47 -43 34 0
-13 -36 42 0
38 39 35 0
47 -32 11 0
-3 -15 37 0
-8 17 -14 0
18 20 -24 0
16 5 48 0
-10 -44 22 0
33 -24 -21 0
-16 1 -12 0
2 4 25 0
35 -10 10 0
-45 -10 -20 0
-4 -23 -49 0
-17 7 -28 0
10 3 -2 0
11 16 -29 0
29 44 6 0
-44 37 -29 0
-1 -11 -17 0
-18 50 -16 0
-5 47 -23 0
-7 9 -12 0
-23 -27 35 0
13 -14 -12 0
8 -41 21 0
48 21 -5 0
-50 36 44 0
