c CNF generator v0.9
p cnf 50 100
34 13 -10 0
-22 47 20 0
-22 -7 37 0
32 -30 35 0
18 2 -40 0
-41 29 -42 0
-45 -14 -24 0
-40 11 -10 0
-49 40 38 0
41 41 -2 0
18 25 27 0
-26 22 -4 0
26 -26 26 0
-15 -20 -27 0
-22 -40 4 0
-47 21 -35 0
-32 -31 -4 0
36 15 41 0
-26 -49 -23 0
-32 -13 34 0
31 -9 -39 0
37 46 -32 0
6 10 -36 0
41 14 21 0
-28 8 -4 0
12 7 31 0
50 -22 -13 0
-13 -42 10 0
-36 -29 -38 0
-33 -30 -22 0
-12 47 16 0
31 -8 -34 0
-13 49 28 0
-20 6 -32 0
-47 6 -24 0
-8 -38 -45 0
-46 13 31 0
32 14 -43 0
33 -50 24 0
-31 -49 -50 0
32 -23 12 0
-9 24 14 0
33 10 -32 0
-22 -11 -4 0
-18 35 -4 0
-19 50 43 0
-4 -10 -7 0
30 38 -47 0
30 17 4 0
21 -24 19 0
-7 -34 15 0
39 -2 44 0
14 50 -40 0
9 -32 -47 0
-33 33 6 0
-22 49 -21 0
22 27 6 0
28 -13 -30 0
14 -12 35 0
-1 31 -13 0
-8 33 -38 0
35 27 -26 0
47 28 -4 0
-9 -48 48 0
-36 30 36 0
45 31 1 0
20 -14 7 0
-44 23 -35 0
33 -9 -40 0
43 -33 -11 0
28 -16 -41 0
31 36 -28 0
-26 41 50 0
-29 -30 -35 0
27 27 -24 0
-35 -46 -42 0
39 -4 22 0
-45 41 34 0
-41 35 25 0
-18 47 22 0
-12 39 48 0
-17 24 -38 0
24 -49 -41 0
3 -39 47 0
-9 -5 -50 0
-22 -2 25 0
14 33 -32 0
-8 -43 -10 0
40 4 -40 0
-31 12 -19 0
-22 -11 20 0
-30 39 44 0
-24 -18 -12 0
-36 -46 46 0
-8 -27 9 0
-45 5 -27 0
15 -14 -50 0
38 -40 -45 0
-23 -45 32 0
28 -40 -17 0
