c CNF generator v0.9
p cnf 50 100
-48 24 33 0
-23 -34 11 0
-10 -3 -38 0
-14 -4 -46 0
-47 -26 -10 0
47 13 -3 0
-12 11 -39 0
-33 34 16 0
-3 3 2 0
50 -2 5 0
29 -10 -40 0
-6 -10 -49 0
5 25 -50 0
30 -43 -37 0
42 12 49 0
-4 -13 18 0
-30 33 -38 0
-40 -21 -4 0
-40 27 -19 0
14 12 40 0
4 16 8 0
-1 45 42 0
22 -34 -28 0
17 -46 19 0
41 20 -22 0
-47 -16 -14 0
41 -15 -17 0
-4 18 28 0
-26 35 19 0
-8 -8 2 0
-49 -1 41 0
-15 -36 -26 0
32 -9 -10 0
13 26 32 0
16 -10 -9 0
-19 13 49 0
-18 20 -42 0
-38 -32 -37 0
48 -31 4 0
-33 35 -43 0
-34 32 -1 0
-49 40 40 0
15 -23 21 0
-16 -44 -36 0
-40 -6 34 0
4 -16 -22 0
40 -21 -29 0
-10 1 33 0
24 -15 -40 0
45 40 29 0
35 27 25 0
7 -3 -2 0
37 36 -9 0
28 -40 30 0
48 -1 26 0
21 27 29 0
-30 37 -15 0
-28 -27 14 0
-46 -31 3 0
-7 42 40 0
50 -34 -39 0
-34 34 31 0
7 22 22 0
-11 -46 -38 0
-13 -27 16 0
-44 1 46 0
23 -29 20 0
32 -6 -6 0
-17 2 -1 0
-16 42 31 0
-22 19 18 0
48 -5 8 0
7 35 -23 0
-8 22 -50 0
36 -14 -6 0
-44 11 48 0
-34 -15 32 0
-48 39 -4 0
33 12 -35 0
19 -3 -44 0
-3 -3 17 0
-23 5 -34 0
3 -16 12 0
18 -10 35 0
-21 48 43 0
-25 36 -33 0
-16 5 15 0
-50 4 50 0
-2 -25 -29 0
9 15 -44 0
38 24 -41 0
-15 33 4 0
-45 1 49 0
-1 26 47 0
49 -45 -11 0
-36 24 27 0
33 -8 50 0
-47 17 13 0
-41 -22 42 0
5 5 28 0
