c CNF generator v0.9
p cnf 50 100
-27 17 -22 0
10 -14 -50 0
-26 -21 17 0
35 -44 -29 0
-49 -9 -46 0
33 -34 22 0
26 -45 33 0
43 -46 -14 0
-9 14 -21 0
-10 18 -33 0
-43 47 42 0
10 -32 -29 0
49 -35 -40 0
14 -4 -18 0
4 -41 14 0
13 32 23 0
-12 -5 -50 0
-34 -17 44 0
23 -50 12 0
-20 -19 4 0
15 41 35 0
1 4 34 0
43 15 29 0
27 -25 5 0
-6 -31 42 0
-22 -33 42 0
-17 33 12 0
20 40 -2 0
-11 -27 -48 0
19 -41 -9 0
-28 -43 -33 0
-45 21 -39 0
-8 -6 -1 0
40 32 -37 0
-5 11 16 0
-19 -19 21 0
-25 25 33 0
-18 -36 -17 0
48 -49 -33 0
-27 50 45 0
-23 21 -17 0
38 -6 -25 0
-31 -42 -18 0
22 -8 37 0
24 -22 11 0
-46 18 -23 0
33 24 45 0
8 8 18 0
-39 -26 -23 0
-14 36 -9 0
-13 -50 -5 0
40 -24 -19 0
-30 -11 -45 0
47 5 -41 0
11 -24 7 0
37 -41 -32 0
46 -46 -44 0
-39 25 -48 0
-36 29 49 0
16 -11 35 0
14 -40 -7 0
40 5 -13 0
19 -32 11 0
-18 25 -35 0
12 -43 12 0
-29 -38 -18 0
47 -10 -37 0
42 2 20 0
1 1 1 0
-10 -18 -41 0
-22 -4 25 0
-16 -24 -20 0
32 46 -7 0
11 41 -8 0
48 42 26 0
-6 31 38 0
-44 -49 21 0
36 -7 -10 0
3 27 30 0
-35 42 -37 0
12 -25 -48 0
-5 15 -44 0
24 40 -25 0
-7 -8 4 0
29 1 16 0
23 6 26 0
36 1 -8 0
26 5 -12 0
-46 -48 -26 0
-14 -34 4 0
39 -36 42 0
48 -41 -31 0
-8 47 -49 0
38 36 34 0
-44 -11 49 0
9 21 28 0
-46 -11 39 0
-49 -30 41 0
-14 6 12 0
33 26 34 0
