c CNF generator v0.9
p cnf 50 100
5 -38 8 0
-9 -26 -42 0
31 10 -22 0
-25 50 -10 0
-45 -22 -45 0
-43 47 -22 0
12 2 19 0
-46 -39 28 0
-21 20 4 0
-16 -46 -47 0
-44 29 11 0
30 -14 40 0
50 2 15 0
-40 -28 33 0
20 -43 23 0
-5 11 -31 0
-12 15 -3 0
33 4 -47 0
4 -38 -43 0
-46 32 -7 0
2 28 30 0
-27 -31 50 0
37 -4 -47 0
16 -41 42 0
-31 -22 50 0
-35 -24 11 0
29 8 -8 0
-14 10 21 0
-25 2 -38 0
-46 -32 -10 0
-48 -45 22 0
-26 -17 7 0
-41 26 15 0
34 -43 -48 0
-47 -15 -14 0
31 -32 20 0
-12 -28 -29 0
-50 -23 28 0
-23 -10 -45 0
13 -32 48 0
-11 -7 -19 0
-24 -2 -21 0
23 49 15 0
-18 -22 -19 0
-4 34 50 0
-27 -47 10 0
-43 -13 38 0
-34 19 28 0
-25 -31 -40 0
30 25 44 0
8 8 32 0
17 16 19 0
-48 -18 2 0
5 -41 -19 0
5 43 -4 0
1 12 33 0
-47 -36 27 0
45 42 -26 0
-8 -22 -28 0
-28 -40 46 0
50 -2 46 0
-42 -23 -31 0
-42 -30 -47 0
31 -25 9 0
-1 21 26 0
49 7 -33 0
11 40 14 0
16 43 -8 0
44 36 30 0
-5 37 12 0
-7 36 5 0
50 10 -32 0
4 -1 4 0
-17 -9 -44 0
48 -15 -4 0
-30 -23 -13 0
3 18 -27 0
-12 -19 19 0
31 -40 -36 0
-38 31 -25 0
34 -50 -25 0
-10 40 -17 0
36 45 -1 0
-38 22 24 0
24 -39 -19 0
-44 -46 7 0
-29 29 17 0
37 45 45 0
14 -4 -37 0
-7 -42 -29 0
-23 16 37 0
20 -25 -7 0
10 -43 41 0
-7 45 -38 0
11 27 -13 0
25 33 -46 0
14 -8 10 0
-8 -19 -34 0
-7 -9 45 0
-41 -47 -18 0
