c CNF generator v0.9
p cnf 50 100
-8 12 -48 0
-42 48 4 0
41 -5 -27 0
17 36 29 0
-45 4 41 0
7 10 23 0
-34 -30 -46 0
-43 -24 -26 0
-14 -41 -32 0
11 24 -49 0
-49 45 46 0
-46 -41 -47 0
37 42 -9 0
-14 -32 11 0
-42 9 -15 0
-35 -48 -17 0
10 50 -50 0
5 -20 12 0
-28 -9 -21 0
39 14 33 0
12 8 46 0
-10 -19 -10 0
-46 23 -20 0
-38 -14 35 0
-40 -2 43 0
24 19 -35 0
-28 -14 24 0
-25 41 -25 0
19 -14 -47 0
-36 28 41 0
33 26 1 0
-43 -47 49 0
-1 -38 -11 0
-36 1 -44 0
-7 -12 -2 0
-39 38 20 0
9 5 -39 0
37 -35 5 0
-43 -32 -47 0
33 43 15 0
-46 -4 -33 0
30 24 19 0
-18 28 12 0
-1 29 29 0
48 42 6 0
-21 6 2 0
-31 -38 -28 0
-41 -35 48 0
-8 -50 13 0
1 -24 -48 0
-44 24 41 0
18 -46 -16 0
-43 20 30 0
27 -49 19 0
20 17 5 0
-5 -13 26 0
8 23 44 0
-12 42 -39 0
-36 39 31 0
-42 -7 -8 0
-22 -8 32 0
-9 3 38 0
40 -20 -36 0
35 -33 15 0
-12 22 -46 0
12 -44 26 0
38 -31 -12 0
-38 2 48 0
-25 -3 -5 0
-27 -33 -43 0
-3 -49 50 0
-18 -15 10 0
44 33 26 0
-2 37 29 0
43 42 -8 0
-28 21 8 0
-38 20 5 0
49 -14 -41 0
-23 -44 13 0
-9 1 46 0
-10 -41 18 0
-30 -8 35 0
-31 22 5 0
3 -38 2 0
44 -22 48 0
-40 -8 -41 0
33 -5 -41 0
-19 37 -26 0
-27 -8 -29 0
5 -10 -39 0
27 8 -20 0
43 40 -6 0
8 35 -15 0
-37 18 -3 0
18 21 42 0
-27 14 -47 0
-9 -2 -47 0
32 -5 48 0
-38 4 39 0
26 6 25 0
