c CNF generator v0.9
p cnf 50 100
-7 -31 -31 0
39 48 25 0
-23 -36 12 0
-14 8 26 0
-34 -37 31 0
-11 -18 -33 0
20 29 -8 0
-36 -15 -16 0
8 -21 -11 0
28 -26 16 0
-45 45 46 0
-21 8 -26 0
17 15 -20 0
-50 -29 -27 0
-18 -32 -25 0
1 -36 -32 0
-16 -17 13 0
26 30 -31 0
44 -22 -18 0
-1 -25 36 0
39 -12 -18 0
-30 4 -26 0
-18 13 5 0
-37 -21 -2 0
-22 -42 -13 0
49 -42 18 0
2 -15 4 0
42 -3 45 0
-9 -4 34 0
32 -39 -43 0
-5 -19 13 0
47 35 33 0
-24 26 -33 0
47 41 33 0
-26 6 9 0
-1 25 40 0
11 -37 -33 0
-16 -8 48 0
31 -21 -19 0
41 1 -20 0
-5 -13 41 0
35 -20 49 0
22 41 18 0
20 32 -4 0
45 -3 33 0
-43 -10 26 0
-32 -34 40 0
15 -44 -37 0
5 31 -25 0
-50 18 -21 0
47 -41 5 0
10 42 2 0
-29 -43 -2 0
16 -30 -6 0
-1 40 -20 0
24 24 -25 0
-44 4 -25 0
23 49 20 0
-39 21 40 0
-44 -10 -38 0
24 -16 8 0
-13 41 -14 0
-13 -10 26 0
-7 -41 -13 0
-15 -42 -24 0
25 -9 -46 0
-13 -43 25 0
47 -18 15 0
45 45 21 0
28 -15 37 0
41 10 -47 0
-28 7 18 0
-33 -45 36 0
4 15 -49 0
-5 -9 37 0
-42 -5 25 0
-1 -37 7 0
8 -1 1 0
-5 1 24 0
47 9 -16 0
37 -1 -44 0
16 43 -43 0
-18 6 -7 0
32 -14 -42 0
10 36 44 0
23 -10 26 0
18 5 -32 0
46 -40 -25 0
11 25 -4 0
-23 -22 20 0
10 22 -27 0
-20 24 -30 0
-17 -9 -9 0
-19 -21 46 0
-30 -44 1 0
-2 9 27 0
26 21 -24 0
37 50 33 0
46 -14 -49 0
29 15 -37 0
