c CNF generator v0.9
p cnf 50 100
-44 20 -8 0
-28 36 -36 0
28 -30 9 0
-9 -24 16 0
-20 6 14 0
-16 -39 45 0
-10 3 -25 0
43 -39 -36 0
-1 -8 -17 0
-3 -9 33 0
-9 -38 -42 0
13 27 24 0
-43 37 -21 0
-12 -19 13 0
-45 27 -48 0
21 32 40 0
16 13 -21 0
-19 43 38 0
-20 -28 -19 0
-25 16 -26 0
15 27 -4 0
50 12 19 0
-35 38 40 0
-47 -41 -3 0
14 28 -9 0
-9 -29 -24 0
18 13 18 0
-30 -50 -13 0
7 21 -11 0
28 29 -2 0
-47 39 -35 0
-41 -24 -37 0
-48 43 30 0
-28 -48 -31 0
33 -45 -30 0
24 34 10 0
42 3 2 0
-9 -45 -47 0
31 -39 -11 0
-45 -12 23 0
-15 -44 -48 0
-47 50 -4 0
-9 3 24 0
-35 -25 38 0
38 -7 38 0
-44 -9 -13 0
-22 -11 -39 0
43 -7 10 0
37 50 -11 0
-32 -39 21 0
43 18 -5 0
31 34 40 0
36 26 -46 0
-44 17 1 0
-50 11 14 0
41 -5 -17 0
-27 47 10 0
-19 -40 -38 0
-47 -25 -7 0
39 8 30 0
2 12 32 0
9 -5 23 0
13 -50 -1 0
-27 -47 15 0
5 37 29 0
-28 -15 23 0
-43 16 38 0
16 -32 -15 0
28 -12 -18 0
46 50 6 0
-47 -11 4 0
19 18 4 0
-19 -15 11 0
-11 -3 8 0
16 -44 28 0
19 -37 -36 0
-20 41 -17 0
9 -47 -31 0
14 -40 -8 0
4 4 -5 0
5 36 26 0
-38 -45 -8 0
3 3 -44 0
19 -6 33 0
-13 -39 2 0
3 -5 -8 0
8 17 -22 0
30 -25 24 0
-30 42 -5 0
16 48 10 0
-49 -2 -32 0
13 -24 23 0
5 -26 -31 0
-10 -24 -5 0
36 -3 45 0
20 21 -22 0
20 10 34 0
48 -12 15 0
19 -3 -13 0
-43 36 48 0
