c CNF generator v0.9
p cnf 50 100
10 -6 33 0
32 38 32 0
49 -48 22 0
41 7 -7 0
46 -6 -35 0
-9 -29 33 0
38 31 -10 0
-38 34 -48 0
-50 -48 -17 0
-44 7 39 0
-15 -10 13 0
11 -49 -28 0
7 -6 45 0
-50 20 -21 0
8 45 -28 0
-20 -23 -36 0
1 19 12 0
-41 -3 15 0
-18 -5 -8 0
48 22 -34 0
-50 32 25 0
-1 29 44 0
24 20 8 0
50 -43 3 0
6 -16 34 0
-33 -46 21 0
16 -34 6 0
-26 -3 25 0
-24 30 3 0
-5 -50 -29 0
15 14 12 0
15 22 11 0
35 50 -43 0
36 49 -27 0
-5 -10 -34 0
-21 -47 -13 0
44 -23 26 0
-8 2 40 0
-19 5 6 0
25 13 10 0
-32 -11 46 0
-16 -29 39 0
46 33 -12 0
-17 -16 -18 0
-30 11 13 0
45 17 -50 0
-39 19 36 0
42 14 -34 0
5 9 10 0
14 -37 -12 0
26 -33 14 0
1 -18 -8 0
-6 46 -13 0
27 16 5 0
-21 -22 -31 0
44 24 -4 0
19 39 -29 0
5 49 8 0
34 18 -43 0
33 12 -40 0
12 -29 -25 0
2 -50 4 0
23 41 -49 0
8 21 33 0
42 -29 -31 0
39 -12 28 0
42 9 -8 0
-27 -45 -44 0
-15 13 -28 0
-40 5 14 0
33 10 -31 0
6 -24 -18 0
-14 40 45 0
3 36 10 0
38 29 -25 0
26 -36 29 0
-16 -6 43 0
30 19 26 0
47 -44 -45 0
-50 -37 -49 0
1 -13 -26 0
-27 -18 -32 0
11 25 45 0
-6 27 -36 0
-28 2 -37 0
-30 -14 16 0
-44 14 -3 0
-41 19 -18 0
-24 29 32 0
9 -49 25 0
-13 -25 -1 0
-30 4 -18 0
49 -1 -39 0
14 -41 5 0
-45 -7 -9 0
26 -46 48 0
-4 -39 17 0
27 31 5 0
41 47 21 0
13 -20 32 0
