c CNF generator v0.9
p cnf 50 100
30 -30 -20 0
-6 -18 39 0
28 -45 -2 0
7 -41 12 0
6 -28 -41 0
-6 -25 -34 0
23 37 43 0
41 15 -42 0
9 -46 15 0
27 43 11 0
-7 -41 35 0
-30 10 -12 0
-14 -37 -4 0
34 6 -13 0
-13 2 -2 0
21 -37 -47 0
-2 38 -23 0
-22 26 31 0
47 1 1 0
49 27 23 0
-9 -43 -13 0
2 19 5 0
-6 15 -19 0
4 49 15 0
-7 27 -41 0
-48 -14 -30 0
-37 -34 -8 0
9 44 9 0
-32 4 -37 0
-50 -9 -24 0
27 31 7 0
19 -13 -47 0
-22 -16 -46 0
-26 5 28 0
7 -10 3 0
-31 -1 36 0
40 3 10 0
-37 -37 42 0
34 2 3 0
-14 -7 -7 0
2 45 37 0
-35 31 -41 0
1 8 8 0
32 -46 -33 0
31 -43 35 0
11 -36 -43 0
26 18 30 0
-6 -22 37 0
12 -40 41 0
33 36 29 0
-20 31 -15 0
10 20 7 0
27 29 5 0
14 -17 2 0
17 35 41 0
31 7 43 0
-45 -27 -31 0
-40 49 41 0
45 20 -34 0
-3 11 2 0
6 18 22 0
36 20 16 0
-12 -29 14 0
-50 -33 45 0
33 -10 -2 0
36 37 -27 0
-20 6 -32 0
-12 -44 9 0
33 -3 -17 0
6 10 -28 0
15 38 -24 0
37 27 -10 0
-38 -29 13 0
26 1 -16 0
-45 11 6 0
38 25 -13 0
6 49 -19 0
-28 49 42 0
17 27 -38 0
14 -19 -16 0
32 -37 -49 0
5 -31 -2 0
-35 -46 -32 0
39 44 12 0
-30 45 38 0
33 -43 -34 0
44 -33 2 0
29 -31 -22 0
-31 19 21 0
8 18 4 0
-11 -21 -23 0
-40 -13 41 0
43 27 22 0
-34 -2 -13 0
17 49 25 0
-32 -40 -41 0
12 2 -25 0
-43 17 -20 0
12 -16 -9 0
-14 -36 28 0
