c CNF generator v0.9
p cnf 50 100
41 26 37 0
35 -48 42 0
-28 -3 -9 0
41 -7 26 0
-49 -13 12 0
12 -5 24 0
12 -29 5 0
-43 -29 11 0
27 -50 -14 0
38 -27 -3 0
-32 9 -14 0
2 36 44 0
33 -35 -30 0
-7 36 42 0
-50 34 6 0
-35 26 -27 0
10 -33 -26 0
-37 13 -21 0
7 3 -36 0
7 1 12 0
-19 46 -20 0
10 -41 26 0
-20 20 -47 0
-19 21 -13 0
22 46 -3 0
-40 -4 -41 0
22 -20 36 0
25 -45 -26 0
-20 -32 -5 0
-37 14 7 0
-37 33 47 0
-39 -12 -16 0
-50 24 11 0
-22 -1 35 0
35 -39 2 0
-7 31 15 0
42 -31 -4 0
-11 43 6 0
18 -26 2 0
-43 39 33 0
42 16 33 0
-25 22 36 0
-45 19 22 0
38 -45 -47 0
-50 -48 18 0
17 13 -45 0
32 41 -40 0
49 -45 50 0
7 -49 30 0
1 -43 -36 0
30 9 -38 0
45 -13 44 0
-1 14 -24 0
-34 -24 -13 0
34 42 25 0
-10 -17 -38 0
-12 -47 -48 0
-16 -11 -30 0
-30 40 5 0
45 35 -17 0
-10 19 50 0
-34 34 -30 0
-29 -19 -36 0
-15 18 38 0
-36 -41 43 0
36 4 -20 0
28 22 -10 0
9 -37 -5 0
48 -26 11 0
-37 49 -2 0
31 24 41 0
50 29 -12 0
-7 -21 -1 0
18 3 -47 0
-17 29 -4 0
-46 20 -29 0
-14 3 21 0
3 -21 -22 0
-33 10 -25 0
29 29 7 0
-35 -28 4 0
11 6 25 0
-29 13 -49 0
-28 17 19 0
15 -1 19 0
-33 28 39 0
-19 -46 38 0
-5 9 8 0
-24 28 -31 0
49 -9 32 0
-41 41 -6 0
-4 38 -4 0
-10 -19 27 0
20 -18 32 0
-42 -6 34 0
21 -4 31 0
1 -22 39 0
49 -40 50 0
41 28 -34 0
-44 13 4 0
