c CNF generator v0.9
p cnf 50 100
-9 -13 -22 0
36 -36 -15 0
-25 -45 49 0
42 -28 26 0
-41 11 -31 0
7 -48 46 0
33 -25 -41 0
46 -47 -27 0
-19 49 -49 0
49 35 28 0
8 50 19 0
-30 34 -34 0
18 -4 -43 0
-22 39 -5 0
-35 -6 -49 0
-15 -2 27 0
-1 24 -26 0
-37 1 -50 0
16 -47 8 0
3 -22 9 0
-12 -49 -29 0
34 -3 9 0
-28 -25 4 0
50 -18 39 0
-22 49 -4 0
-45 -39 -19 0
50 47 50 0
34 36 -46 0
-40 17 2 0
22 -29 6 0
23 30 12 0
-16 -27 22 0
15 -36 8 0
2 30 -1 0
41 31 28 0
30 -2 -46 0
4 43 8 0
2 36 -42 0
-39 9 -2 0
-48 -7 -2 0
-18 -16 33 0
-35 26 15 0
-8 -49 18 0
49 19 -1 0
-36 -49 -28 0
-25 -45 -4 0
-6 -27 -10 0
-1 15 16 0
-9 42 44 0
-16 -43 -40 0
-14 -15 -48 0
-24 -44 -32 0
-5 31 -8 0
38 36 -32 0
38 16 32 0
-17 38 50 0
41 19 49 0
-40 -15 -36 0
-2 41 40 0
29 49 31 0
-40 -7 -13 0
3 4 37 0
17 21 -14 0
-46 20 -1 0
27 -38 41 0
47 -11 -5 0
11 22 19 0
42 44 -19 0
-34 -32 37 0
6 38 -47 0
-12 -24 17 0
16 -10 -41 0
48 25 -48 0
-26 27 -48 0
38 10 5 0
41 -20 -44 0
28 17 -20 0
-28 -11 21 0
5 -26 -25 0
-21 15 47 0
-43 -38 21 0
-41 40 21 0
-12 -39 14 0
-34 50 -13 0
-3 -47 32 0
-3 -31 3 0
23 21 -47 0
13 31 -30 0
-13 -46 -39 0
-23 -38 19 0
37 22 -16 0
21 -44 -10 0
-48 31 13 0
47 -50 -40 0
-8 -49 -40 0
25 48 34 0
-23 49 -49 0
-33 41 -27 0
-34 23 -48 0
-28 40 47 0
