c CNF generator v0.9
p cnf 50 100
-19 40 11 0
-28 24 35 0
29 -5 -46 0
35 -7 45 0
-43 -34 -17 0
-11 -25 -7 0
-20 21 23 0
-1 -41 10 0
11 -49 -12 0
4 13 -29 0
-48 38 -30 0
-15 30 47 0
14 9 -19 0
-43 48 -30 0
3 1 -7 0
-43 -5 24 0
-1 29 -40 0
43 -28 -8 0
-41 20 -15 0
-28 -18 -11 0
-25 -27 -34 0
20 -19 -5 0
-6 47 26 0
-41 50 -12 0
23 -38 -40 0
39 1 -31 0
-48 29 42 0
3 48 -15 0
18 -24 -32 0
11 17 -16 0
4 2 36 0
3 -48 9 0
9 -22 15 0
43 -43 48 0
-40 -28 -27 0
-22 20 -19 0
21 -36 -40 0
-32 -5 12 0
-33 -27 -27 0
-17 -2 -47 0
-21 19 50 0
-30 9 -5 0
36 46 50 0
39 12 -20 0
32 -38 -44 0
-42 41 -7 0
19 25 21 0
-19 -13 -23 0
12 27 -15 0
-33 14 -5 0
7 27 -37 0
23 -20 -46 0
-43 -41 -3 0
-7 -2 -8 0
3 48 29 0
39 48 -18 0
-11 -12 -35 0
-26 -19 -13 0
-38 28 -3 0
7 -50 44 0
5 25 19 0
7 -8 -15 0
-26 6 -27 0
-35 33 -28 0
37 22 -50 0
-4 -44 38 0
10 -11 -13 0
-8 -31 50 0
4 -34 -7 0
13 -29 -37 0
-20 -32 4 0
30 -14 4 0
-32 3 21 0
9 5 50 0
-18 6 6 0
-5 18 -9 0
-15 15 -25 0
-21 -1 33 0
37 23 -3 0
19 -16 -20 0
26 -18 45 0
41 12 38 0
-11 42 -33 0
-27 17 36 0
36 8 -10 0
-49 -9 1 0
6 -12 1 0
18 31 -1 0
1 2 -43 0
22 -48 -1 0
18 8 -8 0
10 20 22 0
13 -7 20 0
25 46 -43 0
15 -9 -49 0
1 -16 13 0
36 -46 -24 0
-25 -13 29 0
18 -36 40 0
-5 -16 -30 0
