c CNF generator v0.9
p cnf 50 100
46 -4 29 0
48 32 41 0
28 16 -31 0
-18 42 4 0
-16 -15 43 0
-16 -9 -5 0
32 27 36 0
21 -24 17 0
22 39 50 0
24 11 -5 0
-17 10 -30 0
39 -8 4 0
-36 -10 13 0
36 15 20 0
37 -33 -33 0
11 -38 -1 0
47 -23 -32 0
-44 30 -33 0
6 -3 8 0
-42 -48 7 0
21 30 21 0
39 33 -15 0
-24 13 15 0
-23 27 4 0
-47 10 -24 0
-42 27 10 0
9 -46 -41 0
-27 -7 9 0
-43 27 -34 0
-29 6 35 0
7 -36 -37 0
-45 4 -10 0
30 -12 -46 0
28 -18 -47 0
-44 50 29 0
-41 -37 34 0
-6 24 50 0
-7 23 -38 0
-31 5 36 0
10 -12 47 0
-47 -34 -48 0
-32 43 -29 0
-25 39 46 0
-25 -26 -32 0
-1 -44 32 0
20 -14 -9 0
24 23 -50 0
42 -2 -7 0
11 38 37 0
36 13 -10 0
48 -31 21 0
36 36 44 0
6 20 -44 0
14 24 30 0
43 10 3 0
6 5 5 0
25 13 -8 0
3 -27 -8 0
-23 34 36 0
-44 -30 -44 0
-4 -19 39 0
50 -8 33 0
-5 31 1 0
-21 37 20 0
15 -17 -46 0
25 29 49 0
-23 -35 -44 0
-14 35 -35 0
-48 -36 -33 0
-28 26 45 0
-23 2 6 0
39 41 37 0
18 13 50 0
1 -18 -37 0
46 18 -19 0
-34 43 -31 0
1 -19 -19 0
46 17 -43 0
-49 -37 9 0
-47 34 2 0
23 -43 -42 0
-6 -35 -4 0
40 -43 3 0
5 26 13 0
19 14 -21 0
-33 3 -36 0
-5 -43 -22 0
-13 -17 37 0
9 -48 -18 0
1 10 11 0
-7 -7 35 0
29 -34 4 0
45 43 42 0
16 -30 47 0
-12 47 -42 0
46 7 15 0
18 11 29 0
-2 -49 7 0
43 -16 -34 0
35 42 -9 0
