c CNF generator v0.9
p cnf 50 100
-25 -24 28 0
38 15 -12 0
1 1 41 0
32 29 -10 0
-16 27 -14 0
31 10 37 0
-22 33 48 0
47 47 4 0
34 -47 38 0
38 4 -19 0
21 9 -37 0
-30 -9 -1 0
-40 46 -16 0
-32 -47 30 0
-13 -32 13 0
-18 21 15 0
-15 38 -14 0
20 -37 42 0
37 50 -6 0
-35 45 -33 0
-43 -23 8 0
-11 8 20 0
-35 19 26 0
32 -17 13 0
-49 -21 -46 0
7 32 -45 0
-23 -37 16 0
-27 26 -8 0
3 40 7 0
49 -11 -48 0
22 -4 26 0
49 -13 -30 0
18 42 -16 0
-34 -2 31 0
-36 -33 -35 0
45 8 12 0
-15 48 -22 0
-38 -41 -10 0
10 -39 -37 0
-6 6 39 0
-46 35 39 0
25 -10 1 0
-8 -42 -10 0
-44 -39 -25 0
33 40 -4 0
-3 -43 41 0
-35 17 -36 0
-4 -6 -31 0
33 7 -36 0
-28 29 43 0
-46 -43 -34 0
45 20 -8 0
16 -18 8 0
-23 36 34 0
-12 -50 42 0
-21 22 -15 0
-12 -35 -11 0
38 16 27 0
34 2 -8 0
20 5 47 0
16 11 -31 0
49 39 30 0
-44 -9 -44 0
-12 -25 -20 0
2 49 -37 0
-31 11 -22 0
11 -33 14 0
33 46 -13 0
-48 39 32 0
-15 -47 -50 0
-30 23 30 0
27 -7 -41 0
-48 -29 31 0
-8 -15 -45 0
17 5 -31 0
32 -38 -17 0
-40 -35 -9 0
-33 -33 27 0
-7 36 38 0
22 -6 -46 0
-24 -44 -5 0
-4 34 -4 0
-33 13 12 0
-43 27 -50 0
14 -49 4 0
6 25 -24 0
5 -48 -32 0
-36 -2 -13 0
31 21 6 0
-8 12 22 0
9 9 -14 0
30 25 -29 0
22 -18 -37 0
-27 8 12 0
-10 -47 40 0
-30 38 -10 0
16 -29 -43 0
38 -5 23 0
50 -19 43 0
15 23 -33 0
