c CNF generator v0.9
p cnf 50 100
21 -45 -33 0
-7 -26 27 0
7 2 14 0
50 31 -2 0
7 45 -34 0
19 36 41 0
7 20 49 0
13 -10 -31 0
-31 2 -39 0
-5 18 -18 0
-25 42 -22 0
-41 -16 -37 0
41 14 36 0
-28 23 25 0
41 37 -41 0
-24 23 25 0
48 -42 -9 0
-19 -45 38 0
19 16 4 0
45 49 -24 0
-50 -40 35 0
-13 31 -39 0
21 28 35 0
-4 31 -13 0
-39 23 42 0
-7 37 24 0
-5 -20 -36 0
-35 26 -41 0
-22 -3 13 0
-8 41 21 0
17 1 -15 0
-32 -20 -23 0
-5 -21 27 0
6 -26 12 0
41 -29 44 0
-4 -42 32 0
-36 23 -4 0
40 -6 32 0
32 45 7 0
-28 13 -41 0
32 46 33 0
3 -17 -17 0
1 24 16 0
17 -5 21 0
12 28 3 0
24 -49 -46 0
7 20 -37 0
39 -48 17 0
-38 -47 49 0
48 -10 -19 0
-20 46 3 0
-2 -46 42 0
-50 4 44 0
-47 32 -31 0
29 -9 22 0
-11 -35 -43 0
6 7 -30 0
-21 49 5 0
23 -24 40 0
-22 -17 -19 0
-22 -17 -18 0
-21 -13 42 0
-46 44 -50 0
22 31 12 0
29 -29 19 0
-44 28 43 0
-38 -2 -2 0
-46 -7 47 0
10 -5 31 0
35 14 24 0
36 22 -33 0
50 -31 -30 0
-30 26 3 0
-30 -12 11 0
-7 31 -13 0
-48 -12 -37 0
12 -47 -15 0
-43 -50 3 0
-44 7 -12 0
19 2 50 0
29 15 -1 0
37 16 17 0
-47 41 2 0
48 11 48 0
-26 16 20 0
49 7 12 0
-28 -12 5 0
22 3 -31 0
11 46 44 0
3 -29 -31 0
-29 -28 -17 0
-13 -22 -22 0
7 -27 -6 0
-49 -5 -50 0
9 -26 -24 0
10 -2 -22 0
-31 -11 -35 0
-23 29 27 0
-3 -28 50 0
-25 41 31 0
