c CNF generator v0.9
p cnf 50 100
-14 -7 9 0
-17 -35 -9 0
-34 -33 -14 0
39 -13 26 0
34 -35 -22 0
7 1 -13 0
30 -38 29 0
-21 32 -3 0
-41 -28 -19 0
-36 26 12 0
24 2 -24 0
28 -44 32 0
-3 -37 42 0
-28 25 -49 0
23 -50 -26 0
23 -5 28 0
37 -37 46 0
48 13 -18 0
-40 -48 50 0
-3 42 7 0
-47 31 -23 0
-7 -24 -36 0
-17 8 4 0
50 34 31 0
23 14 -41 0
7 -20 17 0
5 35 -42 0
-48 34 10 0
21 28 -13 0
5 -3 12 0
-26 -45 47 0
-28 -45 2 0
-10 10 -19 0
-13 20 -43 0
-14 20 -47 0
-36 41 -26 0
-12 32 11 0
-28 5 -11 0
-20 19 -18 0
-44 13 12 0
-49 -13 25 0
-40 50 32 0
14 3 -13 0
50 17 -39 0
1 -10 -32 0
-21 45 2 0
-16 -49 -22 0
16 -37 27 0
-18 40 24 0
45 -22 46 0
-1 31 45 0
23 32 -9 0
-15 35 34 0
-34 -33 4 0
-47 -25 46 0
41 -1 -36 0
-10 -1 -32 0
-6 23 23 0
-41 30 -11 0
37 16 -15 0
-49 2 -25 0
-28 33 -33 0
-1 -34 -24 0
21 35 46 0
-23 -26 -30 0
23 -4 40 0
35 -41 27 0
-44 41 -37 0
37 12 30 0
-32 -43 -46 0
37 -44 15 0
48 13 32 0
5 -40 10 0
38 -48 13 0
10 31 -5 0
40 49 6 0
-16 -7 -12 0
27 -29 -15 0
20 36 2 0
-6 50 -49 0
-24 38 -27 0
-28 43 -15 0
-26 33 -3 0
50 46 -41 0
-48 45 -29 0
-25 -33 -11 0
26 40 -8 0
-19 -27 -27 0
-19 -20 -43 0
-12 -40 49 0
-15 27 -32 0
-19 -22 6 0
-39 27 -35 0
-9 10 38 0
5 -10 -9 0
-21 -16 43 0
19 -33 37 0
35 45 -34 0
-18 -36 1 0
9 -2 41 0
