c CNF generator v0.9
p cnf 50 100
48 -50 -50 0
-3 1 5 0
16 -22 11 0
1 44 17 0
15 -25 20 0
-33 28 -18 0
-32 21 22 0
-10 42 -7 0
49 8 21 0
-31 31 -26 0
2 36 -5 0
23 17 -24 0
-32 -26 -28 0
14 26 -25 0
-2 36 33 0
-26 -20 6 0
-1 -36 9 0
46 19 6 0
47 -47 1 0
22 9 31 0
24 33 -39 0
-35 -9 -26 0
-36 -38 10 0
-18 -5 21 0
-32 -47 14 0
20 16 48 0
-31 -17 -7 0
-34 -43 4 0
17 3 42 0
-6 10 27 0
3 -32 -5 0
-19 49 -27 0
20 -41 24 0
-13 27 -37 0
41 49 1 0
7 33 21 0
45 10 -34 0
30 -49 4 0
29 -3 -29 0
11 11 46 0
-36 34 9 0
-28 22 42 0
-44 -26 12 0
28 -19 -49 0
45 -7 40 0
-25 -28 34 0
19 29 48 0
22 -5 46 0
-38 14 9 0
43 35 -50 0
-10 5 -27 0
24 -30 30 0
32 -17 21 0
4 -19 -43 0
43 -23 -2 0
10 -35 -18 0
15 -41 -18 0
-9 34 -46 0
41 -16 36 0
32 -9 -23 0
35 30 22 0
-33 13 22 0
7 7 -49 0
43 25 -23 0
-24 -32 -49 0
15 47 -46 0
44 13 -22 0
15 -6 -1 0
-4 -41 -15 0
37 -11 34 0
40 19 -46 0
33 39 -12 0
14 11 4 0
44 7 -42 0
26 17 15 0
-39 -31 31 0
6 50 -13 0
-21 -28 -34 0
-3 -23 -5 0
49 -31 -1 0
-49 -17 4 0
27 22 -18 0
-41 -37 -5 0
45 -47 50 0
29 -24 9 0
-3 26 -29 0
35 11 -11 0
-24 -50 -26 0
-17 27 31 0
3 -13 -20 0
-43 -45 40 0
15 21 47 0
-39 27 6 0
-42 2 26 0
21 -50 -1 0
43 -31 -1 0
46 -8 34 0
19 -24 36 0
-37 -9 47 0
18 9 50 0
