c CNF generator v0.9
p cnf 50 325
-17 -24 -29 0
-14 9 42 0
23 -43 -17 0
-39 5 -40 0
-42 -14 47 0
50 -38 39 0
-20 31 22 0
14 4 17 0
-30 12 -17 0
-38 -15 29 0
3 -10 -24 0
38 -34 40 0
44 -31 14 0
19 -30 38 0
-3 -19 27 0
11 3 -2 0
7 -34 24 0
32 31 33 0
-48 -2 32 0
26 -8 29 0
-26 38 -46 0
5 6 11 0
-12 14 27 0
6 43 -43 0
44 -8 25 0
-1 -43 4 0
-34 -50 -16 0
47 17 -15 0
-47 50 30 0
-19 48 -15 0
-35 24 -40 0
-49 -12 11 0
40 31 50 0
25 41 -14 0
40 9 -26 0
21 45 10 0
-17 6 -31 0
47 -7 -19 0
20 -20 -17 0
-11 37 3 0
8 4 31 0
-34 -42 -50 0
40 -9 49 0
7 2 -21 0
14 -20 20 0
-38 3 -44 0
-28 -17 39 0
31 -50 43 0
11 23 -7 0
6 27 -1 0
-32 47 15 0
-1 -45 -22 0
-33 7 41 0
-9 -17 46 0
26 -37 -24 0
-42 38 -30 0
44 -42 29 0
17 30 -48 0
42 -40 -15 0
34 -19 38 0
-36 39 31 0
-34 8 28 0
-9 -29 30 0
10 -34 30 0
35 37 -29 0
6 17 5 0
-31 26 15 0
7 5 -11 0
37 8 -44 0
-1 25 26 0
43 -4 34 0
-43 -33 -44 0
-46 27 32 0
37 41 27 0
5 45 -44 0
39 -25 7 0
-37 8 -38 0
7 -41 44 0
41 18 -18 0
-23 -6 18 0
44 10 -50 0
-15 43 -46 0
-25 14 -4 0
-40 19 -2 0
-33 8 9 0
-34 47 2 0
9 -9 -17 0
5 29 -27 0
-37 -14 -31 0
-32 12 -48 0
21 13 -19 0
23 5 -6 0
1 31 -37 0
-15 -28 20 0
21 3 -27 0
-15 5 -45 0
32 -21 35 0
38 45 -34 0
48 -23 41 0
9 36 -8 0
-47 -9 6 0
9 33 -25 0
18 12 44 0
-37 -12 -43 0
-11 43 -27 0
50 1 9 0
-35 -31 4 0
35 21 -35 0
-21 45 -16 0
-34 -16 10 0
33 43 43 0
8 -48 19 0
-45 -15 -30 0
41 -10 3 0
-1 -17 -20 0
44 -7 -8 0
-6 -50 -36 0
38 40 -12 0
-46 25 44 0
-30 -41 35 0
19 27 4 0
37 40 -3 0
-4 -1 41 0
-6 8 16 0
47 7 -45 0
40 45 -4 0
7 -27 39 0
11 41 -8 0
49 11 29 0
27 -8 -39 0
-10 -32 23 0
-8 6 -1 0
16 9 -36 0
-46 -2 -22 0
-30 44 -39 0
39 -3 35 0
-49 -9 -26 0
-37 45 -49 0
-13 -46 40 0
5 -7 -5 0
-49 39 15 0
18 7 -39 0
38 -40 15 0
49 15 -33 0
39 -38 19 0
16 47 -49 0
13 19 3 0
-10 46 15 0
5 -50 32 0
2 -11 3 0
39 -4 -25 0
-50 20 42 0
-7 -20 -39 0
-39 16 -32 0
-2 -31 -23 0
-7 8 1 0
5 16 22 0
18 -2 -22 0
-20 -46 -13 0
-21 43 -12 0
-48 -14 -5 0
-25 -36 19 0
18 44 32 0
-4 14 23 0
42 23 -18 0
28 10 24 0
32 35 -36 0
-6 -3 -23 0
23 -35 -32 0
-13 -48 11 0
-21 48 34 0
38 36 -40 0
31 -45 -14 0
-46 39 -45 0
-29 10 17 0
-44 -46 13 0
29 26 -33 0
23 19 -18 0
44 17 -24 0
-2 12 -45 0
-19 27 -44 0
-40 -23 -46 0
39 -32 50 0
28 15 14 0
-19 7 49 0
45 -32 -26 0
-34 25 43 0
-41 20 14 0
-38 -31 -32 0
12 18 -30 0
17 18 11 0
34 -32 -2 0
28 9 -46 0
46 1 -5 0
36 -21 -3 0
37 7 47 0
-34 -34 -18 0
12 -10 -46 0
-4 -30 -20 0
-1 40 3 0
-10 -34 24 0
-35 10 -42 0
8 -23 -15 0
45 -28 -49 0
-37 -43 13 0
-40 -27 8 0
27 -50 -28 0
44 -49 9 0
-23 50 -29 0
-2 -6 47 0
11 37 32 0
-1 36 -5 0
19 27 40 0
26 -20 -29 0
-6 8 2 0
-34 35 -27 0
-1 11 -8 0
-21 22 -36 0
37 13 39 0
-32 31 -37 0
22 32 36 0
-19 7 29 0
48 41 13 0
-2 36 27 0
-10 10 41 0
-22 42 -15 0
-29 -35 -2 0
-15 -25 45 0
-13 8 -21 0
-45 -39 47 0
-47 24 -19 0
5 -13 -30 0
22 5 28 0
-19 30 11 0
23 -23 -38 0
-43 32 -21 0
-9 5 22 0
33 30 -47 0
37 -7 -10 0
-36 -17 48 0
-48 -31 -47 0
-31 20 -15 0
-35 -50 3 0
26 -15 -44 0
41 21 45 0
-23 -21 43 0
-19 -37 -11 0
29 -3 -36 0
19 25 21 0
46 38 6 0
-19 18 -14 0
33 19 31 0
28 38 -45 0
-36 15 8 0
12 -43 29 0
-42 40 12 0
16 -34 -1 0
-15 -40 -38 0
-4 -2 -3 0
5 45 -22 0
50 -17 -30 0
-30 -42 8 0
28 15 16 0
45 -34 -3 0
22 -12 -16 0
8 27 -48 0
48 18 37 0
-19 -33 9 0
35 -10 -36 0
-40 24 -43 0
-26 46 -38 0
-29 27 -49 0
-11 -12 -23 0
15 -50 -23 0
24 45 50 0
-46 46 -47 0
-22 12 7 0
-28 39 -23 0
6 -35 49 0
40 48 25 0
19 -24 41 0
11 23 -34 0
-27 -32 31 0
-18 19 27 0
39 -10 -44 0
-3 -25 16 0
-28 -20 21 0
17 10 43 0
19 30 -20 0
-21 -36 29 0
42 40 40 0
38 -46 7 0
4 -39 23 0
-48 27 47 0
-37 8 8 0
35 -39 -20 0
-19 38 10 0
6 -30 8 0
-9 30 30 0
-43 38 39 0
-31 -26 -49 0
8 26 -38 0
-20 25 19 0
-8 19 -25 0
28 5 -50 0
32 14 -47 0
-15 17 1 0
25 23 20 0
43 18 -42 0
-32 -43 -7 0
39 42 21 0
14 26 -7 0
-48 -47 -8 0
-42 -3 -23 0
46 35 27 0
-31 -8 5 0
-38 9 -25 0
37 -17 -28 0
17 48 -41 0
-15 -24 7 0
-50 -35 49 0
16 -5 17 0
-5 43 8 0
31 35 3 0
39 46 31 0
