c CNF generator v0.9
p cnf 50 325
-31 -50 -26 0
-12 41 -16 0
-19 25 43 0
-45 32 -19 0
-40 37 -28 0
-37 -28 -44 0
-9 5 -22 0
5 -2 -35 0
-35 31 -30 0
3 -17 -23 0
49 -9 29 0
29 8 15 0
27 -18 39 0
-37 30 50 0
28 -25 -47 0
47 11 -6 0
-39 49 30 0
-34 -12 29 0
-18 -9 12 0
-45 -33 45 0
24 4 33 0
33 22 46 0
-21 30 -17 0
19 28 30 0
31 18 40 0
-36 26 16 0
-1 12 -7 0
-49 -42 12 0
-34 44 -18 0
26 21 -32 0
-48 29 2 0
5 21 -13 0
-33 -11 50 0
-44 -30 47 0
-50 19 4 0
28 -23 -4 0
24 18 -30 0
20 8 38 0
41 20 -42 0
-27 20 20 0
9 -43 34 0
-25 -28 29 0
30 17 -44 0
35 4 -18 0
7 -17 -21 0
-32 -8 -2 0
-47 36 -17 0
-3 41 -27 0
-21 17 30 0
2 49 4 0
-25 -5 -38 0
50 -29 45 0
-11 -34 17 0
-6 -39 5 0
11 37 -2 0
-11 16 42 0
17 -21 27 0
-31 -14 -41 0
-39 -2 -7 0
-42 40 39 0
-16 -40 -20 0
11 -25 -48 0
-33 -28 48 0
-33 14 11 0
46 -15 -28 0
-6 -3 6 0
5 7 5 0
39 38 -18 0
-42 -36 7 0
43 -16 -35 0
26 -40 -32 0
-28 31 26 0
-25 -6 -29 0
41 18 -5 0
30 -5 -31 0
-48 14 15 0
-7 34 46 0
-11 -41 25 0
-9 -20 34 0
-25 -50 29 0
39 -9 -13 0
24 38 -6 0
-4 9 -43 0
33 -30 -39 0
-23 7 20 0
-7 22 -41 0
14 -23 -50 0
39 -33 22 0
-3 47 -15 0
-9 37 -24 0
-27 3 41 0
6 9 -47 0
29 5 -41 0
-38 -28 46 0
33 45 -6 0
32 -5 39 0
44 4 -3 0
-41 20 -7 0
16 26 43 0
49 48 3 0
23 -4 16 0
17 36 -42 0
45 8 49 0
-8 -40 -11 0
-28 -27 -45 0
-35 -8 26 0
8 36 -3 0
-38 45 44 0
-2 48 35 0
-5 -15 -47 0
25 -44 15 0
-8 -31 20 0
-3 23 -50 0
-40 24 -20 0
-7 19 -50 0
3 -50 34 0
-29 -26 19 0
-45 46 -46 0
15 -30 29 0
-3 49 -36 0
-33 38 1 0
-19 -36 8 0
-4 35 -20 0
-17 -16 11 0
-31 -48 -39 0
-18 -37 -35 0
-13 -31 -38 0
-11 37 -6 0
-28 19 -32 0
42 -36 8 0
-7 8 22 0
-23 41 -18 0
7 37 34 0
25 25 -39 0
6 25 -50 0
44 46 28 0
10 -23 33 0
9 -22 -3 0
-21 16 37 0
-22 11 27 0
-46 -11 -47 0
-31 38 -37 0
7 22 15 0
-32 35 -39 0
8 -5 31 0
49 -17 -13 0
-7 -33 -20 0
12 7 -24 0
22 2 -5 0
-2 -42 -11 0
-13 21 3 0
-15 -38 42 0
1 47 -4 0
-36 -38 -34 0
20 -11 -5 0
35 48 45 0
42 38 29 0
-49 7 31 0
16 7 -5 0
-12 -13 47 0
46 -31 22 0
-23 20 34 0
19 36 42 0
-13 -49 14 0
38 9 -16 0
-24 -20 38 0
50 19 -45 0
50 20 -5 0
-32 -23 -22 0
-33 19 39 0
21 36 -7 0
21 28 -18 0
-42 -50 -47 0
34 13 -6 0
42 1 -18 0
-20 23 -31 0
-24 -38 -47 0
24 -47 -37 0
17 35 -16 0
5 6 -34 0
-43 -5 -27 0
-21 10 32 0
-18 29 30 0
35 -23 8 0
-4 -35 49 0
44 28 -26 0
-18 -9 -32 0
35 -24 43 0
26 32 1 0
-30 -39 -27 0
-11 2 -28 0
15 -49 -32 0
-14 -7 44 0
-1 -35 1 0
15 -9 27 0
-10 -12 10 0
-10 31 -16 0
42 4 49 0
-4 -13 -36 0
6 -38 -8 0
-8 -47 1 0
21 6 1 0
16 -13 10 0
-24 41 37 0
-11 40 -47 0
28 10 -32 0
49 10 -15 0
-47 -15 47 0
47 -16 27 0
-25 40 -31 0
-13 -38 32 0
-32 -19 45 0
10 -11 38 0
-25 33 3 0
9 -9 15 0
-39 11 -44 0
-16 -24 34 0
-6 -34 37 0
30 47 10 0
-5 36 -33 0
4 -27 19 0
45 -5 48 0
30 12 19 0
18 -31 38 0
-49 -17 6 0
-11 -46 11 0
32 5 43 0
-13 -38 -49 0
39 37 11 0
-8 -42 -32 0
-36 -30 -50 0
-34 39 46 0
20 -30 -5 0
-37 38 -2 0
-2 -15 31 0
-30 13 -2 0
-22 28 -40 0
-10 25 -28 0
19 14 -29 0
25 2 -44 0
17 -9 4 0
27 31 8 0
24 36 28 0
12 37 10 0
28 -29 3 0
-38 40 -39 0
-7 28 -34 0
-25 16 -10 0
-21 -3 43 0
25 -11 -26 0
-31 -29 -24 0
25 -20 -47 0
-10 -21 -6 0
-49 8 -12 0
-42 10 -7 0
-45 48 -2 0
-20 -28 35 0
49 13 -5 0
5 19 -23 0
49 -1 -45 0
-8 49 -48 0
23 -10 -32 0
1 43 -47 0
-50 38 -16 0
17 -29 -14 0
26 4 42 0
33 -27 -34 0
-29 -20 -27 0
-45 -29 15 0
-31 25 -43 0
-3 -39 -20 0
-27 43 12 0
46 -50 -16 0
-17 -19 -29 0
-35 -10 -35 0
27 -36 -50 0
-42 31 -26 0
-31 -15 15 0
18 32 21 0
-42 11 18 0
-9 -18 -25 0
-36 -10 15 0
1 7 -49 0
13 -30 -48 0
-27 29 -42 0
-20 -33 40 0
26 -23 -5 0
24 -18 48 0
-10 33 30 0
5 -25 -28 0
48 -11 41 0
24 -16 15 0
39 -17 1 0
12 -13 5 0
-14 45 -34 0
27 -5 -22 0
48 24 13 0
44 6 -25 0
-41 -42 -4 0
16 -3 36 0
-9 -23 -33 0
31 -24 -50 0
-27 -46 -21 0
50 43 -50 0
-19 45 -44 0
2 -6 -9 0
-1 -27 -21 0
7 -5 -7 0
-24 -5 -39 0
5 45 43 0
8 -11 9 0
-41 -31 48 0
-26 3 -2 0
46 -37 -1 0
-20 -42 36 0
37 -43 -28 0
22 28 47 0
36 1 -5 0
-2 -21 -4 0
-14 -3 20 0
-42 26 -16 0
49 35 11 0
6 17 9 0
-11 18 2 0
-17 15 31 0
