c CNF generator v0.9
p cnf 50 325
26 -41 -45 0
-37 18 -13 0
-4 15 35 0
6 48 -7 0
-3 -28 41 0
21 -10 -29 0
-29 49 44 0
-21 20 -18 0
-44 -10 -42 0
-39 -12 25 0
-28 -30 -32 0
-10 7 -37 0
-12 12 32 0
-22 -17 23 0
25 50 -7 0
17 -45 15 0
-12 32 43 0
50 -38 -23 0
-35 -41 -33 0
9 17 28 0
-49 -29 -17 0
-35 -24 -23 0
-8 -33 18 0
-15 -41 -4 0
-19 -39 50 0
2 34 -21 0
45 -16 -13 0
-35 -48 49 0
43 -40 21 0
-40 29 -30 0
-25 -13 -12 0
16 -18 32 0
38 -35 -30 0
25 -25 44 0
-33 11 13 0
17 47 -43 0
-11 3 -47 0
-38 -31 11 0
-8 42 34 0
37 -43 35 0
9 32 42 0
-22 -37 -20 0
11 33 -24 0
24 25 45 0
16 28 36 0
-29 28 45 0
16 -42 -34 0
8 31 -47 0
-5 11 13 0
-41 36 -6 0
10 11 15 0
-30 8 -6 0
-2 23 45 0
20 39 -4 0
-4 -29 6 0
46 -1 -28 0
10 38 49 0
-31 -42 41 0
-23 13 4 0
25 17 -8 0
22 18 24 0
-18 -4 -42 0
4 31 43 0
-17 -26 6 0
-10 29 29 0
-12 48 -2 0
20 -25 25 0
1 -1 -50 0
27 28 -48 0
10 -28 49 0
-45 42 12 0
12 48 36 0
21 -21 33 0
1 43 29 0
-14 4 -48 0
-32 -26 12 0
41 44 47 0
-9 50 14 0
-28 32 -43 0
-40 12 11 0
1 -12 -5 0
-36 -49 12 0
-34 3 25 0
38 11 -39 0
18 -3 -23 0
-14 -49 -47 0
9 43 43 0
-15 -34 -21 0
-34 29 46 0
29 -42 3 0
35 8 -6 0
38 -28 33 0
14 -39 24 0
13 -46 -33 0
24 29 -38 0
-17 -9 -10 0
22 -28 18 0
39 -28 -49 0
-33 -5 -33 0
13 -30 29 0
48 40 -22 0
35 -35 37 0
42 12 -34 0
-10 -49 -17 0
-17 -21 49 0
21 34 -24 0
-33 -44 7 0
-5 -5 39 0
-11 -42 -9 0
22 39 26 0
-6 46 -26 0
45 1 -7 0
-8 40 -44 0
31 -25 18 0
-41 39 -23 0
25 -40 -10 0
42 44 27 0
-35 50 -14 0
-11 25 -28 0
28 -4 -16 0
-26 48 26 0
18 26 24 0
-26 13 -6 0
-21 5 19 0
18 8 30 0
5 -4 4 0
-13 43 40 0
-47 -37 -32 0
-34 -32 19 0
-41 -49 -22 0
38 -8 29 0
19 24 -24 0
32 23 41 0
8 -47 -2 0
4 -1 -34 0
-40 -27 36 0
-25 -5 -16 0
42 -10 -49 0
-3 19 23 0
-33 -10 11 0
-14 -16 -48 0
-34 -1 -46 0
36 -50 30 0
-48 16 -41 0
8 49 -15 0
17 23 -27 0
-24 6 -3 0
30 -32 34 0
8 34 42 0
-20 -27 -6 0
-48 -19 42 0
-10 -8 17 0
-12 -25 -15 0
34 -33 24 0
-26 49 26 0
12 -16 20 0
28 -30 -23 0
49 9 46 0
-31 40 49 0
-23 -34 16 0
20 -19 36 0
14 25 -27 0
-40 -28 44 0
12 19 10 0
11 35 3 0
-10 34 -36 0
3 -31 -42 0
21 -12 1 0
16 -38 -45 0
38 43 9 0
-1 -31 28 0
25 -6 8 0
19 -8 18 0
34 6 -26 0
-26 -24 12 0
-17 -15 -45 0
-46 25 -16 0
41 49 47 0
-9 -28 -24 0
42 -41 -27 0
-18 -13 -6 0
-31 20 3 0
37 -10 -14 0
21 6 -35 0
8 -43 -31 0
11 -5 -7 0
-25 -9 -16 0
-39 -37 1 0
3 -37 12 0
-45 36 -21 0
-29 4 25 0
1 -1 22 0
-24 26 11 0
48 -46 18 0
19 -33 -46 0
23 30 -22 0
21 23 -45 0
-13 50 19 0
-41 -9 45 0
14 26 -20 0
7 28 1 0
-16 -32 -50 0
20 -24 -47 0
38 22 23 0
50 17 5 0
-50 -8 38 0
11 37 -40 0
-36 31 -1 0
38 21 -10 0
-10 11 41 0
35 -15 47 0
-48 25 13 0
13 36 33 0
6 5 43 0
48 -22 -38 0
1 -26 -14 0
33 -10 -48 0
-13 36 21 0
-1 -30 -37 0
11 -14 -17 0
17 -16 -3 0
-13 -41 -43 0
45 9 12 0
-45 -24 -33 0
-23 -5 37 0
-24 -29 -9 0
-7 -12 33 0
-21 13 -23 0
-45 11 -12 0
-26 -33 -21 0
2 -28 -4 0
-26 -25 -38 0
30 19 -13 0
28 6 28 0
17 10 -2 0
-16 -4 1 0
-3 -9 -2 0
-44 38 28 0
15 -33 44 0
18 42 -2 0
-2 21 8 0
34 30 -26 0
41 -14 1 0
-42 8 -30 0
-41 25 -33 0
21 -25 26 0
43 1 9 0
-25 -15 48 0
39 46 -22 0
-5 38 -10 0
13 26 -37 0
8 -14 -2 0
3 -22 -25 0
-41 -3 -32 0
-42 -29 -29 0
-8 35 47 0
4 22 46 0
-22 -44 -30 0
36 -40 1 0
-34 22 -10 0
-9 11 31 0
-20 -42 38 0
-34 3 -1 0
15 -27 -47 0
-8 11 -9 0
12 4 -27 0
-8 -18 -25 0
38 -42 -16 0
27 46 43 0
-8 -48 12 0
-34 50 39 0
-3 30 -46 0
-33 3 -46 0
38 16 -18 0
-18 33 39 0
-8 8 -5 0
-46 28 44 0
18 -2 -20 0
-41 39 -12 0
15 -15 19 0
-36 19 32 0
-49 -23 1 0
-7 40 6 0
-31 -11 25 0
-13 -18 20 0
-43 -29 -35 0
-23 -40 8 0
24 -34 4 0
-3 -47 49 0
36 39 -21 0
48 3 11 0
39 36 -50 0
17 -25 22 0
17 -11 41 0
22 1 40 0
-18 -35 -45 0
-4 -34 -20 0
40 10 33 0
-24 -40 38 0
25 -34 6 0
12 -39 4 0
-27 -26 -11 0
-10 27 43 0
5 -15 25 0
50 -15 46 0
-46 11 -38 0
27 20 -29 0
-10 -5 -47 0
-10 36 45 0
48 -46 -42 0
-22 -22 -29 0
-27 48 49 0
2 13 28 0
9 41 -30 0
37 -42 -18 0
31 11 49 0
-5 -15 -44 0
-20 15 49 0
39 49 9 0
23 -37 49 0
-13 26 32 0
-14 44 -7 0
-22 31 -31 0
1 -1 -21 0
8 24 34 0
