c CNF generator v0.9
p cnf 50 325
14 4 43 0
-41 10 -45 0
23 -36 -31 0
-18 44 -33 0
4 13 4 0
22 20 -42 0
-39 -47 22 0
9 16 10 0
28 -2 27 0
38 -24 41 0
38 -27 -19 0
-26 -14 -36 0
-12 -28 -13 0
-48 24 25 0
-10 19 -24 0
-48 33 40 0
38 20 -48 0
14 7 28 0
-42 1 -35 0
35 34 49 0
3 24 35 0
22 -49 -36 0
-19 49 -39 0
-39 -8 -23 0
11 -30 25 0
50 8 23 0
45 -32 -17 0
-22 18 5 0
-15 -1 -34 0
41 34 35 0
-27 31 -49 0
-27 44 21 0
19 -11 5 0
50 -38 -11 0
5 -6 -44 0
-46 42 50 0
-48 14 35 0
-7 -7 -39 0
28 19 36 0
39 15 -47 0
5 -15 30 0
-45 -3 33 0
-45 -21 28 0
38 22 -34 0
-15 22 28 0
-15 25 -18 0
4 2 -33 0
-18 -33 -32 0
-3 44 7 0
-42 8 -21 0
24 -18 24 0
-3 10 10 0
-48 27 -46 0
-15 -16 -33 0
45 -6 -3 0
39 -7 -45 0
14 14 -39 0
-45 -32 -30 0
-44 -25 38 0
6 -25 7 0
32 -19 24 0
-26 17 16 0
-19 -20 -22 0
-43 32 27 0
42 31 -11 0
22 -36 -3 0
6 5 -38 0
-27 -48 -46 0
-34 25 27 0
-32 -39 -4 0
19 -27 10 0
48 8 28 0
7 -1 -48 0
-46 -40 -40 0
5 -24 39 0
35 8 3 0
-36 38 -4 0
49 -42 34 0
-31 -6 48 0
-46 18 -10 0
-10 2 6 0
25 37 39 0
-24 -41 -26 0
14 50 -37 0
23 -21 -2 0
-13 2 -23 0
-39 -10 3 0
-15 10 -48 0
-12 30 44 0
17 16 -25 0
34 -21 12 0
47 -40 -47 0
-3 49 5 0
29 -38 42 0
11 -46 -42 0
-21 20 -33 0
18 20 37 0
-16 -46 47 0
20 -33 -3 0
-12 -7 42 0
-49 -1 -24 0
-35 10 18 0
48 -24 10 0
-13 -22 36 0
30 -20 -48 0
43 42 27 0
-49 33 33 0
42 -5 -8 0
32 11 3 0
-45 38 28 0
-24 40 10 0
-1 37 1 0
-32 49 -50 0
39 9 -35 0
33 -20 -20 0
8 -16 27 0
-43 23 30 0
-25 -2 -35 0
4 -48 4 0
26 32 -8 0
14 1 -26 0
33 -15 38 0
4 -36 -46 0
5 -42 -35 0
-36 1 19 0
1 12 37 0
17 19 -41 0
28 12 -44 0
-42 -41 -16 0
37 -49 6 0
48 1 23 0
42 -11 50 0
5 25 -39 0
-8 50 23 0
24 1 -27 0
-6 11 17 0
-18 23 40 0
37 39 39 0
-30 -31 49 0
22 14 10 0
-37 -46 -23 0
-7 -24 1 0
-15 -14 23 0
-40 31 48 0
6 -20 -8 0
-45 24 38 0
36 3 -12 0
38 -48 -18 0
19 24 39 0
18 20 -42 0
-43 -18 21 0
-19 30 4 0
14 7 29 0
14 -41 12 0
-27 -23 8 0
-7 36 -16 0
15 38 28 0
-19 -15 30 0
-28 -20 -8 0
50 -21 22 0
6 15 19 0
47 46 33 0
-46 -46 50 0
-46 38 -27 0
33 -24 -7 0
-10 11 -22 0
46 1 30 0
50 4 -5 0
21 31 25 0
-23 -14 -50 0
42 -20 -6 0
21 -29 -30 0
-32 33 47 0
-36 47 22 0
-15 -3 -26 0
12 -29 49 0
7 16 -24 0
-22 30 46 0
-45 -32 11 0
8 1 -45 0
-15 -21 25 0
-15 -41 -27 0
-14 42 -50 0
-10 -26 12 0
-45 -9 -41 0
11 30 43 0
35 43 23 0
14 45 46 0
-48 -27 40 0
34 7 37 0
-41 24 24 0
-24 -48 -28 0
-31 -21 43 0
-37 29 -19 0
28 -6 14 0
-44 21 10 0
31 50 -21 0
-33 42 30 0
-47 28 -48 0
-8 2 -33 0
-4 -34 8 0
-16 -16 49 0
-36 -1 33 0
-8 11 -3 0
12 -4 -26 0
11 -47 -40 0
23 -10 -44 0
-26 17 21 0
16 43 45 0
-33 -39 -38 0
39 49 -1 0
48 50 -37 0
44 -41 21 0
-1 -50 29 0
-46 -50 -38 0
50 39 -6 0
50 24 -27 0
-18 -21 31 0
-32 28 -48 0
-44 -34 -49 0
-10 -24 -30 0
-46 13 -22 0
-42 -49 9 0
49 31 -9 0
-44 -28 -33 0
-22 25 -32 0
43 2 -2 0
13 35 39 0
-42 -22 -16 0
39 5 -40 0
-38 -43 12 0
-16 -36 17 0
-23 11 -20 0
-21 49 19 0
9 47 -18 0
-36 43 -11 0
16 -37 -41 0
42 -23 22 0
48 28 -37 0
-28 13 25 0
15 -14 -10 0
4 41 9 0
-1 10 23 0
20 42 41 0
19 -12 -30 0
34 9 -26 0
30 50 46 0
-44 22 20 0
-5 23 -44 0
-22 4 -3 0
10 -31 41 0
18 31 10 0
14 2 -24 0
33 -28 36 0
-2 -4 26 0
37 3 -47 0
32 22 41 0
-1 -15 -23 0
-45 1 9 0
32 -36 -23 0
-18 31 25 0
13 28 49 0
33 -3 46 0
32 48 3 0
-9 5 7 0
43 17 -37 0
1 47 -15 0
-15 31 -20 0
-26 -31 -19 0
32 -22 32 0
-31 -46 11 0
49 -10 -48 0
35 -18 5 0
36 -2 49 0
-48 -30 -27 0
-30 -26 50 0
4 43 -48 0
-24 -9 -7 0
-7 16 29 0
-37 -22 -20 0
25 -37 -49 0
36 9 39 0
-19 3 -7 0
-7 11 13 0
-37 22 -7 0
2 -30 28 0
44 -22 12 0
-37 19 -29 0
-41 -12 8 0
-5 42 -3 0
-2 -22 -29 0
7 -11 35 0
-29 7 50 0
19 -42 -3 0
-17 20 -35 0
-6 21 17 0
23 1 -20 0
-24 -42 36 0
1 13 -15 0
50 -28 -35 0
17 28 14 0
-6 16 9 0
44 -28 13 0
12 -26 1 0
27 43 19 0
-30 -15 5 0
-41 15 43 0
10 -33 44 0
36 29 19 0
28 29 41 0
-26 7 33 0
-1 4 5 0
47 -26 31 0
30 33 -21 0
13 27 43 0
6 11 -19 0
-2 23 -26 0
33 46 42 0
-11 27 10 0
27 -30 34 0
4 -29 17 0
-42 43 -21 0
31 10 -37 0
-44 49 4 0
-49 5 -28 0
