c CNF generator v0.9
p cnf 50 325
43 18 -17 0
-48 18 -21 0
6 25 24 0
10 -17 41 0
6 -34 -15 0
-6 -39 -12 0
-42 8 28 0
-6 -3 -45 0
28 2 -16 0
-32 31 39 0
-12 -37 40 0
-11 18 -3 0
27 -36 30 0
-17 -43 -41 0
-42 -10 -5 0
10 8 -8 0
14 -5 -41 0
21 1 45 0
39 18 -22 0
-17 7 49 0
2 21 -5 0
-34 -40 9 0
7 12 -38 0
-17 50 -17 0
-46 -10 -20 0
39 21 -38 0
15 -3 6 0
38 -45 24 0
-48 21 13 0
-40 22 31 0
-45 -3 -36 0
-3 42 25 0
-20 22 -23 0
-15 38 -20 0
-14 45 -25 0
-16 -43 14 0
-26 -44 -34 0
33 19 -15 0
-8 12 7 0
-44 19 2 0
20 -3 -22 0
-8 18 45 0
16 -35 39 0
-18 44 15 0
-44 -35 12 0
-46 48 -15 0
19 17 17 0
40 41 -36 0
-44 -29 12 0
29 42 -48 0
15 -45 -33 0
14 44 39 0
-48 -35 -37 0
15 45 -34 0
-36 3 -26 0
2 -5 14 0
-48 18 46 0
12 -28 -13 0
-45 -10 -41 0
28 7 45 0
-28 19 10 0
-18 9 2 0
-4 -10 8 0
-32 38 -20 0
49 -44 50 0
35 43 -37 0
-11 -27 29 0
-25 -32 -14 0
-41 26 2 0
-1 4 42 0
17 -36 36 0
-14 10 -21 0
-38 29 -11 0
-14 -26 26 0
10 48 7 0
12 26 -27 0
50 -21 12 0
-37 -27 16 0
-36 -41 -20 0
-30 2 -50 0
-23 -32 11 0
-46 1 25 0
-25 12 -9 0
39 41 24 0
22 -20 20 0
47 36 15 0
30 -10 7 0
34 14 -30 0
39 43 -32 0
-27 -45 -50 0
48 3 21 0
34 31 34 0
-43 10 40 0
10 10 -2 0
50 -9 42 0
-42 30 29 0
4 29 32 0
-38 6 -46 0
29 -43 -13 0
-6 8 29 0
-25 16 -28 0
32 36 30 0
-41 3 -35 0
31 47 -25 0
15 -48 36 0
5 33 -14 0
42 -50 21 0
30 -12 37 0
5 9 2 0
-44 -49 -16 0
-6 23 -7 0
-27 16 -22 0
44 30 -32 0
38 11 24 0
40 49 -40 0
-36 30 -12 0
-2 -46 26 0
46 -13 -44 0
24 33 40 0
26 27 -31 0
17 -45 -13 0
-46 8 2 0
16 17 2 0
-14 30 -9 0
20 2 -27 0
46 -25 -6 0
47 40 12 0
-18 -10 -44 0
38 -42 13 0
7 -25 19 0
5 -35 -32 0
23 5 3 0
10 21 44 0
27 -9 31 0
-49 -19 -40 0
-43 42 32 0
-8 -44 31 0
-33 -25 -5 0
26 25 -27 0
-46 9 -21 0
-37 20 -16 0
-40 -40 47 0
20 -37 -8 0
-7 34 8 0
21 -23 -13 0
-44 19 33 0
38 -34 -26 0
33 46 31 0
-8 -29 -19 0
-48 26 -8 0
24 -45 -2 0
24 16 -18 0
-31 13 -37 0
-16 26 33 0
-13 38 -30 0
-46 -24 -8 0
7 -27 -21 0
34 20 3 0
45 -27 -18 0
-16 -25 1 0
-19 -41 19 0
44 -46 -41 0
-35 -13 -43 0
7 -12 -24 0
4 34 -18 0
24 -4 17 0
31 34 32 0
-3 23 24 0
-9 18 -24 0
-49 23 22 0
-50 -43 43 0
-17 -24 44 0
4 -33 -37 0
13 -48 47 0
-31 -21 -29 0
39 -50 48 0
50 22 6 0
-8 49 -9 0
7 11 -25 0
-32 29 -47 0
6 7 25 0
30 -32 -36 0
27 35 50 0
-42 9 8 0
35 9 -30 0
19 49 -8 0
-27 -6 -33 0
27 41 6 0
-34 -46 5 0
-1 -3 16 0
-34 48 -32 0
42 16 -39 0
-4 -36 24 0
17 38 -44 0
33 -21 14 0
36 -25 7 0
-34 -34 -40 0
29 45 -3 0
-5 18 29 0
-27 19 -26 0
-45 34 11 0
-14 5 -12 0
43 -6 -39 0
-39 36 30 0
46 9 -3 0
-13 -35 48 0
-45 -49 -49 0
-14 -48 37 0
8 -31 6 0
14 42 -2 0
25 -6 44 0
-40 -45 31 0
21 38 -20 0
-36 43 -45 0
25 19 46 0
-26 -29 -25 0
13 27 -34 0
47 -11 18 0
9 -46 -29 0
-49 -38 39 0
26 -22 38 0
-4 6 -36 0
32 31 49 0
18 -6 16 0
-39 41 -39 0
40 -25 -44 0
20 9 12 0
-35 34 6 0
30 37 -40 0
-46 12 -12 0
3 47 -49 0
4 -2 -6 0
11 -40 2 0
-17 -7 11 0
-5 -43 7 0
30 11 -5 0
23 14 -18 0
8 -10 -45 0
37 22 -27 0
32 38 27 0
43 -35 -41 0
38 1 -18 0
39 -4 -9 0
25 8 47 0
21 7 7 0
-15 -13 7 0
19 8 -42 0
10 -3 42 0
-3 23 1 0
25 -23 -50 0
-50 -34 -34 0
26 27 -47 0
-44 17 -39 0
-2 -48 3 0
-16 49 18 0
45 -6 36 0
18 -18 -10 0
45 -47 47 0
-8 -26 -37 0
-33 37 -33 0
-12 -50 17 0
23 28 -42 0
-15 -18 -32 0
12 4 -26 0
5 -43 -22 0
19 22 41 0
10 32 20 0
12 47 23 0
-50 19 -41 0
-26 43 2 0
26 34 36 0
2 41 32 0
9 8 31 0
-17 44 22 0
13 49 34 0
-33 18 -11 0
-13 46 46 0
27 7 -19 0
-43 42 -47 0
-3 26 -6 0
-1 40 6 0
-9 -35 -25 0
37 -22 49 0
41 -26 26 0
30 19 -26 0
-31 -27 -18 0
-33 24 -1 0
49 42 -39 0
11 -36 -39 0
41 20 17 0
9 -10 42 0
-37 -2 32 0
-35 -14 21 0
-15 32 50 0
-44 -39 -17 0
-11 37 17 0
26 -43 19 0
-48 -14 -41 0
1 -29 -38 0
17 -20 -44 0
43 -45 16 0
-26 -32 -7 0
-43 -27 35 0
11 -48 -15 0
26 -33 -7 0
-21 -25 6 0
49 1 16 0
-13 24 -34 0
-39 16 -7 0
16 7 43 0
2 43 -19 0
-25 33 49 0
-8 -6 7 0
41 -15 -5 0
22 18 42 0
-47 7 38 0
-10 24 2 0
-2 -17 -2 0
-2 -18 -34 0
-4 -33 -11 0
-38 -47 -43 0
-6 -10 -1 0
-47 19 37 0
11 22 -26 0
-47 21 7 0
