c CNF generator v0.9
p cnf 50 325
23 -27 2 0
-12 -23 7 0
1 47 1 0
46 12 -49 0
2 -14 16 0
-5 15 -23 0
-35 -47 5 0
-43 36 -30 0
-7 -25 -31 0
-32 -28 31 0
-25 -13 24 0
-14 19 -25 0
40 4 -23 0
-44 31 -45 0
-21 37 -20 0
8 11 -50 0
47 25 24 0
8 -41 -11 0
-25 -4 -47 0
8 40 7 0
-34 -40 -22 0
29 -41 10 0
-46 -11 -30 0
18 -14 -32 0
10 -4 -4 0
-24 37 36 0
31 -21 48 0
-43 -31 26 0
-8 -21 17 0
-25 -34 -14 0
-15 21 27 0
-9 35 -10 0
37 23 31 0
24 -40 41 0
34 7 9 0
26 -13 18 0
13 13 20 0
48 2 -25 0
-8 48 45 0
22 -9 -49 0
-17 -33 12 0
44 9 -44 0
-18 36 -10 0
-39 34 44 0
-18 49 -20 0
-48 -32 -15 0
-28 -28 -26 0
-43 25 43 0
49 -5 -29 0
5 34 -36 0
39 8 -21 0
28 3 -30 0
10 17 7 0
1 -42 8 0
-27 13 38 0
25 -40 -6 0
34 -29 -40 0
-48 -34 -40 0
26 -1 10 0
-2 -17 -20 0
-22 18 45 0
-12 -25 -30 0
-7 39 32 0
-46 -2 2 0
-40 -33 35 0
38 43 -21 0
7 8 43 0
20 13 38 0
31 -46 -34 0
2 -3 26 0
-18 -23 25 0
47 30 6 0
33 6 -6 0
-39 46 26 0
-21 14 46 0
40 -12 15 0
-35 7 47 0
-40 -8 50 0
-45 -23 -44 0
-32 -41 -46 0
10 33 -46 0
-7 21 -4 0
-2 48 -32 0
-12 -24 -36 0
50 -25 13 0
-12 -24 -45 0
46 -4 6 0
-10 6 -11 0
-40 24 -47 0
-32 49 -38 0
37 -24 3 0
-23 38 31 0
42 42 -11 0
-6 44 41 0
-44 13 42 0
41 -17 -18 0
34 45 -22 0
-24 38 -31 0
-36 -9 -42 0
20 -32 -8 0
-1 2 -42 0
26 -42 -14 0
-32 -15 -30 0
46 16 -42 0
1 9 -24 0
34 -9 28 0
18 5 -36 0
10 42 9 0
-25 26 13 0
-7 17 -42 0
24 42 -24 0
31 -50 -46 0
27 9 34 0
-48 4 -16 0
44 36 -24 0
16 -42 -11 0
15 -29 -30 0
7 49 -2 0
18 -23 34 0
31 18 23 0
-29 39 17 0
13 -21 -35 0
-26 -50 -21 0
-2 22 13 0
-46 16 39 0
-11 25 -15 0
26 -19 -25 0
18 -16 -1 0
33 35 -22 0
-38 11 16 0
-23 17 41 0
27 3 -13 0
31 -46 -34 0
28 -22 19 0
50 27 -46 0
-19 -38 15 0
-6 -38 37 0
-4 16 17 0
8 47 16 0
-27 -43 38 0
-18 -6 -40 0
17 -32 26 0
-23 -45 15 0
16 8 15 0
16 -1 15 0
32 -10 37 0
44 31 46 0
-11 -11 -16 0
-19 -6 -40 0
-46 -1 34 0
-19 9 -2 0
42 39 -41 0
28 -14 -4 0
-32 -47 5 0
-47 -25 24 0
-12 -39 -17 0
19 -42 -41 0
-25 19 35 0
-28 37 -10 0
25 3 -49 0
-22 -19 20 0
18 -21 26 0
27 -10 -40 0
43 -36 -31 0
-15 22 21 0
-8 -24 4 0
16 33 -25 0
-16 24 38 0
46 25 -24 0
4 -31 -49 0
1 -41 21 0
18 49 -36 0
29 -22 26 0
26 -19 14 0
3 -26 -39 0
19 -40 43 0
-32 1 -13 0
-33 42 -3 0
50 17 10 0
-35 -29 -45 0
50 14 -28 0
30 -36 -37 0
-4 -34 34 0
13 -40 -27 0
16 -5 -12 0
-22 47 16 0
24 28 -44 0
33 -42 20 0
-42 34 44 0
9 14 6 0
-20 -38 5 0
29 1 -2 0
47 37 -7 0
-40 50 -27 0
-4 -29 13 0
42 3 -44 0
-25 22 -11 0
1 -43 47 0
-39 -11 -45 0
-45 13 -32 0
26 -19 21 0
18 -3 14 0
-5 -31 -43 0
-4 -36 -3 0
-34 -26 -23 0
-9 10 46 0
-14 -18 12 0
29 48 -50 0
13 -21 14 0
-8 30 38 0
-41 4 -18 0
-18 28 6 0
20 46 -20 0
17 38 14 0
27 21 -22 0
-7 7 -29 0
-31 -16 -12 0
1 -18 -15 0
11 7 -24 0
45 -47 -33 0
-43 -16 23 0
17 34 -45 0
46 4 -32 0
-18 22 -22 0
16 -32 40 0
-43 -18 -10 0
-18 -29 38 0
22 -27 24 0
-7 4 -46 0
-39 -20 -12 0
-16 -33 -1 0
23 -32 1 0
46 -28 -35 0
44 -2 -11 0
-37 25 -28 0
38 30 13 0
31 42 34 0
-42 5 44 0
-13 6 -36 0
-4 41 10 0
35 18 28 0
32 6 -11 0
30 28 5 0
47 -19 -46 0
-20 -25 26 0
31 -46 -15 0
-31 47 -21 0
24 -40 -2 0
-15 50 6 0
-20 -5 36 0
3 8 44 0
37 -2 -16 0
-40 32 -6 0
-47 -21 -49 0
-7 3 -16 0
30 10 -11 0
2 2 19 0
-5 -16 -25 0
-47 -37 -48 0
-9 -6 -24 0
-34 40 -4 0
20 13 47 0
-38 9 43 0
8 29 -8 0
34 -24 -26 0
-20 -40 -20 0
-33 -41 12 0
34 -11 -39 0
-42 -39 7 0
3 20 -42 0
-22 17 -33 0
2 -28 40 0
25 -18 27 0
29 35 -36 0
36 -27 -27 0
18 -22 -9 0
-32 -43 -47 0
42 -32 -41 0
47 50 49 0
-50 -22 48 0
34 12 -14 0
-37 -43 9 0
6 -20 44 0
21 44 -49 0
-25 21 23 0
41 17 -23 0
-18 -16 39 0
-23 23 -14 0
17 -15 23 0
48 -30 24 0
-25 -29 -38 0
-44 22 35 0
-44 -13 16 0
-48 36 42 0
-24 -11 47 0
-24 -18 32 0
-46 3 -37 0
32 7 -19 0
-45 -8 45 0
-24 -49 -35 0
9 5 10 0
40 -18 4 0
-32 7 -24 0
14 8 32 0
39 -17 34 0
31 7 15 0
-25 18 38 0
-31 29 47 0
16 22 -45 0
10 -6 -48 0
-2 5 50 0
34 -43 -15 0
-18 31 -25 0
-47 -49 -42 0
34 -41 19 0
-15 -36 28 0
-39 -45 34 0
7 25 25 0
29 -45 8 0
37 41 3 0
49 37 6 0
-39 8 -11 0
22 -23 18 0
41 -27 -45 0
13 -23 -32 0
