c CNF generator v0.9
p cnf 50 325
40 15 -19 0
7 24 18 0
3 13 -40 0
-26 -45 33 0
10 2 1 0
-26 24 47 0
36 23 18 0
15 -32 -47 0
-8 47 38 0
12 -42 16 0
-31 -32 31 0
-30 48 49 0
40 -19 4 0
7 49 18 0
37 20 -13 0
3 39 -34 0
23 -33 1 0
-44 -39 8 0
38 -40 -13 0
35 22 12 0
12 4 29 0
-44 1 40 0
42 12 3 0
47 26 -25 0
-9 43 26 0
-17 -14 3 0
-35 -16 -42 0
-47 25 33 0
9 -35 -19 0
38 -28 27 0
-37 27 40 0
5 16 12 0
-25 16 -45 0
-27 6 -48 0
-33 17 29 0
-29 -13 22 0
-37 14 -48 0
-45 31 -2 0
-4 10 -40 0
-16 -25 -32 0
38 -39 -26 0
3 40 -8 0
18 -5 22 0
-18 -24 -10 0
-10 -15 35 0
37 44 -8 0
22 -29 38 0
-45 -37 -23 0
49 48 -27 0
-42 -16 30 0
-27 -38 -15 0
45 -1 6 0
-38 50 11 0
-18 50 37 0
7 -44 29 0
28 17 -46 0
-22 -28 15 0
32 -40 -32 0
-24 -30 -12 0
-25 -30 -9 0
-16 -13 -39 0
27 -6 -43 0
-50 47 -27 0
-29 12 44 0
31 -18 22 0
38 44 -43 0
9 -4 32 0
12 -6 17 0
-1 43 43 0
22 30 39 0
38 47 8 0
-8 -15 50 0
-39 -24 23 0
10 23 -47 0
-3 14 -29 0
34 6 19 0
15 -47 49 0
-41 24 -8 0
-1 33 37 0
28 -22 -8 0
-31 -44 -29 0
26 38 -15 0
-45 -35 -36 0
-20 -17 -7 0
10 -22 12 0
46 -44 -34 0
27 -28 23 0
30 27 21 0
43 -18 -43 0
-10 5 -1 0
-9 8 23 0
46 -12 -15 0
7 30 -25 0
44 48 -47 0
-36 -20 -17 0
-26 4 -45 0
-13 -46 5 0
39 -2 12 0
-7 44 -7 0
14 -19 13 0
45 9 32 0
-24 45 -8 0
-12 46 37 0
-25 25 36 0
-27 25 -50 0
43 28 16 0
-29 -34 -34 0
-37 18 26 0
-12 -43 18 0
31 12 6 0
-38 20 5 0
42 4 -7 0
-45 27 -22 0
-39 14 -50 0
38 -9 49 0
-1 -22 -45 0
-3 38 -3 0
-33 -45 4 0
-50 47 41 0
-48 40 -1 0
-36 -27 -12 0
22 -47 38 0
-41 9 23 0
-14 -12 9 0
38 -38 -27 0
-39 -12 37 0
-10 28 -46 0
-50 20 -13 0
12 -1 16 0
-1 3 5 0
19 -35 13 0
21 -50 -14 0
43 -1 11 0
34 -18 -1 0
4 4 -35 0
-43 -33 33 0
30 13 -6 0
-32 5 39 0
-16 -3 43 0
-9 32 -35 0
17 -24 30 0
-25 -14 -5 0
22 -9 -21 0
-41 21 -48 0
30 -45 -16 0
32 -36 -13 0
14 -3 8 0
42 -10 8 0
29 21 -2 0
-6 49 45 0
-28 -15 35 0
33 17 14 0
41 43 -28 0
-23 22 13 0
33 -19 45 0
-2 -8 45 0
11 -4 25 0
50 48 -44 0
10 -44 -21 0
-36 46 -39 0
-31 -38 33 0
-21 33 -50 0
-36 -18 -42 0
20 37 8 0
-25 34 -39 0
43 7 15 0
40 19 -22 0
-31 20 3 0
20 33 -12 0
20 -30 -14 0
-46 -40 10 0
-27 -9 -32 0
27 32 -9 0
-37 27 -45 0
23 8 29 0
-49 43 15 0
38 6 5 0
-22 38 40 0
-26 23 37 0
21 -7 8 0
-34 -15 -22 0
8 4 16 0
-26 -4 32 0
19 2 -22 0
5 1 44 0
21 -8 18 0
-10 -27 -35 0
47 -10 25 0
-7 13 -1 0
-32 37 -34 0
26 -50 -50 0
-50 -29 42 0
-26 -34 4 0
31 50 23 0
50 31 -26 0
-20 -38 -25 0
15 -12 30 0
-11 -48 -22 0
32 31 49 0
47 -43 38 0
50 35 20 0
39 -48 -45 0
11 -12 -20 0
-20 29 -39 0
-21 35 -7 0
44 -44 16 0
-33 -25 7 0
17 -41 24 0
21 -25 -27 0
21 50 28 0
28 -31 -47 0
-6 11 -11 0
-30 -10 -42 0
-23 15 -12 0
-8 26 9 0
43 -3 -40 0
-38 -25 26 0
-43 -24 18 0
-11 -50 -34 0
-41 2 -9 0
38 4 -34 0
35 -29 15 0
26 4 19 0
6 11 10 0
13 5 9 0
37 50 13 0
-13 -20 40 0
19 49 41 0
1 17 42 0
19 -22 22 0
-9 6 44 0
21 -4 -37 0
-12 19 -35 0
-36 -17 -43 0
34 -18 21 0
12 6 24 0
13 -34 43 0
34 -36 -20 0
43 -46 13 0
43 -25 -35 0
-45 -6 45 0
8 -44 19 0
2 11 -33 0
40 -7 30 0
22 -29 -11 0
-30 24 -2 0
-28 -43 -48 0
15 21 -19 0
26 35 36 0
-40 -6 3 0
-20 17 25 0
-47 4 26 0
20 4 50 0
-13 -9 6 0
-16 -10 -49 0
42 18 26 0
-31 -29 -37 0
-47 -2 18 0
-9 42 -40 0
4 49 -9 0
-30 6 -38 0
3 47 22 0
17 6 -13 0
11 4 40 0
-16 -3 -44 0
-20 -31 -44 0
-37 33 -32 0
50 1 -44 0
31 32 -19 0
-19 28 -1 0
47 -13 42 0
50 35 -15 0
17 -31 29 0
32 -49 49 0
-19 -48 -35 0
39 -33 29 0
-20 -36 21 0
-50 7 38 0
-40 32 31 0
10 -4 41 0
-1 9 -17 0
7 2 11 0
-38 36 -41 0
-30 -3 18 0
36 47 -47 0
33 -49 -19 0
-31 25 49 0
-4 4 31 0
-20 50 38 0
-25 40 34 0
38 11 40 0
2 -45 -33 0
-12 11 -50 0
4 -13 12 0
31 -46 -2 0
-19 36 29 0
5 31 19 0
-8 21 -34 0
-34 -35 -3 0
33 6 11 0
-40 -29 -45 0
42 18 -36 0
-21 27 43 0
34 -48 -19 0
5 -2 11 0
19 21 -38 0
-43 10 1 0
-5 21 -46 0
-34 -41 -18 0
-37 14 28 0
10 -1 -24 0
2 -48 22 0
37 -11 45 0
24 -31 10 0
28 47 -40 0
30 -31 -31 0
-32 20 -11 0
-6 -14 -18 0
-17 -49 -2 0
-7 -20 50 0
6 -25 26 0
-15 32 -16 0
-17 -41 18 0
42 47 39 0
-42 -16 -16 0
