c CNF generator v0.9
p cnf 50 325
38 47 -44 0
-4 -40 30 0
8 -48 50 0
3 -21 44 0
39 4 45 0
-21 -45 30 0
-24 8 -25 0
44 13 14 0
-41 13 27 0
47 11 -45 0
-31 -45 -13 0
48 38 43 0
10 -50 25 0
-26 -17 37 0
15 -47 -21 0
-31 -37 39 0
-23 -30 21 0
45 22 43 0
-43 1 37 0
-46 -11 22 0
-41 -47 41 0
-11 -38 9 0
13 6 41 0
-29 8 33 0
34 -12 -47 0
22 25 -44 0
9 27 -46 0
28 -46 18 0
-29 20 32 0
50 8 -44 0
10 49 44 0
21 30 27 0
-31 -22 22 0
-9 -44 -21 0
-31 -8 35 0
-26 -43 4 0
29 -7 47 0
35 -2 8 0
41 15 -10 0
18 27 5 0
26 11 22 0
-45 -48 25 0
26 3 4 0
49 29 -16 0
13 2 35 0
35 50 -11 0
27 7 34 0
-38 -29 -49 0
-7 -20 21 0
-47 6 -21 0
25 42 26 0
9 -1 -16 0
31 -39 -27 0
-25 -1 -26 0
-37 22 26 0
43 34 32 0
-2 -12 48 0
-20 -17 21 0
-46 -45 -25 0
38 -21 42 0
-45 -43 35 0
-41 -20 -9 0
-10 -30 -26 0
29 -30 15 0
12 -47 5 0
-7 47 41 0
5 -38 17 0
48 46 -16 0
44 -15 24 0
5 -12 -49 0
4 14 49 0
19 17 44 0
-6 -3 33 0
-7 33 12 0
-20 -4 36 0
9 -43 -11 0
8 44 -20 0
7 43 41 0
15 -10 -42 0
50 30 12 0
9 -49 -32 0
31 -19 13 0
-34 12 -38 0
23 -40 17 0
14 -8 -18 0
-30 -15 48 0
-2 47 -26 0
-50 3 -1 0
-39 -24 29 0
3 -34 -8 0
-18 -34 -6 0
2 43 -43 0
-17 49 -50 0
47 42 -35 0
34 45 -16 0
-35 -42 37 0
31 -20 -15 0
-5 9 -37 0
42 -38 -17 0
-4 -38 19 0
36 44 1 0
39 25 -13 0
1 -37 -29 0
-44 -9 -37 0
-39 37 39 0
11 44 -18 0
-35 29 4 0
22 28 47 0
13 18 21 0
-16 13 5 0
-23 -17 -31 0
-43 -34 -10 0
1 2 4 0
-45 12 50 0
20 37 -35 0
14 21 -15 0
-21 -27 -49 0
-16 -27 -28 0
43 27 16 0
30 5 -38 0
-45 -49 -8 0
46 22 7 0
4 -31 -28 0
-15 -2 13 0
36 -19 43 0
-3 41 -20 0
48 -31 -10 0
48 -47 33 0
-30 -2 -17 0
-19 -41 -7 0
-50 -4 -7 0
18 47 44 0
40 -6 38 0
-34 38 -20 0
-28 38 22 0
27 -14 -41 0
-5 13 36 0
-24 -22 1 0
-9 4 33 0
-2 -18 4 0
-10 -13 -8 0
-24 -12 18 0
-7 16 -24 0
20 22 -49 0
5 35 46 0
-12 -37 8 0
-6 -15 35 0
50 47 18 0
-15 42 19 0
6 5 12 0
22 -24 -3 0
23 14 -21 0
-10 14 26 0
13 50 24 0
-28 -38 -10 0
-10 -4 -33 0
-10 43 -11 0
32 45 -5 0
-42 -45 4 0
46 -39 35 0
-28 35 22 0
5 23 -35 0
-24 25 -43 0
14 -34 -16 0
38 -13 -10 0
16 -7 24 0
13 32 -14 0
-38 -45 -4 0
-1 -40 -8 0
29 1 -35 0
-17 9 32 0
-37 8 23 0
36 -35 -16 0
2 -4 46 0
25 -2 50 0
43 -9 -45 0
22 40 -17 0
-46 6 33 0
4 27 -48 0
39 48 -18 0
-8 43 48 0
-8 -35 -22 0
8 6 -6 0
25 -4 -24 0
7 40 7 0
13 35 50 0
-30 7 47 0
-27 -48 -29 0
-18 -36 -30 0
16 22 14 0
-24 -43 12 0
-19 40 -50 0
3 1 -34 0
-29 19 -15 0
22 19 26 0
1 49 32 0
39 3 5 0
7 -2 -1 0
32 -46 36 0
34 1 46 0
11 9 -15 0
-10 -13 5 0
-19 -6 25 0
38 -4 -37 0
-39 -26 -3 0
-18 -37 -11 0
-49 29 -35 0
-2 -2 -17 0
-20 13 2 0
-8 -15 -37 0
30 23 -41 0
35 49 -10 0
-47 -27 -11 0
42 31 -47 0
-3 -12 1 0
6 49 33 0
30 24 -21 0
23 -2 -13 0
-26 15 21 0
-7 -40 -3 0
27 -15 -13 0
5 -9 -43 0
33 11 -35 0
43 -11 -26 0
45 -12 39 0
27 1 15 0
-26 -20 -38 0
44 24 36 0
24 26 33 0
-49 21 50 0
-12 34 -8 0
25 14 -30 0
39 -33 -45 0
-7 31 -7 0
-11 38 -44 0
-12 34 43 0
7 -4 9 0
-39 -7 -43 0
-30 44 -7 0
28 21 50 0
-47 2 38 0
-44 -24 5 0
38 -23 1 0
14 10 32 0
-48 -48 -35 0
49 -17 7 0
42 -18 28 0
33 -12 1 0
11 -24 -27 0
-1 -49 -31 0
-12 20 -5 0
29 -48 -24 0
4 47 -33 0
9 -31 -26 0
9 -34 33 0
-50 30 5 0
-14 49 -20 0
2 -50 -26 0
-45 -30 43 0
47 11 -15 0
-30 -25 14 0
-31 -23 45 0
25 -8 -12 0
-9 49 -24 0
41 -31 -23 0
16 7 13 0
-46 34 17 0
-38 -22 -8 0
-29 -9 -28 0
2 9 37 0
22 47 -6 0
23 -42 17 0
-50 -46 47 0
-8 22 -3 0
-12 -14 -50 0
5 -24 22 0
24 -12 45 0
5 -18 -10 0
-2 28 -1 0
45 -19 32 0
-35 -16 -47 0
9 -24 36 0
-40 -18 -17 0
-37 -43 36 0
-12 -44 47 0
-30 -10 5 0
42 -24 40 0
-19 43 14 0
-22 14 17 0
-50 50 38 0
-7 30 -49 0
-43 38 49 0
38 12 36 0
41 22 28 0
9 18 10 0
-12 38 -34 0
-40 50 -37 0
24 -41 48 0
-10 -9 46 0
22 17 -25 0
1 10 -8 0
18 5 35 0
-43 6 14 0
19 -37 18 0
-1 47 2 0
-34 -15 17 0
31 26 8 0
-37 -29 10 0
-35 -49 -38 0
-8 -43 46 0
22 13 46 0
-11 -34 -12 0
38 7 47 0
36 -7 -5 0
-5 13 44 0
4 25 9 0
13 44 1 0
32 -38 15 0
7 33 -7 0
-28 4 45 0
-22 11 32 0
-45 -25 31 0
-30 6 -16 0
-37 24 -35 0
-33 -27 32 0
