c CNF generator v0.9
p cnf 50 325
-22 42 -17 0
8 -4 -49 0
43 27 -10 0
39 -36 -42 0
-6 9 46 0
14 41 31 0
-5 22 38 0
33 1 39 0
-17 -4 44 0
31 16 -16 0
25 -39 38 0
12 47 43 0
9 3 -48 0
45 -9 46 0
-30 49 13 0
-3 21 37 0
38 -2 -34 0
11 -42 -50 0
-26 -45 40 0
-9 45 10 0
6 -48 7 0
-10 -17 5 0
-4 -22 17 0
-11 -13 15 0
-19 11 6 0
14 -9 -33 0
7 -13 -2 0
16 -20 45 0
-18 48 49 0
40 38 -12 0
3 -49 -6 0
-29 -32 -22 0
16 -49 -29 0
-12 26 13 0
12 32 47 0
-27 -16 8 0
4 -37 -21 0
31 -40 27 0
-46 -50 45 0
-19 -2 43 0
-19 30 -19 0
21 -45 17 0
10 26 -34 0
-7 -2 2 0
21 26 37 0
-25 -10 36 0
44 4 -35 0
-13 14 49 0
-10 -15 -29 0
-42 50 -17 0
41 42 26 0
14 21 45 0
1 -10 -32 0
38 22 22 0
13 16 -27 0
-43 2 11 0
26 1 -22 0
16 -21 -44 0
14 -6 -9 0
13 -19 -39 0
35 -6 -28 0
48 -20 36 0
9 -48 -45 0
46 1 45 0
4 23 48 0
-7 -23 7 0
-5 7 -28 0
33 -12 -3 0
-20 -31 30 0
-13 36 -47 0
-19 -24 29 0
2 24 24 0
-21 1 5 0
-47 26 25 0
11 14 15 0
-9 -5 -44 0
32 -39 -47 0
21 5 -29 0
50 26 -49 0
-41 -13 -42 0
4 40 -30 0
21 5 38 0
44 9 -22 0
-24 47 42 0
-27 -37 -37 0
24 6 -28 0
-47 27 -8 0
-35 -22 -30 0
23 -25 3 0
29 23 -19 0
-32 -36 -21 0
-37 36 -34 0
5 1 20 0
39 -4 -4 0
-10 -26 -28 0
-46 -49 -2 0
-43 -23 -30 0
5 -48 18 0
5 45 -35 0
8 -34 15 0
-47 9 -8 0
-30 32 30 0
-18 8 -21 0
49 29 29 0
-26 -24 14 0
44 38 -6 0
-29 -24 -40 0
7 6 -19 0
5 -17 -25 0
24 -49 49 0
-35 -13 26 0
32 29 -33 0
-30 2 -24 0
-33 -4 35 0
-40 -22 -11 0
-14 34 42 0
34 16 1 0
-31 40 -22 0
-4 -36 29 0
-42 34 50 0
1 -35 17 0
22 44 49 0
-44 24 -13 0
-28 8 35 0
16 46 -20 0
-4 -13 -11 0
-26 35 8 0
6 -27 2 0
19 37 -18 0
-18 -45 -24 0
-35 -24 -41 0
33 21 -49 0
-42 -8 4 0
-7 -18 6 0
16 3 23 0
5 -36 21 0
35 -6 -3 0
40 46 -25 0
19 46 -41 0
-37 18 36 0
-30 -35 -37 0
27 -43 39 0
-36 44 13 0
-20 49 31 0
18 -19 2 0
4 8 33 0
8 -21 -8 0
29 3 -26 0
46 -42 -1 0
3 35 49 0
-48 15 -15 0
47 -20 22 0
-9 16 20 0
-42 23 46 0
-48 31 24 0
41 2 -40 0
44 22 24 0
-49 -42 -7 0
-38 2 -16 0
21 -49 8 0
-34 -46 26 0
-17 23 16 0
43 -1 5 0
-33 4 -36 0
17 43 -26 0
-11 -49 40 0
-8 28 46 0
-27 -12 -8 0
-30 50 -24 0
12 16 41 0
28 14 17 0
2 -7 -14 0
16 -25 43 0
-9 47 16 0
-47 45 -20 0
-26 -34 -8 0
41 -44 -24 0
43 -47 -17 0
-9 -32 19 0
14 12 31 0
39 -43 6 0
33 25 32 0
-21 49 43 0
-49 -29 13 0
-48 -6 -46 0
2 -22 -37 0
33 15 -29 0
19 17 -20 0
35 -36 21 0
22 -48 15 0
43 -4 -31 0
30 20 45 0
35 5 48 0
26 23 -13 0
-38 -14 44 0
50 -26 -11 0
42 -29 -7 0
6 20 -17 0
-49 21 -7 0
23 -35 45 0
38 20 8 0
-5 25 34 0
-7 48 43 0
17 -29 -3 0
-8 30 -18 0
24 -6 -25 0
-27 44 50 0
21 -13 36 0
-23 28 -47 0
3 26 17 0
-14 48 -1 0
-36 -26 -43 0
-12 -44 7 0
-42 -10 31 0
-33 -9 43 0
-49 -46 8 0
-41 7 14 0
36 4 1 0
18 1 -26 0
46 -12 27 0
-5 37 10 0
21 -12 28 0
-23 -15 -44 0
-7 -9 -21 0
39 24 -29 0
-1 15 -4 0
49 -1 -41 0
17 -40 -1 0
-44 2 -28 0
-5 -38 8 0
18 -41 -37 0
11 2 45 0
44 -25 -38 0
-26 -10 11 0
-28 -18 -26 0
-45 28 -16 0
-23 34 -42 0
-1 43 -14 0
31 -4 50 0
33 -48 -38 0
-48 -26 -40 0
12 -46 40 0
-33 33 7 0
26 32 19 0
37 24 33 0
-23 10 45 0
39 3 8 0
-27 -19 -23 0
8 -28 -30 0
1 -21 33 0
-41 -30 -34 0
-47 37 41 0
3 -1 -10 0
-40 10 15 0
19 -18 41 0
9 50 -7 0
-24 14 -32 0
44 -2 42 0
25 -26 16 0
13 -50 -36 0
49 -25 -2 0
6 -3 -22 0
41 13 1 0
-25 32 45 0
38 -6 40 0
32 33 18 0
4 -11 47 0
-23 -10 -12 0
-30 41 -13 0
21 -6 -8 0
-40 4 30 0
-41 2 4 0
-28 39 -29 0
-47 -38 -39 0
7 -24 -20 0
24 24 -30 0
-10 47 -10 0
-3 31 43 0
-8 -22 -29 0
42 -47 -41 0
50 23 24 0
-28 -7 8 0
-35 4 2 0
-3 33 7 0
25 -9 2 0
9 -41 29 0
46 18 -41 0
49 34 -30 0
-39 -12 -42 0
13 33 -5 0
-31 -20 -34 0
-22 -33 45 0
8 -43 28 0
33 8 11 0
-29 38 41 0
14 -40 45 0
-37 29 -49 0
-31 -17 -23 0
50 7 44 0
-29 -19 -16 0
13 27 43 0
-29 -30 22 0
22 -2 -25 0
16 -32 -14 0
-47 1 29 0
47 14 -9 0
27 8 23 0
12 39 44 0
-24 -40 46 0
-2 -41 -47 0
26 21 -36 0
-47 -31 -39 0
12 -16 29 0
-31 -50 -18 0
39 -44 35 0
44 -48 -16 0
-3 -24 20 0
-3 -24 40 0
-23 -34 -13 0
-9 41 30 0
11 -41 8 0
-13 -31 -20 0
23 -34 18 0
49 10 -3 0
-5 -2 50 0
