c CNF generator v0.9
p cnf 50 150
32 -31 -41 0
34 42 38 0
-37 -18 43 0
-18 -9 46 0
3 -10 3 0
-15 24 40 0
21 -22 43 0
7 24 -41 0
-43 -18 42 0
13 -2 -10 0
23 25 -49 0
8 30 2 0
-2 -30 12 0
14 44 12 0
37 -20 -43 0
-45 38 -46 0
48 44 39 0
7 -50 -37 0
-47 47 -36 0
-6 39 30 0
42 -49 33 0
-27 -31 -12 0
-44 13 -17 0
-8 -22 -33 0
-1 31 -41 0
12 13 -34 0
14 39 -42 0
-47 22 -29 0
-23 -35 -46 0
26 44 -38 0
17 -21 -36 0
44 -1 -37 0
14 -34 -46 0
19 -5 -22 0
-7 -31 -21 0
23 -10 22 0
-5 -3 -16 0
14 24 21 0
42 -2 31 0
19 9 39 0
-49 -13 43 0
2 2 -39 0
17 44 -10 0
-27 -27 25 0
35 22 9 0
-27 -4 28 0
36 -26 17 0
-6 -46 -22 0
-24 -48 7 0
45 -38 -1 0
16 -4 -8 0
-23 -9 -4 0
14 49 48 0
-44 34 13 0
-26 11 -9 0
-19 -48 -25 0
8 20 -29 0
-23 47 -46 0
-12 35 45 0
-28 32 -38 0
46 -48 -7 0
33 -28 14 0
-35 -49 -4 0
2 36 5 0
6 -22 15 0
-37 37 -1 0
50 45 33 0
-15 -17 22 0
-10 25 10 0
15 -11 29 0
-41 43 13 0
-1 -32 -4 0
50 35 -38 0
-21 19 42 0
31 19 -14 0
29 -43 -31 0
-29 -12 -50 0
-15 9 34 0
-33 -50 47 0
3 26 -19 0
-42 -20 -10 0
45 -17 -17 0
50 -15 46 0
-26 8 17 0
-49 36 -8 0
36 48 -2 0
-40 -20 -35 0
-49 46 -22 0
-7 43 29 0
29 -4 19 0
-49 50 28 0
37 -33 46 0
-40 20 -47 0
-3 -31 1 0
7 -17 -14 0
14 -25 9 0
-26 -23 47 0
-42 -36 10 0
-34 38 -41 0
-40 7 -44 0
-33 -21 -41 0
44 -46 -2 0
-50 24 -21 0
-49 -14 4 0
-37 46 -13 0
41 -10 -42 0
16 32 -9 0
19 42 -11 0
-42 11 -23 0
43 15 -14 0
-39 49 45 0
-9 40 29 0
-28 14 42 0
7 6 46 0
37 6 -45 0
-32 8 29 0
26 34 -21 0
-19 49 -40 0
37 -43 7 0
26 -1 -28 0
4 13 -41 0
21 26 -3 0
38 -45 28 0
-37 -19 11 0
-31 35 -6 0
34 -37 -43 0
30 23 18 0
-14 12 -27 0
-34 29 -38 0
-4 12 17 0
34 34 12 0
-27 10 30 0
-20 -1 15 0
-33 14 13 0
50 -37 43 0
19 -17 -24 0
-6 -9 -46 0
-28 46 42 0
44 40 -6 0
29 17 -1 0
49 47 42 0
39 -37 28 0
-8 15 -25 0
22 -6 -28 0
-46 41 -27 0
23 8 48 0
-22 34 -25 0
-9 -29 -8 0
-15 5 45 0
-28 34 7 0
