c CNF generator v0.9
p cnf 50 150
41 14 32 0
-40 33 27 0
1 -32 -3 0
39 -41 42 0
29 12 49 0
-46 -18 -29 0
-10 34 -2 0
44 -39 -36 0
-46 37 -3 0
-16 -11 -12 0
-4 1 20 0
-16 -49 -18 0
-2 32 -44 0
12 12 41 0
49 13 -8 0
47 21 40 0
1 -15 -29 0
-42 25 46 0
10 -16 -29 0
10 -22 22 0
-12 -37 24 0
23 -16 13 0
6 40 -35 0
-43 -27 -32 0
9 1 31 0
22 14 -2 0
-27 -28 -2 0
38 30 35 0
17 -13 -22 0
3 19 13 0
16 -49 -5 0
15 29 -21 0
14 4 8 0
-7 -42 -33 0
-44 44 -10 0
-31 21 -33 0
1 -45 33 0
23 -50 16 0
-41 -45 38 0
15 -17 17 0
-20 -30 -49 0
24 26 -31 0
13 13 50 0
-48 5 -28 0
-30 18 -11 0
-36 -47 -9 0
12 -24 -43 0
-12 -24 -41 0
27 1 38 0
30 21 10 0
-19 -21 -25 0
19 29 31 0
29 44 20 0
20 16 32 0
-27 -48 9 0
24 49 -11 0
26 1 16 0
1 38 -15 0
11 -37 21 0
-6 -38 -22 0
28 -47 -37 0
-38 -28 48 0
-21 29 37 0
34 -38 26 0
12 26 45 0
50 -47 26 0
46 9 34 0
15 -3 20 0
9 39 33 0
-24 36 -19 0
10 22 17 0
-20 21 -38 0
-39 6 46 0
24 24 -26 0
-23 -39 -16 0
-27 -11 -46 0
-44 22 16 0
-6 -15 -44 0
39 16 44 0
-30 22 -41 0
-20 -42 4 0
-17 -12 3 0
49 43 -18 0
-43 -21 -12 0
-36 -49 -16 0
24 -21 32 0
-25 -5 -16 0
10 31 19 0
3 -1 -48 0
41 23 -6 0
48 -36 -10 0
-33 -16 -37 0
-9 20 41 0
-34 13 -29 0
-28 -27 39 0
2 29 -35 0
-27 16 -35 0
-28 -48 38 0
19 26 27 0
-35 23 39 0
22 -26 5 0
-13 27 -28 0
6 12 15 0
15 -27 -29 0
-19 -13 -30 0
-9 -25 -31 0
14 -30 -4 0
16 -25 -40 0
-40 -5 11 0
45 11 -48 0
-12 5 -33 0
28 -17 44 0
38 -50 39 0
5 -26 47 0
44 20 -42 0
-41 21 -27 0
-33 -9 2 0
-27 9 47 0
-2 -45 -48 0
-27 9 -30 0
13 -23 13 0
15 -23 20 0
-14 41 47 0
5 -24 -28 0
-47 -20 16 0
25 -34 -9 0
14 19 27 0
-11 -5 -38 0
-20 -9 -44 0
-46 -1 18 0
17 -27 -1 0
-26 -23 -33 0
42 -46 13 0
-36 -21 17 0
31 17 34 0
-24 -40 47 0
29 -1 7 0
-47 47 50 0
29 7 -31 0
-20 -25 -24 0
9 -40 -34 0
43 5 6 0
-8 -7 -6 0
-46 10 -34 0
48 11 -2 0
16 -5 -30 0
-28 -50 6 0
-12 14 -3 0
8 29 -48 0
11 10 -7 0
