c CNF generator v0.9
p cnf 50 150
-25 -26 -7 0
5 14 -21 0
-5 11 11 0
49 29 -15 0
12 -14 -38 0
12 -29 20 0
7 -42 -3 0
-31 27 -28 0
2 -46 -26 0
27 30 -7 0
25 -33 -19 0
41 -10 -27 0
-6 -15 44 0
7 -1 25 0
-33 -12 27 0
-6 -11 15 0
-26 -17 25 0
-43 5 -34 0
49 28 27 0
33 5 -30 0
-34 -23 -37 0
-9 -34 44 0
32 38 -27 0
-20 14 40 0
6 -26 -26 0
10 -17 -18 0
-13 6 -41 0
25 -23 17 0
-8 50 29 0
-19 -19 29 0
-32 46 25 0
26 45 -50 0
32 -21 -7 0
48 19 44 0
-18 -4 43 0
-4 -44 43 0
17 22 24 0
-42 18 49 0
27 -24 47 0
23 -23 -39 0
-46 -8 29 0
-38 37 -37 0
19 17 23 0
-44 35 -46 0
-48 -33 -2 0
-19 -30 39 0
40 -35 -39 0
32 36 45 0
50 -50 31 0
36 23 -23 0
47 14 6 0
-26 -28 -34 0
-16 -1 7 0
-15 -22 -9 0
19 -42 40 0
41 29 -13 0
-43 14 -23 0
43 -35 43 0
23 -41 -31 0
16 -24 16 0
4 -24 -46 0
-7 -35 36 0
-11 -46 -20 0
22 -44 -41 0
-49 -3 21 0
-34 -50 -39 0
-10 16 -33 0
41 -8 15 0
-49 23 -29 0
7 -31 -2 0
-20 -46 -44 0
25 -29 4 0
20 -38 -36 0
-20 -41 21 0
16 35 8 0
-8 29 -8 0
24 -7 -38 0
27 38 -16 0
50 20 7 0
28 -11 -37 0
-8 35 -17 0
41 -15 -30 0
16 -43 43 0
24 8 20 0
46 -5 41 0
-43 -18 -42 0
-39 -40 4 0
-23 -5 20 0
38 23 -12 0
-16 48 20 0
50 7 -17 0
5 -39 -47 0
-45 -11 -12 0
30 -16 50 0
17 -23 -9 0
-43 -5 -7 0
13 48 45 0
21 11 15 0
19 -43 -41 0
-4 22 -14 0
30 7 -19 0
17 -48 -20 0
-39 28 -29 0
19 -20 -41 0
-38 5 -39 0
9 -38 3 0
20 49 49 0
-47 40 31 0
-13 -44 26 0
43 4 -50 0
26 31 -44 0
-38 24 38 0
-5 13 -47 0
46 -39 50 0
-32 -48 -13 0
-9 -7 46 0
-24 -17 29 0
28 -32 -13 0
38 38 50 0
-22 -14 -46 0
-7 -33 5 0
-10 -34 11 0
-44 -20 24 0
12 1 -13 0
-13 -46 30 0
24 45 12 0
19 -49 41 0
37 48 10 0
-44 -46 -1 0
7 14 19 0
11 10 40 0
-29 9 2 0
49 -6 -39 0
27 27 -37 0
-36 6 39 0
-41 -47 20 0
10 6 -4 0
-35 -37 17 0
43 -41 48 0
18 -32 -6 0
7 9 12 0
21 -1 -32 0
-6 25 38 0
3 32 -3 0
7 -45 24 0
39 -21 21 0
41 -3 30 0
-5 47 18 0
-40 -11 47 0
50 -44 32 0
