c CNF generator v0.9
p cnf 50 150
36 21 17 0
-19 -35 -50 0
-5 -35 -35 0
-13 1 -2 0
17 31 25 0
1 43 -42 0
-18 -4 -8 0
-1 -12 46 0
46 -33 -38 0
-15 -47 -5 0
32 -30 16 0
-6 -27 7 0
-40 -43 10 0
35 -2 -47 0
17 -17 -27 0
-29 -19 -21 0
-21 3 -23 0
-13 -48 21 0
-12 22 -21 0
-3 -44 1 0
-18 -33 2 0
-37 -34 48 0
-27 35 38 0
-46 40 26 0
13 -24 2 0
35 15 -18 0
-37 -44 9 0
11 -3 -45 0
34 28 -8 0
-29 -7 -44 0
-49 30 -30 0
-46 37 19 0
28 25 21 0
14 43 -9 0
50 44 -10 0
-23 1 -36 0
25 31 49 0
11 -26 -47 0
13 -18 -40 0
-32 -24 43 0
-10 22 -17 0
-9 19 48 0
10 -46 -27 0
45 34 33 0
-34 38 -34 0
20 47 -2 0
-50 -41 -13 0
49 -39 15 0
-12 -50 19 0
-33 13 -20 0
-18 22 -40 0
-1 -2 29 0
-21 -45 -1 0
-40 48 34 0
-46 26 25 0
19 24 -13 0
26 -35 9 0
25 34 45 0
40 6 -7 0
-35 39 36 0
-21 33 -6 0
-16 8 49 0
-24 -32 24 0
8 -13 -11 0
36 -20 35 0
-33 -38 48 0
20 30 6 0
-13 17 48 0
-50 -2 26 0
-12 -18 -12 0
-41 -11 10 0
-11 32 -21 0
32 -41 42 0
45 33 -39 0
-3 3 -35 0
14 -41 -2 0
-1 -40 25 0
-45 -11 48 0
-2 30 -49 0
-38 -47 2 0
29 37 -11 0
50 -27 -48 0
-17 -34 18 0
28 2 -27 0
-40 4 18 0
-3 9 4 0
29 13 38 0
-19 38 38 0
-22 12 -44 0
11 -27 -44 0
19 36 -47 0
8 28 29 0
2 -8 -1 0
9 -37 14 0
36 -14 11 0
29 -14 -3 0
-36 -12 21 0
12 48 -15 0
7 -41 49 0
5 25 12 0
-20 33 -49 0
-14 29 -33 0
-50 50 -45 0
49 -16 -4 0
25 -3 37 0
49 -37 -8 0
13 1 -46 0
-24 1 -6 0
11 -32 16 0
2 4 -21 0
-20 -6 24 0
-7 49 36 0
-2 50 -17 0
-44 48 20 0
-13 8 40 0
4 -19 -15 0
42 19 -41 0
-24 1 -11 0
-9 25 6 0
-50 -4 -5 0
-5 49 49 0
9 -50 27 0
29 37 24 0
32 -15 34 0
17 13 46 0
-49 46 45 0
38 11 8 0
7 -20 4 0
-6 35 21 0
47 -29 -40 0
23 -11 10 0
-3 -22 31 0
-10 -10 46 0
17 -21 -19 0
9 15 -45 0
-30 35 23 0
27 -8 -18 0
-32 13 -32 0
-18 37 -3 0
-6 28 23 0
47 -31 -37 0
-44 -2 -5 0
2 37 -10 0
-23 16 46 0
25 3 11 0
-1 12 9 0
24 6 -8 0
-17 41 18 0
-32 -24 -30 0
25 22 -47 0
