c CNF generator v0.9
p cnf 50 150
22 -48 -3 0
4 28 22 0
-34 -42 -39 0
-48 30 7 0
-38 -25 13 0
42 24 28 0
-4 24 -16 0
-32 22 48 0
-10 -19 -38 0
-28 -7 -28 0
-33 -50 9 0
38 -18 46 0
-10 -16 39 0
-29 28 1 0
-47 2 -33 0
6 -11 19 0
-3 16 -13 0
-25 6 24 0
11 46 38 0
-26 -1 -49 0
-14 -10 -26 0
-4 -31 41 0
-44 -16 30 0
8 32 12 0
-2 23 35 0
-20 -3 -46 0
32 34 6 0
45 34 40 0
-15 28 18 0
7 -38 -1 0
2 30 14 0
18 41 -20 0
-44 -17 5 0
21 29 -10 0
-7 45 45 0
-16 34 48 0
-31 40 26 0
-37 -47 19 0
-31 24 -12 0
-50 -15 33 0
-40 37 -12 0
-27 -28 -38 0
-16 46 -41 0
35 -35 47 0
-35 -8 -45 0
-37 19 1 0
23 -38 30 0
31 18 21 0
35 43 -2 0
15 -13 28 0
26 -5 30 0
50 31 12 0
-26 -32 2 0
-3 -48 27 0
-6 -38 36 0
28 -24 43 0
20 -16 -18 0
-24 -32 29 0
44 41 -44 0
-37 48 -11 0
-8 2 47 0
31 1 -35 0
45 -19 7 0
-15 9 -42 0
-27 19 27 0
-34 -6 31 0
33 6 37 0
-11 -3 26 0
-19 -13 50 0
46 -26 -19 0
25 -19 -48 0
30 -50 6 0
33 15 10 0
22 -4 1 0
-5 38 -7 0
13 34 21 0
-16 45 -10 0
-25 -28 18 0
-1 32 33 0
-24 46 -18 0
28 38 9 0
-2 7 13 0
-50 30 -14 0
20 -25 23 0
30 14 -34 0
45 -9 42 0
-19 34 -32 0
12 23 -34 0
-11 -18 -26 0
41 28 -38 0
-28 24 -46 0
36 12 -6 0
-43 -46 17 0
-41 36 11 0
-46 39 -1 0
12 42 -40 0
47 14 47 0
-43 50 -19 0
36 -36 -6 0
-45 32 -4 0
-7 -41 13 0
-38 16 -22 0
-16 -31 -30 0
21 -29 -5 0
-2 39 39 0
-15 -25 -19 0
14 -9 -41 0
7 7 -32 0
20 23 15 0
4 -5 -21 0
-43 50 2 0
18 -31 -16 0
40 -37 32 0
-31 1 -41 0
3 34 46 0
-33 -22 44 0
-40 -22 29 0
-25 27 42 0
13 4 -6 0
-30 -27 -48 0
39 33 19 0
15 -35 -9 0
-36 -33 -4 0
-2 42 -19 0
-46 -19 17 0
-41 -12 36 0
-23 8 22 0
31 22 -48 0
50 -32 17 0
31 35 -24 0
8 34 23 0
-2 23 -20 0
19 -28 -29 0
-1 27 29 0
32 34 -37 0
46 35 32 0
-40 -38 -19 0
-12 9 50 0
15 36 -15 0
-3 37 49 0
-27 11 -40 0
-30 -47 -26 0
-45 -31 48 0
30 36 -18 0
-5 -32 33 0
-14 6 -17 0
36 49 42 0
10 10 -50 0
34 18 -49 0
-15 32 50 0
