c CNF generator v0.9
p cnf 50 150
30 -33 -35 0
-45 -50 26 0
3 38 15 0
19 5 47 0
37 33 42 0
41 9 -15 0
46 24 -13 0
-10 -43 5 0
8 -50 -39 0
-48 40 -10 0
-40 33 -44 0
43 48 -49 0
-39 18 -25 0
4 11 39 0
13 -8 27 0
-44 -9 -49 0
6 17 -38 0
-26 41 30 0
-6 -12 -43 0
-37 44 42 0
36 45 -13 0
-41 22 -23 0
46 -14 -48 0
44 -16 -1 0
-28 -27 -50 0
-5 22 47 0
-30 11 16 0
24 24 -19 0
-46 12 10 0
-40 -40 -13 0
-13 12 3 0
2 -9 50 0
41 35 -37 0
36 -3 -46 0
37 -11 -42 0
40 19 -25 0
-48 -12 -23 0
35 37 6 0
46 -39 -30 0
40 -15 23 0
36 29 -40 0
36 37 15 0
-8 13 -42 0
-34 -23 23 0
-24 40 -22 0
42 -1 -42 0
16 -40 28 0
27 -21 31 0
-11 -37 -38 0
-39 -34 20 0
35 1 -31 0
14 30 -33 0
-42 -15 19 0
-50 -34 -12 0
22 38 17 0
-3 45 47 0
46 39 -2 0
1 -33 -18 0
2 -12 38 0
5 -14 49 0
26 -37 8 0
23 47 -27 0
49 47 -8 0
-2 -48 -34 0
-19 -45 -36 0
-17 -19 29 0
-40 2 24 0
33 -24 9 0
-30 -50 -4 0
26 -47 -6 0
41 -37 12 0
-21 34 -39 0
-10 7 -45 0
-44 27 -48 0
49 -5 28 0
50 -48 -36 0
-6 -18 -9 0
27 32 26 0
15 27 -37 0
14 -33 45 0
36 -15 43 0
47 42 -32 0
20 38 -38 0
6 -47 11 0
4 49 -6 0
-39 -12 3 0
22 -48 11 0
-50 -7 -1 0
16 5 -49 0
38 -7 3 0
19 -24 -33 0
-4 2 -28 0
46 -45 -38 0
4 50 3 0
37 36 -45 0
1 -15 -31 0
40 -36 14 0
-27 14 39 0
-20 18 -21 0
22 -4 28 0
6 -35 -26 0
47 41 -1 0
30 -50 17 0
16 4 30 0
32 13 -13 0
29 44 -27 0
-47 -43 -37 0
17 -7 -41 0
39 -40 35 0
12 -27 -48 0
-46 14 -23 0
-39 -41 -30 0
34 20 12 0
-11 17 -29 0
7 9 -10 0
-28 -29 -28 0
42 23 -42 0
-13 8 29 0
-37 4 -2 0
-25 -42 -37 0
-27 -33 -19 0
49 18 9 0
-15 37 28 0
-50 -32 -21 0
44 -2 -9 0
-16 -5 -49 0
-49 -49 -45 0
24 -2 26 0
-23 20 -12 0
32 3 17 0
-27 29 -25 0
35 -6 -41 0
15 -18 -21 0
-9 -47 9 0
-4 46 -8 0
7 -2 19 0
-23 11 50 0
-6 7 -12 0
-14 -44 46 0
-6 12 -26 0
-35 -42 46 0
-9 -49 2 0
33 -19 18 0
-46 -27 -40 0
29 -11 -23 0
3 20 35 0
34 -50 -32 0
-31 -48 -46 0
22 -8 -18 0
7 -36 -5 0
