c CNF generator v0.9
p cnf 50 150
-37 -8 -34 0
10 18 8 0
6 10 -30 0
23 43 -27 0
44 42 26 0
-47 33 11 0
-14 -43 -11 0
-16 -8 -13 0
40 -35 -27 0
-28 39 -36 0
-36 12 2 0
-39 -4 -46 0
-22 -9 -42 0
-36 32 -28 0
-13 -26 -16 0
-8 -5 -13 0
25 34 48 0
-1 6 -28 0
-39 27 -39 0
-35 19 43 0
36 -31 -2 0
-28 44 43 0
-46 -26 -13 0
-1 45 -19 0
-11 -35 -8 0
41 -34 44 0
-1 -24 33 0
18 25 -35 0
16 -41 -50 0
-31 -7 -5 0
-22 24 -16 0
10 -38 -10 0
-9 -10 12 0
-24 26 -30 0
17 -37 -19 0
33 8 -24 0
31 16 -50 0
4 21 -28 0
-5 27 31 0
17 -42 30 0
-46 -42 -44 0
-39 9 -17 0
28 27 19 0
-21 -6 -24 0
-27 -29 -2 0
-50 -40 -34 0
-48 42 20 0
-11 -4 7 0
39 -35 20 0
34 -43 21 0
43 -28 -18 0
26 39 46 0
23 -23 -2 0
-19 38 -50 0
49 -23 -24 0
40 -1 -28 0
41 -15 45 0
49 5 -17 0
32 -29 -33 0
23 -33 -28 0
28 43 -19 0
41 -7 44 0
41 -20 -25 0
12 39 -20 0
46 -27 33 0
-39 -42 25 0
40 7 13 0
-37 -50 -29 0
-9 -30 48 0
-36 -42 50 0
-24 39 28 0
35 -6 32 0
19 37 -22 0
5 25 -46 0
15 39 34 0
12 36 -36 0
-18 -18 15 0
8 -7 11 0
15 -48 -27 0
-18 -14 -3 0
30 28 -19 0
11 -42 -45 0
-2 -49 18 0
-10 15 -19 0
25 30 42 0
-8 46 -21 0
36 -7 -10 0
11 25 43 0
43 -50 -9 0
20 -25 -49 0
18 -20 5 0
-20 -5 -12 0
-40 26 -18 0
44 -47 -43 0
-41 23 -36 0
3 -24 41 0
6 33 44 0
-25 2 21 0
50 -26 30 0
-2 -14 26 0
-12 -30 8 0
13 33 -35 0
28 27 44 0
-4 2 -17 0
-46 38 1 0
5 -50 -29 0
-32 12 -35 0
44 -4 6 0
34 -18 8 0
-5 -38 38 0
19 -10 -25 0
-9 9 6 0
-29 3 -50 0
30 -45 11 0
6 34 -41 0
-45 -35 31 0
-33 10 -24 0
32 -45 48 0
-6 -28 -5 0
6 -3 35 0
-46 49 -34 0
-30 -20 -42 0
-9 32 41 0
46 -3 13 0
13 26 -45 0
30 -41 -36 0
-44 41 19 0
50 -10 43 0
-42 -10 1 0
-19 12 24 0
16 42 48 0
-11 -13 -20 0
25 20 18 0
17 19 -29 0
25 28 8 0
-24 -33 -1 0
-2 -15 -10 0
30 -24 -44 0
40 -41 -34 0
28 32 6 0
-25 10 17 0
26 20 15 0
42 -15 -15 0
5 26 9 0
-30 4 -46 0
-42 -44 -9 0
16 47 2 0
-1 -49 -22 0
-31 27 -38 0
-34 -20 -28 0
