c CNF generator v0.9
p cnf 50 150
47 34 -19 0
19 1 23 0
44 38 -19 0
6 30 5 0
23 39 -27 0
-12 50 -37 0
17 -1 50 0
-23 33 40 0
1 8 -1 0
-25 -15 49 0
1 5 -10 0
44 47 -39 0
3 -12 32 0
-48 -31 22 0
-16 -8 34 0
-44 32 -50 0
-12 42 -36 0
-15 -12 16 0
18 10 -31 0
8 11 -17 0
12 -17 -16 0
24 7 -28 0
-33 -30 31 0
-2 14 -46 0
-18 -7 -21 0
38 -6 -3 0
-21 39 -37 0
1 46 19 0
-35 4 -36 0
-29 -31 -33 0
38 43 -3 0
37 34 36 0
21 38 -31 0
44 -35 3 0
-20 33 -48 0
-31 -8 40 0
-39 43 47 0
-31 48 -9 0
13 31 32 0
-37 26 -3 0
48 -6 50 0
-31 -7 28 0
-42 26 34 0
14 -2 34 0
-4 50 -41 0
36 -25 15 0
50 -2 27 0
-30 3 -3 0
31 50 30 0
29 7 -17 0
14 -22 -46 0
-32 -35 -19 0
15 -10 24 0
27 50 8 0
40 48 -34 0
-29 18 -49 0
-3 29 10 0
14 -14 31 0
-11 -16 -46 0
11 -17 39 0
-44 -27 50 0
-37 -29 -9 0
29 -23 15 0
19 -17 27 0
-9 -7 -35 0
-21 11 20 0
43 14 -27 0
41 -50 7 0
-45 -25 -10 0
-37 -18 -19 0
-18 1 31 0
31 -9 -18 0
-39 -21 -41 0
31 -40 31 0
-14 40 -48 0
-10 -13 49 0
-4 -43 23 0
19 20 -37 0
37 31 46 0
27 -41 13 0
39 27 30 0
32 -16 22 0
19 -47 44 0
-20 -50 -36 0
2 44 40 0
-40 35 35 0
35 -1 -13 0
-24 1 28 0
-37 39 28 0
17 -41 39 0
6 -15 17 0
-23 15 -2 0
-12 -50 34 0
-1 -10 -49 0
11 -6 -29 0
25 33 -20 0
-50 35 3 0
16 49 -20 0
43 -36 -44 0
8 -45 -40 0
25 49 26 0
-41 2 49 0
13 -41 29 0
-3 34 -26 0
-22 5 32 0
5 26 -20 0
-41 43 4 0
10 39 1 0
-3 -9 -39 0
-27 -44 28 0
-45 45 -35 0
43 34 40 0
-28 -27 -20 0
36 3 45 0
23 38 18 0
-24 42 -24 0
-17 33 30 0
-19 -35 8 0
-15 -38 -44 0
37 16 -13 0
18 -41 15 0
-40 10 45 0
37 -29 2 0
13 39 1 0
-49 36 8 0
-26 -4 -26 0
7 -29 2 0
-2 10 -42 0
7 -9 9 0
-19 -24 35 0
-14 -6 38 0
12 15 -3 0
-41 1 50 0
1 -16 33 0
20 -10 19 0
-37 -17 -29 0
49 36 -15 0
16 -20 -4 0
15 37 -34 0
-50 4 24 0
-41 -43 17 0
40 -33 -19 0
49 38 -43 0
-34 39 -14 0
-20 24 37 0
-39 -33 -50 0
-6 -11 21 0
24 -13 -47 0
19 11 2 0
16 50 42 0
