c CNF generator v0.9
p cnf 50 150
-45 -48 18 0
43 -2 21 0
30 -2 33 0
13 32 46 0
-28 13 17 0
10 11 47 0
9 13 6 0
22 -50 -25 0
-42 -25 -19 0
7 -23 -30 0
-22 -24 30 0
25 31 27 0
46 47 -47 0
18 -17 -37 0
-3 -46 -22 0
-48 -6 -47 0
-28 31 21 0
-8 -39 5 0
-27 38 -31 0
-45 24 -50 0
34 -13 -7 0
-11 -50 5 0
14 -41 -23 0
12 -43 -10 0
19 -32 23 0
4 -23 -46 0
28 -41 44 0
2 19 39 0
50 37 28 0
-43 28 -50 0
49 -46 -37 0
18 42 -49 0
33 22 38 0
35 20 -4 0
26 -18 -24 0
-13 40 5 0
49 43 2 0
-44 9 33 0
5 -42 -38 0
-23 -34 18 0
-33 -35 34 0
43 -43 18 0
-32 14 -14 0
35 6 -7 0
-11 11 10 0
20 -7 50 0
-12 -15 -23 0
-49 36 14 0
-25 26 -32 0
-9 -11 -18 0
-31 35 -38 0
-17 39 21 0
-38 -21 -40 0
34 37 -12 0
49 1 -34 0
1 14 -18 0
-17 50 50 0
-46 -41 50 0
-28 31 50 0
-11 3 21 0
-38 -13 -9 0
-8 8 -34 0
-21 -39 -42 0
37 44 -21 0
50 1 20 0
26 6 14 0
-22 -3 38 0
29 30 17 0
-7 -34 19 0
-43 -50 12 0
41 48 45 0
32 38 8 0
49 8 18 0
-21 49 -49 0
9 -2 -20 0
26 34 30 0
-21 -13 6 0
17 7 11 0
-26 42 22 0
-20 29 49 0
25 5 2 0
18 -9 -43 0
32 29 -31 0
-11 32 -43 0
37 11 -20 0
-23 11 27 0
37 3 1 0
4 49 36 0
-33 -32 34 0
-19 47 -6 0
-38 -12 -38 0
12 -36 17 0
13 -38 5 0
-39 20 -24 0
9 -31 -14 0
39 17 20 0
19 48 10 0
-13 -8 19 0
15 -11 -2 0
7 -28 44 0
14 -20 44 0
32 7 -2 0
19 -3 -20 0
-11 14 -15 0
29 -8 -2 0
-29 3 34 0
16 46 -28 0
-40 24 -44 0
-28 1 -34 0
27 -22 17 0
-21 26 10 0
3 -14 -30 0
-20 -35 29 0
-27 -10 -8 0
27 15 28 0
47 -37 -20 0
-29 4 -10 0
49 -18 26 0
-6 -3 10 0
-16 -48 18 0
41 -49 -37 0
19 18 27 0
22 43 -46 0
3 22 -15 0
19 -40 6 0
-43 19 43 0
48 -14 13 0
-4 21 41 0
-46 25 -32 0
32 -10 -14 0
23 -47 -33 0
-48 -47 -19 0
24 -4 -32 0
-29 -23 45 0
-17 25 11 0
7 46 -47 0
17 -31 6 0
-5 39 39 0
-29 50 -32 0
3 -19 43 0
18 15 18 0
-7 32 -48 0
-21 -19 43 0
34 -40 48 0
-7 11 -50 0
41 32 33 0
-23 7 1 0
7 40 30 0
-28 -22 -33 0
4 12 21 0
