c CNF generator v0.9
p cnf 50 150
-16 25 -13 0
16 23 -2 0
13 -42 -26 0
-38 8 -43 0
30 -5 -34 0
33 -24 -2 0
5 -37 -14 0
12 -19 -3 0
19 38 27 0
-43 48 31 0
-1 -40 -42 0
-7 26 -18 0
-40 -6 41 0
48 -48 -19 0
-7 27 -26 0
-25 49 -31 0
-1 12 -42 0
41 -15 8 0
-28 -42 -26 0
41 -2 43 0
25 5 15 0
-5 -3 37 0
31 -31 -21 0
-10 -21 -6 0
-32 39 33 0
12 -47 33 0
44 -39 -29 0
42 40 39 0
21 -6 30 0
-47 -44 -26 0
19 -13 -24 0
45 -33 49 0
-29 -21 -6 0
20 38 -27 0
27 28 44 0
46 -32 -41 0
19 -20 12 0
32 37 44 0
-33 12 -34 0
34 -47 -16 0
-9 3 24 0
35 -14 -49 0
47 26 36 0
-15 36 20 0
-7 31 -31 0
34 -41 1 0
20 27 -11 0
-44 27 -1 0
-27 6 -32 0
29 -6 19 0
-31 19 -42 0
-40 -43 -35 0
23 -48 -27 0
-10 8 21 0
5 22 -7 0
27 -6 -6 0
-43 -41 45 0
-24 -27 32 0
43 -35 -1 0
-34 25 -13 0
43 -29 5 0
-9 13 23 0
-28 -11 1 0
4 27 36 0
7 11 -19 0
30 4 40 0
-36 12 -24 0
-48 31 19 0
23 39 14 0
-30 -40 50 0
8 -46 8 0
-2 -43 -48 0
42 35 -31 0
20 21 -29 0
-17 -4 32 0
50 10 -34 0
-8 -45 43 0
39 -42 29 0
23 19 -14 0
-14 -16 -37 0
-2 7 42 0
-43 2 -42 0
43 -4 -31 0
-44 29 34 0
11 12 6 0
-2 7 42 0
36 32 5 0
-33 13 28 0
2 15 -9 0
-12 -10 42 0
40 -40 33 0
-1 15 -39 0
-42 -47 -25 0
-37 42 -10 0
-25 -1 43 0
6 -38 -22 0
4 29 24 0
-32 -47 -34 0
8 -42 24 0
-17 35 -40 0
21 -39 -38 0
48 -37 -26 0
33 -38 -20 0
-14 -29 -27 0
10 38 3 0
28 35 -39 0
7 -15 18 0
26 26 50 0
-11 -31 19 0
29 22 -47 0
2 -36 -1 0
-9 -50 -25 0
11 7 -38 0
-27 49 47 0
-40 -41 -40 0
-13 -48 -15 0
11 -23 -24 0
37 9 -20 0
46 -39 7 0
-25 -44 10 0
-50 48 6 0
-6 -27 -16 0
15 -21 -41 0
14 -38 47 0
47 39 16 0
-19 -46 -44 0
-21 12 30 0
-36 -47 -16 0
-49 50 23 0
-1 -17 22 0
19 13 6 0
-1 15 -4 0
25 23 21 0
30 -7 -39 0
1 -31 21 0
-44 24 37 0
25 50 14 0
31 -26 -7 0
-33 36 50 0
21 23 50 0
-34 19 -27 0
-45 -49 -9 0
31 48 21 0
31 -10 30 0
-14 34 4 0
6 -9 4 0
-8 -8 26 0
-34 -49 -22 0
-3 29 -41 0
19 26 12 0
