c CNF generator v0.9
p cnf 50 150
27 -2 23 0
-22 31 33 0
-7 -37 18 0
20 18 -28 0
2 -16 -22 0
-16 8 -11 0
9 33 11 0
45 -14 -19 0
-6 -43 -35 0
-17 30 -14 0
35 -3 -50 0
11 47 -46 0
27 -43 -6 0
-34 37 37 0
-25 -2 10 0
-1 -45 -48 0
8 -5 31 0
4 -19 17 0
45 -25 3 0
50 -39 10 0
-32 30 50 0
-8 34 -7 0
-24 -27 42 0
17 -27 -6 0
-40 -17 15 0
-44 -28 44 0
-36 -32 46 0
20 7 -20 0
41 -37 -49 0
-16 25 -40 0
-30 41 -41 0
-23 -10 -47 0
5 -35 -20 0
-9 7 -28 0
-40 13 40 0
2 43 -16 0
-39 -14 -25 0
24 22 4 0
-2 23 -20 0
-16 -24 6 0
22 44 4 0
12 -48 43 0
-9 34 11 0
-12 47 -8 0
-49 -2 -13 0
-47 -29 50 0
-17 -4 -29 0
45 -43 22 0
-16 30 29 0
-25 -41 -45 0
-48 -41 27 0
-36 43 -35 0
14 30 2 0
-23 33 34 0
8 36 -3 0
41 -34 -20 0
17 -18 -19 0
14 -7 -19 0
22 -37 -23 0
-36 4 -24 0
16 47 -39 0
-35 35 38 0
23 -15 32 0
-10 47 11 0
-13 -14 -11 0
-8 33 30 0
-10 27 -50 0
32 3 -11 0
43 -21 -22 0
31 25 -10 0
-48 27 9 0
-20 26 -49 0
-35 36 36 0
14 34 2 0
48 6 3 0
-26 -44 -30 0
39 33 -1 0
14 17 4 0
27 25 -15 0
-43 3 18 0
-12 -36 -33 0
-36 -40 -13 0
-33 -5 -29 0
-2 21 -8 0
-31 -32 -22 0
14 11 3 0
-9 -42 -6 0
-26 3 -15 0
38 -19 -48 0
38 7 -13 0
-20 -24 12 0
-7 16 3 0
-46 -34 -14 0
40 24 44 0
10 23 -32 0
12 -5 -15 0
21 19 22 0
-20 24 -15 0
46 44 -17 0
-31 -18 -7 0
-1 31 -19 0
9 -44 -3 0
47 -41 16 0
-14 -23 44 0
29 -3 -39 0
-25 -25 37 0
15 -43 -30 0
-8 -22 -7 0
-15 46 16 0
12 -32 20 0
-48 -13 -40 0
12 14 12 0
24 -28 38 0
48 12 27 0
18 -40 -12 0
18 17 -17 0
15 -37 -14 0
-33 -22 -16 0
-47 35 -33 0
-2 -24 -29 0
-23 -17 -38 0
30 38 -2 0
6 -37 48 0
-8 41 -2 0
26 45 -6 0
45 50 6 0
-8 17 27 0
41 2 9 0
45 -3 -25 0
26 18 31 0
-44 23 -15 0
-39 15 -40 0
-31 -49 27 0
-32 -17 -5 0
40 7 49 0
-16 32 -28 0
40 -9 30 0
29 -16 -16 0
10 32 -2 0
16 -13 41 0
-13 21 -12 0
39 -8 34 0
-38 15 7 0
44 47 -42 0
-38 -42 6 0
-3 33 50 0
-30 -40 -16 0
34 -7 -38 0
3 -47 -12 0
-48 -9 13 0
