c CNF generator v0.9
p cnf 50 150
30 5 18 0
17 10 4 0
15 -27 48 0
-5 7 -35 0
-22 -29 -12 0
39 38 21 0
-30 -16 -37 0
11 -36 -3 0
41 -36 48 0
29 -43 10 0
43 20 -26 0
1 43 1 0
42 19 -26 0
-25 28 33 0
37 -42 -21 0
-14 -11 -2 0
4 -12 -34 0
12 12 7 0
23 -31 -35 0
8 -11 -2 0
-42 32 -8 0
50 47 2 0
18 1 34 0
-31 -43 -36 0
2 -46 -32 0
8 36 -20 0
-47 -1 -36 0
-4 1 38 0
-20 -46 36 0
41 1 -33 0
-4 30 -3 0
20 27 -36 0
13 -50 36 0
-15 -46 -37 0
-49 25 30 0
18 -30 4 0
35 48 -30 0
-44 -30 -6 0
-22 -31 10 0
4 12 -24 0
20 -2 17 0
-9 40 50 0
-41 -36 -22 0
21 41 -29 0
41 11 -42 0
-2 35 -25 0
-45 47 -24 0
-24 38 -1 0
21 17 33 0
10 32 42 0
-2 -40 5 0
43 3 12 0
15 32 33 0
-26 -32 45 0
41 -26 37 0
-3 -46 44 0
5 44 50 0
43 -33 2 0
-17 47 27 0
21 6 44 0
-10 3 -2 0
48 49 50 0
2 37 -25 0
-36 7 -15 0
16 -3 -32 0
-8 -38 -25 0
49 -40 -37 0
9 -41 -35 0
33 1 38 0
39 -6 9 0
12 17 10 0
-17 36 44 0
40 29 -36 0
16 -25 -26 0
-26 10 -2 0
-9 -47 39 0
-16 -26 39 0
25 47 -4 0
-48 22 18 0
39 21 34 0
12 -2 -41 0
43 -44 -15 0
-9 27 20 0
-16 -1 -32 0
-17 -3 16 0
-8 16 46 0
-50 38 12 0
-8 -12 -12 0
45 -37 -28 0
28 22 44 0
8 44 -33 0
-48 41 -5 0
25 -20 -13 0
-15 -17 27 0
32 3 23 0
-21 -24 43 0
5 -4 -9 0
45 -42 21 0
41 8 -27 0
5 -39 -6 0
15 8 28 0
-26 -24 -28 0
4 -25 -17 0
31 6 28 0
-43 -15 35 0
38 -40 -2 0
-6 40 -31 0
4 -22 -40 0
-24 -3 -1 0
-3 25 -40 0
-25 -31 46 0
-33 -30 4 0
-9 23 -46 0
7 34 -33 0
46 26 -48 0
42 16 30 0
32 25 -5 0
-50 -38 19 0
-11 41 15 0
6 -17 27 0
-8 8 -10 0
12 17 -2 0
33 6 -4 0
-35 -8 -15 0
-25 -22 35 0
29 -33 8 0
37 42 23 0
22 14 -15 0
18 -50 21 0
-38 -48 11 0
17 3 18 0
28 -46 -29 0
-44 43 28 0
43 -38 -44 0
8 34 -20 0
-25 -44 -26 0
-36 4 28 0
26 45 -37 0
30 -40 46 0
35 -40 -20 0
-14 -18 -50 0
-27 -7 -38 0
43 -14 20 0
46 48 17 0
-43 -49 -18 0
-42 11 -2 0
-21 11 33 0
-8 8 -34 0
-28 46 -37 0
38 -30 -8 0
