c CNF generator v0.9
p cnf 50 150
-48 29 41 0
-44 16 38 0
-5 10 31 0
45 36 43 0
40 -1 -28 0
-40 35 -6 0
40 -35 -18 0
-23 35 -40 0
-23 -4 -50 0
-12 -33 -29 0
-19 -24 24 0
-37 10 -44 0
3 25 -31 0
40 36 40 0
9 -44 45 0
3 10 -10 0
-36 6 -3 0
-7 30 41 0
20 -19 8 0
20 -11 -15 0
-45 -44 -47 0
-11 -11 -16 0
-7 30 -18 0
28 -15 -16 0
9 -4 -44 0
9 -20 19 0
-27 30 -11 0
-6 -3 45 0
-49 -17 8 0
25 -17 -43 0
-41 -2 -10 0
18 43 -45 0
49 -3 6 0
-32 -23 -20 0
-6 -47 46 0
-17 -41 2 0
-8 -19 -9 0
47 -50 -27 0
20 -29 17 0
-19 -15 26 0
-1 7 -26 0
9 -26 -17 0
-3 -18 23 0
-10 -37 -7 0
-18 -15 35 0
19 -37 50 0
16 42 -46 0
-12 -36 -9 0
44 35 25 0
30 -2 35 0
-23 -50 42 0
-43 -5 -9 0
38 21 -4 0
18 29 1 0
-19 -41 -28 0
38 -24 44 0
-38 -8 -38 0
-31 42 -2 0
5 48 21 0
10 -34 -20 0
-41 -39 -2 0
-45 -32 -22 0
32 -42 38 0
8 38 -27 0
-22 40 24 0
-28 -35 -18 0
43 21 13 0
-18 -49 -25 0
-20 -47 26 0
15 -35 -22 0
37 11 24 0
-47 -12 -46 0
-28 -15 46 0
-44 -8 4 0
9 -6 11 0
-49 -3 -2 0
-31 27 39 0
16 -49 -5 0
37 -25 -24 0
-46 -21 36 0
34 -22 -1 0
36 17 11 0
-48 -7 -4 0
6 -40 -50 0
37 -38 35 0
-15 -31 43 0
-12 -41 44 0
4 12 -47 0
-14 -11 -20 0
-21 -41 19 0
-39 31 -20 0
3 -36 17 0
-24 -46 -12 0
-42 -44 27 0
-21 -34 -45 0
-8 -24 24 0
-16 36 17 0
-24 4 -20 0
-24 26 -38 0
35 -50 -23 0
-36 -16 -24 0
35 39 3 0
28 -18 29 0
50 44 -38 0
-3 8 -2 0
-8 -18 32 0
-49 -12 -34 0
30 48 -1 0
45 -19 47 0
40 9 -38 0
24 15 31 0
-29 -18 48 0
26 50 -17 0
41 37 15 0
-3 17 -22 0
27 -29 -18 0
-18 -22 -50 0
45 49 -36 0
23 -36 50 0
-15 2 7 0
32 46 -4 0
-19 36 -18 0
1 30 -12 0
-41 17 50 0
-42 8 39 0
19 -45 34 0
7 -26 -32 0
11 43 -5 0
29 27 -25 0
8 23 -9 0
-25 25 -31 0
-36 12 -19 0
-44 8 7 0
-17 -43 2 0
13 42 -40 0
11 -44 48 0
-23 28 -47 0
43 10 9 0
-25 45 -20 0
-48 -10 -3 0
-16 -7 -36 0
19 48 21 0
24 -8 -25 0
-29 -5 -5 0
-18 1 1 0
-1 -20 -40 0
38 26 17 0
-8 19 -13 0
-46 -4 28 0
36 47 -36 0
