c CNF generator v0.9
p cnf 50 150
-6 -17 18 0
-5 32 50 0
-26 -46 -34 0
-27 25 -45 0
-31 41 -33 0
-32 -25 41 0
-10 -43 -15 0
-16 39 -25 0
-20 -32 28 0
37 -50 -10 0
50 -12 41 0
11 9 -2 0
-25 48 -12 0
12 -27 -39 0
7 21 47 0
-13 36 -1 0
-34 37 38 0
-49 36 44 0
16 5 -11 0
-13 -6 34 0
11 -12 15 0
20 -27 37 0
-29 -40 9 0
-41 33 -41 0
-22 4 -35 0
17 -42 -35 0
-49 -37 -30 0
33 -48 42 0
-7 -4 -15 0
-27 1 18 0
15 -1 36 0
-35 -41 -47 0
47 29 -4 0
3 -30 -11 0
16 -23 -9 0
15 -49 -41 0
-24 -9 5 0
42 27 -13 0
44 42 -2 0
-7 27 -27 0
10 -11 -11 0
38 21 -43 0
28 32 30 0
-37 -39 31 0
28 -3 -38 0
4 -31 -4 0
-9 -11 49 0
26 39 -46 0
-3 25 33 0
-44 -10 -1 0
-13 -38 38 0
-6 21 3 0
42 27 36 0
16 -5 7 0
-14 38 27 0
4 31 -19 0
-37 2 3 0
35 23 12 0
2 -26 -40 0
-29 31 -23 0
31 -6 -29 0
28 37 -45 0
13 50 -4 0
-8 -45 31 0
2 -37 17 0
-7 48 24 0
-42 48 -33 0
13 16 -2 0
-18 1 23 0
-18 -11 45 0
-40 9 -1 0
2 29 20 0
15 -23 10 0
-26 14 -9 0
36 -14 34 0
30 -3 -28 0
-35 -3 -25 0
-22 -31 13 0
-14 26 -46 0
-6 2 -38 0
26 32 -37 0
11 -16 -39 0
-19 -45 -38 0
42 39 24 0
-16 -44 21 0
21 15 22 0
46 29 -38 0
22 24 -4 0
4 -46 -31 0
-25 4 15 0
-50 2 9 0
1 -10 10 0
32 8 -44 0
-36 45 -14 0
27 11 -25 0
-13 12 31 0
-32 -15 44 0
-25 -12 25 0
-32 -22 16 0
-32 -37 38 0
11 -40 -44 0
25 11 -19 0
27 20 -8 0
-17 14 -15 0
-32 32 9 0
-7 -4 -8 0
14 20 19 0
34 -27 -26 0
-27 4 5 0
33 5 -8 0
47 13 -40 0
-35 8 -19 0
-16 -14 -2 0
-47 26 -36 0
8 12 -47 0
-4 13 35 0
11 39 18 0
42 15 21 0
-43 22 -41 0
9 -1 -16 0
44 2 -5 0
-24 29 26 0
-39 16 -34 0
-35 39 -29 0
-32 -6 27 0
-13 -45 -44 0
-41 27 -49 0
20 -42 -35 0
-21 -26 -44 0
9 38 7 0
-13 18 35 0
42 33 13 0
-31 -47 50 0
40 -19 37 0
17 -26 9 0
-5 -35 -22 0
-2 -36 -19 0
-40 -7 -8 0
15 23 -12 0
37 -45 -47 0
-23 -46 25 0
22 -47 24 0
-32 45 7 0
49 -39 -7 0
-45 22 -12 0
21 45 -34 0
22 -24 50 0
2 16 4 0
10 -21 -12 0
47 -34 -23 0
