c CNF generator v0.9
p cnf 50 150
-38 12 7 0
45 -45 28 0
-45 48 28 0
-37 -10 -26 0
-5 45 13 0
-32 -36 -42 0
35 43 4 0
16 44 49 0
-50 -29 -30 0
-32 8 -7 0
-28 9 28 0
-22 -4 18 0
47 14 -44 0
-27 15 -35 0
-36 10 29 0
-40 3 42 0
41 -15 -11 0
41 6 42 0
8 -37 2 0
4 -26 -45 0
-20 -9 -32 0
8 -1 42 0
10 -28 -32 0
-4 -39 -17 0
35 39 29 0
18 32 22 0
-19 -34 10 0
3 -27 -38 0
-25 -39 5 0
-2 25 48 0
-44 24 20 0
8 -36 -33 0
5 30 33 0
39 -18 47 0
42 2 -14 0
38 -36 20 0
14 -9 -47 0
-20 6 27 0
-27 32 -5 0
-35 9 -48 0
16 -20 -23 0
49 44 16 0
-40 -13 -40 0
33 35 -37 0
6 -16 -35 0
9 -16 34 0
-3 30 21 0
-45 -24 -50 0
33 -33 44 0
43 -32 18 0
-28 24 -12 0
-46 -35 31 0
31 -46 -16 0
-8 -1 32 0
-21 -5 -49 0
35 -15 47 0
-11 -8 16 0
7 29 -27 0
-14 -23 -11 0
29 -30 -30 0
20 -1 -33 0
-24 18 -14 0
25 20 -33 0
-10 -10 24 0
2 20 -29 0
-43 8 -14 0
28 6 -39 0
39 6 -21 0
-45 23 -28 0
13 -28 29 0
25 41 15 0
-8 32 28 0
22 24 23 0
-22 -4 42 0
-46 49 1 0
22 5 29 0
11 -41 8 0
4 49 33 0
-47 -22 -14 0
-47 -18 -2 0
-48 -16 9 0
6 10 43 0
-19 26 39 0
-11 -13 25 0
20 22 7 0
39 45 -4 0
10 -15 1 0
-40 23 15 0
-37 -31 -15 0
-20 -41 -49 0
29 37 41 0
-26 -7 2 0
5 30 -31 0
-40 11 -7 0
23 -41 9 0
-22 -7 -29 0
-20 11 30 0
-46 -40 39 0
-43 -6 3 0
18 -36 43 0
-24 49 22 0
31 4 21 0
41 29 -14 0
-14 -12 -15 0
21 -10 3 0
-11 -42 11 0
4 -49 -26 0
6 -47 50 0
36 11 11 0
-30 34 27 0
31 -38 50 0
16 -40 -1 0
28 6 -31 0
-3 -46 -27 0
50 25 -19 0
-49 -12 23 0
23 21 -41 0
49 -47 31 0
-21 25 -8 0
-10 -31 -33 0
-16 50 40 0
50 5 -31 0
-13 36 38 0
24 30 48 0
33 -11 -15 0
30 13 -38 0
-2 35 -28 0
24 -44 7 0
45 17 6 0
-3 2 -36 0
-21 23 -47 0
-11 -37 3 0
1 19 1 0
-15 -40 -47 0
19 -12 43 0
17 27 13 0
-11 -25 39 0
26 8 -33 0
-27 15 23 0
31 -39 10 0
-24 -46 -26 0
15 35 42 0
-32 48 -49 0
-10 12 12 0
-31 -5 42 0
-2 22 35 0
-14 -12 -49 0
-2 20 38 0
-47 46 -14 0
-16 27 2 0
