c CNF generator v0.9
p cnf 50 150
1 -41 -35 0
39 6 5 0
-16 -34 43 0
-15 -42 -32 0
-29 -30 -39 0
35 -38 -28 0
-35 -1 35 0
15 9 15 0
44 3 -37 0
-1 5 44 0
35 28 -23 0
-47 20 -12 0
13 -14 -35 0
15 -41 -40 0
23 47 -34 0
11 26 24 0
10 -48 14 0
-35 11 28 0
-18 43 -40 0
-38 -36 31 0
33 -17 -34 0
26 -28 -42 0
21 27 33 0
8 -27 6 0
35 -10 -25 0
-37 10 -1 0
16 -8 -48 0
-17 49 -11 0
23 -10 13 0
-1 -6 -8 0
48 20 -19 0
1 -43 -37 0
10 25 28 0
16 -36 -13 0
-10 17 -18 0
-21 -37 -49 0
-49 -23 31 0
-25 -22 -18 0
-23 49 -12 0
-17 22 38 0
2 25 13 0
-17 -33 50 0
19 29 -35 0
42 13 -30 0
46 19 -8 0
4 -20 -42 0
-39 4 -13 0
-48 20 -44 0
12 13 17 0
18 -39 -12 0
-33 -34 29 0
22 12 -14 0
39 -6 -14 0
-35 -37 -43 0
29 -37 -26 0
-4 -15 -34 0
21 -5 -4 0
-10 -26 -14 0
-49 9 34 0
20 43 50 0
32 -29 -14 0
-28 6 16 0
-35 -25 36 0
36 10 43 0
39 -8 -47 0
35 -24 -23 0
29 -49 27 0
1 40 -8 0
24 14 -13 0
-36 7 -33 0
-16 1 26 0
32 9 -1 0
-30 -41 -26 0
-26 9 22 0
41 17 39 0
-24 -49 20 0
-32 46 -32 0
21 -46 -44 0
26 -17 -14 0
2 11 37 0
41 -23 15 0
33 36 -5 0
23 10 36 0
-34 -30 -19 0
10 30 -5 0
8 -3 -33 0
15 30 4 0
-40 5 -37 0
-50 4 -20 0
3 -2 -1 0
2 -34 -48 0
22 23 -4 0
30 34 -36 0
-45 44 -14 0
45 4 20 0
-17 -26 38 0
-23 49 -1 0
32 50 -15 0
35 -11 -22 0
-29 -26 -45 0
-32 -37 -40 0
-16 44 12 0
7 -21 25 0
18 -30 6 0
21 -20 -11 0
-46 -16 19 0
-27 2 37 0
-20 12 40 0
19 -34 1 0
19 -37 -13 0
-22 42 -26 0
26 -37 21 0
-34 36 9 0
10 -36 -31 0
14 -25 24 0
17 36 35 0
-2 2 12 0
25 -10 24 0
-41 32 19 0
-46 13 23 0
46 -41 -10 0
-41 8 18 0
21 23 -42 0
-46 -22 -37 0
46 11 -32 0
10 -23 -23 0
48 41 -45 0
13 -31 -24 0
32 -2 18 0
-44 -37 -10 0
-10 -27 -27 0
-27 -9 15 0
21 23 -36 0
-39 -24 -6 0
20 -13 -22 0
43 16 3 0
21 33 -6 0
21 -2 1 0
-27 -7 -24 0
26 33 5 0
-13 48 -34 0
44 37 47 0
-35 38 20 0
30 -13 -35 0
-19 -4 -12 0
32 20 -15 0
10 47 21 0
14 22 19 0
8 -6 26 0
-8 -2 -24 0
