c CNF generator v0.9
p cnf 50 150
39 9 -25 0
47 -39 -8 0
-17 -46 -34 0
30 35 -47 0
-11 -37 16 0
-13 -6 40 0
12 -35 -34 0
24 -7 34 0
-3 -40 -32 0
-3 -2 -23 0
1 19 -37 0
47 -31 17 0
-18 -47 -47 0
35 -6 34 0
50 -45 -2 0
-33 21 44 0
-48 30 19 0
-45 -41 27 0
32 -29 -40 0
44 34 -9 0
-20 42 38 0
-37 4 -13 0
19 25 7 0
26 -6 -21 0
-27 10 -7 0
-47 -44 44 0
18 -34 8 0
7 -46 -37 0
34 -3 -15 0
2 -50 -37 0
-17 19 1 0
12 -3 47 0
48 17 48 0
-49 -1 40 0
-38 -34 32 0
30 -48 19 0
-35 17 14 0
36 2 -8 0
-9 -43 -43 0
-39 31 -3 0
-15 46 -19 0
-29 32 -42 0
42 -41 12 0
28 -23 43 0
-33 -12 38 0
19 -37 -44 0
8 27 10 0
35 -43 -28 0
4 -28 32 0
22 -1 15 0
-31 14 -1 0
-26 43 -28 0
35 41 9 0
7 30 1 0
29 31 -9 0
-11 6 2 0
42 -28 -25 0
-35 -35 41 0
-21 40 3 0
-10 -2 30 0
45 -20 -11 0
-13 50 -3 0
15 -32 -17 0
-22 -33 15 0
-17 -33 -30 0
36 24 -48 0
31 40 24 0
-30 -23 -12 0
28 31 -39 0
50 49 -6 0
7 11 29 0
-22 46 -36 0
42 34 -35 0
11 41 33 0
-9 -26 -44 0
22 -37 -27 0
25 32 18 0
3 13 -45 0
-43 -39 14 0
-11 -39 -37 0
40 42 -13 0
27 -42 41 0
-27 -14 -30 0
-38 44 41 0
-41 -26 35 0
-40 -14 41 0
20 -5 32 0
7 -46 -21 0
-25 -27 -3 0
-35 -15 13 0
27 -45 -41 0
-46 -42 -24 0
-7 5 -20 0
-17 17 5 0
10 -4 -29 0
31 25 -29 0
1 29 49 0
-26 45 21 0
27 22 -4 0
-2 -46 16 0
49 -19 35 0
20 -48 -48 0
-14 -1 -14 0
2 38 -15 0
10 21 29 0
27 -27 -38 0
35 -19 -1 0
28 43 -21 0
43 -19 -27 0
-6 26 39 0
-41 -27 -30 0
13 47 -45 0
31 30 2 0
30 -42 -43 0
-16 -43 41 0
5 -19 -42 0
49 -42 -36 0
-40 10 13 0
30 -34 48 0
-31 -14 -16 0
29 -46 41 0
18 -48 22 0
-40 44 22 0
-49 -42 -15 0
-30 -10 -9 0
-39 29 -47 0
5 14 -20 0
7 25 35 0
38 3 -16 0
30 14 -3 0
44 -32 28 0
27 -18 -24 0
-46 -40 -38 0
9 -39 9 0
-20 39 -15 0
31 45 -35 0
28 -21 -37 0
15 -12 -43 0
20 -34 11 0
-1 27 -37 0
7 7 -34 0
-16 -22 -34 0
-44 45 16 0
-7 -25 22 0
39 -10 15 0
34 -26 -6 0
-46 -19 -20 0
5 -45 32 0
-3 -29 45 0
42 -18 44 0
