c CNF generator v0.9
p cnf 50 150
39 33 36 0
49 -17 23 0
-23 39 41 0
-47 -14 49 0
47 -24 34 0
-21 37 -46 0
-33 17 27 0
23 6 -45 0
9 44 -45 0
-23 2 -44 0
29 -2 -13 0
47 -13 -21 0
-37 46 32 0
47 -12 6 0
3 8 -47 0
3 11 50 0
1 -39 -14 0
-43 -29 47 0
-39 -29 -32 0
-18 48 18 0
49 -26 -19 0
-7 15 27 0
24 1 -28 0
-50 37 30 0
-36 -16 -1 0
19 -28 -2 0
43 38 -8 0
49 6 38 0
36 -7 -6 0
48 -10 34 0
48 36 47 0
28 -34 31 0
1 2 35 0
30 -40 -31 0
-35 -6 44 0
-23 -21 44 0
48 -41 -26 0
33 -12 -22 0
-45 6 -31 0
34 14 44 0
-19 14 -27 0
-5 15 18 0
13 -27 29 0
10 -20 36 0
15 43 -32 0
-50 6 -37 0
-45 32 -30 0
-24 8 -19 0
-13 22 -28 0
-29 -14 -34 0
21 26 -4 0
-6 -5 43 0
39 -16 45 0
-45 5 9 0
-36 -45 31 0
22 43 5 0
39 -16 -5 0
36 50 43 0
47 23 13 0
-46 -41 25 0
49 27 -41 0
28 -25 11 0
2 -30 -10 0
-29 22 15 0
40 30 -29 0
-38 20 -6 0
29 -29 6 0
15 -48 -13 0
-10 21 48 0
9 19 -35 0
38 22 31 0
8 -42 18 0
-24 27 32 0
18 48 -27 0
-46 35 -10 0
49 43 -29 0
-23 -32 21 0
-4 -35 29 0
34 35 -44 0
36 -43 17 0
21 -21 27 0
-33 6 15 0
22 -18 -8 0
26 38 36 0
-28 -6 11 0
-11 -41 38 0
-50 -6 28 0
32 47 -26 0
-13 12 37 0
-41 16 50 0
-16 -18 35 0
2 -40 8 0
16 -18 -44 0
39 29 -6 0
-15 -8 -24 0
-30 -29 35 0
-5 -9 -23 0
-33 -13 -1 0
-10 -32 -25 0
10 -9 34 0
11 3 -44 0
36 -36 14 0
-38 39 -43 0
-3 -25 29 0
39 -43 -12 0
5 11 -31 0
-29 44 19 0
-26 -8 12 0
-3 21 3 0
-19 -9 -50 0
4 6 47 0
21 3 -25 0
34 -44 -49 0
-31 -25 3 0
-40 -30 -10 0
-28 -43 23 0
-30 14 -21 0
-20 -13 32 0
-15 -11 46 0
11 -10 43 0
-35 40 -29 0
-4 44 -27 0
33 -17 -43 0
19 -7 -36 0
29 -40 7 0
2 -3 -33 0
-7 -16 -16 0
41 -23 37 0
17 41 -7 0
49 28 16 0
-44 -12 -34 0
-46 36 -49 0
-17 25 -16 0
28 -15 -35 0
-15 50 -44 0
-40 5 -7 0
14 -32 -12 0
-46 45 -14 0
35 18 44 0
35 -24 -7 0
35 31 -28 0
-19 -38 -8 0
43 5 8 0
-48 24 -21 0
42 -34 3 0
7 -25 -48 0
-22 -4 21 0
-33 43 -45 0
27 -18 -47 0
13 -4 -23 0
