c CNF generator v0.9
p cnf 50 150
-1 -48 -2 0
-34 -50 -44 0
12 -44 41 0
34 50 10 0
1 10 -37 0
42 48 17 0
28 8 39 0
22 -33 -19 0
2 16 47 0
35 41 -27 0
-39 -44 -48 0
15 39 43 0
-40 33 35 0
5 32 -32 0
-17 -5 29 0
47 -2 -14 0
-44 23 -21 0
13 1 17 0
-31 10 44 0
-23 -8 -4 0
41 35 -19 0
23 -17 40 0
-32 4 11 0
11 -23 -50 0
-33 -45 -2 0
-38 23 6 0
-45 43 -49 0
-43 13 -10 0
39 -18 -3 0
-16 -3 31 0
35 43 -8 0
-3 -30 -25 0
14 -11 42 0
-11 -41 -17 0
18 13 -42 0
1 -33 -15 0
33 -39 -42 0
-49 39 27 0
-32 11 40 0
24 -43 -27 0
21 40 -4 0
-40 -46 -47 0
12 27 46 0
22 -49 -50 0
-7 -48 -46 0
20 -23 2 0
-44 -27 47 0
46 -24 27 0
-48 25 -1 0
42 -40 8 0
21 -50 -23 0
-6 -13 12 0
-29 -1 2 0
16 30 37 0
1 23 39 0
-31 27 15 0
-41 3 15 0
-12 -49 29 0
-47 4 -6 0
-11 22 -38 0
19 13 32 0
-38 23 -28 0
39 33 -50 0
-19 -48 10 0
33 16 2 0
17 19 22 0
5 -2 -30 0
-28 29 46 0
-20 15 23 0
-4 -13 -6 0
47 9 -25 0
-49 -36 -45 0
35 -18 -43 0
15 -41 4 0
4 30 5 0
10 -36 -7 0
-2 7 -33 0
2 -20 -31 0
40 -31 -24 0
30 -18 -40 0
12 -34 35 0
-9 1 41 0
-9 41 -5 0
24 37 13 0
-50 48 -21 0
41 50 -1 0
-42 -42 -6 0
-16 -37 -19 0
-10 -36 50 0
-3 -33 6 0
-2 3 -19 0
-27 -46 -17 0
9 22 49 0
-20 -47 12 0
33 36 40 0
-31 15 -49 0
26 -37 42 0
34 -1 -7 0
17 17 20 0
17 50 1 0
34 -28 -20 0
26 38 44 0
-28 39 5 0
44 -48 -6 0
-10 20 32 0
-24 32 36 0
46 26 -3 0
39 12 10 0
-23 2 38 0
-21 -8 -16 0
-28 47 33 0
6 -22 45 0
-10 7 23 0
13 32 50 0
26 -32 -24 0
21 -36 29 0
-40 23 40 0
23 -30 -3 0
-23 -26 -36 0
46 14 9 0
30 -4 34 0
41 38 10 0
-10 35 43 0
48 50 35 0
13 19 28 0
18 -46 -41 0
-23 -25 -38 0
-18 -9 -18 0
13 49 -37 0
-3 29 17 0
-5 -43 38 0
-13 -2 -17 0
-38 10 -37 0
-17 7 -19 0
-17 -43 -34 0
-37 -26 -32 0
-42 -6 -29 0
-13 -2 17 0
45 15 -18 0
-37 30 -3 0
46 -15 47 0
-33 -17 -27 0
-10 -12 -2 0
38 -31 48 0
-22 -6 34 0
-12 45 48 0
-6 34 -42 0
25 -49 48 0
-25 -40 5 0
10 14 42 0
