c CNF generator v0.9
p cnf 50 150
-19 19 6 0
11 48 50 0
-15 14 -26 0
-27 -17 -16 0
-40 47 13 0
19 6 28 0
7 -27 -11 0
-1 1 -48 0
-27 19 -6 0
42 -27 -7 0
-47 24 -42 0
-25 1 -44 0
17 -28 -5 0
-47 -16 -2 0
34 -37 6 0
-49 -37 -26 0
-8 -1 -5 0
8 46 -31 0
-34 43 7 0
30 -46 -25 0
-7 28 -13 0
-37 38 11 0
43 -50 41 0
45 -11 -2 0
-45 6 -22 0
6 -32 -49 0
-10 -31 34 0
50 -11 -26 0
-1 -2 24 0
-22 -21 47 0
26 48 -30 0
-35 -12 -6 0
29 -43 14 0
-48 -25 32 0
-9 -29 -24 0
28 -2 25 0
-50 6 27 0
-38 -38 49 0
20 6 -45 0
2 50 23 0
-8 33 34 0
19 25 -47 0
-20 -2 47 0
27 -36 22 0
17 5 10 0
-12 -5 47 0
-49 -44 49 0
-18 5 46 0
-4 50 50 0
2 46 43 0
-40 -2 -46 0
7 -44 18 0
-34 -14 5 0
-27 32 7 0
-42 -22 13 0
-32 -4 22 0
29 -46 -48 0
33 -9 -33 0
23 5 4 0
33 -16 8 0
-12 -39 34 0
40 -5 -36 0
-20 -27 37 0
10 -28 -40 0
-39 -31 48 0
36 -9 8 0
15 -1 -41 0
27 -20 24 0
32 36 39 0
-7 3 33 0
-5 -17 20 0
-35 29 -31 0
15 -34 -16 0
-41 -2 -2 0
49 50 -48 0
-32 -36 -7 0
-19 -39 -4 0
-3 44 -37 0
-23 -29 40 0
-31 -38 -24 0
35 -20 -22 0
-19 -16 -8 0
-50 -31 33 0
12 -19 -6 0
-25 -22 6 0
-12 -5 -50 0
9 23 -6 0
-11 7 -47 0
50 13 -46 0
39 33 10 0
-23 20 -39 0
40 44 34 0
-32 22 37 0
-19 -39 -12 0
47 20 15 0
-2 41 -34 0
-5 -3 48 0
28 33 31 0
17 -24 11 0
36 24 -17 0
20 5 -8 0
12 -7 30 0
42 24 -9 0
47 37 9 0
-43 -37 -35 0
48 -44 27 0
-10 -12 5 0
36 47 25 0
-8 30 -39 0
47 -41 37 0
22 -34 31 0
45 16 -8 0
-50 -25 -10 0
17 -32 -46 0
-13 49 40 0
-49 -13 29 0
26 37 38 0
-16 35 3 0
-38 -8 18 0
-32 -44 9 0
24 -3 -18 0
24 50 -8 0
50 46 -13 0
5 6 36 0
43 -25 -9 0
-1 39 -28 0
49 -37 -31 0
-18 -35 -34 0
31 2 43 0
1 -48 -20 0
12 -21 9 0
-26 13 10 0
-38 22 -23 0
9 23 -32 0
13 43 -33 0
34 -40 -26 0
-8 48 13 0
-5 -36 20 0
50 40 -29 0
29 -43 -8 0
-30 45 -3 0
1 -42 6 0
42 -17 -35 0
-48 41 27 0
25 -48 -1 0
-2 -41 40 0
-33 -16 -23 0
9 -49 8 0
-21 27 -43 0
13 16 -42 0
