c CNF generator v0.9
p cnf 50 150
-1 35 -48 0
-49 -33 -3 0
43 37 -12 0
-12 -28 -48 0
20 30 -1 0
-26 -1 24 0
40 11 2 0
1 6 35 0
32 -9 34 0
5 -4 30 0
-50 -8 44 0
4 15 -50 0
-26 37 -15 0
46 -35 36 0
-2 -43 -11 0
-47 29 -48 0
-14 -15 2 0
-44 -46 30 0
-23 12 -13 0
18 19 28 0
39 -24 41 0
20 29 11 0
15 -39 48 0
43 2 -25 0
16 35 7 0
10 -42 -42 0
-31 -48 -20 0
-10 49 23 0
27 -36 20 0
23 -35 30 0
11 -36 -10 0
48 10 -50 0
-22 -24 28 0
-30 -45 -6 0
-36 -20 31 0
-5 34 -36 0
15 13 39 0
48 49 48 0
-36 10 -13 0
32 27 -22 0
37 -10 5 0
49 -21 28 0
3 -40 31 0
-18 22 24 0
50 27 13 0
3 -5 36 0
43 -21 15 0
46 -32 2 0
-33 -30 29 0
46 18 -25 0
-34 -23 37 0
11 -43 -4 0
47 44 6 0
21 28 -49 0
-1 -7 50 0
-24 32 18 0
-36 -17 19 0
13 36 38 0
18 31 -18 0
46 12 46 0
-22 27 12 0
-7 -13 -33 0
-21 40 -49 0
-13 -25 35 0
2 48 -19 0
25 7 31 0
-23 -40 8 0
-14 42 -40 0
42 21 33 0
3 39 19 0
-2 35 -43 0
9 -29 -16 0
15 43 -19 0
48 7 -25 0
-46 -31 -5 0
-26 7 3 0
42 -8 -10 0
-31 28 -33 0
-12 -34 9 0
19 -40 24 0
10 19 -37 0
27 28 24 0
-43 -46 19 0
21 -33 -36 0
-9 -48 -40 0
-18 39 28 0
-5 -39 29 0
-35 -17 -37 0
20 30 46 0
34 25 -45 0
47 50 -23 0
26 -19 -21 0
-49 -42 28 0
20 18 -46 0
22 50 -4 0
-33 -41 -15 0
-16 -17 -27 0
-9 -4 -36 0
4 -9 -48 0
10 24 -28 0
-1 23 -48 0
-5 11 25 0
20 -7 34 0
-48 -15 -37 0
-4 -20 24 0
14 -30 46 0
33 48 19 0
19 12 29 0
29 50 -6 0
24 18 39 0
18 42 -37 0
23 -5 18 0
22 -42 3 0
-1 -26 7 0
-26 -43 32 0
-41 -19 32 0
-29 -9 48 0
21 -48 -15 0
5 39 37 0
31 27 48 0
-32 -37 6 0
-43 23 -49 0
-10 13 -14 0
-5 6 12 0
27 -27 -45 0
46 14 -29 0
27 42 -5 0
-42 29 -26 0
1 -14 -48 0
-37 25 41 0
19 15 -21 0
-5 30 -17 0
22 7 -50 0
-18 41 -23 0
35 50 13 0
-4 -32 -48 0
-32 -38 -45 0
-7 -19 -35 0
50 -13 -37 0
-26 -25 38 0
2 -33 48 0
13 17 48 0
37 -40 -48 0
-15 -41 42 0
-34 8 -24 0
-37 -26 13 0
-9 -4 44 0
13 17 32 0
-7 17 19 0
-3 44 4 0
