c CNF generator v0.9
p cnf 50 150
-12 18 12 0
-3 34 -38 0
42 35 36 0
17 39 -31 0
-50 18 6 0
-10 -20 7 0
-44 -18 11 0
40 6 -15 0
15 -15 39 0
-44 11 28 0
-15 -12 7 0
-12 22 -18 0
-21 -49 -48 0
-25 31 -48 0
45 28 7 0
47 7 -17 0
-8 39 12 0
29 50 -20 0
-16 -50 -50 0
-16 48 36 0
32 -22 -4 0
50 -31 -10 0
9 -38 -2 0
-21 46 7 0
-21 -21 -26 0
-29 -12 33 0
37 -27 50 0
-23 32 -6 0
7 -49 25 0
-39 13 32 0
28 -21 -20 0
21 7 24 0
20 22 -11 0
-36 -13 -50 0
-6 23 26 0
-10 13 -21 0
28 -26 8 0
-12 -29 -12 0
34 -3 29 0
7 12 47 0
10 29 -31 0
15 21 49 0
-15 -36 -13 0
-29 -4 -26 0
1 -20 24 0
-36 -26 2 0
48 -30 5 0
-50 -44 1 0
-31 12 -16 0
14 -17 -24 0
21 -48 50 0
42 -29 12 0
-8 -38 -10 0
-36 44 35 0
-27 42 -15 0
-15 -6 29 0
18 31 13 0
20 -6 -3 0
34 -26 -48 0
-19 -45 13 0
12 -47 16 0
24 18 -34 0
20 -36 17 0
15 -8 -36 0
17 -16 -30 0
-36 37 26 0
35 9 32 0
3 -38 -12 0
-16 40 -20 0
36 -50 43 0
1 2 -40 0
-16 32 26 0
-50 40 -22 0
33 -46 20 0
-17 15 29 0
-3 -43 25 0
-42 -49 14 0
30 -16 -3 0
-13 -25 -32 0
-41 28 7 0
-22 20 46 0
20 -29 -1 0
-37 -6 18 0
12 48 46 0
26 5 3 0
-11 -10 -32 0
32 13 19 0
-18 -45 -25 0
-24 -33 13 0
17 -41 -30 0
31 1 -4 0
13 -6 19 0
-29 2 -15 0
-44 22 -4 0
-42 -21 41 0
-21 33 48 0
-30 -21 -3 0
-22 37 12 0
22 40 28 0
9 -30 50 0
-10 6 45 0
32 8 -34 0
10 -5 -48 0
10 17 16 0
-17 18 -16 0
-34 -15 -4 0
9 -6 -7 0
-42 31 41 0
49 27 -22 0
-12 27 11 0
35 -46 15 0
-49 -28 10 0
-35 -40 36 0
-31 -49 33 0
-49 39 26 0
-24 7 -4 0
-22 38 41 0
-21 43 19 0
34 13 -45 0
9 21 -15 0
-43 13 28 0
42 -12 17 0
48 -32 -5 0
23 44 -9 0
-10 33 -10 0
9 -33 -34 0
2 -33 -40 0
9 -50 34 0
-11 -31 38 0
-28 -14 -36 0
-13 10 -46 0
-16 -26 21 0
50 -33 12 0
-46 -16 -22 0
-35 -41 49 0
-33 5 38 0
-30 -41 -17 0
-23 35 -37 0
-18 3 -1 0
-22 10 34 0
-25 44 -2 0
-32 29 32 0
-42 -21 7 0
-4 44 22 0
38 -2 -6 0
-47 -10 13 0
-47 -46 30 0
-20 38 -27 0
48 21 -19 0
43 -49 44 0
