c CNF generator v0.9
p cnf 50 150
26 36 46 0
9 -6 19 0
-1 14 -10 0
27 -28 -37 0
-38 -12 -33 0
-43 47 15 0
-41 -8 -36 0
-34 35 -42 0
-21 36 -29 0
-45 -50 23 0
-40 -14 -45 0
39 -34 34 0
1 -35 13 0
-24 -20 -27 0
-20 -8 34 0
14 28 25 0
43 -41 30 0
17 -7 12 0
-19 -14 21 0
13 8 24 0
-45 -46 37 0
-8 -9 -13 0
3 -22 -1 0
17 47 43 0
41 -37 29 0
48 17 -28 0
3 27 2 0
-44 3 -21 0
45 -22 -39 0
-14 -17 31 0
-5 48 -4 0
35 33 48 0
-16 -26 36 0
19 15 4 0
50 -23 -50 0
37 33 29 0
-44 -5 -47 0
16 -13 46 0
-9 -6 37 0
49 27 -38 0
14 20 -1 0
49 6 12 0
34 8 -39 0
12 39 3 0
-14 31 -32 0
-9 -15 36 0
-49 -35 31 0
-37 -12 4 0
-42 29 38 0
-7 -16 -39 0
-23 4 -48 0
-33 33 9 0
50 42 11 0
18 -30 -32 0
-16 50 -48 0
38 25 45 0
12 -26 19 0
-5 26 -35 0
-18 35 -50 0
50 -48 34 0
28 -35 -2 0
-34 -40 -45 0
-37 5 -15 0
-39 -20 50 0
45 -4 17 0
-17 14 -37 0
-44 42 48 0
-47 -5 -1 0
21 -40 33 0
-31 13 37 0
-19 -15 -14 0
-35 36 16 0
38 20 44 0
37 -12 13 0
-25 -20 34 0
50 -44 32 0
-7 46 -31 0
-18 -3 47 0
-1 -25 -9 0
9 -11 -13 0
-28 42 -20 0
-38 -1 -47 0
39 13 20 0
44 47 -43 0
-17 7 1 0
19 43 12 0
22 -13 50 0
45 42 -48 0
-27 26 -47 0
7 29 25 0
28 18 9 0
-40 19 23 0
8 -32 25 0
45 28 6 0
32 9 -35 0
43 24 -29 0
-11 -3 -17 0
33 -32 11 0
8 -13 -14 0
35 24 -6 0
37 -2 -7 0
38 12 -23 0
-36 2 -27 0
-26 12 -26 0
20 -14 20 0
-10 -27 5 0
-48 -30 -10 0
7 47 -46 0
-10 -20 -50 0
30 -19 30 0
38 -20 27 0
11 30 -29 0
3 25 -36 0
-48 37 7 0
-46 21 27 0
6 12 28 0
37 9 33 0
-1 23 -16 0
25 46 14 0
4 -20 35 0
4 45 41 0
5 36 -14 0
-27 -8 18 0
32 -37 32 0
14 49 6 0
9 15 -26 0
11 -45 48 0
49 -31 34 0
40 31 -37 0
-11 38 16 0
39 -27 -37 0
-36 -45 17 0
28 -14 29 0
-41 50 34 0
43 35 27 0
8 33 -17 0
-32 20 44 0
-16 33 9 0
-1 23 -32 0
-43 11 37 0
-7 19 -8 0
-31 -6 20 0
-8 8 -27 0
23 22 -26 0
-31 -16 -26 0
-33 -8 -9 0
-14 44 -41 0
45 -15 41 0
33 18 13 0
8 10 -10 0
