c CNF generator v0.9
p cnf 50 150
-24 -5 -49 0
-37 23 -18 0
-1 -33 -29 0
-39 41 -25 0
-22 41 5 0
-34 -26 -23 0
-47 44 -45 0
41 40 17 0
-37 -20 39 0
-38 41 -25 0
-19 2 -47 0
45 40 -6 0
16 39 47 0
-17 -13 46 0
45 24 14 0
-9 18 -18 0
13 31 -12 0
-43 25 -48 0
-19 12 19 0
41 45 15 0
38 27 40 0
-3 -18 -26 0
-44 38 -43 0
25 -12 -37 0
33 40 -47 0
-36 -42 -24 0
-35 43 -18 0
-32 -31 -1 0
-5 -2 14 0
43 25 14 0
-48 -14 10 0
16 45 40 0
-28 -36 -37 0
28 42 42 0
15 43 25 0
35 -47 -4 0
-33 36 40 0
41 -8 -14 0
45 10 -7 0
-42 23 -20 0
28 36 -29 0
-9 -17 42 0
21 -8 50 0
-18 20 -25 0
-8 -16 -4 0
21 -24 32 0
-10 -22 -4 0
-1 33 8 0
44 27 -44 0
-24 -38 -49 0
47 -13 -9 0
47 -32 -50 0
7 50 -13 0
-15 -10 -5 0
21 9 17 0
-18 -6 21 0
30 28 23 0
-18 -10 -47 0
15 34 -46 0
-31 14 12 0
-49 33 -30 0
36 15 -23 0
-18 7 16 0
-4 -11 -49 0
49 -38 36 0
-50 31 6 0
14 41 -28 0
4 34 11 0
-37 -45 40 0
-33 7 12 0
-37 41 -15 0
-31 -24 32 0
1 1 -16 0
33 9 -18 0
-28 -29 -2 0
26 42 -47 0
-50 -40 11 0
26 -18 -26 0
-27 -13 11 0
1 40 12 0
-41 -5 22 0
21 -9 29 0
49 31 -5 0
-3 5 -26 0
6 48 11 0
3 46 39 0
29 28 -26 0
-2 -45 18 0
-19 -4 38 0
-14 -28 -2 0
47 -7 25 0
36 -19 43 0
29 -38 38 0
19 -10 -37 0
36 -6 -7 0
-2 -29 39 0
-1 50 27 0
-47 -14 -30 0
-16 -49 -22 0
-20 -16 6 0
-30 26 -43 0
-38 15 -21 0
32 10 34 0
36 23 8 0
-10 35 45 0
-21 -39 -3 0
26 25 1 0
-38 22 21 0
-40 -15 -32 0
4 16 -4 0
8 -49 -11 0
-27 12 24 0
-23 -38 -12 0
-4 48 17 0
-2 40 34 0
-43 3 -37 0
-2 -27 -27 0
-48 -30 15 0
3 44 -38 0
9 17 37 0
13 -46 36 0
-16 26 -11 0
-9 -49 43 0
42 37 -30 0
-22 -11 -2 0
-26 32 32 0
-39 17 42 0
44 -23 20 0
2 -4 48 0
5 -43 4 0
1 18 7 0
45 -22 -25 0
10 -48 -35 0
-15 -21 11 0
29 -15 2 0
-10 15 -28 0
-38 -2 -25 0
-47 33 19 0
-43 25 -31 0
40 -9 -31 0
-45 -3 -41 0
-11 -26 39 0
-27 28 14 0
23 35 -26 0
-42 45 14 0
30 -38 -11 0
49 29 32 0
23 -24 30 0
-11 38 10 0
26 44 22 0
