c CNF generator v0.9
p cnf 50 175
23 -9 24 0
-31 2 31 0
43 37 -4 0
42 -26 -20 0
-30 -24 -2 0
-49 37 21 0
-20 -11 -40 0
-31 -17 -46 0
17 33 -35 0
15 -10 39 0
-28 -1 2 0
-37 -17 -34 0
43 -15 -21 0
31 7 35 0
25 -29 -10 0
48 -18 34 0
6 -28 -23 0
-45 -21 37 0
-36 -12 -44 0
-25 7 -47 0
34 -16 27 0
50 -17 29 0
49 12 36 0
-45 -40 -27 0
35 -10 35 0
-3 -38 -27 0
-34 6 -33 0
32 -15 25 0
34 -5 14 0
-27 -20 -18 0
25 17 -4 0
39 38 -6 0
1 33 22 0
45 -1 23 0
-21 -12 -50 0
-2 26 50 0
-20 27 -48 0
36 -47 33 0
31 14 49 0
49 -18 50 0
-3 -4 44 0
-33 2 32 0
-5 19 -40 0
-39 11 -7 0
38 10 -1 0
-38 -26 39 0
-43 -6 -39 0
-15 15 45 0
22 -27 -23 0
12 9 29 0
26 41 19 0
-50 -6 29 0
-47 34 -5 0
26 48 2 0
20 -45 -47 0
41 10 41 0
41 -15 41 0
19 39 43 0
37 -31 -10 0
-50 19 43 0
38 20 -8 0
-38 13 37 0
-7 -46 -17 0
-27 -6 35 0
-30 -26 3 0
37 -31 18 0
36 27 33 0
-26 18 3 0
-20 31 -32 0
-4 10 -3 0
45 -15 32 0
14 -48 -30 0
7 36 -23 0
-2 -26 -39 0
38 6 -29 0
9 -44 7 0
35 8 27 0
-44 21 -19 0
-36 17 -46 0
-13 41 -30 0
26 3 9 0
-2 22 9 0
10 9 -35 0
-35 -40 -25 0
9 49 6 0
7 -35 49 0
-40 -4 36 0
42 -48 -11 0
31 -2 34 0
-35 17 11 0
-24 31 -22 0
-9 2 10 0
41 43 -41 0
37 -17 -33 0
19 -25 -22 0
-47 -46 -26 0
-46 -20 -13 0
-34 46 -49 0
44 -12 -43 0
-21 -6 -49 0
2 50 1 0
-17 -44 -41 0
-8 -40 25 0
-8 39 14 0
-21 42 38 0
10 -19 -29 0
16 -50 -38 0
-49 -25 29 0
-34 -34 -25 0
-45 4 -40 0
-8 14 -29 0
-4 10 11 0
7 -24 21 0
38 41 -46 0
-6 -16 21 0
-11 1 -31 0
8 29 12 0
-45 24 14 0
-50 45 49 0
-31 -3 -49 0
-32 1 -48 0
-28 -50 -37 0
-31 39 -37 0
-32 34 20 0
20 -8 -35 0
-37 -20 -44 0
35 -18 15 0
-41 6 -21 0
-39 9 -30 0
-50 15 -7 0
3 18 11 0
-27 -21 1 0
8 30 16 0
3 -36 12 0
42 3 -8 0
-6 -26 8 0
-38 12 28 0
21 4 -18 0
19 -35 17 0
-3 10 11 0
-37 -35 -29 0
-10 27 44 0
31 -9 15 0
37 40 -38 0
4 6 46 0
5 25 -12 0
5 15 -19 0
38 -18 42 0
-32 -20 39 0
-19 -16 27 0
22 -50 -20 0
-33 -47 35 0
28 24 -46 0
49 -13 -42 0
2 -46 -13 0
-37 21 -2 0
-37 27 22 0
36 32 -27 0
33 17 28 0
1 -28 -19 0
-5 32 -3 0
5 44 -8 0
23 -39 41 0
-32 41 -45 0
-8 50 5 0
45 22 26 0
12 2 -2 0
1 -41 -38 0
5 -39 19 0
27 -27 19 0
45 -3 -24 0
-27 -41 7 0
9 -17 -32 0
15 2 30 0
25 45 18 0
