c CNF generator v0.9
p cnf 50 175
48 -33 25 0
-17 32 27 0
24 -1 42 0
-1 -37 10 0
44 -49 43 0
37 1 -50 0
15 43 -13 0
27 26 40 0
-39 26 -9 0
7 -18 32 0
5 -28 38 0
3 19 -46 0
-5 49 48 0
-16 46 48 0
-29 -13 6 0
-29 -21 -33 0
-29 41 -4 0
47 -12 -24 0
22 1 7 0
-13 -17 7 0
48 48 -49 0
6 17 -15 0
-31 2 7 0
-49 28 -43 0
38 -16 13 0
-33 -25 -33 0
-16 -1 31 0
28 20 -20 0
-19 43 -3 0
-28 13 49 0
10 34 -44 0
-29 -32 4 0
36 34 -35 0
11 -18 -34 0
-3 32 -22 0
-24 45 -24 0
42 30 9 0
12 -42 -14 0
1 -50 49 0
-34 13 -26 0
10 2 -46 0
-34 -47 20 0
-26 29 1 0
14 -33 7 0
-12 -44 40 0
-35 6 45 0
-2 -6 -9 0
48 -36 36 0
-14 -17 -3 0
1 -17 45 0
21 7 37 0
7 39 -5 0
1 36 -13 0
-17 -13 -1 0
23 -35 -15 0
-50 29 -15 0
23 -28 3 0
-22 18 23 0
1 -45 -11 0
45 -13 31 0
-15 32 11 0
-29 6 2 0
29 -7 -29 0
-3 -42 44 0
41 35 -30 0
2 -12 36 0
-42 -24 21 0
-28 -39 -40 0
40 37 25 0
-7 -41 44 0
-41 41 -14 0
45 -19 -8 0
42 30 36 0
29 37 19 0
-41 27 36 0
30 -6 -16 0
-33 -37 47 0
-34 -22 -16 0
-30 42 34 0
-48 -26 -50 0
20 38 -33 0
-19 19 10 0
-38 24 6 0
-25 -7 -23 0
-32 -25 2 0
37 34 -49 0
-32 -46 38 0
-29 3 -42 0
-40 32 28 0
-48 -14 -49 0
-8 -39 -38 0
8 -16 -21 0
34 -46 -25 0
14 5 2 0
30 -45 33 0
33 -29 -42 0
-37 -4 42 0
43 18 46 0
5 18 -47 0
15 47 24 0
-32 20 11 0
20 44 -48 0
32 -31 -12 0
15 1 46 0
30 -22 -25 0
-12 -17 -21 0
36 1 -1 0
19 3 25 0
-9 42 -33 0
-44 29 -36 0
39 44 10 0
-17 -20 11 0
35 -36 -35 0
-16 -30 17 0
-1 46 9 0
-40 23 -22 0
9 -47 22 0
-17 -28 -40 0
12 32 -29 0
-41 35 44 0
31 -46 -4 0
-13 -11 45 0
37 32 -14 0
-1 -31 -20 0
-11 -23 26 0
43 -7 12 0
-26 33 5 0
6 -43 8 0
-44 28 50 0
-18 46 -26 0
6 -29 21 0
-47 43 -5 0
-42 30 26 0
14 19 19 0
-46 33 40 0
25 18 -21 0
7 -8 -26 0
-9 38 -24 0
18 -45 -10 0
3 -7 45 0
-9 47 32 0
-7 -31 2 0
33 -12 -43 0
8 8 47 0
-35 20 -49 0
-24 49 -15 0
14 38 43 0
50 31 -26 0
-17 -43 -23 0
45 -18 -3 0
-9 -44 -30 0
-50 5 16 0
-32 -40 -7 0
9 26 -20 0
25 -39 11 0
42 50 -23 0
11 5 -13 0
2 40 -50 0
-7 -39 18 0
-40 -19 25 0
-40 1 -18 0
-31 -45 -10 0
41 -3 46 0
31 -15 -28 0
32 -37 7 0
15 43 15 0
41 28 50 0
-13 -7 25 0
39 16 -33 0
16 -10 -33 0
-25 -26 -41 0
-43 -36 -6 0
20 25 -17 0
-21 -17 -22 0
-24 -47 47 0
