c CNF generator v0.9
p cnf 50 175
35 46 37 0
-4 37 4 0
42 24 -15 0
2 -47 -47 0
25 29 8 0
20 -8 -11 0
-41 -36 18 0
-7 13 37 0
-50 20 -22 0
46 -33 38 0
-40 38 -2 0
21 12 -35 0
13 35 -50 0
-48 -37 -9 0
44 -5 -40 0
11 -23 25 0
21 13 -2 0
15 -14 -1 0
25 34 49 0
14 18 4 0
-14 11 16 0
-33 -8 -36 0
-41 -36 -34 0
28 -14 31 0
-28 21 14 0
-46 -39 -21 0
30 -25 -43 0
13 24 32 0
-6 -1 -3 0
-16 -28 6 0
46 31 -46 0
44 -8 49 0
-24 23 30 0
-44 25 47 0
-17 31 -48 0
-24 1 26 0
32 -42 -40 0
50 -26 -1 0
-27 14 -17 0
3 -20 31 0
-7 27 7 0
-15 19 -6 0
7 31 34 0
26 43 -25 0
-50 6 2 0
-21 14 -26 0
41 -41 33 0
50 -29 -46 0
7 21 -41 0
33 -21 -17 0
-9 15 -17 0
-20 3 -42 0
47 -10 -12 0
-15 23 35 0
-6 -21 -30 0
-23 15 -5 0
6 -49 37 0
23 -10 -5 0
-15 8 46 0
29 28 -35 0
44 19 -10 0
15 -1 -41 0
12 15 30 0
45 26 -39 0
-36 -22 49 0
-35 36 -22 0
-7 -1 -27 0
21 25 -24 0
48 14 32 0
2 5 -19 0
-13 -39 -20 0
-10 -16 -21 0
39 -48 22 0
28 -19 -13 0
12 -49 -1 0
-50 -29 -29 0
-17 -46 7 0
39 -28 37 0
37 41 23 0
37 -42 -24 0
17 50 32 0
-47 39 -34 0
-15 -24 23 0
25 39 -1 0
-48 -39 -40 0
-31 -17 38 0
-50 -3 38 0
47 40 9 0
38 -15 -36 0
10 43 48 0
-22 47 -24 0
3 -39 23 0
15 -33 -14 0
20 49 2 0
-39 42 -37 0
24 3 50 0
-41 31 12 0
-17 25 -19 0
-29 -38 -20 0
-4 4 -17 0
-46 -2 -50 0
-9 -40 33 0
-35 25 -11 0
-26 37 -45 0
22 -49 45 0
-47 -34 30 0
31 -8 50 0
-13 -8 37 0
-23 -17 46 0
12 32 -42 0
9 -25 -14 0
13 22 -28 0
-1 -4 39 0
-50 35 -33 0
48 5 -33 0
-15 -22 44 0
-49 20 3 0
-5 -13 35 0
42 -36 21 0
7 -32 33 0
47 7 3 0
-38 -48 -17 0
19 15 4 0
-5 -3 2 0
-39 46 3 0
-28 -20 6 0
-13 14 19 0
-9 -21 -16 0
26 3 2 0
-14 -35 11 0
16 -12 -40 0
-41 34 20 0
-4 -10 35 0
-21 37 -23 0
-49 13 42 0
-13 6 -29 0
-35 -48 -16 0
8 -23 -26 0
1 36 48 0
39 8 -31 0
-4 -45 16 0
43 39 26 0
1 -33 50 0
40 -32 26 0
40 -20 5 0
23 -44 -42 0
-46 30 -23 0
-36 -48 -47 0
19 -45 -19 0
35 23 38 0
8 38 -5 0
-26 47 40 0
35 -35 48 0
-21 -23 18 0
-36 -49 -11 0
43 -42 40 0
41 -14 -9 0
-3 -14 -26 0
37 -15 -22 0
24 37 15 0
-40 -14 49 0
-45 23 34 0
-26 19 -11 0
30 -1 -33 0
-1 34 -16 0
25 -42 29 0
7 41 49 0
-47 -5 -18 0
36 8 -20 0
-29 -43 9 0
10 44 -21 0
-17 45 30 0
29 -5 -10 0
14 14 -47 0
21 27 -50 0
