c CNF generator v0.9
p cnf 50 175
-7 2 3 0
11 31 -35 0
43 -23 10 0
-45 38 40 0
35 -32 -48 0
10 -33 -31 0
7 -50 -25 0
10 -4 -29 0
13 34 -16 0
21 36 20 0
-36 26 16 0
27 38 -33 0
43 -7 -50 0
-46 25 8 0
43 2 50 0
31 23 32 0
48 11 -50 0
-17 -27 50 0
28 -43 -8 0
36 -34 -37 0
-36 37 -2 0
-20 18 -43 0
2 -5 -47 0
-32 -1 47 0
-33 4 -3 0
30 -38 22 0
-23 -39 -15 0
-45 27 37 0
-27 -26 -26 0
-24 18 23 0
50 -28 -46 0
-14 -3 -13 0
31 29 -8 0
-31 -3 36 0
32 -12 27 0
-12 24 -6 0
28 -11 -31 0
-50 11 -1 0
29 -36 23 0
14 4 31 0
2 19 38 0
40 -48 42 0
32 -29 -36 0
9 -2 -20 0
-49 -7 4 0
-16 -7 39 0
9 -22 -19 0
28 3 -24 0
-38 -28 28 0
13 -4 40 0
11 -46 30 0
-40 -35 -45 0
30 11 3 0
-13 -25 -49 0
22 -8 9 0
-22 -30 -37 0
-29 -7 33 0
-7 25 9 0
5 33 20 0
-10 -16 -4 0
-32 -19 28 0
35 18 -34 0
-36 -20 -41 0
-30 10 47 0
-6 -35 50 0
-3 48 37 0
-47 -19 41 0
43 -35 26 0
1 -48 25 0
16 -7 -8 0
33 -1 -44 0
-47 -38 -15 0
50 -44 -36 0
49 -23 1 0
44 -21 9 0
45 48 -35 0
20 14 -13 0
-3 31 -4 0
21 -25 -22 0
2 -44 -16 0
8 28 -6 0
-35 17 -33 0
33 -42 38 0
-6 -49 -35 0
-44 22 -3 0
29 21 -8 0
45 14 -29 0
22 9 7 0
-24 -27 41 0
-7 27 21 0
-10 20 7 0
41 -46 -19 0
22 9 -24 0
-8 25 -2 0
-30 -23 -3 0
-27 -49 7 0
16 36 37 0
-19 -20 -31 0
-1 -43 48 0
-33 9 3 0
25 35 -41 0
19 -25 -30 0
43 13 -27 0
30 8 41 0
-13 27 -4 0
-30 -35 -26 0
-46 -4 -18 0
27 10 20 0
-5 7 25 0
21 27 16 0
7 17 12 0
-49 27 -24 0
-13 -30 -1 0
29 32 23 0
7 -41 48 0
-11 29 2 0
44 8 28 0
-2 4 11 0
-7 -41 24 0
-14 30 -31 0
4 3 -31 0
-36 5 49 0
4 47 29 0
46 17 31 0
-33 -49 14 0
2 -15 24 0
-44 15 38 0
-13 -28 1 0
36 27 -26 0
-23 -11 42 0
20 36 -13 0
27 14 -37 0
-39 -45 33 0
44 27 -30 0
27 12 46 0
-32 8 15 0
-10 -10 -10 0
-7 21 1 0
6 -27 2 0
47 -15 43 0
-20 38 37 0
-20 -34 14 0
50 23 12 0
-34 42 24 0
39 20 13 0
-25 37 -2 0
-21 -24 47 0
22 24 -6 0
-22 14 12 0
-41 12 -29 0
48 -14 17 0
-50 26 5 0
-29 -25 -3 0
13 -15 15 0
-40 11 47 0
-28 28 -24 0
23 41 23 0
49 6 36 0
41 36 4 0
13 43 -3 0
18 -16 41 0
21 -33 36 0
34 28 -34 0
-25 -42 47 0
-13 44 31 0
33 -39 21 0
-24 23 -24 0
1 -27 -17 0
30 -6 19 0
-20 9 50 0
-17 27 -34 0
-12 -45 47 0
-29 -37 -13 0
35 -11 -43 0
23 2 29 0
