c CNF generator v0.9
p cnf 50 175
-21 -13 41 0
-2 38 39 0
32 -11 42 0
-27 38 33 0
-11 -27 34 0
-24 33 -23 0
3 4 49 0
-43 25 8 0
-16 46 -45 0
-4 43 26 0
-9 20 23 0
11 -28 -40 0
-25 -29 -27 0
31 -5 46 0
33 2 -20 0
-39 -8 -44 0
-31 47 -28 0
22 13 44 0
24 -8 2 0
-45 4 7 0
-1 7 6 0
6 30 28 0
-41 -8 -15 0
-4 -4 -47 0
37 -17 -4 0
-47 37 33 0
-45 7 -13 0
-8 -46 -12 0
-2 38 -30 0
-23 19 17 0
24 28 -20 0
39 41 42 0
18 33 27 0
-4 -27 9 0
-1 8 36 0
-34 -7 12 0
49 -47 -26 0
27 -28 -8 0
50 -36 24 0
6 38 15 0
-23 35 17 0
28 20 -22 0
12 -23 -5 0
-25 30 33 0
40 -44 14 0
50 47 -34 0
-48 28 4 0
-32 35 -44 0
-31 -42 -24 0
-27 -41 -10 0
23 -18 2 0
14 -33 -29 0
-6 28 -13 0
-48 -24 -43 0
-22 11 -27 0
-3 -43 43 0
-33 -21 -33 0
47 2 48 0
-45 23 -12 0
14 38 7 0
-3 -20 18 0
-41 -6 -4 0
33 13 -46 0
17 19 19 0
19 22 -21 0
-46 -6 42 0
-46 4 -19 0
-31 -24 45 0
-39 43 -7 0
-22 -44 -17 0
12 -20 -3 0
-22 -2 -40 0
49 1 43 0
-35 36 -1 0
-28 -30 44 0
-5 11 -20 0
32 -43 -32 0
-25 1 37 0
-24 -44 -9 0
16 45 25 0
-38 19 2 0
-13 -23 -9 0
-12 1 -28 0
-14 45 32 0
-49 -27 -20 0
27 28 20 0
24 -47 -13 0
17 17 -4 0
10 27 -6 0
26 -22 -11 0
23 16 -20 0
-23 -29 -4 0
23 -5 2 0
-28 -27 -43 0
-11 22 -19 0
-27 30 -30 0
50 48 41 0
14 50 -34 0
1 5 -46 0
41 -8 -34 0
-45 -24 -26 0
-13 -9 32 0
-41 -45 -14 0
46 28 -3 0
30 -32 -25 0
-32 24 27 0
20 19 30 0
-42 -42 27 0
-15 4 6 0
-11 -14 -25 0
-13 -14 35 0
15 -38 -48 0
-14 25 -26 0
48 6 19 0
-39 3 -46 0
-21 30 -19 0
-44 11 -38 0
31 -32 -19 0
-39 -31 -11 0
-34 21 50 0
36 45 8 0
35 -49 32 0
5 22 -46 0
2 39 29 0
-23 21 -29 0
-36 -35 15 0
-24 35 -12 0
-16 17 -14 0
26 1 -1 0
16 41 30 0
8 -40 -18 0
2 21 13 0
-23 -8 40 0
-26 -30 37 0
36 19 25 0
30 -2 -26 0
29 -18 1 0
7 48 20 0
-42 8 -17 0
29 6 25 0
-26 -30 -39 0
32 -20 38 0
-34 4 38 0
7 -1 -17 0
-48 -42 43 0
-18 38 28 0
-8 28 -12 0
26 -2 -40 0
-2 3 47 0
-22 38 35 0
-44 31 -8 0
36 -17 25 0
-14 21 32 0
-48 24 39 0
36 9 -27 0
-1 50 -40 0
-5 -47 31 0
-44 -28 36 0
-37 -19 -36 0
14 -42 36 0
-43 24 -49 0
-17 -47 -14 0
27 -43 33 0
18 33 -39 0
-16 -43 -23 0
23 7 -6 0
11 40 -42 0
-28 42 2 0
34 -15 16 0
-29 8 -15 0
29 4 -26 0
-24 20 -33 0
37 -9 -7 0
-16 -27 -17 0
-23 4 -20 0
