c CNF generator v0.9
p cnf 50 175
-44 7 6 0
33 -23 -3 0
-18 41 3 0
27 -48 4 0
-39 43 -37 0
-30 -8 -10 0
-26 -39 -16 0
-10 21 -8 0
13 -38 -32 0
-34 32 -40 0
-6 43 42 0
-17 -37 26 0
36 -29 20 0
12 -35 16 0
48 -14 -13 0
-18 27 -8 0
47 -45 46 0
25 15 18 0
37 -43 -14 0
-16 49 31 0
6 -6 -24 0
-47 9 -20 0
32 -5 -32 0
27 -30 20 0
26 7 32 0
3 -42 -40 0
29 -29 1 0
5 16 4 0
-4 44 -14 0
18 34 42 0
30 -44 -33 0
-29 -23 -9 0
11 -49 -8 0
-6 -9 44 0
31 34 8 0
-19 -8 -48 0
16 19 -33 0
-31 -12 12 0
-33 24 -42 0
-25 46 15 0
31 -44 47 0
28 29 38 0
-26 -35 50 0
-48 1 -50 0
23 -4 29 0
-20 -7 -6 0
36 -49 -49 0
25 -9 26 0
-47 -1 -16 0
-26 -25 42 0
-17 -3 -8 0
-2 -14 27 0
-30 33 -43 0
-29 33 -27 0
-7 -45 -26 0
-37 34 26 0
-28 6 -48 0
-38 -47 39 0
-49 -22 -24 0
16 -16 48 0
-49 -8 -35 0
36 13 -4 0
32 -26 27 0
15 25 15 0
34 5 -5 0
-23 -46 6 0
-19 -34 -15 0
33 -1 -14 0
-4 -7 -19 0
-4 43 24 0
47 24 -23 0
1 7 -6 0
-2 10 -33 0
-43 5 -22 0
12 30 -43 0
-40 25 20 0
48 -1 26 0
32 -12 21 0
-17 31 -7 0
23 36 20 0
-22 40 -46 0
8 -7 -21 0
37 -20 -7 0
25 41 -29 0
-20 41 22 0
6 16 -50 0
-45 32 -32 0
41 3 -23 0
49 -37 12 0
49 6 -46 0
34 42 15 0
5 -35 -44 0
1 -38 -39 0
-20 -17 41 0
44 -23 -9 0
-12 -25 -4 0
-29 3 -33 0
15 -34 15 0
-30 29 -17 0
33 18 2 0
-37 16 -23 0
31 -17 48 0
-27 -27 17 0
38 5 42 0
-34 -40 -28 0
-24 -35 -22 0
-3 -4 9 0
-36 -17 22 0
-36 -24 -43 0
-38 -38 15 0
31 24 20 0
1 34 -9 0
-8 35 -28 0
-37 -29 -45 0
38 17 -28 0
-10 -32 20 0
24 -30 5 0
34 -25 -5 0
8 -36 -47 0
22 27 -15 0
22 44 -2 0
-36 14 -27 0
-39 16 -40 0
5 -47 -33 0
26 28 48 0
38 3 15 0
46 47 -44 0
35 -25 -20 0
24 -34 -32 0
-14 -37 27 0
6 30 -46 0
34 19 10 0
27 8 36 0
-46 48 43 0
-19 3 41 0
9 13 -1 0
-43 42 -44 0
33 7 -27 0
33 42 -14 0
-40 49 -12 0
-50 33 28 0
49 44 -47 0
27 -20 -9 0
47 -37 -36 0
8 -37 -17 0
44 21 -2 0
48 -37 3 0
-2 -14 -36 0
23 -36 -36 0
-19 22 47 0
-44 -45 1 0
-2 26 26 0
14 43 -18 0
29 27 42 0
25 -14 34 0
-44 -25 33 0
38 -26 -41 0
-35 -11 34 0
9 -10 -43 0
48 22 25 0
40 7 21 0
35 13 -45 0
12 31 -32 0
-6 -41 -27 0
33 -9 -18 0
-32 8 1 0
-23 19 29 0
-35 -44 -49 0
7 4 -3 0
-16 11 31 0
3 12 23 0
-18 26 5 0
13 -42 32 0
17 26 -32 0
-19 -34 29 0
