c CNF generator v0.9
p cnf 50 175
-23 -14 24 0
-46 23 -19 0
-39 38 5 0
-39 -39 12 0
-19 18 -24 0
1 -35 37 0
-44 47 -30 0
-15 -45 -14 0
-3 32 -10 0
22 -12 -19 0
-16 -41 4 0
-13 22 -11 0
-42 21 31 0
23 -32 -4 0
-7 -28 -47 0
5 40 -43 0
-37 -40 -48 0
-43 -43 -48 0
-33 -47 3 0
-32 8 47 0
-3 3 -5 0
-19 -38 -41 0
-35 47 -30 0
47 -9 31 0
-48 -47 19 0
9 -26 -46 0
29 31 10 0
-35 14 32 0
26 -36 -21 0
-32 20 -17 0
1 40 -42 0
-23 8 36 0
-41 -7 35 0
20 -9 -10 0
15 24 42 0
5 8 -16 0
37 15 -23 0
-22 45 -36 0
38 -17 -46 0
-6 -41 12 0
2 -37 46 0
-34 -29 47 0
33 -6 -1 0
-35 30 -29 0
3 13 24 0
28 -1 47 0
18 12 50 0
-40 -28 -19 0
10 -29 39 0
-6 -14 21 0
-16 11 -29 0
26 -45 47 0
-29 -35 34 0
15 19 12 0
5 20 22 0
5 -9 43 0
-12 -2 -45 0
-7 -25 3 0
-38 -5 -34 0
27 -14 -29 0
-34 -39 26 0
-49 -47 -29 0
12 32 21 0
23 -12 16 0
-19 -38 -24 0
-19 -35 -2 0
20 11 -25 0
-40 -45 16 0
-19 29 32 0
-36 -33 -22 0
-5 -34 27 0
27 -3 -7 0
10 38 -28 0
47 27 38 0
23 25 -31 0
49 -3 30 0
34 -17 -35 0
-47 -21 -18 0
-6 -32 22 0
-46 -2 11 0
-38 -24 -8 0
27 -11 17 0
-33 -35 -43 0
49 17 -29 0
40 -6 -21 0
-2 -10 41 0
34 31 -31 0
-6 -9 -39 0
-8 -34 -23 0
11 43 16 0
32 38 29 0
-31 21 44 0
-35 43 11 0
-35 49 -24 0
37 -36 23 0
-39 -34 -15 0
42 22 33 0
5 -45 28 0
46 -1 -20 0
-9 2 12 0
-15 4 9 0
-25 3 45 0
-37 -20 -45 0
12 -19 38 0
-5 -18 28 0
-4 -15 -14 0
28 42 3 0
-7 -33 12 0
26 -3 30 0
46 -28 5 0
15 -24 49 0
42 -4 -23 0
-25 15 3 0
28 -47 26 0
11 24 47 0
-23 36 3 0
-49 43 -8 0
30 35 -46 0
14 40 18 0
-10 13 -20 0
-16 42 19 0
16 -26 36 0
-29 -44 16 0
-31 -49 29 0
-35 25 -20 0
14 30 15 0
-24 -31 -45 0
-24 -14 -45 0
-20 47 -26 0
4 49 -26 0
29 -45 -20 0
-34 32 -36 0
-25 -26 -36 0
-28 36 -47 0
17 -39 37 0
29 -8 -21 0
42 22 18 0
35 -48 -33 0
44 -25 -43 0
22 -30 20 0
35 -24 -7 0
-25 -26 27 0
-40 -4 30 0
-40 45 32 0
49 -36 12 0
43 16 12 0
5 12 -50 0
2 14 -31 0
-37 4 21 0
-47 -30 -43 0
-4 -32 37 0
-2 5 26 0
-36 -26 -1 0
-20 47 26 0
23 -31 27 0
48 -12 45 0
-46 -19 31 0
37 -22 -28 0
-33 11 44 0
-46 -45 -4 0
-47 13 6 0
-14 -29 -18 0
-1 -43 -41 0
41 -4 36 0
-21 25 -35 0
21 40 38 0
47 -14 -33 0
-12 10 20 0
6 50 -49 0
-23 42 44 0
36 -10 13 0
-37 14 -16 0
-45 -20 -50 0
10 -13 -46 0
-19 44 -40 0
