c CNF generator v0.9
p cnf 50 175
30 1 -6 0
32 -5 -21 0
-38 9 13 0
20 5 -30 0
-50 30 -14 0
-40 -49 -6 0
35 8 22 0
6 43 26 0
-22 -48 3 0
49 1 30 0
-21 22 34 0
19 14 46 0
32 25 -12 0
-47 -23 -28 0
-26 -4 -23 0
40 26 -38 0
21 31 -39 0
26 38 19 0
21 20 -9 0
-25 5 35 0
-37 41 -33 0
39 21 44 0
-18 -17 7 0
-35 19 -11 0
-46 17 27 0
-41 19 -49 0
21 -50 -19 0
2 35 -9 0
22 19 -14 0
23 -25 25 0
48 -32 46 0
6 -16 46 0
26 44 31 0
14 44 49 0
-28 -3 28 0
44 11 37 0
-42 -13 -6 0
-37 -33 -9 0
10 17 20 0
22 -5 -1 0
-16 18 -48 0
49 50 -8 0
7 -9 -12 0
47 -35 -35 0
15 -8 -15 0
48 -5 1 0
27 18 19 0
9 19 -5 0
-9 -28 39 0
39 25 -49 0
34 -48 -36 0
21 -24 -1 0
-12 45 -36 0
-22 -49 -23 0
-16 -43 8 0
50 -26 -47 0
-23 33 -2 0
-43 21 40 0
-38 -4 -32 0
-32 -41 -41 0
31 12 21 0
47 27 21 0
11 -22 -24 0
-50 -41 -3 0
-18 -15 17 0
4 38 -27 0
-23 3 3 0
34 -2 26 0
12 -45 -41 0
13 -38 39 0
34 -47 7 0
-1 -8 -30 0
-32 27 45 0
42 -2 3 0
-40 -42 18 0
-29 -38 -47 0
7 -19 34 0
-37 41 39 0
-28 20 -43 0
-30 -42 12 0
31 -15 41 0
20 28 -46 0
21 39 -7 0
19 -7 17 0
-2 -15 -15 0
-26 -35 5 0
25 16 11 0
-22 13 44 0
1 -42 22 0
-2 19 50 0
28 -33 10 0
38 28 -8 0
5 -23 -35 0
1 17 22 0
36 -39 26 0
-27 3 -47 0
-37 26 42 0
-16 29 -48 0
-17 -48 -32 0
19 21 -43 0
-30 -18 -3 0
16 4 -20 0
-48 9 -6 0
-49 8 6 0
12 34 -38 0
-46 -20 12 0
14 -8 15 0
11 27 -42 0
31 -38 -34 0
6 42 10 0
39 -13 37 0
10 -23 -29 0
-39 -11 39 0
37 13 50 0
20 -20 -6 0
19 30 43 0
13 -50 50 0
-15 37 -12 0
-49 -39 -9 0
26 2 -4 0
-37 31 -10 0
-24 27 1 0
7 9 -44 0
-38 49 -12 0
-14 -44 -34 0
-27 21 12 0
-39 44 -28 0
-3 -34 5 0
39 12 -37 0
-11 -13 34 0
6 -40 -21 0
-23 -28 -20 0
25 46 -34 0
44 34 26 0
-4 -3 -33 0
32 14 -32 0
49 43 -38 0
-21 -50 19 0
14 -1 -42 0
-12 8 10 0
47 -17 -6 0
-33 12 -28 0
-29 -33 -24 0
-35 1 -42 0
-1 29 -14 0
42 44 -48 0
-4 -7 -15 0
-12 -42 -21 0
13 34 22 0
-24 -4 -50 0
24 -14 -36 0
19 28 -37 0
17 42 -46 0
50 -26 -6 0
27 -50 -17 0
-10 -22 -43 0
-38 30 26 0
-34 -13 -33 0
-27 -34 -48 0
42 42 28 0
43 -10 50 0
45 44 -6 0
-14 -24 -14 0
-39 19 -1 0
39 -18 41 0
-34 -2 -14 0
-14 -39 1 0
-1 30 -29 0
49 42 26 0
-36 -35 -32 0
-45 31 39 0
-24 -20 -17 0
11 -41 31 0
-31 -17 10 0
-30 48 -43 0
