c CNF generator v0.9
p cnf 50 175
-23 -10 49 0
-41 31 22 0
14 13 44 0
10 43 -22 0
32 -13 27 0
35 -8 -34 0
21 -16 -48 0
18 24 -35 0
-12 -34 33 0
9 -25 -13 0
-50 -13 9 0
-28 -50 -44 0
35 -25 45 0
-46 -42 9 0
46 17 -3 0
41 33 -2 0
41 19 26 0
26 50 10 0
46 -19 -25 0
-30 -14 14 0
21 5 -3 0
43 8 -47 0
4 -38 22 0
-34 35 19 0
45 33 49 0
-34 -36 29 0
-10 -49 -42 0
36 2 37 0
24 -41 35 0
24 -16 12 0
47 22 -24 0
47 23 -3 0
-16 -35 37 0
15 -49 -4 0
40 -39 35 0
28 48 15 0
47 -9 43 0
19 -30 -18 0
-39 9 -43 0
43 11 -17 0
5 -18 28 0
-5 -38 -19 0
-36 -1 38 0
43 -12 26 0
12 -2 50 0
-12 -23 4 0
3 -18 11 0
14 -22 -26 0
49 33 49 0
-32 -19 -20 0
43 -48 -46 0
4 7 38 0
29 18 -3 0
-27 -3 13 0
-20 -13 17 0
-35 -4 -18 0
3 44 -50 0
-41 24 23 0
3 37 43 0
13 -4 48 0
29 -44 -39 0
-34 -45 17 0
-22 -25 19 0
-18 6 42 0
-43 21 -35 0
46 -34 -9 0
-38 41 3 0
-42 -47 5 0
30 -22 40 0
-2 46 26 0
-5 49 30 0
-30 -47 46 0
12 -33 33 0
-48 -38 33 0
21 -18 44 0
-50 -34 -14 0
-45 -6 -46 0
-31 -7 -48 0
-11 20 47 0
23 -3 21 0
-30 -45 -19 0
-29 -14 -46 0
13 -25 37 0
-12 -31 29 0
49 -44 -11 0
-7 -39 14 0
30 -41 18 0
-10 5 -10 0
42 -24 -34 0
-37 23 -47 0
46 48 -10 0
-36 -38 49 0
-34 12 18 0
41 47 14 0
49 -48 -8 0
39 30 -3 0
34 9 14 0
-11 -44 47 0
-45 45 -26 0
-14 -50 -32 0
-45 -24 6 0
-31 -28 -49 0
-14 -21 49 0
37 8 34 0
38 -12 -42 0
-24 37 -20 0
-40 -32 43 0
5 9 -2 0
17 -43 -6 0
42 -19 -25 0
22 42 -6 0
-6 -27 -39 0
40 43 -42 0
5 16 -45 0
-7 -48 2 0
48 34 -11 0
-40 -11 -43 0
-7 18 28 0
47 37 -13 0
-47 40 -43 0
48 31 40 0
-20 46 23 0
-3 32 -1 0
-40 -50 -2 0
6 -42 14 0
-1 -50 -24 0
-8 11 -1 0
-42 23 18 0
-18 -23 -39 0
-44 -37 3 0
33 -41 44 0
15 26 47 0
48 38 -21 0
12 45 -30 0
-34 32 -35 0
50 -47 -42 0
-6 15 -32 0
-43 43 34 0
-45 29 -15 0
8 -28 -31 0
17 -7 38 0
-2 -36 49 0
-14 7 -1 0
-25 21 13 0
50 1 8 0
-11 46 -15 0
18 41 -2 0
-49 37 19 0
36 11 31 0
39 35 19 0
38 -16 -3 0
44 23 8 0
5 -30 -24 0
32 -13 42 0
23 -34 22 0
17 -19 44 0
16 -17 47 0
-26 50 -48 0
47 -3 -28 0
-3 -35 -48 0
-44 41 -48 0
-41 -9 24 0
20 -1 10 0
-17 -21 4 0
8 37 11 0
-47 49 24 0
9 -27 -9 0
37 -16 48 0
18 22 48 0
-9 40 -35 0
-33 6 -10 0
16 27 15 0
50 -3 10 0
-2 -23 37 0
-9 -11 17 0
