c CNF generator v0.9
p cnf 50 175
11 -19 -34 0
43 -25 -50 0
50 18 3 0
-9 -33 16 0
47 21 -42 0
22 -43 4 0
-24 -42 46 0
-4 9 1 0
34 40 8 0
-25 -39 25 0
36 35 -27 0
25 -32 41 0
-3 4 39 0
35 -20 -4 0
48 25 -20 0
16 12 -19 0
-20 -34 -11 0
-27 31 -18 0
-16 -28 49 0
-24 -7 47 0
-27 -37 37 0
-12 -13 -33 0
9 -27 -23 0
-14 35 23 0
34 29 36 0
50 3 -37 0
31 49 -45 0
-9 25 49 0
-45 37 -8 0
37 -25 -6 0
-25 34 21 0
50 11 -27 0
-9 -35 -49 0
30 44 3 0
-8 -32 45 0
34 49 4 0
16 22 39 0
30 -30 -45 0
-37 -8 43 0
-3 49 48 0
30 -21 23 0
-29 19 -4 0
-32 41 -27 0
49 7 -39 0
-29 -7 4 0
-26 -7 42 0
15 -5 29 0
43 18 -15 0
-47 -30 -37 0
15 8 -39 0
-26 31 -13 0
29 5 44 0
37 39 36 0
-16 -48 8 0
29 -2 -28 0
-16 -25 7 0
9 -50 -37 0
25 6 -42 0
50 -12 -31 0
35 -11 -48 0
36 -29 26 0
-15 34 -17 0
-21 -43 37 0
-28 -8 -26 0
-40 -40 37 0
46 40 50 0
-38 20 -7 0
-45 -20 -17 0
-6 12 -10 0
3 -48 -14 0
-37 -27 44 0
15 -17 -20 0
15 23 -43 0
-1 6 -29 0
-8 -29 25 0
-21 37 -3 0
12 11 -27 0
-39 41 -25 0
-34 -43 -50 0
9 38 -27 0
-26 -3 37 0
-46 -34 -50 0
36 -40 46 0
-20 -44 2 0
-9 36 30 0
-24 21 -23 0
30 -10 -23 0
-46 -44 16 0
-31 44 -14 0
-23 -1 15 0
26 30 50 0
47 3 33 0
-43 -18 -10 0
45 5 -7 0
-46 -42 41 0
8 2 -31 0
-44 9 -30 0
7 20 -17 0
-11 -32 -21 0
-10 -15 -39 0
-11 -11 -45 0
-24 -9 -14 0
24 1 -9 0
-13 -9 48 0
-44 15 37 0
-41 16 -46 0
-23 30 5 0
-39 -7 -10 0
23 2 -15 0
17 -12 49 0
-21 -19 11 0
21 13 -9 0
29 -8 27 0
20 14 -37 0
-46 17 36 0
34 -31 -17 0
33 -4 -29 0
-30 -6 -5 0
-38 37 -29 0
-25 -28 -37 0
-9 -32 -28 0
-2 41 17 0
5 7 40 0
45 -40 -18 0
16 -49 16 0
-32 -30 36 0
14 35 -42 0
24 20 -2 0
-7 -1 16 0
-2 1 -36 0
26 30 47 0
-9 -29 42 0
21 -27 -38 0
13 22 2 0
50 14 -13 0
-37 -46 -21 0
23 -29 33 0
46 -30 -28 0
-37 -50 39 0
33 27 22 0
-37 24 40 0
16 -12 22 0
-30 -23 -48 0
-25 5 -49 0
18 15 -6 0
36 12 -1 0
31 28 -49 0
9 6 9 0
-25 45 -19 0
-14 4 -26 0
41 33 -49 0
-6 -41 24 0
29 -4 -45 0
16 44 6 0
40 43 -43 0
-50 -31 -48 0
11 -43 -3 0
-42 17 -36 0
49 24 1 0
-6 -6 50 0
-16 40 50 0
21 45 -32 0
23 6 18 0
-17 47 25 0
-27 -2 -27 0
6 -19 29 0
-8 -29 -40 0
25 29 -25 0
25 -5 7 0
-10 -2 -7 0
23 -25 17 0
-22 -49 10 0
-33 -43 10 0
-50 -11 31 0
-40 24 -36 0
