c CNF generator v0.9
p cnf 50 175
9 38 -23 0
45 35 22 0
-39 22 8 0
38 -41 -39 0
-10 2 -19 0
6 32 -47 0
-43 19 23 0
-11 3 -23 0
47 16 31 0
-15 -45 26 0
-44 20 41 0
-5 21 29 0
8 -14 48 0
-16 12 5 0
-8 10 -47 0
-23 30 3 0
9 30 7 0
23 -11 -2 0
41 22 -9 0
-19 9 -21 0
-3 28 -44 0
-37 -15 38 0
-34 -31 47 0
-21 11 -27 0
44 2 -13 0
-15 38 17 0
-19 9 -31 0
-23 21 -40 0
-4 43 6 0
-32 32 3 0
42 17 10 0
-8 38 8 0
5 7 20 0
-8 32 34 0
5 -41 -12 0
-2 -16 -12 0
-39 43 -11 0
-5 -49 16 0
-36 28 -1 0
6 24 15 0
-14 -8 -20 0
-47 -43 28 0
-8 -35 22 0
30 -16 7 0
2 37 17 0
-20 -6 33 0
3 -49 7 0
33 -36 25 0
21 37 34 0
11 9 -29 0
2 45 -40 0
-27 26 -5 0
4 14 -48 0
48 6 27 0
-34 47 -41 0
28 7 -50 0
-21 2 -31 0
2 -10 -49 0
33 40 -5 0
49 23 11 0
-1 44 -38 0
-3 36 35 0
-40 -37 4 0
-22 -9 -36 0
-27 21 22 0
-10 -44 -18 0
42 37 29 0
18 -38 -16 0
22 4 6 0
-28 -22 -4 0
7 -3 -19 0
37 38 -43 0
-28 16 10 0
-34 -48 5 0
19 -33 -46 0
-47 -31 -35 0
11 25 -45 0
36 -32 40 0
14 -15 3 0
-38 12 33 0
17 -32 -7 0
17 48 -47 0
43 13 -16 0
18 34 -2 0
-31 3 -28 0
-27 -43 -32 0
47 50 -50 0
2 12 -25 0
50 -35 45 0
-15 -17 -23 0
-36 -11 4 0
-50 1 -17 0
-46 -42 -16 0
-43 -14 -20 0
-48 -23 -9 0
8 36 -14 0
6 46 -44 0
43 -43 -12 0
-14 -47 10 0
47 9 21 0
37 17 -49 0
-10 48 32 0
-33 -35 1 0
-16 5 41 0
-37 -48 -31 0
-18 -12 -11 0
9 40 31 0
40 38 49 0
-20 20 -12 0
16 44 -25 0
29 45 -37 0
-30 15 -5 0
-32 4 -18 0
16 -24 22 0
-50 -12 -21 0
-22 27 17 0
42 -38 47 0
26 -42 -22 0
5 12 4 0
-48 25 44 0
22 -16 11 0
-49 -31 15 0
-24 30 -18 0
-24 27 32 0
-35 -40 17 0
-26 44 46 0
-22 -6 13 0
39 -11 -34 0
4 31 16 0
50 -11 -44 0
-10 7 -16 0
24 -23 -31 0
30 -6 -24 0
9 -40 10 0
24 49 -34 0
-4 -35 5 0
8 -31 -34 0
-19 24 36 0
26 18 -27 0
-29 39 26 0
-15 -8 -19 0
49 -46 32 0
-40 27 -8 0
-29 -23 -4 0
40 -43 12 0
-18 -18 34 0
-5 28 44 0
-9 30 8 0
-21 -41 -23 0
-13 1 4 0
34 -3 -31 0
42 5 -35 0
-39 29 -10 0
-47 35 -25 0
-5 -18 -32 0
-23 -10 -23 0
13 -33 7 0
-34 12 -36 0
-24 -18 44 0
-28 -28 21 0
-28 -34 -40 0
35 41 -43 0
41 -15 -39 0
-2 -33 42 0
-19 26 1 0
25 -19 42 0
-16 36 -19 0
49 43 8 0
-38 24 -26 0
19 26 -30 0
30 12 -35 0
-19 -45 -45 0
-21 27 7 0
7 -44 -44 0
-35 -6 -17 0
