c CNF generator v0.9
p cnf 50 175
-32 -23 47 0
-16 36 47 0
23 24 33 0
-13 -16 -44 0
6 31 25 0
36 26 44 0
32 3 -25 0
15 -27 31 0
-19 47 -22 0
15 46 -21 0
-47 14 -7 0
-9 -43 49 0
-19 -25 35 0
-43 39 16 0
12 -39 25 0
28 -43 5 0
-26 6 -46 0
16 -45 40 0
-39 29 -26 0
-31 -1 14 0
37 26 -8 0
23 7 -7 0
-18 -20 -3 0
32 -33 8 0
23 -26 -25 0
-17 13 -39 0
-41 6 -15 0
16 -15 -32 0
16 -43 3 0
-36 -33 -15 0
-21 -23 45 0
-7 -32 36 0
43 -10 34 0
-19 30 -2 0
-11 11 -15 0
25 -11 -42 0
13 -16 35 0
-23 -46 19 0
10 35 44 0
-33 17 14 0
45 20 35 0
-14 -36 37 0
-22 25 -39 0
-1 -1 23 0
5 23 -13 0
-18 2 -49 0
-35 -14 47 0
-30 17 -45 0
25 19 -25 0
-34 -12 -35 0
-29 -38 -22 0
42 47 11 0
9 -11 -25 0
-40 -3 47 0
-12 26 -48 0
14 -7 -44 0
38 -5 -35 0
1 50 -31 0
17 50 12 0
-35 26 41 0
28 15 10 0
20 -34 25 0
-31 27 35 0
22 -41 37 0
23 3 -39 0
28 3 -3 0
17 35 21 0
-5 35 34 0
-9 -44 -10 0
45 -3 3 0
41 24 46 0
-24 46 6 0
-50 -9 5 0
-8 35 -10 0
-37 -20 -27 0
-37 -40 29 0
-50 -22 -22 0
27 -26 -13 0
-49 1 47 0
-9 40 -14 0
-12 13 -38 0
-14 41 -45 0
47 38 25 0
18 33 40 0
-49 -6 -32 0
18 -3 -50 0
26 48 2 0
15 -12 10 0
-1 -10 -18 0
22 -10 -46 0
9 -3 32 0
31 -33 -11 0
-43 -2 -3 0
-22 1 -43 0
-20 33 45 0
-15 -41 -45 0
26 33 -49 0
49 41 -16 0
-13 -3 28 0
-50 -14 -24 0
-15 29 -27 0
-34 33 -17 0
-49 33 50 0
50 24 -11 0
-33 50 34 0
43 -5 28 0
-23 44 6 0
10 47 22 0
31 18 22 0
-40 45 17 0
-31 28 3 0
20 -32 -7 0
-5 20 1 0
-50 37 48 0
19 -49 6 0
-47 -37 -23 0
-17 -20 12 0
-29 47 13 0
46 -39 37 0
23 3 -29 0
36 -45 11 0
-16 32 -16 0
47 -45 33 0
-14 -22 40 0
-29 20 6 0
-38 34 5 0
24 39 -29 0
13 -43 -5 0
14 16 36 0
22 9 -5 0
-44 16 -23 0
5 42 28 0
45 -7 -36 0
26 -5 -27 0
30 16 -4 0
-18 25 -45 0
12 -4 27 0
-35 16 -32 0
45 -41 -15 0
-19 6 4 0
35 -25 33 0
-5 31 -47 0
21 6 -37 0
11 44 50 0
-21 -49 -28 0
48 -33 45 0
20 48 -35 0
-30 40 20 0
12 36 42 0
-48 -44 13 0
32 -27 -35 0
11 37 5 0
3 -13 26 0
27 41 -42 0
-11 -41 27 0
41 -46 14 0
45 43 -22 0
23 -24 -49 0
37 -14 9 0
-13 35 -29 0
41 42 -38 0
48 -49 9 0
-8 26 44 0
-10 6 -12 0
-36 -25 -3 0
-46 37 1 0
9 -7 -16 0
-50 9 -6 0
13 -27 -24 0
15 46 35 0
23 6 -17 0
-42 -19 33 0
5 -40 30 0
1 -16 -35 0
21 33 4 0
