c CNF generator v0.9
p cnf 50 175
46 13 -34 0
-1 -17 35 0
-25 -46 -46 0
-29 -40 -41 0
-8 23 12 0
24 -28 15 0
17 -44 -47 0
-38 6 32 0
1 14 -42 0
24 23 33 0
-25 -31 8 0
44 -37 29 0
1 34 -16 0
31 -7 6 0
34 -23 1 0
-46 27 -2 0
26 -38 -38 0
9 43 3 0
-29 49 -47 0
-44 -15 -40 0
-35 27 27 0
-5 -43 47 0
-19 25 9 0
4 22 30 0
49 34 -50 0
-38 2 -35 0
32 -36 -17 0
27 45 24 0
13 -46 28 0
13 10 20 0
-11 19 8 0
-18 40 -49 0
21 -39 -33 0
-15 -13 17 0
-28 -30 30 0
-49 31 -6 0
34 12 26 0
27 -11 -41 0
-20 40 32 0
16 11 -27 0
1 10 -8 0
10 10 32 0
-40 -19 -36 0
44 -27 33 0
8 3 22 0
-40 15 -3 0
41 -7 5 0
25 -21 -11 0
-50 9 41 0
15 -42 5 0
40 -48 -12 0
-1 48 33 0
-15 -43 -21 0
9 -3 20 0
22 15 39 0
31 -29 -20 0
-3 32 26 0
-4 37 49 0
17 -10 1 0
-27 -16 30 0
5 5 29 0
-42 43 -5 0
44 1 -27 0
33 -14 41 0
-48 29 44 0
-47 47 -33 0
21 45 7 0
-3 23 -19 0
-17 -7 39 0
-32 24 27 0
-29 -27 -32 0
-24 -15 -3 0
-38 38 10 0
-6 45 17 0
-33 -45 -33 0
5 -44 36 0
-28 19 -35 0
-28 38 40 0
-6 34 -43 0
35 27 -6 0
-27 48 -49 0
-50 -13 18 0
-18 -9 -33 0
34 -44 27 0
-9 -17 -22 0
24 -37 29 0
-9 30 -37 0
6 4 30 0
25 15 19 0
34 13 28 0
49 -42 -25 0
-32 1 -7 0
24 -27 42 0
-22 26 1 0
36 -32 1 0
9 29 44 0
-32 41 28 0
21 35 -32 0
-47 18 -26 0
-43 32 -39 0
33 -35 -21 0
-50 -12 23 0
8 -48 -23 0
-30 -14 -31 0
42 -15 28 0
7 13 30 0
20 39 -6 0
33 -3 27 0
12 -49 -30 0
18 8 -50 0
28 -25 -45 0
-24 40 -30 0
-36 -33 38 0
-36 -43 -9 0
50 8 -29 0
3 41 -46 0
-12 -2 -34 0
-20 -13 26 0
-40 35 9 0
-5 -25 -25 0
46 -32 -11 0
-28 -46 10 0
-28 50 -18 0
-19 2 3 0
-10 38 -30 0
-41 3 50 0
5 -49 40 0
3 19 5 0
-7 -8 -19 0
47 31 24 0
4 36 28 0
-11 17 -37 0
47 36 -47 0
-27 -33 -15 0
47 -5 -8 0
6 -34 10 0
-13 -15 -26 0
-27 13 17 0
-17 -7 -35 0
19 -28 5 0
15 11 -15 0
-39 -19 20 0
-19 20 -19 0
-35 -14 17 0
9 47 -19 0
-46 -21 39 0
-40 43 17 0
-22 33 36 0
32 48 17 0
37 -35 17 0
43 -12 38 0
-48 -8 -25 0
-2 15 39 0
-7 24 27 0
37 35 37 0
37 -27 13 0
29 -3 -37 0
-17 11 34 0
14 -14 -11 0
-22 -19 -8 0
-7 50 -47 0
-18 -10 -31 0
30 45 -8 0
-8 -39 -26 0
43 8 14 0
-9 44 -37 0
-2 -14 -19 0
-40 -47 44 0
45 -29 -1 0
21 -20 38 0
19 -26 -33 0
31 -26 -37 0
-4 -45 25 0
-50 34 -41 0
-9 15 20 0
