c CNF generator v0.9
p cnf 50 175
24 -1 -32 0
-35 -27 -19 0
-40 17 -41 0
-7 43 42 0
-13 48 -38 0
18 -32 -48 0
29 -7 13 0
-23 5 23 0
-27 -27 45 0
-23 -30 42 0
-13 -50 -20 0
-50 -23 -26 0
-8 23 -39 0
-38 43 34 0
-39 -49 49 0
28 -26 10 0
48 37 -21 0
-3 44 -22 0
13 24 5 0
2 37 16 0
21 6 -28 0
18 11 48 0
10 -24 26 0
-11 41 6 0
6 -38 4 0
-4 -26 49 0
12 -12 9 0
-41 -34 -12 0
-8 10 32 0
-23 -40 -5 0
9 -42 -14 0
-6 33 -41 0
-31 -35 -31 0
50 -15 6 0
8 47 -2 0
27 -18 -1 0
-19 -11 30 0
-37 -5 -43 0
-42 -2 -47 0
-15 8 -27 0
-50 11 32 0
15 43 44 0
32 -15 40 0
-31 -35 -18 0
16 30 38 0
-7 32 -41 0
-9 -8 -22 0
46 -32 21 0
-30 -15 26 0
-30 12 32 0
43 -35 -22 0
7 46 -25 0
-34 34 -2 0
25 1 -48 0
36 35 15 0
35 28 -38 0
-44 31 36 0
14 21 30 0
-41 1 -25 0
-33 -37 14 0
16 -36 14 0
-22 10 -37 0
20 -46 25 0
27 -7 35 0
-6 24 46 0
33 -49 27 0
16 10 -34 0
33 -45 15 0
-12 -22 13 0
-38 6 -14 0
-19 -4 -33 0
32 31 6 0
14 -18 -46 0
33 -49 1 0
33 1 39 0
7 -3 -49 0
-14 -6 32 0
-8 -46 -15 0
-32 -47 -2 0
-12 -20 7 0
39 -20 6 0
35 -24 -46 0
35 -10 -2 0
11 -19 44 0
-30 18 5 0
43 16 -18 0
-33 -25 -42 0
24 9 14 0
28 -38 28 0
-46 5 24 0
47 -43 -31 0
-3 -35 -25 0
-16 37 -20 0
3 -26 -16 0
19 23 -50 0
-34 -45 35 0
37 7 -49 0
-17 37 6 0
-13 46 -10 0
20 -23 48 0
7 39 32 0
24 -34 45 0
2 38 38 0
-21 -22 -22 0
3 11 6 0
1 11 28 0
-31 40 -43 0
38 -25 23 0
-27 21 -30 0
-1 7 -13 0
35 -27 1 0
-29 45 -27 0
18 -28 -3 0
-20 -43 -10 0
49 -2 5 0
32 -28 -42 0
29 -34 -19 0
22 -36 28 0
47 -13 -21 0
-32 -12 24 0
-50 -15 14 0
32 -23 48 0
14 -41 -45 0
43 18 44 0
-11 -11 5 0
34 -34 -25 0
-49 24 -23 0
10 -27 26 0
22 49 48 0
30 47 1 0
47 31 14 0
-2 26 30 0
49 50 12 0
-45 17 38 0
-24 -2 -39 0
-30 -45 -38 0
21 -15 20 0
-9 -27 -32 0
36 2 8 0
1 -24 48 0
-21 -5 -32 0
-44 -43 23 0
36 26 -29 0
3 -11 -49 0
19 3 7 0
-30 37 5 0
-13 22 -26 0
-22 -37 10 0
-11 -40 44 0
8 12 -32 0
11 -49 13 0
14 13 37 0
34 6 -20 0
-48 45 -20 0
11 46 3 0
-45 49 -40 0
22 -38 -43 0
27 -25 -4 0
-40 15 -26 0
-11 -49 14 0
30 31 19 0
9 4 -37 0
-30 -9 -41 0
25 19 13 0
11 -7 46 0
31 5 -36 0
-14 -6 -2 0
-47 1 49 0
16 -5 45 0
-44 -28 23 0
22 -30 34 0
-36 -34 37 0
6 22 38 0
-49 43 40 0
25 2 30 0
