c CNF generator v0.9
p cnf 50 175
-33 -29 39 0
-17 -1 -50 0
30 6 -15 0
21 -6 11 0
3 -48 -44 0
14 4 -44 0
-29 -11 39 0
18 19 -38 0
-44 -48 -10 0
16 -6 -36 0
-29 -29 -22 0
-43 -18 -32 0
-19 31 -42 0
-28 -4 -5 0
-23 -11 -6 0
-29 -3 -21 0
25 -11 -43 0
-18 17 7 0
-8 -48 41 0
50 -22 -14 0
-38 21 -37 0
-23 25 -23 0
19 -27 -19 0
25 -10 25 0
25 -17 3 0
37 29 43 0
-20 -23 18 0
-25 -4 30 0
45 -43 42 0
18 -50 11 0
5 -46 -41 0
48 21 34 0
36 -31 -4 0
-19 -41 47 0
44 -5 20 0
1 -18 12 0
-35 6 -43 0
-50 -15 -24 0
-50 15 30 0
13 29 -2 0
-29 -7 -1 0
31 12 9 0
-40 39 13 0
1 -9 35 0
40 -39 34 0
-1 47 18 0
-36 25 20 0
-38 -25 -28 0
50 34 4 0
28 24 15 0
-18 -41 48 0
23 -46 -33 0
-19 -22 3 0
-27 35 15 0
6 23 25 0
-49 -2 -45 0
18 -38 39 0
26 -26 47 0
-41 -23 -22 0
-49 37 21 0
23 -15 -8 0
-43 38 47 0
38 -16 -36 0
20 -11 -46 0
-10 13 -7 0
12 23 39 0
22 9 36 0
35 9 -17 0
27 42 -10 0
32 13 45 0
23 22 35 0
-40 31 -38 0
-45 -35 43 0
-31 31 9 0
20 -7 -22 0
36 28 -2 0
45 -48 8 0
24 -11 13 0
-29 -21 -40 0
-39 -38 -41 0
-39 47 29 0
23 11 6 0
40 43 39 0
-28 36 -50 0
27 1 49 0
-49 11 -22 0
22 49 24 0
-17 -5 37 0
-33 -19 -37 0
30 -16 50 0
-6 12 -33 0
-4 -36 24 0
28 -47 -16 0
-38 -47 -30 0
-25 -19 6 0
-39 -18 17 0
39 -23 -27 0
-28 4 20 0
-50 4 -5 0
-45 1 26 0
-33 -14 -47 0
-1 -25 39 0
-1 -50 -36 0
-9 -26 1 0
44 -17 -28 0
-28 4 -47 0
39 8 5 0
18 23 -41 0
7 27 48 0
-30 -33 21 0
11 39 -17 0
5 -49 -18 0
3 48 19 0
-21 -39 10 0
50 14 2 0
33 -10 35 0
44 43 -21 0
-24 21 13 0
1 16 38 0
-7 -49 26 0
-1 -35 14 0
36 -1 49 0
-19 36 -5 0
-22 -46 47 0
-2 3 -30 0
-23 15 -14 0
47 -1 42 0
-7 -32 -36 0
19 26 -41 0
-27 37 -6 0
42 -32 25 0
-9 38 -19 0
27 -4 4 0
10 -27 25 0
-37 20 3 0
-10 12 19 0
13 25 -33 0
8 -26 17 0
-46 17 -42 0
13 -13 24 0
8 34 25 0
-44 -2 -36 0
3 -32 -31 0
-45 31 10 0
-21 32 1 0
-29 32 21 0
-22 -20 13 0
2 -11 8 0
18 -48 -18 0
-29 24 -28 0
30 -32 -39 0
-21 -17 -16 0
46 -32 -12 0
33 -17 20 0
-1 -33 -32 0
45 10 32 0
47 -43 -26 0
26 -20 -11 0
18 -9 -20 0
32 48 -34 0
-19 20 -16 0
-41 12 21 0
-36 -14 -5 0
8 -49 -30 0
12 23 6 0
48 30 -2 0
27 -3 -17 0
-23 -43 37 0
46 19 -38 0
16 23 25 0
-50 -6 37 0
21 42 -50 0
-46 -49 16 0
-37 33 34 0
-38 24 24 0
