c CNF generator v0.9
p cnf 50 175
-28 25 -17 0
46 -11 40 0
12 -50 -4 0
20 46 45 0
-2 -24 -4 0
-27 -3 19 0
1 -10 28 0
5 -7 14 0
3 -19 29 0
-42 2 1 0
50 14 -35 0
-44 -28 5 0
-23 23 42 0
11 12 -29 0
26 29 -38 0
36 18 -35 0
-15 6 10 0
26 -2 26 0
28 -6 -15 0
8 22 3 0
-32 -17 -13 0
6 31 -1 0
25 15 -23 0
-36 -1 21 0
-11 46 27 0
35 -16 50 0
-47 38 9 0
23 21 5 0
1 -45 37 0
50 -37 -37 0
-43 -12 -34 0
-47 -41 -8 0
17 -14 46 0
34 17 -29 0
49 22 -9 0
45 44 23 0
36 -26 -50 0
35 2 4 0
-14 -43 47 0
32 8 9 0
-19 -50 40 0
-21 -18 27 0
-24 30 3 0
-6 32 30 0
-19 32 14 0
-6 9 21 0
-37 35 -39 0
48 -16 -3 0
-36 44 29 0
46 4 -33 0
44 -2 30 0
-32 14 -8 0
15 33 36 0
50 5 43 0
-31 -4 8 0
-35 35 -14 0
1 -4 41 0
-15 18 40 0
18 4 -37 0
-1 8 17 0
2 21 3 0
17 2 -33 0
21 46 -3 0
-8 50 -48 0
-45 9 -5 0
2 34 40 0
38 46 -36 0
-4 -39 -30 0
-7 45 42 0
49 19 -19 0
-33 16 28 0
46 -9 24 0
11 25 49 0
41 -6 36 0
6 -7 31 0
-10 17 -14 0
-49 -24 11 0
34 -31 -14 0
37 -4 -46 0
3 11 29 0
-27 -45 -43 0
25 22 48 0
45 5 47 0
-45 2 -17 0
-47 47 -10 0
-10 32 20 0
-11 4 15 0
5 -39 -36 0
-23 9 5 0
31 -22 20 0
31 -41 -3 0
23 -40 18 0
-8 -49 -43 0
50 -10 -21 0
-10 34 14 0
17 18 -24 0
26 22 25 0
-40 40 35 0
20 24 48 0
37 34 -24 0
7 17 -1 0
-15 11 -7 0
46 -22 -5 0
-31 -3 9 0
-9 49 -20 0
-50 47 -46 0
-20 -25 -6 0
24 42 45 0
-46 47 18 0
7 -20 50 0
8 -7 41 0
-12 23 -50 0
-32 -11 -19 0
-43 25 -3 0
-5 11 -36 0
-45 -42 4 0
25 33 1 0
2 -50 -23 0
-32 -1 -26 0
-13 -3 -45 0
-41 -46 27 0
-34 37 13 0
-45 21 -48 0
1 -44 15 0
30 -7 49 0
-50 43 39 0
18 10 -27 0
-30 29 -3 0
5 -47 -25 0
38 -46 -21 0
-34 -46 45 0
-46 1 -9 0
31 -10 1 0
37 -33 28 0
17 50 38 0
11 6 -20 0
27 6 29 0
23 49 -39 0
-15 -19 34 0
43 -29 45 0
-22 7 13 0
-3 -39 9 0
15 34 -19 0
-3 -13 27 0
-49 28 -18 0
-46 -5 33 0
-18 -22 -48 0
-38 -9 45 0
32 -43 -13 0
12 -16 -50 0
-34 -41 -1 0
-10 -8 -22 0
17 21 29 0
50 -39 14 0
-20 -22 14 0
1 18 -40 0
22 20 31 0
-38 32 43 0
-10 12 9 0
30 -10 14 0
23 3 44 0
16 -9 26 0
26 29 -39 0
4 23 -5 0
19 38 46 0
14 -25 26 0
25 14 1 0
38 24 -4 0
7 -2 -48 0
-48 -6 46 0
49 -27 -3 0
-32 -14 22 0
-10 -35 -1 0
20 49 13 0
34 27 -42 0
