c CNF generator v0.9
p cnf 50 175
-35 -47 26 0
3 -49 -18 0
31 -29 -31 0
32 41 -11 0
-14 21 48 0
-17 -50 20 0
7 -34 -36 0
34 30 25 0
-3 -21 49 0
12 16 -7 0
-22 -1 48 0
-26 47 36 0
-48 -11 44 0
-10 46 -22 0
-45 -19 -45 0
-8 45 7 0
47 -25 -23 0
-28 2 41 0
-37 33 -29 0
35 12 17 0
-47 -10 27 0
-32 34 1 0
-44 28 -36 0
-36 15 9 0
-16 -44 40 0
-37 6 41 0
43 -44 18 0
34 -32 43 0
47 -24 38 0
9 13 21 0
-44 48 17 0
32 -4 18 0
39 28 -2 0
21 46 -34 0
3 18 25 0
38 8 17 0
15 -21 -2 0
40 -27 -50 0
-15 11 -20 0
-20 -44 39 0
-45 -13 -44 0
31 -46 -11 0
27 -49 14 0
-41 -29 -20 0
-8 11 -2 0
-34 -41 2 0
-2 -30 -40 0
-7 -31 46 0
19 35 15 0
29 -47 -48 0
-40 -38 -39 0
-16 -46 29 0
-34 19 -34 0
-18 -31 -5 0
29 -15 -17 0
45 -12 33 0
48 -43 26 0
36 -2 -42 0
14 -14 32 0
-35 9 -29 0
-14 -5 -6 0
30 28 44 0
49 48 23 0
-43 4 -45 0
-8 28 -47 0
18 16 37 0
39 -17 -6 0
5 -28 -13 0
-13 -36 48 0
-20 -42 34 0
13 -21 39 0
37 26 -11 0
34 15 -13 0
-4 -44 -17 0
3 -48 15 0
2 -1 47 0
29 -29 -25 0
27 30 40 0
36 20 25 0
-16 -46 4 0
-39 -10 -18 0
-34 30 -3 0
27 4 -37 0
-28 -21 42 0
20 -35 -45 0
42 -2 -36 0
5 33 21 0
-35 25 49 0
-50 -19 34 0
27 -30 -32 0
-5 -5 -16 0
-20 -26 -30 0
46 27 -3 0
-33 13 -26 0
-39 -36 18 0
7 -8 37 0
-34 10 31 0
-42 -23 43 0
-21 9 -26 0
22 31 18 0
-36 30 -23 0
-35 7 16 0
-8 -39 -13 0
-32 -48 -24 0
36 47 3 0
32 -46 1 0
29 11 7 0
4 -5 -6 0
44 9 17 0
-13 -37 29 0
3 49 50 0
35 -48 46 0
-4 -16 -10 0
-27 -12 -10 0
44 -41 -39 0
-17 -13 20 0
-19 -13 28 0
-35 -1 12 0
42 7 -26 0
34 -26 -5 0
11 28 -41 0
-12 15 -3 0
26 9 22 0
44 -49 -10 0
31 -4 -20 0
8 34 14 0
39 -10 -24 0
-44 45 14 0
-15 -46 18 0
45 -40 42 0
-42 -31 -46 0
-38 7 -31 0
26 -22 21 0
-26 -40 24 0
36 -13 26 0
-33 -16 32 0
13 7 -38 0
-19 29 43 0
-33 -38 -1 0
-37 -29 49 0
-19 23 -11 0
32 -16 -41 0
26 43 45 0
42 -29 25 0
-40 45 44 0
-36 35 50 0
-18 -41 24 0
-29 44 -23 0
15 -3 8 0
11 25 -49 0
-40 -5 8 0
46 15 -25 0
14 23 -9 0
17 39 -7 0
35 -44 20 0
-31 7 -3 0
-26 -1 -43 0
-37 13 34 0
-1 28 -3 0
42 40 -13 0
-25 12 -21 0
-6 -38 -19 0
25 21 -26 0
40 13 26 0
-16 46 47 0
-9 -16 -32 0
27 1 -32 0
2 49 9 0
-19 -18 23 0
43 -19 9 0
15 -3 -43 0
15 -14 -4 0
-7 -24 7 0
-44 -18 -34 0
-44 26 -40 0
