c CNF generator v0.9
p cnf 50 175
9 6 -16 0
12 22 28 0
-19 -46 5 0
49 -48 -39 0
2 41 18 0
45 28 -29 0
-48 11 -31 0
40 1 20 0
21 -45 -17 0
3 -29 -24 0
13 -11 -17 0
-4 -43 -21 0
-5 -16 -22 0
-41 -17 11 0
-40 -6 25 0
12 -6 -34 0
25 30 10 0
7 29 13 0
-24 50 7 0
28 25 50 0
-4 -24 20 0
13 36 -41 0
40 3 1 0
41 -43 11 0
41 -16 -2 0
3 -33 8 0
-26 -5 -47 0
-16 -2 41 0
-24 24 26 0
-30 2 10 0
22 4 44 0
-35 45 -23 0
-27 -17 45 0
16 -31 31 0
7 -2 8 0
-41 -43 25 0
-18 48 -50 0
6 46 -28 0
-2 -3 -36 0
13 45 19 0
36 -5 24 0
14 36 -25 0
10 49 31 0
7 -6 2 0
-38 22 30 0
-8 -14 -38 0
11 -10 -46 0
24 42 41 0
4 -30 2 0
-21 30 26 0
-41 27 21 0
-27 48 -4 0
-20 -10 5 0
33 44 43 0
19 46 -18 0
-11 30 -44 0
47 31 -42 0
32 -50 4 0
-42 6 -19 0
-49 7 4 0
48 -19 32 0
6 30 38 0
31 42 50 0
14 31 10 0
12 39 -43 0
14 -40 -50 0
42 -22 -42 0
-29 19 -1 0
-40 -48 15 0
-22 -1 -49 0
47 -10 36 0
-21 -47 18 0
-6 29 29 0
47 -50 -39 0
50 -14 -34 0
3 -2 30 0
49 -45 8 0
-48 -17 -8 0
-30 46 31 0
-30 -3 22 0
27 7 10 0
11 -10 -24 0
-30 -47 -19 0
38 -17 5 0
-50 -46 -14 0
23 -30 -35 0
-32 -2 -9 0
-18 -12 27 0
-22 38 27 0
31 -13 -35 0
12 -20 29 0
-7 12 -37 0
49 -17 35 0
-13 3 11 0
50 30 25 0
3 -25 29 0
-20 -2 -16 0
-18 41 -29 0
42 -31 47 0
43 39 18 0
15 5 33 0
-28 15 40 0
11 19 -37 0
44 -39 35 0
30 -39 44 0
-40 45 42 0
-39 8 17 0
20 35 -43 0
-38 -11 -9 0
30 36 9 0
14 -11 6 0
-7 -4 39 0
30 23 14 0
1 -42 -25 0
22 32 -29 0
46 -16 39 0
-40 -32 21 0
-23 31 15 0
-47 43 -15 0
-22 -29 -34 0
30 -9 -15 0
30 -15 -3 0
5 -27 2 0
-23 -45 13 0
-12 -26 48 0
-7 33 4 0
37 39 -37 0
-9 -3 -8 0
40 -10 -11 0
-8 15 -11 0
-20 -1 4 0
-47 -25 -44 0
20 5 40 0
4 -35 8 0
44 6 -5 0
17 23 28 0
20 -43 -40 0
-43 37 -27 0
-22 9 -8 0
21 32 -49 0
28 20 -3 0
-8 -21 49 0
-13 -19 -38 0
-9 23 40 0
-26 36 -6 0
50 40 15 0
3 -36 44 0
43 -9 2 0
-33 6 50 0
-33 -45 -24 0
-8 -48 23 0
-8 26 -21 0
-21 -34 29 0
-20 -48 -19 0
-18 2 -29 0
35 47 45 0
-5 2 -27 0
-39 42 -18 0
10 21 12 0
16 14 -9 0
48 15 17 0
-31 43 10 0
-49 -2 -31 0
-36 47 -31 0
49 26 12 0
42 4 -21 0
-29 -45 47 0
-16 45 14 0
-36 31 45 0
2 45 -2 0
-47 -38 25 0
-4 -29 38 0
-50 -31 30 0
-10 29 43 0
15 -43 50 0
