c CNF generator v0.9
p cnf 50 175
-42 -18 -22 0
4 -46 -11 0
-42 50 37 0
27 31 -27 0
2 1 5 0
-42 -15 28 0
32 -4 -47 0
27 23 28 0
-6 43 -43 0
-9 -34 39 0
32 45 -43 0
-21 -1 18 0
-17 49 9 0
21 -14 -13 0
-45 32 -9 0
31 -4 11 0
43 -28 28 0
-20 21 -15 0
42 -48 32 0
3 40 5 0
42 23 2 0
-29 -5 -9 0
-1 36 16 0
-42 25 47 0
-35 -22 45 0
-26 3 -33 0
48 -24 21 0
38 27 13 0
27 8 23 0
12 12 -42 0
-36 -17 39 0
-3 39 32 0
22 3 23 0
-26 -37 37 0
38 -27 8 0
1 -32 17 0
16 21 -49 0
-47 -28 -41 0
-17 4 -17 0
-44 -39 16 0
-38 5 -2 0
45 18 -7 0
-41 -40 20 0
-47 33 7 0
16 43 -6 0
-43 25 18 0
-8 31 4 0
20 -50 42 0
-35 -49 -47 0
47 -35 44 0
19 -39 -42 0
16 38 12 0
40 36 16 0
11 -18 -17 0
1 23 -24 0
17 38 -15 0
2 -18 -4 0
-31 22 -41 0
-48 16 50 0
47 -1 6 0
-32 -26 11 0
-7 -11 22 0
2 30 -21 0
49 -47 -42 0
36 18 27 0
17 23 -41 0
46 21 -14 0
-46 21 29 0
-48 29 31 0
-9 -15 25 0
17 -26 16 0
29 -33 -33 0
11 39 16 0
-37 10 -14 0
44 39 34 0
-32 -15 -43 0
39 -40 -14 0
45 -11 -15 0
41 -29 -40 0
14 12 -15 0
-50 -6 -12 0
19 29 2 0
-5 35 16 0
22 27 -31 0
42 14 31 0
-30 34 35 0
16 35 -27 0
31 -28 10 0
23 4 43 0
-28 31 -32 0
-46 -2 -45 0
41 -40 -23 0
28 30 -31 0
-16 21 13 0
31 -33 3 0
-38 20 -10 0
-41 -13 24 0
5 20 -14 0
-22 -40 5 0
17 38 -22 0
-3 -9 49 0
-8 -25 17 0
47 -18 39 0
-23 -47 -13 0
-38 -12 14 0
45 -10 -46 0
-42 7 37 0
20 3 13 0
40 6 26 0
-41 -13 -41 0
8 -35 25 0
1 -30 28 0
-2 -22 44 0
41 -12 7 0
-32 -31 33 0
39 -44 -45 0
40 -36 -19 0
27 40 -9 0
5 50 -49 0
-46 35 -30 0
-31 31 -15 0
49 38 46 0
-32 -45 46 0
38 38 34 0
-49 -36 -30 0
30 8 32 0
-41 12 -36 0
-49 35 32 0
4 -8 20 0
-38 41 11 0
42 27 -15 0
45 20 12 0
13 45 2 0
-36 36 -29 0
35 3 -32 0
14 45 -38 0
47 28 -2 0
45 -21 45 0
33 14 -7 0
39 -19 -37 0
27 40 26 0
-28 46 8 0
-13 -39 32 0
-24 43 -29 0
7 -45 42 0
-14 -26 25 0
24 -5 -35 0
39 35 24 0
-25 36 6 0
49 38 -19 0
31 10 -40 0
25 -15 11 0
50 27 4 0
40 7 47 0
-19 33 41 0
48 -46 -39 0
-37 40 -31 0
39 -26 19 0
-9 41 17 0
44 -28 -36 0
-3 40 6 0
13 4 17 0
42 38 33 0
-13 42 -15 0
-28 -9 27 0
-26 28 -49 0
45 -33 37 0
-5 -16 -50 0
32 50 20 0
44 14 10 0
-7 -42 30 0
-8 -23 42 0
-9 -44 -30 0
42 -14 -24 0
-11 -39 -25 0
