c CNF generator v0.9
p cnf 50 175
-29 40 -42 0
-47 38 33 0
-37 4 -33 0
5 -38 -9 0
-6 34 22 0
-12 35 -41 0
4 45 4 0
-3 17 -8 0
25 -50 40 0
33 -2 -30 0
-2 46 -43 0
23 7 4 0
-29 38 -12 0
3 31 -21 0
-12 15 -19 0
40 -35 33 0
29 19 31 0
-37 -27 1 0
-22 -26 -38 0
-3 2 41 0
20 1 -1 0
13 -19 -6 0
-23 20 -42 0
12 -4 35 0
-5 2 3 0
-33 40 6 0
-15 -25 3 0
4 -5 33 0
-35 14 -50 0
37 -6 41 0
42 27 41 0
26 30 7 0
-19 -27 36 0
-2 -28 -11 0
44 -34 36 0
-13 -19 -14 0
-2 -38 26 0
-15 -32 44 0
-48 17 22 0
3 25 -41 0
40 9 -36 0
-15 15 2 0
-31 21 -23 0
-31 -29 38 0
17 33 34 0
7 -23 -12 0
-4 -49 -42 0
-31 23 -29 0
8 -50 30 0
29 18 -18 0
-13 50 -12 0
7 -7 7 0
-20 -11 13 0
-33 -37 16 0
-36 36 36 0
-45 -44 28 0
-14 -7 -13 0
19 24 -27 0
-4 -39 -28 0
25 37 -29 0
21 -37 28 0
27 -32 49 0
49 11 -16 0
-31 2 19 0
39 -34 27 0
-47 -50 21 0
-15 -29 -46 0
-4 44 7 0
27 50 -21 0
43 -22 1 0
5 -3 41 0
-14 28 29 0
42 17 18 0
-36 -20 -14 0
-10 35 18 0
-26 43 9 0
15 -12 -25 0
-10 -36 -37 0
27 -24 5 0
18 36 -3 0
-19 42 20 0
36 -50 43 0
-8 -24 -28 0
50 40 38 0
-29 -34 -9 0
7 42 25 0
-8 -2 29 0
-50 26 11 0
48 45 -43 0
-24 42 19 0
-29 -39 8 0
45 -31 -4 0
7 39 -23 0
-25 -35 24 0
-13 41 35 0
34 28 42 0
27 29 -34 0
24 12 -45 0
-30 -37 -25 0
18 -29 -35 0
29 48 -25 0
-44 -12 26 0
-17 25 33 0
-12 46 -23 0
-43 -15 42 0
-16 -7 -46 0
41 34 -20 0
-30 15 13 0
-46 19 -23 0
-10 -20 14 0
25 28 -14 0
-40 -8 50 0
-37 -49 27 0
-16 1 -38 0
-31 -36 -28 0
1 19 -15 0
-43 -16 50 0
-5 45 -2 0
-9 -2 -17 0
-22 28 28 0
48 -23 13 0
-27 43 -1 0
-3 -29 21 0
31 -29 23 0
1 4 -25 0
-32 -49 2 0
-38 -30 19 0
3 4 -44 0
20 -14 -43 0
-5 -28 43 0
37 30 47 0
-49 15 -10 0
-31 16 -40 0
22 -50 -48 0
18 -4 46 0
-44 26 44 0
-30 -9 42 0
-11 13 -25 0
-37 4 23 0
-49 -35 16 0
-27 -44 -4 0
-30 -9 11 0
34 -35 -34 0
-48 21 -15 0
-42 -12 -38 0
37 12 -30 0
-11 18 38 0
46 -14 34 0
50 -32 -27 0
-34 28 -21 0
-17 6 40 0
-11 2 -22 0
-12 -2 17 0
-28 -42 -7 0
-16 8 -27 0
11 24 -23 0
-24 10 -12 0
-12 28 27 0
-9 4 -25 0
27 4 -39 0
4 38 34 0
1 -16 -2 0
41 18 24 0
4 -6 -20 0
-33 7 -41 0
-47 12 3 0
-42 16 -12 0
32 -41 -10 0
-47 -39 50 0
47 -35 -19 0
40 -46 -21 0
-37 42 9 0
-47 -24 -49 0
41 17 -28 0
5 13 -31 0
