c CNF generator v0.9
p cnf 50 200
-32 -8 30 0
4 -38 44 0
-39 -13 -19 0
41 -46 26 0
37 47 -49 0
19 10 15 0
-12 34 -27 0
-5 34 7 0
40 -11 -48 0
-28 40 18 0
-21 25 39 0
-23 -24 -46 0
-25 -28 -45 0
25 12 40 0
-2 -21 8 0
-18 -12 -33 0
14 41 18 0
-38 13 -11 0
-15 -18 -40 0
3 -34 24 0
-26 -15 -38 0
-11 -36 34 0
6 34 38 0
-12 -22 27 0
-4 29 -5 0
-5 48 -23 0
-6 -38 20 0
31 11 -50 0
-11 32 42 0
-4 -35 49 0
29 -42 45 0
-15 38 45 0
47 -40 27 0
-11 -5 -31 0
17 44 30 0
-42 -3 28 0
-33 -2 25 0
18 24 27 0
33 21 20 0
-39 41 -35 0
44 -33 11 0
-14 43 -34 0
43 -45 37 0
42 -42 -19 0
28 50 30 0
-27 -17 26 0
45 -3 42 0
21 -12 11 0
49 -45 -20 0
-8 4 50 0
36 -12 1 0
-33 19 9 0
-43 -50 44 0
-17 8 21 0
-49 -24 -34 0
37 35 26 0
3 44 29 0
22 -1 11 0
42 25 -45 0
-4 -39 50 0
2 35 -47 0
-3 -38 1 0
39 21 -9 0
-37 -36 -30 0
22 50 4 0
-36 -9 -28 0
-48 19 33 0
8 -27 -39 0
-34 -8 33 0
21 -18 -34 0
-18 -46 -17 0
2 48 20 0
17 -31 -45 0
2 41 34 0
39 -4 -1 0
33 49 50 0
-27 -11 28 0
-50 48 9 0
41 10 -23 0
-44 48 17 0
44 37 -19 0
-18 46 37 0
-28 -20 4 0
-26 -9 8 0
3 -41 -10 0
13 37 42 0
42 -4 7 0
33 -1 46 0
6 -26 -25 0
11 44 37 0
50 35 -19 0
-26 -35 3 0
-1 7 -27 0
19 -21 16 0
27 -19 2 0
44 -40 -1 0
23 46 7 0
44 -15 -49 0
-11 20 8 0
-21 45 -43 0
2 17 -5 0
-34 -10 -43 0
38 -32 -16 0
30 31 15 0
-45 -21 44 0
-10 -36 -6 0
32 6 -15 0
49 -49 1 0
-49 -5 2 0
10 -39 -42 0
32 -24 -31 0
-41 -21 27 0
-23 42 4 0
-19 -33 48 0
27 -24 38 0
40 -48 -37 0
-9 -25 -34 0
49 -13 -17 0
-20 -28 -19 0
17 42 -22 0
-8 -24 -31 0
-30 13 -37 0
37 -49 -32 0
-23 33 -5 0
-44 28 -23 0
-24 -14 -31 0
39 -44 -42 0
19 38 44 0
-39 -34 -10 0
17 49 28 0
-48 -27 22 0
27 7 -1 0
-5 13 -21 0
-41 -22 -38 0
5 -17 43 0
6 -27 -28 0
-4 34 -36 0
-22 -7 26 0
-32 49 40 0
-41 46 -2 0
-34 2 -18 0
39 -7 11 0
34 6 -25 0
4 45 -38 0
37 10 -25 0
-38 49 18 0
-39 -43 38 0
17 23 33 0
36 41 34 0
7 36 -36 0
48 -39 22 0
-15 -35 38 0
-50 -43 23 0
-37 -15 -11 0
-50 -46 1 0
-45 -37 49 0
32 -10 -13 0
-22 44 -38 0
32 3 13 0
-30 -16 24 0
13 -27 12 0
-3 45 -33 0
29 -18 42 0
5 -32 -40 0
37 37 -50 0
40 -47 -1 0
-13 -22 -12 0
-50 24 -49 0
48 -4 9 0
-14 8 43 0
5 -28 38 0
9 -34 41 0
22 7 -47 0
36 49 28 0
-26 28 24 0
-31 -29 -17 0
-6 -3 44 0
26 -6 -19 0
-46 7 49 0
-7 30 31 0
-2 2 43 0
-31 -21 43 0
-21 29 -13 0
37 2 32 0
-38 -13 -3 0
49 -44 -18 0
-1 22 18 0
-49 -34 10 0
-8 -27 49 0
6 -1 14 0
-38 6 41 0
43 8 10 0
18 9 -37 0
-13 8 -47 0
13 16 10 0
47 -33 -23 0
-29 4 -6 0
31 -37 49 0
-32 24 -4 0
-4 -4 -12 0
