c CNF generator v0.9
p cnf 50 200
4 -25 35 0
-41 -37 29 0
47 -37 5 0
-6 -40 -44 0
47 -18 -20 0
49 -4 -2 0
-14 -22 17 0
38 -25 -43 0
-19 1 5 0
-27 28 -35 0
-3 46 13 0
-49 41 -16 0
-40 2 26 0
-42 -14 35 0
-15 26 -30 0
32 11 -3 0
-9 20 30 0
-46 46 -39 0
-8 -45 -11 0
13 -24 42 0
13 6 36 0
48 -10 -19 0
11 21 30 0
-49 39 -18 0
-32 18 -15 0
45 28 -45 0
4 34 -41 0
43 36 24 0
35 26 21 0
-21 -2 -44 0
-31 34 -9 0
41 -45 -8 0
31 -48 -29 0
13 6 -4 0
-24 4 -5 0
15 34 35 0
1 -45 9 0
-2 -33 19 0
34 6 36 0
-45 38 50 0
-42 4 -46 0
34 -12 -8 0
16 34 14 0
-30 35 22 0
43 50 9 0
26 23 8 0
-17 29 43 0
-50 28 25 0
34 -5 36 0
8 1 47 0
-24 43 25 0
-27 -5 44 0
9 31 -12 0
24 -7 6 0
5 -37 17 0
50 -45 44 0
-41 49 -7 0
3 -23 -48 0
-36 24 16 0
-49 -28 13 0
19 45 -37 0
-47 24 -44 0
42 1 -31 0
31 -41 7 0
-34 9 49 0
-24 37 -7 0
29 18 -34 0
21 38 3 0
-5 -12 -16 0
45 14 31 0
39 -43 32 0
-31 47 25 0
43 21 8 0
38 28 -48 0
-15 27 32 0
-34 12 -8 0
-46 43 -14 0
33 -12 48 0
48 12 15 0
-18 -9 40 0
-1 -48 -33 0
-40 16 -46 0
-17 -41 44 0
-17 21 25 0
44 -20 -37 0
-28 40 -10 0
-6 -2 20 0
20 2 48 0
-29 -50 -1 0
-1 -33 40 0
-37 7 48 0
41 16 -12 0
-23 -21 37 0
-44 -19 43 0
-13 -19 1 0
28 37 5 0
7 22 -31 0
7 49 -38 0
40 33 -31 0
15 -25 -24 0
-39 39 -9 0
2 30 -12 0
41 39 21 0
30 -33 32 0
-26 -48 -7 0
21 -28 -40 0
-49 -10 21 0
24 -32 35 0
14 47 20 0
-46 -49 38 0
11 -45 28 0
-25 -21 -44 0
-7 15 -45 0
-37 31 -7 0
27 -28 -8 0
2 33 42 0
-4 42 -49 0
29 25 -50 0
-41 -20 -35 0
15 14 -6 0
12 1 -15 0
-2 -26 -36 0
-10 5 -12 0
48 -28 -3 0
-23 7 19 0
4 -43 -49 0
41 -1 -5 0
-6 13 20 0
-23 15 16 0
20 32 -7 0
3 29 7 0
-4 -49 -12 0
-45 18 -2 0
-6 48 28 0
-14 -40 46 0
16 29 -36 0
-37 31 29 0
12 43 -38 0
42 -9 -36 0
-23 -7 11 0
43 -33 -19 0
35 35 -21 0
-47 14 -8 0
-24 -48 5 0
-3 4 -3 0
31 36 36 0
-50 -6 1 0
-6 -39 46 0
-15 -29 -36 0
3 18 -16 0
19 -45 -9 0
-5 -12 -10 0
-44 -40 31 0
46 -29 24 0
-11 -36 -30 0
-50 -10 -2 0
-24 6 5 0
22 21 -41 0
-6 8 29 0
-23 43 10 0
-38 -50 48 0
39 -16 -8 0
20 -35 -43 0
-14 10 -10 0
32 -32 -14 0
23 30 12 0
-2 -48 -27 0
-26 37 5 0
11 16 -32 0
16 -31 -48 0
12 35 -31 0
15 24 45 0
18 30 49 0
20 22 -3 0
10 -23 33 0
-39 1 -30 0
-8 21 41 0
-35 14 -46 0
44 37 -49 0
43 13 -47 0
-1 9 15 0
18 46 44 0
-23 -19 38 0
9 24 15 0
-46 20 -5 0
-21 -50 9 0
-10 16 25 0
23 -7 -4 0
-36 -18 31 0
10 20 31 0
28 6 4 0
32 -20 48 0
-21 47 -33 0
16 -12 -39 0
1 -14 -41 0
-43 -20 18 0
50 -42 -21 0
1 -43 4 0
17 41 -21 0
-10 -32 -7 0
