c CNF generator v0.9
p cnf 50 200
30 44 29 0
38 -31 -50 0
6 12 -47 0
-1 48 41 0
15 -33 35 0
34 19 37 0
-20 23 14 0
18 5 -7 0
-34 19 3 0
43 -10 6 0
-1 34 1 0
46 41 34 0
-29 4 40 0
-39 -2 -19 0
23 30 -14 0
-15 -13 -14 0
-26 29 6 0
23 -40 4 0
-11 -41 14 0
-8 -47 -46 0
-44 -5 3 0
-6 3 46 0
44 27 -8 0
-35 -30 37 0
-33 -7 7 0
33 -37 -39 0
19 -11 -10 0
-9 5 -35 0
31 45 -27 0
15 46 -42 0
-19 -33 29 0
-20 29 22 0
6 -28 -2 0
25 10 22 0
13 -38 50 0
31 8 23 0
24 44 15 0
-29 -31 44 0
-50 24 -44 0
-9 45 19 0
-10 49 -2 0
-40 45 45 0
29 27 -17 0
19 33 -26 0
-12 -16 -13 0
-42 12 24 0
-46 35 42 0
10 17 -47 0
-17 -13 -24 0
-18 -7 -40 0
-7 39 -48 0
-5 -2 -15 0
17 15 35 0
-47 50 -45 0
-34 -28 -16 0
18 50 27 0
29 34 34 0
-28 -41 -10 0
-35 37 -33 0
-15 49 47 0
-18 49 33 0
-35 21 -21 0
44 -4 32 0
-26 -13 32 0
15 11 -21 0
20 -12 48 0
-20 44 37 0
27 -12 27 0
-39 47 -39 0
-13 -25 9 0
26 17 45 0
26 -4 30 0
-36 5 48 0
40 -24 29 0
34 26 26 0
-27 -32 -17 0
-30 -35 -48 0
3 -12 47 0
22 -26 17 0
49 -14 -16 0
36 49 -44 0
-18 -4 1 0
-2 14 -32 0
-35 -24 -46 0
-37 -12 36 0
-50 -5 -29 0
-41 -22 -29 0
22 25 -42 0
24 -46 -47 0
34 22 -13 0
2 -36 -16 0
1 1 34 0
40 44 -35 0
12 21 -34 0
7 -2 14 0
27 25 40 0
-17 13 29 0
-47 27 -21 0
-31 -36 36 0
29 19 6 0
-36 38 45 0
27 11 -43 0
-40 26 23 0
31 39 -46 0
6 -32 -29 0
22 41 6 0
12 2 -50 0
-43 30 -41 0
-12 47 -14 0
37 18 46 0
38 -28 -5 0
35 30 49 0
-1 -18 -38 0
4 7 -39 0
32 48 50 0
-15 36 -49 0
26 45 39 0
-43 18 2 0
-34 -36 48 0
-7 31 19 0
34 21 -42 0
-9 35 31 0
-27 20 -16 0
-11 20 -46 0
-4 -28 -45 0
36 9 43 0
-29 3 48 0
7 -40 -26 0
-30 -22 44 0
49 -11 -44 0
-44 36 -25 0
17 15 -2 0
43 -27 2 0
17 1 -14 0
-23 43 -10 0
-7 44 4 0
36 47 5 0
-2 -21 -24 0
-39 -39 8 0
27 -1 10 0
-22 -9 45 0
-42 -17 -36 0
-30 8 32 0
49 23 8 0
40 -37 -37 0
-43 -12 46 0
-39 27 -38 0
-11 -30 38 0
-13 -30 -50 0
-28 32 19 0
-39 37 3 0
32 -31 -26 0
36 -16 -17 0
30 -14 45 0
10 -39 -15 0
49 44 20 0
-35 -20 -33 0
13 41 -43 0
-50 -20 44 0
45 29 33 0
-34 5 18 0
32 46 -14 0
-40 4 -39 0
-47 48 -8 0
-7 -14 -6 0
-27 -4 -8 0
-24 -42 25 0
42 8 -6 0
39 -40 -31 0
20 -20 16 0
13 -1 16 0
9 46 -35 0
28 -23 14 0
-32 1 -3 0
25 -33 -42 0
-18 -7 24 0
-6 30 -34 0
-19 -19 29 0
-36 -42 37 0
19 12 -4 0
-8 -31 -48 0
1 -29 21 0
8 -3 13 0
-14 49 -23 0
28 -29 39 0
-20 25 47 0
-11 -42 15 0
-47 34 42 0
4 17 -4 0
33 -1 24 0
14 45 4 0
50 38 -47 0
-3 -36 3 0
-26 1 49 0
47 33 -16 0
-37 -28 41 0
-24 -41 13 0
43 -21 -49 0
35 10 -22 0
45 49 50 0
