c CNF generator v0.9
p cnf 50 200
-15 47 -44 0
22 8 34 0
40 -11 48 0
1 3 -34 0
-1 31 -25 0
-7 19 -19 0
-9 -27 -49 0
38 -13 7 0
-46 -10 -14 0
29 1 47 0
-33 -34 -26 0
8 -25 -24 0
-19 -31 14 0
48 1 -17 0
22 50 -20 0
13 -12 -47 0
-22 14 -30 0
6 -11 -23 0
-15 -1 -19 0
-33 -24 36 0
-18 21 33 0
42 -4 42 0
-46 31 31 0
22 -49 18 0
40 47 2 0
-8 -41 32 0
50 -38 13 0
37 -40 -5 0
41 -3 10 0
27 -27 36 0
-6 6 44 0
-38 -10 4 0
46 43 1 0
7 42 36 0
2 27 43 0
-6 -48 -28 0
-50 19 -35 0
39 -15 -14 0
37 -24 2 0
18 -32 -31 0
13 10 34 0
-46 -36 38 0
47 21 25 0
9 -27 -7 0
-8 -46 16 0
6 6 -4 0
13 42 -43 0
-21 -22 26 0
-4 -14 31 0
-10 -46 -49 0
39 -42 5 0
-32 -5 -10 0
36 -25 -29 0
-10 -21 -45 0
-44 -47 -35 0
-10 -15 -39 0
-15 -41 15 0
13 -16 -41 0
46 -49 -14 0
-27 28 -9 0
-35 -4 40 0
32 -46 -31 0
10 -39 -32 0
-1 -18 11 0
40 -27 -30 0
-25 19 -16 0
-38 -32 18 0
-35 -28 -47 0
13 39 37 0
27 -36 25 0
8 24 -16 0
-23 -9 11 0
38 -28 26 0
-28 43 -31 0
-27 41 27 0
39 -22 26 0
19 -30 9 0
9 45 15 0
27 -18 41 0
-34 21 -18 0
16 14 40 0
-21 -11 -37 0
-46 10 44 0
-11 27 42 0
49 47 -23 0
21 -4 -10 0
-10 -40 7 0
-29 -2 -8 0
-49 -47 50 0
32 -36 -34 0
-4 -48 -20 0
-16 32 -28 0
18 -49 12 0
1 3 49 0
50 -2 24 0
-43 24 8 0
-7 25 26 0
11 -21 -28 0
-30 -4 35 0
-15 25 -28 0
12 18 -47 0
11 -8 44 0
24 17 23 0
18 7 -2 0
-12 -3 -22 0
38 -17 -46 0
25 -49 -46 0
-46 -10 33 0
-47 -19 -39 0
21 -46 25 0
-48 24 48 0
-36 -37 -14 0
26 24 4 0
18 38 13 0
38 -35 11 0
1 47 -41 0
-16 -44 -27 0
44 30 -34 0
22 -10 -42 0
38 21 -46 0
-18 -3 42 0
-42 8 -23 0
22 47 -47 0
30 -41 30 0
30 25 22 0
-46 50 32 0
-22 -44 15 0
-33 -29 -12 0
41 48 33 0
-35 32 -30 0
-26 1 -26 0
28 -3 31 0
-12 12 -16 0
20 -49 -32 0
13 13 29 0
-50 20 28 0
-37 -3 -50 0
-45 -46 -9 0
-34 -36 31 0
-2 -9 -33 0
-29 31 -14 0
-31 12 8 0
45 -4 -26 0
-30 -8 48 0
26 14 -22 0
-25 41 -17 0
-32 35 36 0
43 -15 15 0
-19 -2 -24 0
50 35 29 0
-32 43 40 0
-13 -32 21 0
27 30 -12 0
-5 -2 41 0
40 7 43 0
-47 43 -29 0
25 -45 38 0
-27 -45 37 0
-31 -7 -24 0
39 -34 -17 0
31 18 -9 0
-7 -13 50 0
-42 40 19 0
-14 -46 -10 0
-5 9 36 0
-9 14 -20 0
13 15 -35 0
7 -28 -45 0
-7 23 -43 0
18 12 -46 0
47 40 29 0
-50 -16 26 0
-18 -22 -27 0
30 4 -47 0
40 -13 21 0
-14 16 20 0
-43 -45 16 0
-28 19 -5 0
20 41 18 0
-30 -41 -35 0
7 49 -1 0
50 13 9 0
-31 2 -25 0
-10 -35 -45 0
24 -48 6 0
19 -8 48 0
-49 16 -20 0
-21 -30 -23 0
39 10 1 0
-33 -22 11 0
-49 -30 -17 0
45 17 13 0
47 1 -50 0
43 8 39 0
-25 49 49 0
40 -23 39 0
-33 10 29 0
-25 -41 -7 0
1 1 42 0
-12 39 -49 0
