c CNF generator v0.9
p cnf 50 200
4 -26 -3 0
-30 3 -50 0
35 -23 19 0
-33 28 -6 0
19 -4 44 0
16 49 17 0
29 8 -15 0
-13 20 17 0
32 -6 25 0
-34 -12 -27 0
30 -46 -16 0
-49 -48 -17 0
-42 -12 44 0
-28 -3 22 0
8 -27 -33 0
-49 -34 -17 0
12 -8 -42 0
-17 39 13 0
28 7 -35 0
-34 7 -9 0
-25 28 -24 0
-43 11 -4 0
12 -21 -40 0
23 30 -26 0
41 42 -45 0
13 -23 4 0
14 11 -6 0
8 -17 7 0
-30 45 -14 0
34 -26 -32 0
-32 -29 -8 0
29 -30 25 0
49 41 -49 0
-3 -1 31 0
-36 24 -47 0
-25 13 6 0
-2 -5 42 0
14 -7 43 0
3 -25 18 0
-43 6 50 0
-45 17 -34 0
-11 35 -7 0
48 3 41 0
-46 40 -49 0
-14 7 14 0
-1 -43 -1 0
27 12 40 0
-5 -18 -50 0
-36 39 -16 0
-19 30 -20 0
-34 20 33 0
25 -36 46 0
-39 -33 -38 0
7 -37 -27 0
37 38 -3 0
9 -46 -35 0
-14 9 -5 0
31 -39 12 0
-30 29 -9 0
28 15 -28 0
40 -42 -18 0
44 -39 -26 0
-10 45 35 0
38 -11 -25 0
-5 -24 50 0
-24 34 28 0
31 44 35 0
36 47 5 0
-17 19 22 0
-45 34 -47 0
-16 19 -34 0
31 -46 -16 0
4 -26 14 0
26 22 7 0
13 8 -5 0
20 -13 -49 0
39 -21 -27 0
30 1 5 0
-13 -13 12 0
2 -23 26 0
22 -24 -48 0
43 -45 -45 0
43 24 6 0
7 24 -32 0
30 -48 -44 0
18 48 -31 0
-46 -46 43 0
25 -24 9 0
-26 -50 -26 0
-35 41 31 0
-18 -7 19 0
11 27 10 0
-33 12 18 0
-20 6 8 0
3 -48 44 0
-40 6 -17 0
32 -45 42 0
19 16 18 0
-40 -23 -13 0
20 -32 45 0
-26 -42 14 0
5 37 -33 0
-11 -16 -44 0
45 -10 11 0
-14 -31 -1 0
-32 32 -24 0
-17 39 37 0
33 11 -28 0
36 -18 37 0
35 7 -27 0
-27 -34 27 0
-27 3 11 0
-8 4 -32 0
-37 23 30 0
-17 -45 28 0
-14 48 -29 0
-35 36 -18 0
-50 27 1 0
39 46 46 0
13 44 31 0
48 -28 35 0
-26 46 27 0
24 -9 -2 0
44 -20 -39 0
35 -35 2 0
28 19 40 0
43 -10 29 0
23 -9 -9 0
-28 47 -13 0
-8 48 -23 0
-25 -41 13 0
5 -16 39 0
-38 40 -9 0
-18 44 27 0
34 -47 22 0
-13 13 -34 0
-31 45 -4 0
10 39 2 0
-42 -28 -5 0
-30 41 -8 0
-2 -20 -1 0
4 -23 -11 0
-19 15 -29 0
-8 37 48 0
10 19 -36 0
-19 -35 40 0
-5 -6 -4 0
-17 45 50 0
20 38 34 0
-27 4 -41 0
-9 -17 -24 0
-17 36 -10 0
-18 29 -8 0
-15 15 35 0
-36 26 22 0
50 -12 3 0
-11 -46 -34 0
-28 1 2 0
42 48 -1 0
39 -25 -19 0
16 16 37 0
-42 -14 48 0
-29 -15 -44 0
-44 -2 -11 0
-47 46 17 0
-6 17 -33 0
-20 -36 48 0
-17 -12 -8 0
-49 46 37 0
19 -40 12 0
15 -34 39 0
-14 -43 35 0
-42 -43 -29 0
39 -48 28 0
-17 -13 -3 0
-45 -9 -42 0
-15 1 -25 0
8 -47 13 0
-13 29 44 0
-24 41 50 0
-39 28 6 0
-26 17 24 0
38 27 -39 0
33 3 1 0
38 35 32 0
44 7 -38 0
-5 -8 -20 0
9 37 -7 0
-7 35 -19 0
-39 -15 44 0
-46 35 30 0
-48 18 25 0
-32 -44 4 0
-11 4 42 0
23 -7 -10 0
-13 12 -32 0
-23 18 -31 0
48 -2 -49 0
8 -1 49 0
-27 -39 4 0
