c CNF generator v0.9
p cnf 50 200
-36 45 18 0
-16 50 46 0
48 -45 -35 0
-11 26 -8 0
-15 10 -47 0
35 43 27 0
17 -39 28 0
28 -26 7 0
3 27 -20 0
-47 -43 -11 0
-5 33 34 0
-22 -48 -50 0
-11 27 37 0
17 -15 -17 0
-43 -33 -9 0
-40 -28 -4 0
-24 14 46 0
-44 -33 -16 0
-5 -8 -17 0
7 -20 -18 0
24 -15 16 0
-3 -6 5 0
35 39 7 0
-19 -44 -23 0
-2 39 15 0
17 -17 33 0
-33 -13 30 0
-28 -36 -50 0
-41 -14 22 0
-18 25 -49 0
38 -38 7 0
27 -45 -46 0
-44 15 -48 0
10 7 -19 0
-31 27 9 0
23 -45 -5 0
-19 49 -50 0
-15 -23 10 0
47 13 -32 0
-23 -25 -35 0
17 3 30 0
-24 44 39 0
14 -32 -1 0
-12 -37 -14 0
-10 -41 16 0
29 -30 -31 0
-33 -11 31 0
49 33 2 0
-48 -6 -38 0
31 -6 -25 0
-12 -7 7 0
7 26 48 0
41 -8 13 0
-9 6 4 0
-50 -19 -30 0
-45 -35 2 0
-23 -3 1 0
-3 15 -15 0
-30 -38 4 0
48 41 -37 0
-3 -19 37 0
26 -47 -12 0
-26 -36 -18 0
-42 43 -48 0
42 -9 -13 0
48 37 28 0
15 31 -16 0
10 -17 -7 0
-43 -17 -42 0
-15 -18 9 0
49 -3 -11 0
15 49 -31 0
-29 41 -20 0
-27 37 47 0
-10 4 -41 0
31 24 -2 0
-12 30 -42 0
-38 38 -4 0
9 -14 -42 0
-47 15 -15 0
-12 48 12 0
9 21 -50 0
-16 -26 -18 0
40 -5 -35 0
-49 1 4 0
30 -36 -5 0
-2 20 17 0
-49 -20 44 0
37 49 -46 0
11 30 5 0
33 42 -50 0
-1 49 -10 0
-11 -5 -36 0
13 -38 17 0
-33 40 -34 0
-25 -16 -22 0
-27 -41 -7 0
15 22 -25 0
18 -16 -35 0
28 36 -12 0
-35 28 -35 0
-3 10 -38 0
25 -44 -19 0
45 44 -31 0
-21 13 -10 0
-24 -28 13 0
31 -3 -8 0
5 27 29 0
-1 -24 -38 0
4 31 15 0
-35 -23 6 0
30 17 -14 0
-26 39 -27 0
-21 -4 20 0
-34 9 -26 0
20 -8 -31 0
40 1 41 0
-38 14 28 0
3 -41 -39 0
-1 4 -9 0
21 6 -14 0
33 -48 12 0
-49 23 -35 0
-29 21 -1 0
4 12 2 0
41 -5 20 0
43 -38 50 0
-16 -46 5 0
-19 8 5 0
-30 42 6 0
50 -12 31 0
10 43 -10 0
-27 -32 35 0
17 -29 21 0
-17 10 -9 0
-27 -48 -13 0
2 -38 -14 0
-33 10 -6 0
38 23 -9 0
-13 -33 20 0
32 -27 -28 0
48 5 -2 0
-40 28 21 0
-43 8 36 0
40 -23 27 0
-40 -47 17 0
-31 -39 49 0
46 8 14 0
-2 -33 46 0
-5 1 -41 0
-1 -24 -21 0
19 -23 18 0
25 -4 23 0
19 -42 -30 0
-18 -50 15 0
19 15 -6 0
-38 -35 45 0
-26 -26 -1 0
-7 -40 -26 0
23 39 -8 0
-48 48 -33 0
3 -33 20 0
41 -38 19 0
47 34 39 0
17 -22 49 0
49 18 -40 0
45 -44 49 0
37 20 -39 0
-44 16 -20 0
2 33 -22 0
-32 7 30 0
-47 -18 -38 0
17 4 50 0
-25 -2 30 0
-26 -37 47 0
-5 -31 48 0
-39 -22 -30 0
-14 -28 17 0
49 -24 -27 0
-24 -24 10 0
-23 -35 20 0
-38 28 48 0
-20 -20 23 0
25 -33 -24 0
-8 -21 41 0
1 -44 17 0
-42 39 20 0
-7 18 23 0
-27 33 22 0
-13 -17 -33 0
3 -30 24 0
-2 27 -26 0
-3 31 13 0
-35 -48 49 0
12 -9 11 0
-21 -45 -3 0
-26 -34 33 0
38 -35 -21 0
-25 33 14 0
-11 -39 17 0
