c CNF generator v0.9
p cnf 50 200
-17 31 -4 0
-10 44 35 0
8 -15 15 0
-32 -40 -3 0
41 -34 -49 0
19 -47 25 0
-19 28 -19 0
26 -42 48 0
-19 21 36 0
-45 -36 17 0
-3 26 -2 0
27 -19 -4 0
-25 -44 44 0
-37 3 -36 0
5 7 17 0
46 -17 28 0
-43 -25 29 0
-10 -45 8 0
6 21 4 0
-36 -10 -9 0
26 19 5 0
-33 -50 34 0
36 20 38 0
34 24 23 0
5 25 21 0
4 43 33 0
33 45 20 0
-42 34 -18 0
25 -22 10 0
5 -23 37 0
8 -1 5 0
25 49 -2 0
32 -29 26 0
-34 -30 -5 0
48 -25 -37 0
42 -23 -6 0
21 35 9 0
-19 -9 -6 0
-11 44 -9 0
43 44 6 0
-9 -31 50 0
-16 6 -25 0
-18 -13 46 0
-31 -41 -7 0
21 -16 21 0
45 -20 -49 0
-3 17 16 0
-18 19 32 0
14 -22 -2 0
10 39 27 0
-50 -33 -37 0
-30 -14 -10 0
32 42 12 0
2 -50 -14 0
1 -39 -9 0
31 11 -22 0
-45 44 45 0
-23 3 1 0
50 -49 -25 0
-22 9 22 0
49 2 47 0
16 10 -8 0
-24 2 48 0
35 -22 15 0
22 -23 -2 0
3 40 -6 0
-19 -32 -15 0
30 9 -1 0
-7 -16 26 0
18 19 12 0
14 -16 5 0
-16 1 -41 0
-6 36 36 0
35 44 -44 0
-7 7 33 0
-11 -1 -15 0
45 46 26 0
-2 -38 39 0
-27 -31 -18 0
8 -1 41 0
38 34 48 0
-35 -42 -1 0
-28 -3 -18 0
-18 49 32 0
44 14 38 0
-32 23 -21 0
32 -14 -33 0
-26 17 46 0
-39 -45 18 0
31 17 16 0
-6 -2 -34 0
36 -31 5 0
-6 -50 -27 0
-48 -30 42 0
17 4 44 0
22 -10 -16 0
2 -50 10 0
43 -50 -30 0
18 39 31 0
12 -2 32 0
-15 -3 12 0
11 -11 -19 0
-39 -36 -37 0
-7 22 -14 0
-44 4 28 0
-31 -50 18 0
-5 -14 50 0
15 32 -49 0
-8 40 41 0
36 4 -18 0
-49 -4 -42 0
5 11 -7 0
-47 -25 -41 0
22 -34 14 0
17 47 23 0
26 5 -32 0
40 29 26 0
20 -45 34 0
8 1 2 0
36 40 -26 0
-15 39 -20 0
-3 -19 -46 0
41 -30 11 0
12 49 -12 0
-47 -28 2 0
7 -39 -49 0
48 24 23 0
-28 40 -34 0
36 -23 -36 0
17 22 33 0
-39 -5 11 0
48 25 11 0
-31 -8 44 0
-42 9 -12 0
49 44 -28 0
50 41 -19 0
50 39 13 0
-23 25 16 0
-31 11 -45 0
45 46 41 0
-4 50 -18 0
-29 -38 -21 0
6 -21 -11 0
-11 -31 31 0
-29 38 45 0
38 3 -7 0
-10 5 17 0
-2 34 -28 0
36 50 -26 0
48 21 -32 0
16 3 -7 0
-11 -50 -4 0
36 -8 17 0
45 36 25 0
5 -14 -12 0
12 39 -1 0
42 -8 -50 0
-49 -1 -9 0
-19 -40 -3 0
18 -22 1 0
8 -18 34 0
32 -35 2 0
-17 -12 28 0
24 19 27 0
-46 -17 38 0
41 14 2 0
43 -47 -2 0
4 28 -16 0
22 -32 2 0
-28 12 39 0
-30 -9 -32 0
29 -37 27 0
-45 -36 -35 0
-23 42 -31 0
-46 -20 14 0
28 40 -46 0
13 19 -26 0
-34 -27 -19 0
25 35 -17 0
9 -14 17 0
9 -50 -27 0
31 37 39 0
49 44 -50 0
-43 -29 -48 0
20 17 -34 0
34 -35 15 0
8 -26 -41 0
-33 -13 -46 0
-17 40 17 0
48 -25 50 0
-8 35 48 0
-47 -35 37 0
7 -45 50 0
5 45 -9 0
-43 -33 -17 0
-46 44 -33 0
-21 -40 -6 0
-45 14 44 0
49 13 5 0
-4 33 13 0
