c CNF generator v0.9
p cnf 50 200
48 1 28 0
-12 -3 -13 0
-12 36 -4 0
6 -15 -28 0
-49 16 -13 0
-23 -6 23 0
-40 -8 -46 0
-44 -44 43 0
-1 -3 -49 0
50 -44 34 0
-15 28 19 0
-26 45 -49 0
-50 4 37 0
23 29 41 0
-26 -29 -10 0
-14 -36 -21 0
-36 -34 -27 0
-36 -28 2 0
-5 -37 -2 0
2 -6 -44 0
4 43 -34 0
22 7 41 0
-39 -21 25 0
-34 -8 21 0
15 7 -28 0
47 5 41 0
29 8 -40 0
-4 -50 -24 0
17 -30 -48 0
47 -49 29 0
48 -29 6 0
-30 -17 42 0
-40 -24 16 0
-20 -43 -9 0
-19 -50 -35 0
-42 24 -28 0
-36 -40 -6 0
14 27 13 0
-43 34 25 0
8 -17 -11 0
-42 -48 32 0
-3 28 41 0
-16 -27 15 0
28 -9 35 0
48 3 17 0
12 -45 37 0
-22 -29 -27 0
-45 7 -28 0
-30 -5 22 0
-49 -48 -10 0
-29 -7 45 0
-44 24 -16 0
4 38 -30 0
-13 27 2 0
8 36 -46 0
41 16 17 0
20 -48 28 0
-5 -36 -33 0
33 -24 22 0
44 -11 7 0
-1 -27 46 0
15 -40 13 0
14 -22 -8 0
47 11 -42 0
-49 -43 -41 0
28 -2 47 0
27 -5 -20 0
28 -19 -23 0
-33 -17 -2 0
-44 25 -40 0
-30 12 32 0
33 46 -8 0
43 35 33 0
44 29 14 0
-25 -16 31 0
-47 -25 28 0
12 10 -43 0
3 28 -4 0
9 -31 35 0
-13 16 -5 0
2 48 6 0
-18 33 -44 0
-27 46 39 0
-12 33 44 0
17 20 14 0
36 -11 2 0
-26 29 -16 0
47 31 -4 0
19 37 3 0
-32 -18 -20 0
36 -29 21 0
-12 39 -47 0
30 4 15 0
-47 24 -32 0
-38 20 -50 0
21 44 26 0
43 -40 38 0
1 -40 -1 0
-5 17 -26 0
-19 32 -36 0
24 -49 -24 0
-2 -46 34 0
31 -4 17 0
25 -17 48 0
-18 34 44 0
48 -41 41 0
40 -2 21 0
13 4 -38 0
46 -28 47 0
20 -48 16 0
-29 20 -42 0
-37 -50 -18 0
-22 7 27 0
17 12 -38 0
-21 9 -32 0
-38 1 50 0
-36 -24 2 0
-22 34 35 0
-32 -30 45 0
12 47 -22 0
-23 42 50 0
-30 -46 -45 0
-50 -9 -21 0
-41 22 28 0
32 13 29 0
-36 46 44 0
32 17 -3 0
16 -26 -26 0
-26 13 -45 0
37 15 41 0
45 1 -24 0
13 17 -36 0
-46 -3 8 0
-26 25 32 0
25 -16 15 0
-38 -18 21 0
6 25 -43 0
47 -42 34 0
37 -11 -19 0
15 14 33 0
42 -39 -5 0
-40 2 -12 0
12 4 -10 0
30 4 35 0
-41 16 -41 0
49 21 8 0
-2 42 32 0
11 19 -49 0
1 16 -35 0
-49 -42 43 0
-28 9 -21 0
14 -34 35 0
1 -7 5 0
20 35 50 0
-5 20 -46 0
7 17 -45 0
33 37 23 0
-24 -43 -12 0
-46 -47 -21 0
-34 8 37 0
39 -14 -8 0
-38 16 -21 0
-13 18 36 0
-46 -15 -49 0
35 -48 32 0
-16 -50 24 0
-39 38 -25 0
13 -37 -3 0
23 8 1 0
-18 -22 5 0
-2 31 -18 0
4 -15 49 0
29 -33 13 0
-25 -34 -48 0
8 -19 -2 0
44 -50 25 0
-50 5 -4 0
-20 41 -40 0
26 32 -36 0
-14 43 21 0
-16 31 7 0
-38 35 15 0
-15 -34 -46 0
27 -44 48 0
-28 20 -48 0
-22 12 42 0
-49 -31 13 0
-16 -47 34 0
-45 -20 -13 0
7 17 40 0
-17 -47 25 0
38 -46 -15 0
-20 -39 22 0
30 33 35 0
33 40 -25 0
-41 -7 -8 0
7 -22 -42 0
-40 17 34 0
-37 -34 -18 0
-10 40 -47 0
