c CNF generator v0.9
p cnf 50 200
-19 -23 -21 0
38 -44 -1 0
32 48 10 0
46 10 24 0
-50 24 19 0
45 8 9 0
2 22 28 0
-17 -23 -29 0
48 25 23 0
-49 28 -40 0
-38 6 8 0
32 -37 5 0
47 -10 47 0
23 14 11 0
-38 15 -27 0
-40 -48 30 0
-6 -6 35 0
-13 5 34 0
-30 -10 49 0
36 39 49 0
-18 -9 -17 0
23 -30 -27 0
24 5 -47 0
-10 40 -39 0
-38 8 -14 0
26 44 17 0
43 47 9 0
-2 24 18 0
-1 44 -15 0
-31 4 -22 0
17 -38 -32 0
-44 -15 -29 0
11 9 40 0
-19 -33 -33 0
-10 36 -28 0
9 8 -4 0
41 3 31 0
48 -13 -44 0
13 16 28 0
43 -29 35 0
28 47 31 0
22 4 -9 0
-44 4 -31 0
41 27 29 0
14 46 -7 0
-18 45 -37 0
48 28 -18 0
16 24 -25 0
-36 36 -26 0
-23 -15 -33 0
-50 -18 45 0
-13 38 46 0
25 -22 42 0
-35 27 -41 0
-6 45 -18 0
9 31 22 0
-35 -49 49 0
30 26 -10 0
-26 -6 7 0
-29 40 23 0
-46 46 -44 0
44 -24 -6 0
46 18 -5 0
16 39 46 0
-45 22 32 0
27 28 46 0
22 -5 24 0
-36 37 15 0
-25 -2 -18 0
10 -48 28 0
35 41 -35 0
-22 -8 39 0
-24 -4 33 0
-44 -30 35 0
47 36 23 0
50 21 -31 0
-10 -36 28 0
-22 -18 -40 0
16 -18 39 0
8 42 17 0
-44 -46 37 0
47 14 49 0
-44 40 -50 0
-42 31 33 0
25 17 -7 0
-40 -16 26 0
-39 4 19 0
50 -30 -1 0
-13 21 -25 0
47 -41 42 0
12 13 -33 0
40 -1 13 0
48 -20 42 0
-47 22 -41 0
14 6 42 0
-10 -43 -23 0
48 2 -45 0
14 49 -30 0
-24 39 -24 0
1 -16 -17 0
-41 -35 -22 0
-11 -20 -6 0
-17 39 41 0
45 -24 6 0
8 10 27 0
25 -13 -35 0
-41 -31 -30 0
-43 7 14 0
-28 44 -29 0
-2 23 -10 0
-41 25 37 0
10 30 -39 0
34 -21 35 0
-33 -27 -38 0
-44 -43 16 0
-43 -18 29 0
-46 -26 30 0
12 -19 -36 0
-23 -40 32 0
-30 -43 1 0
32 3 -10 0
-37 33 -22 0
-47 -37 -6 0
-15 -35 10 0
7 2 13 0
12 10 43 0
-17 -35 5 0
15 -26 30 0
8 46 3 0
-14 3 -43 0
-22 10 6 0
-22 47 7 0
-14 -2 -37 0
3 22 -43 0
-23 8 -8 0
33 29 8 0
-17 -48 43 0
-47 42 50 0
45 -25 -31 0
-21 29 -14 0
42 -20 16 0
-24 31 3 0
-22 42 32 0
25 36 -37 0
12 33 40 0
-45 48 -43 0
-20 37 17 0
-30 -36 -38 0
-42 -13 26 0
35 16 19 0
2 44 5 0
-41 19 -46 0
-41 -5 38 0
-28 17 45 0
-28 -46 26 0
35 22 -22 0
-23 -38 47 0
9 -36 48 0
-12 37 30 0
39 -10 49 0
3 -30 -25 0
-29 -20 30 0
-34 29 44 0
37 32 -29 0
-37 -17 -43 0
12 16 35 0
-35 -7 -37 0
-2 34 -29 0
2 -14 -11 0
25 49 34 0
47 -37 -44 0
-46 -35 25 0
2 40 -41 0
-21 4 -28 0
-41 -46 -26 0
12 -46 39 0
-14 -35 12 0
-4 -19 -14 0
-33 13 -15 0
-30 -23 46 0
-31 -13 -44 0
-43 38 -39 0
4 -24 -49 0
21 44 -50 0
6 -9 29 0
33 -19 23 0
18 29 -49 0
42 -13 -17 0
-42 50 32 0
-13 34 -22 0
19 -46 -11 0
28 -42 -36 0
43 -14 -49 0
-40 -33 43 0
-15 -40 -50 0
21 23 -28 0
18 44 21 0
-11 -7 18 0
-44 40 -42 0
-28 3 1 0
