c CNF generator v0.9
p cnf 50 200
38 -33 -20 0
-8 -4 -24 0
19 41 50 0
41 -13 38 0
-13 34 6 0
-20 2 -42 0
-35 -38 45 0
12 -15 13 0
28 20 13 0
-45 -40 -9 0
-30 -39 -45 0
-26 6 17 0
-45 19 1 0
-40 37 -41 0
-8 12 29 0
12 40 15 0
25 -29 11 0
-38 37 33 0
-2 -24 -4 0
1 -4 43 0
47 -20 13 0
20 39 47 0
30 -35 17 0
40 5 -5 0
-4 -21 43 0
42 -46 29 0
-20 -34 -7 0
42 -13 -7 0
40 -8 -34 0
-37 -27 29 0
21 27 -12 0
43 23 22 0
34 -43 -21 0
-17 32 23 0
18 34 15 0
19 18 10 0
-44 29 -23 0
-19 -35 -25 0
-28 -35 34 0
21 -35 -35 0
9 -20 -43 0
-31 -34 -7 0
-6 14 3 0
12 -35 -24 0
25 29 -6 0
-33 7 -33 0
41 -7 -24 0
-50 -31 -35 0
23 23 -26 0
-20 -38 9 0
-45 4 -36 0
-44 32 20 0
39 26 -14 0
48 42 40 0
-23 9 26 0
-19 -23 -40 0
30 -7 25 0
13 -13 -47 0
16 48 -31 0
17 1 30 0
48 -47 32 0
7 -20 31 0
-44 17 7 0
-16 1 -8 0
47 -9 48 0
-8 47 34 0
18 37 -44 0
8 -26 46 0
-28 -26 -29 0
30 45 47 0
-33 28 -35 0
-39 -9 -42 0
1 -38 -19 0
13 -27 5 0
8 -2 40 0
27 -23 -38 0
35 -44 -13 0
31 -36 -40 0
-14 18 -6 0
7 -10 7 0
-15 45 -42 0
-4 -31 -30 0
14 -2 -20 0
23 17 -16 0
-43 -27 29 0
34 -26 4 0
-8 -17 -24 0
13 36 -40 0
-50 33 6 0
-50 41 27 0
41 39 10 0
-12 -35 20 0
23 7 7 0
-46 1 -4 0
-41 46 39 0
2 -36 23 0
41 49 25 0
40 23 -19 0
29 -14 -10 0
-49 44 8 0
38 18 -33 0
43 -34 32 0
28 29 -12 0
43 23 -39 0
40 2 -35 0
-5 5 15 0
2 -49 -41 0
36 -28 -21 0
45 36 3 0
-31 38 37 0
50 -48 -28 0
-50 14 49 0
-9 33 19 0
-33 -19 -33 0
-40 -48 -21 0
-9 43 37 0
5 6 11 0
-4 23 19 0
39 49 5 0
43 -14 50 0
8 -9 -45 0
19 41 31 0
-37 -1 -10 0
16 43 -38 0
34 -47 22 0
3 31 31 0
32 38 13 0
41 -9 2 0
-31 -15 48 0
-1 -35 20 0
8 29 27 0
-29 21 35 0
6 -19 35 0
-32 -25 -41 0
12 22 -33 0
-48 43 -27 0
-36 -18 16 0
33 10 -15 0
29 -15 11 0
-8 -24 -24 0
-5 -33 -10 0
-10 -13 14 0
29 2 42 0
-44 11 -44 0
18 -40 42 0
-33 20 -27 0
7 13 -40 0
28 9 14 0
-35 46 -24 0
4 -37 50 0
35 -20 -15 0
14 -45 -2 0
12 -42 36 0
18 -32 11 0
-21 -7 -7 0
19 29 22 0
1 30 -17 0
27 -28 -42 0
31 39 13 0
-14 -16 -23 0
-49 -37 -43 0
5 -41 9 0
-11 -49 45 0
-29 -35 -31 0
42 -33 -27 0
-15 9 46 0
43 -7 -10 0
32 49 -24 0
43 -44 32 0
41 44 25 0
4 36 42 0
44 -39 -23 0
44 -45 -14 0
-31 48 -17 0
20 -48 -16 0
7 -19 -8 0
40 38 -31 0
6 10 -38 0
1 19 17 0
-22 15 -16 0
-35 26 37 0
-40 30 15 0
-15 -26 2 0
40 18 12 0
-47 -22 -31 0
-27 -32 39 0
39 4 -38 0
9 -35 2 0
33 -19 -47 0
-13 -16 -11 0
-38 44 -16 0
-35 -45 13 0
29 32 35 0
-12 -39 3 0
12 20 20 0
-47 2 20 0
-10 24 20 0
-46 -33 47 0
21 9 -23 0
5 8 -10 0
