c CNF generator v0.9
p cnf 50 200
-49 7 -18 0
31 46 20 0
34 -29 46 0
-25 -15 47 0
-26 -10 -41 0
44 -34 30 0
23 -32 -33 0
-23 -3 9 0
3 -5 6 0
-34 25 -23 0
16 2 14 0
40 -17 50 0
-31 1 1 0
-17 21 -17 0
-24 6 39 0
-14 19 -49 0
-37 34 -41 0
38 -28 -7 0
36 20 17 0
-11 -22 -34 0
-35 -9 15 0
-32 2 -37 0
11 33 33 0
-7 -18 -33 0
21 -48 -4 0
-23 47 1 0
28 42 3 0
19 -10 -1 0
-20 9 -45 0
20 18 32 0
-33 28 49 0
-17 -38 4 0
39 15 -36 0
-40 49 20 0
45 -43 18 0
30 33 5 0
-10 47 -9 0
6 -31 33 0
16 29 -19 0
23 40 11 0
-2 -14 12 0
-2 11 -36 0
33 -20 -50 0
11 -32 15 0
-2 30 50 0
-39 21 -48 0
14 -20 13 0
6 -34 -11 0
17 -18 -20 0
3 16 13 0
-39 -4 48 0
42 3 20 0
38 1 26 0
36 43 -36 0
-18 -1 38 0
4 -47 10 0
-25 -4 3 0
-13 35 -42 0
38 39 -1 0
-10 -50 -45 0
31 30 -46 0
-3 -9 3 0
48 39 -38 0
13 32 36 0
-46 -22 -46 0
42 -27 -12 0
8 38 29 0
34 24 10 0
-30 15 41 0
34 7 10 0
-4 -31 -38 0
-50 -50 1 0
10 46 -13 0
-23 -11 -43 0
-21 -46 25 0
44 -48 26 0
-37 -28 -34 0
-41 -34 -18 0
-3 13 30 0
22 28 47 0
-21 -40 -12 0
-27 42 -35 0
-17 39 25 0
6 28 -40 0
4 35 5 0
27 -1 -7 0
19 50 -25 0
37 -41 -49 0
34 -24 -29 0
-18 -10 -11 0
24 -14 50 0
-50 -9 -27 0
3 38 15 0
-26 -39 -3 0
-45 48 -23 0
-14 26 -15 0
18 -24 -39 0
40 22 4 0
-1 -23 -26 0
47 -44 43 0
8 6 50 0
-27 22 -5 0
33 -18 -15 0
-31 35 22 0
21 -38 -1 0
17 20 21 0
18 3 10 0
-38 24 50 0
46 -7 -13 0
43 30 21 0
-38 -25 -12 0
41 -40 -37 0
35 -50 20 0
-39 47 43 0
40 -31 30 0
-14 -5 -32 0
-35 8 16 0
29 -42 34 0
30 3 29 0
-31 13 19 0
35 47 -22 0
14 -15 -10 0
8 47 -16 0
-41 15 -26 0
-28 -19 -9 0
17 35 2 0
-18 1 1 0
36 -50 -8 0
35 -16 -29 0
-4 -42 27 0
15 44 29 0
13 -29 46 0
15 -24 -40 0
-39 -49 -24 0
10 38 48 0
22 7 16 0
49 2 -28 0
-32 -6 -46 0
26 37 47 0
-10 -40 23 0
-43 -29 5 0
31 32 -5 0
-29 19 -4 0
-35 46 -3 0
16 35 -23 0
-36 40 14 0
13 25 50 0
-21 40 12 0
36 -39 45 0
39 -24 -9 0
-19 25 -40 0
38 10 50 0
-42 3 49 0
34 -40 26 0
-18 -21 47 0
-17 -4 32 0
-15 -49 15 0
-46 -18 12 0
33 -9 -4 0
11 9 -13 0
-42 -47 24 0
27 -10 23 0
44 -25 47 0
-17 6 -49 0
11 -49 7 0
34 28 -43 0
-45 34 21 0
17 -2 43 0
-16 29 31 0
23 -15 17 0
14 -47 40 0
30 -30 -5 0
29 15 -29 0
50 4 -6 0
-14 46 34 0
50 -11 -5 0
-34 1 -12 0
-31 -1 -16 0
43 -15 -46 0
-39 -21 -24 0
-33 34 36 0
30 -3 -30 0
-17 21 22 0
42 11 24 0
5 -36 35 0
-9 -37 27 0
-24 42 13 0
49 38 9 0
32 21 -1 0
-26 -24 -11 0
14 20 9 0
35 -41 -9 0
-41 41 7 0
15 26 48 0
-40 32 -2 0
33 -9 -14 0
40 -32 1 0
5 -37 -18 0
4 8 -45 0
-22 -42 -8 0
