c CNF generator v0.9
p cnf 50 200
-13 5 31 0
-7 -32 12 0
-19 -4 -13 0
-48 8 25 0
-38 30 15 0
-37 -36 -5 0
21 -2 24 0
-31 -21 -50 0
-44 -26 16 0
-49 -7 41 0
-41 -43 12 0
25 -22 -40 0
6 -11 -48 0
7 47 15 0
12 -43 13 0
12 17 22 0
29 -26 -48 0
-4 6 -28 0
-42 22 9 0
-9 -48 15 0
1 13 27 0
50 -27 -43 0
27 9 27 0
-19 -1 -15 0
-37 3 -34 0
13 -30 -23 0
10 -17 -46 0
-42 -17 -19 0
-45 14 -19 0
25 23 -37 0
44 2 37 0
25 36 -38 0
15 -39 34 0
8 33 48 0
2 -12 -39 0
45 -40 -41 0
19 39 -33 0
26 -10 25 0
-14 7 26 0
37 -31 -48 0
30 -50 -10 0
13 -41 -23 0
19 13 -37 0
48 45 19 0
-43 5 40 0
-49 -22 7 0
-26 40 -44 0
14 17 45 0
19 45 -42 0
44 29 28 0
-48 35 39 0
20 10 -14 0
-36 18 -15 0
41 49 -43 0
-18 18 -23 0
-2 -6 12 0
-40 -33 10 0
-47 -42 5 0
42 -2 -22 0
4 -27 48 0
10 -6 -32 0
3 49 39 0
-7 -6 24 0
-5 9 -29 0
23 -34 -32 0
19 -9 37 0
-41 -7 -19 0
-46 -13 -6 0
-23 -46 24 0
-30 11 -47 0
-49 -7 23 0
12 38 25 0
-38 29 -5 0
-26 7 -2 0
-29 -9 11 0
-30 17 1 0
45 21 -9 0
-45 -12 48 0
-10 15 41 0
37 2 15 0
-36 -25 2 0
-30 16 -3 0
-36 41 -36 0
15 -6 35 0
44 41 -39 0
-47 33 4 0
25 16 -35 0
29 3 4 0
-8 11 44 0
-24 -19 38 0
-40 -3 -48 0
-18 4 9 0
31 4 -36 0
-12 -26 -43 0
29 34 1 0
20 45 -2 0
24 -30 45 0
10 44 15 0
5 44 11 0
1 -11 20 0
-29 -45 48 0
26 -5 29 0
38 -34 -35 0
-23 42 39 0
38 -41 -50 0
-41 -30 -34 0
25 -8 -42 0
-32 -1 45 0
-38 -29 16 0
-37 -26 -34 0
36 -40 15 0
7 -1 -29 0
41 -43 28 0
38 -34 -34 0
-2 -13 -42 0
6 35 32 0
-47 46 5 0
9 3 -36 0
35 46 -5 0
-1 32 -9 0
14 42 33 0
29 -37 -20 0
37 18 -37 0
-27 14 -35 0
-26 -18 -25 0
49 -2 36 0
-12 -33 -36 0
-44 12 -13 0
44 -4 -35 0
43 -20 -46 0
-10 46 -47 0
36 -21 40 0
-14 -22 9 0
-17 22 24 0
-46 37 8 0
15 -17 -7 0
-1 -11 31 0
-39 39 38 0
-26 4 43 0
-5 38 8 0
-39 27 -15 0
-13 44 1 0
-42 9 48 0
-11 2 41 0
-18 30 41 0
-18 38 -43 0
22 -13 -9 0
-23 -5 -45 0
5 -37 13 0
-26 16 15 0
44 -9 -42 0
12 12 -32 0
2 46 8 0
23 49 28 0
3 32 -18 0
-10 45 10 0
18 -26 -33 0
47 -50 -46 0
42 -17 45 0
-23 -50 14 0
43 36 29 0
-20 3 29 0
-31 25 2 0
-17 49 36 0
23 27 -50 0
-48 -49 -1 0
18 40 -36 0
-40 -48 34 0
39 -3 18 0
-9 4 -8 0
25 -50 -2 0
50 43 16 0
-4 49 -44 0
17 -13 -13 0
27 -7 22 0
-48 37 -23 0
27 -44 -21 0
-46 29 10 0
-19 -21 14 0
-36 44 18 0
-46 -34 46 0
28 23 -20 0
4 39 32 0
8 -1 -12 0
31 -36 -13 0
-26 23 -12 0
20 41 -7 0
29 -24 46 0
-33 34 32 0
-34 -7 -11 0
-36 12 -48 0
37 -19 -31 0
39 22 -1 0
32 -17 -22 0
-26 10 -9 0
31 27 -45 0
-32 -15 -3 0
19 -48 43 0
27 -25 38 0
-6 -19 27 0
