c CNF generator v0.9
p cnf 50 200
11 19 -46 0
10 26 -49 0
-12 8 -49 0
25 33 41 0
46 -18 -14 0
7 -39 12 0
7 -36 49 0
-48 -8 40 0
-6 -19 11 0
3 41 -19 0
30 -13 45 0
-41 -41 23 0
36 16 39 0
-28 17 7 0
-31 -30 -43 0
-3 -40 -30 0
-37 22 -28 0
3 -30 -44 0
10 -46 -37 0
40 -19 -18 0
-24 -8 -18 0
26 -33 -40 0
10 -44 20 0
-4 -19 -30 0
39 -20 -47 0
10 5 12 0
20 29 43 0
49 -37 9 0
-37 33 31 0
-21 8 -1 0
27 11 24 0
-20 5 11 0
50 21 47 0
41 2 -33 0
-1 -10 40 0
28 -45 -17 0
-45 -40 -28 0
-28 40 31 0
-3 32 -2 0
38 -3 35 0
28 -43 -27 0
48 -35 10 0
41 -4 -25 0
-2 32 3 0
-30 -31 -44 0
28 -42 -44 0
-18 -49 34 0
-45 39 40 0
2 20 -50 0
-49 33 -8 0
-24 -30 27 0
-1 46 -43 0
50 34 -32 0
-27 -28 17 0
38 -28 5 0
-40 -46 -34 0
38 -24 8 0
-44 -24 23 0
-16 -41 5 0
-24 35 46 0
7 -49 -18 0
4 -20 -1 0
40 -39 -43 0
26 -41 -44 0
40 46 -43 0
-40 -42 5 0
9 41 38 0
22 -10 -14 0
23 -38 17 0
3 -45 8 0
-1 9 -23 0
-7 31 -44 0
19 27 31 0
3 8 26 0
43 23 -18 0
-47 -17 -41 0
-22 42 40 0
33 26 -50 0
13 40 41 0
-11 -21 49 0
14 -18 23 0
34 32 -6 0
-18 29 -35 0
-29 -34 21 0
4 34 12 0
-29 2 -13 0
37 -17 39 0
-13 1 16 0
15 8 -36 0
32 -47 20 0
5 -7 9 0
-10 40 25 0
24 16 -9 0
42 -6 -16 0
6 -23 11 0
-15 -48 -50 0
44 -23 22 0
5 -22 -21 0
18 39 -41 0
-27 -31 -4 0
-38 -27 34 0
-39 18 -42 0
34 -35 -8 0
-7 -28 9 0
24 -3 -17 0
-3 19 -31 0
35 20 42 0
31 -14 25 0
-43 44 22 0
28 -42 17 0
6 -9 -14 0
-46 19 -28 0
15 34 22 0
-38 38 -2 0
30 -23 -47 0
14 -8 -16 0
-2 -17 -46 0
17 44 32 0
35 27 -38 0
26 29 -33 0
21 40 3 0
31 -23 -49 0
-42 21 12 0
31 -17 -45 0
23 3 -43 0
4 43 13 0
-40 31 -24 0
33 24 14 0
14 -47 43 0
-40 -26 -23 0
46 -38 3 0
25 -36 -48 0
18 -3 -32 0
-48 -42 37 0
-47 2 -13 0
-8 -37 15 0
27 25 33 0
44 -46 -27 0
-19 1 -1 0
-36 -19 -1 0
-49 19 -40 0
-29 28 22 0
50 10 -29 0
-50 -8 40 0
19 -10 39 0
-30 2 -32 0
-31 -30 31 0
-44 37 -9 0
-4 -7 -35 0
-12 29 -25 0
-2 37 39 0
3 12 -21 0
23 -47 -37 0
-11 34 34 0
-36 22 -5 0
-13 18 4 0
-26 -37 -40 0
38 -21 36 0
-46 33 -44 0
-21 45 16 0
-8 1 -34 0
43 -8 -5 0
42 18 -29 0
48 -19 50 0
-7 -40 49 0
-48 2 34 0
-5 -3 -39 0
-21 22 32 0
38 -15 -40 0
16 -27 16 0
-13 -27 29 0
40 -37 8 0
48 3 -34 0
10 -40 33 0
33 -33 -29 0
44 -32 -29 0
-32 23 -48 0
-25 2 -42 0
26 29 32 0
24 -30 -36 0
-25 34 35 0
21 10 44 0
-30 26 10 0
28 44 -47 0
13 -13 41 0
44 -46 -44 0
6 -50 -10 0
-28 44 15 0
-19 -17 -27 0
47 43 -25 0
-20 -11 16 0
-1 39 -8 0
13 -45 17 0
28 -4 -47 0
-46 24 -31 0
4 45 -38 0
6 22 -42 0
2 -42 -5 0
-50 2 -2 0
18 -49 -42 0
