c CNF generator v0.9
p cnf 50 200
-3 26 34 0
-50 -4 1 0
48 40 16 0
14 48 25 0
-26 2 -33 0
23 -33 -38 0
-23 -27 -47 0
2 30 -39 0
-37 -29 -21 0
43 -41 -19 0
-23 -14 42 0
31 44 -49 0
31 -31 -46 0
47 -11 35 0
25 14 -19 0
-7 9 28 0
49 -46 -7 0
49 -11 43 0
-5 -30 -17 0
-40 -46 47 0
39 42 42 0
-21 11 44 0
28 22 26 0
-1 -31 22 0
-37 44 29 0
3 27 12 0
16 38 -15 0
-44 8 40 0
-3 7 48 0
46 -8 21 0
-28 39 -2 0
37 -23 -47 0
18 48 -23 0
4 41 -25 0
4 -42 16 0
-24 -16 -37 0
42 -34 7 0
-1 -33 40 0
-10 12 27 0
-46 -32 -30 0
28 10 -21 0
-7 -10 7 0
-10 -9 -29 0
-25 4 -20 0
30 -40 -32 0
-10 8 -25 0
-8 46 15 0
-44 -32 -17 0
-1 -46 23 0
4 26 -37 0
-1 9 3 0
20 47 47 0
22 -8 -7 0
-39 18 28 0
16 -20 -1 0
9 31 -16 0
12 31 -20 0
-49 -39 -9 0
1 -40 3 0
8 -6 44 0
-38 34 -50 0
2 24 -20 0
15 30 -22 0
-11 42 17 0
-10 -5 27 0
-2 -31 40 0
-45 49 -8 0
-4 20 18 0
38 -20 44 0
-48 14 -45 0
33 20 20 0
49 -10 41 0
37 -25 45 0
22 10 6 0
37 -32 -35 0
-8 34 36 0
32 47 -46 0
-29 -36 26 0
-38 27 -17 0
15 35 34 0
18 -3 6 0
-13 17 -8 0
15 6 38 0
4 31 -27 0
-16 2 -48 0
34 -11 41 0
-37 -15 46 0
40 -5 -1 0
50 20 48 0
24 -31 5 0
-44 -38 37 0
-16 37 45 0
-14 -19 12 0
-34 -29 -47 0
27 -37 10 0
14 -6 -29 0
-25 -42 32 0
-44 42 24 0
-11 -39 -26 0
16 48 5 0
4 42 -32 0
-24 20 -42 0
-38 -40 -39 0
-3 -2 -15 0
-35 2 -37 0
-42 -48 -15 0
29 45 23 0
-8 -50 -21 0
22 16 -6 0
-14 47 48 0
-26 25 -31 0
25 14 -31 0
-47 46 25 0
48 -30 30 0
24 -31 36 0
-5 -36 5 0
-11 21 -39 0
-9 37 -45 0
-25 -4 6 0
-50 42 23 0
31 -39 -7 0
-32 19 22 0
-43 19 -46 0
2 -43 -23 0
19 -32 -17 0
-32 20 -1 0
18 -6 14 0
-6 -9 -39 0
-43 -33 11 0
-8 -8 34 0
40 33 -44 0
28 -46 8 0
-11 19 5 0
12 25 18 0
-31 -28 18 0
10 -37 -38 0
-25 3 7 0
35 -30 -12 0
-45 41 49 0
-34 -25 7 0
-44 33 -10 0
-34 47 -39 0
50 31 -7 0
-12 -9 -6 0
-13 3 -29 0
-41 -31 24 0
41 6 27 0
29 24 -11 0
21 47 -3 0
-27 50 -39 0
42 -3 -37 0
37 -50 12 0
38 18 49 0
-40 5 -25 0
13 -37 6 0
13 24 30 0
25 -20 -24 0
40 3 37 0
-19 -2 38 0
7 13 45 0
-28 6 4 0
48 -45 -30 0
-34 19 33 0
25 -40 19 0
-5 -37 2 0
20 -46 50 0
-22 30 44 0
8 -32 -44 0
44 -40 -22 0
-18 23 -13 0
-7 10 -37 0
27 49 -39 0
-48 28 35 0
29 -16 15 0
-35 -42 27 0
18 20 37 0
35 -32 25 0
-3 -26 48 0
32 -11 42 0
20 -41 9 0
-37 47 -24 0
-12 24 -40 0
-39 24 -43 0
-30 -43 31 0
1 45 27 0
22 29 -30 0
-33 2 -43 0
19 21 35 0
36 13 -35 0
31 30 5 0
48 -24 -40 0
19 -8 34 0
36 -21 17 0
-13 -16 -18 0
4 5 -17 0
-15 14 43 0
10 48 -37 0
28 1 4 0
43 16 2 0
43 48 28 0
