c CNF generator v0.9
p cnf 50 200
-24 12 -37 0
29 36 -28 0
5 46 -5 0
16 38 -25 0
4 -4 -38 0
-30 48 11 0
11 -15 30 0
38 -35 -19 0
19 -5 -21 0
47 11 36 0
-40 29 30 0
16 -4 32 0
35 15 6 0
-19 -14 42 0
45 36 1 0
-32 38 -21 0
-12 25 30 0
-46 46 17 0
-11 -42 -19 0
-14 -50 48 0
37 5 -13 0
-38 -19 -24 0
4 -2 44 0
-22 40 -22 0
45 -16 49 0
-42 -6 47 0
-9 -17 -7 0
-36 -24 48 0
-21 -28 8 0
-19 29 -5 0
-1 33 35 0
-48 25 15 0
13 -9 40 0
-39 -4 43 0
44 10 12 0
22 -10 3 0
-23 45 -35 0
-29 19 -46 0
-33 40 30 0
-27 -34 37 0
-30 -4 -41 0
25 -8 48 0
11 37 24 0
-37 -33 -45 0
-46 42 34 0
-3 45 -10 0
20 48 10 0
-38 13 -41 0
33 18 -49 0
19 20 -40 0
-32 21 -28 0
-11 17 -32 0
-14 -18 -7 0
-4 -1 -44 0
20 -46 -28 0
5 -10 29 0
-36 -17 -42 0
-1 -24 -11 0
-41 12 -47 0
-42 48 31 0
-47 15 48 0
44 -50 -33 0
-21 6 42 0
2 -25 -4 0
-18 18 -47 0
42 23 8 0
20 17 40 0
-7 -12 42 0
47 -40 -17 0
5 17 -44 0
5 48 12 0
5 50 -8 0
3 35 33 0
-25 27 -46 0
-19 -41 3 0
7 -4 -6 0
22 -34 -40 0
-3 35 30 0
-16 -42 -17 0
-25 -36 15 0
37 33 6 0
50 31 39 0
19 -33 3 0
41 7 34 0
-42 -32 -33 0
-35 46 21 0
-17 15 -40 0
-17 -12 -50 0
-17 -30 -14 0
17 -15 -29 0
-12 -32 5 0
17 -44 25 0
1 23 37 0
-11 -4 11 0
5 43 -40 0
-37 -36 18 0
-11 17 26 0
12 8 -1 0
-1 -49 -25 0
29 26 33 0
25 -28 -15 0
-39 -41 42 0
-41 43 -26 0
43 -48 -18 0
-45 22 -39 0
-4 -29 -36 0
5 -7 -5 0
28 -2 -33 0
-3 -34 50 0
29 -1 -11 0
-48 28 50 0
-32 -5 -43 0
-18 30 -42 0
19 -32 -42 0
-37 -38 -16 0
-20 40 28 0
32 19 25 0
35 -28 15 0
-41 -19 3 0
15 26 2 0
13 -31 13 0
-48 47 19 0
48 -11 8 0
-39 46 -3 0
-3 40 3 0
-12 -27 -19 0
26 -32 -29 0
42 -6 37 0
12 32 15 0
34 50 20 0
45 8 21 0
-24 24 50 0
-11 15 25 0
16 35 22 0
-22 39 23 0
43 -22 28 0
43 35 41 0
-46 13 12 0
1 -13 44 0
46 -30 -3 0
33 9 32 0
-17 -32 40 0
-38 -48 -39 0
11 22 -49 0
4 -19 -23 0
18 45 43 0
39 -44 32 0
-13 2 22 0
38 3 -2 0
-44 36 31 0
-12 36 22 0
-35 38 7 0
44 26 -33 0
-48 46 21 0
19 -46 19 0
-50 -33 8 0
-41 -40 49 0
-15 28 17 0
-9 -12 8 0
-27 -30 14 0
14 10 -42 0
19 23 -24 0
-13 -43 13 0
39 -16 -29 0
40 -15 1 0
-21 40 -6 0
41 -41 -19 0
-21 32 23 0
-47 -5 24 0
-17 -5 24 0
-3 -18 22 0
19 -5 46 0
-40 16 2 0
17 41 -2 0
-10 -37 27 0
12 14 17 0
-36 -39 20 0
13 27 9 0
-47 44 31 0
-37 -47 -34 0
37 -3 -16 0
-48 -30 38 0
5 33 -7 0
7 46 -21 0
-10 -32 35 0
50 50 -30 0
18 -14 -1 0
27 30 -50 0
6 21 -45 0
50 -39 -17 0
-25 -27 -7 0
8 -22 -30 0
-19 19 -49 0
31 29 21 0
41 -8 33 0
41 -22 46 0
-23 7 -9 0
8 -40 22 0
12 -31 -20 0
-33 33 -42 0
