c CNF generator v0.9
p cnf 50 200
-33 2 -28 0
27 23 -16 0
-25 -44 -48 0
-4 35 -38 0
-19 39 37 0
33 -23 46 0
-2 -33 -15 0
-9 9 -18 0
21 21 -22 0
-30 -17 17 0
14 10 -38 0
-19 -19 -1 0
-15 -43 -42 0
-37 35 -46 0
-12 -48 -12 0
-46 -13 -23 0
18 9 33 0
-17 47 -11 0
3 -32 37 0
-28 -31 9 0
39 24 -24 0
-35 44 40 0
13 -26 22 0
50 50 -33 0
-30 -40 -42 0
-49 47 17 0
-39 -10 -18 0
36 2 33 0
42 -16 -48 0
-48 -38 -48 0
-23 37 47 0
-11 -10 14 0
-45 -36 28 0
-46 -36 18 0
-4 -50 31 0
-10 -38 32 0
-4 32 -18 0
-29 38 -3 0
-26 20 -21 0
2 36 -16 0
-42 15 6 0
24 45 -48 0
10 -25 -16 0
21 11 27 0
-6 -26 2 0
22 -34 -37 0
45 15 7 0
26 15 32 0
-40 -44 17 0
16 44 50 0
-14 36 -24 0
-44 -32 24 0
4 -10 -10 0
29 31 -35 0
-24 -13 -30 0
-11 -2 -19 0
-36 9 -49 0
-34 37 -46 0
49 -37 28 0
47 2 -29 0
-15 -10 -21 0
32 -27 -29 0
-10 -19 22 0
-47 -40 -4 0
18 -50 -33 0
-11 8 43 0
2 34 41 0
14 -43 -12 0
-12 -35 1 0
-34 -32 -4 0
-23 29 24 0
35 -7 -47 0
33 -2 -30 0
-50 -25 30 0
-41 -41 -41 0
25 -6 -34 0
10 -20 -23 0
19 9 16 0
-47 13 -36 0
19 -35 -7 0
22 -40 -40 0
-40 -33 -28 0
43 -41 2 0
-49 -1 -29 0
8 -29 -29 0
-38 -30 -38 0
33 -15 -49 0
-16 19 -10 0
-25 -25 -18 0
47 -48 15 0
26 37 28 0
-29 -16 14 0
-9 -50 -24 0
11 -19 2 0
-43 50 -49 0
50 48 -37 0
-44 -17 48 0
-18 -23 39 0
-44 32 -19 0
-42 -36 -50 0
46 50 3 0
-20 15 3 0
29 50 -6 0
-29 39 -5 0
-48 30 9 0
22 30 37 0
7 28 -15 0
-45 -18 20 0
16 -20 25 0
-34 -25 -5 0
-35 12 -10 0
-33 12 12 0
31 47 -33 0
30 -40 13 0
-16 28 13 0
47 -44 5 0
33 14 49 0
21 3 14 0
-45 -12 14 0
-37 4 47 0
15 14 -29 0
32 4 -7 0
-22 30 22 0
-21 10 -26 0
-49 -44 49 0
-37 27 40 0
-39 19 -26 0
-36 24 -23 0
1 10 -35 0
46 33 28 0
43 32 -34 0
-50 -48 14 0
-23 42 27 0
-48 39 43 0
42 -7 39 0
-28 34 49 0
-46 -49 6 0
4 38 47 0
30 26 -15 0
-41 17 17 0
10 -48 38 0
48 8 -17 0
1 -4 17 0
11 15 42 0
24 28 42 0
17 11 3 0
13 -28 24 0
9 -15 -4 0
-21 -7 5 0
-30 -1 -47 0
-35 -30 47 0
-49 49 -45 0
11 -5 -42 0
21 18 15 0
40 6 -13 0
-49 2 -14 0
40 -22 34 0
20 35 21 0
-48 7 49 0
18 -50 -31 0
-19 -48 5 0
-5 -38 17 0
-40 4 43 0
-38 43 43 0
37 -24 -43 0
18 -32 50 0
-48 -18 -32 0
-37 -30 -3 0
-13 12 45 0
-46 9 -33 0
-48 -34 43 0
-35 -20 32 0
-42 22 -30 0
44 -22 -14 0
-47 -34 13 0
-36 19 -41 0
-20 -32 -11 0
-26 -14 -28 0
33 7 47 0
-20 44 15 0
-11 10 -47 0
19 -40 43 0
-30 30 13 0
-32 12 48 0
33 44 8 0
-8 38 -41 0
-27 -47 -15 0
-42 -9 36 0
-33 -2 -3 0
38 39 -1 0
4 2 -19 0
39 -25 14 0
50 -5 -38 0
-47 -21 -42 0
-25 42 -4 0
-50 -26 7 0
35 -45 30 0
13 43 -32 0
50 -36 49 0
35 -1 -15 0
