c CNF generator v0.9
p cnf 50 200
9 -12 -30 0
-23 42 -43 0
-28 42 -49 0
-22 25 -45 0
25 47 -48 0
-44 45 38 0
-7 47 -34 0
-1 -12 -6 0
15 -43 -45 0
43 48 23 0
-38 -5 19 0
-17 -5 -36 0
38 -2 -11 0
50 -49 9 0
37 27 4 0
13 -8 19 0
-40 27 34 0
-11 -43 8 0
27 -10 -40 0
-18 33 -13 0
12 -47 18 0
4 5 -30 0
30 41 -26 0
20 10 40 0
-4 -22 -11 0
18 13 30 0
49 -34 -25 0
-32 21 -40 0
15 36 -29 0
41 -29 -6 0
46 10 33 0
33 43 3 0
33 -4 -12 0
-34 -46 -42 0
20 15 -40 0
18 -12 -50 0
-5 -42 -39 0
23 -2 -5 0
4 -16 -18 0
7 -38 25 0
-45 -36 -4 0
-29 19 -43 0
47 -10 5 0
-21 43 -39 0
28 38 8 0
-34 35 28 0
-28 -5 -28 0
22 -43 29 0
25 42 30 0
40 34 -11 0
44 -44 -2 0
-18 -43 -38 0
42 2 21 0
-23 -23 15 0
-35 -47 36 0
-44 -24 -16 0
9 -20 27 0
17 -50 50 0
-29 38 32 0
37 48 30 0
-13 -1 22 0
-42 -32 5 0
-13 37 -11 0
-50 15 -2 0
29 26 -3 0
22 -10 -3 0
-38 41 46 0
19 -18 -22 0
-18 -22 5 0
50 -34 -16 0
-37 -36 26 0
43 -12 -24 0
48 -30 -12 0
-3 8 41 0
43 11 -10 0
-47 12 -12 0
-29 -31 -14 0
17 11 45 0
31 29 16 0
-7 1 44 0
21 24 27 0
-2 34 -37 0
18 46 30 0
-42 11 36 0
-27 -18 13 0
-29 38 -12 0
-40 -33 37 0
44 -16 -8 0
-48 -17 -46 0
-8 8 31 0
33 8 -31 0
-25 -49 12 0
11 39 -7 0
-36 -20 -12 0
-44 -34 42 0
45 4 -40 0
17 -13 3 0
-6 -34 35 0
-22 -38 -19 0
7 -9 -23 0
-4 -8 -5 0
40 -18 25 0
34 -25 -49 0
17 -35 3 0
-24 -12 29 0
-47 -23 -2 0
16 -44 -50 0
-15 33 -11 0
-13 -22 47 0
28 -33 -23 0
-38 49 40 0
50 4 4 0
-10 -47 34 0
47 5 -40 0
22 45 -39 0
-36 -31 -39 0
18 44 -27 0
-11 -43 -38 0
35 -8 -36 0
-20 -30 30 0
-6 39 -49 0
-37 -19 17 0
-17 -50 2 0
15 44 -46 0
23 2 -46 0
22 -25 38 0
-38 -15 2 0
-12 19 21 0
-18 14 48 0
10 49 50 0
-30 -50 -8 0
5 -49 41 0
-50 8 15 0
-3 20 -13 0
13 41 -7 0
4 -13 42 0
-12 7 24 0
9 -36 -34 0
-8 37 -33 0
-37 -10 23 0
18 35 -3 0
38 14 48 0
33 23 36 0
43 -36 -45 0
-9 -3 20 0
-42 29 36 0
-2 15 -49 0
22 -37 -31 0
35 -46 45 0
-20 -16 -39 0
-5 5 -41 0
-43 -12 -48 0
-13 -50 -2 0
49 -29 14 0
45 42 21 0
45 -20 -21 0
-22 47 17 0
-8 22 29 0
-35 36 7 0
-20 24 -37 0
17 20 2 0
32 41 48 0
-17 -5 37 0
39 38 -14 0
-38 48 42 0
49 13 -42 0
-5 22 -46 0
44 18 -21 0
-45 46 -13 0
42 -45 -23 0
50 42 11 0
49 -19 -20 0
-4 -4 -32 0
-32 1 -35 0
44 -25 17 0
-32 -50 48 0
26 40 -6 0
9 33 36 0
38 24 -44 0
-10 43 -27 0
-31 2 -27 0
14 27 -18 0
-4 -19 -10 0
-31 36 45 0
-50 15 46 0
-36 -40 13 0
-45 3 49 0
49 37 49 0
-15 16 39 0
-6 21 5 0
-42 -19 22 0
33 8 -7 0
30 21 -11 0
24 -38 15 0
37 -11 22 0
-31 3 19 0
20 -32 -17 0
-2 -22 -16 0
29 36 38 0
24 5 -39 0
