c CNF generator v0.9
p cnf 50 200
-37 -37 -14 0
46 29 35 0
-1 37 5 0
19 -34 -23 0
-28 50 42 0
-39 19 33 0
-39 -28 -40 0
-37 46 11 0
-18 -3 -17 0
-35 -47 5 0
47 -36 18 0
-11 -24 -36 0
-28 13 36 0
5 26 -31 0
-34 33 -19 0
8 3 -30 0
17 -50 46 0
-1 20 -36 0
13 9 -46 0
-21 43 25 0
-41 25 -4 0
46 15 42 0
3 43 49 0
-23 -15 -23 0
-46 -7 -11 0
27 44 -28 0
-12 -48 27 0
3 44 -44 0
21 -6 -20 0
-6 1 -13 0
-2 -25 -35 0
40 17 1 0
50 -24 26 0
-1 14 27 0
-40 5 -34 0
-15 17 29 0
4 -38 -1 0
-21 -19 3 0
-39 -17 -31 0
26 13 -43 0
30 -5 4 0
14 -5 44 0
46 -50 -18 0
48 17 34 0
38 18 -19 0
-14 6 -45 0
-33 24 1 0
-30 -42 -4 0
26 -32 20 0
-36 27 10 0
48 22 3 0
-13 40 12 0
-19 -10 -23 0
5 39 4 0
48 46 37 0
-48 16 43 0
-16 3 -19 0
29 -42 -39 0
29 -1 10 0
-50 -27 7 0
-2 8 5 0
-47 14 -3 0
46 -19 41 0
-14 29 -35 0
-1 -32 23 0
47 37 -16 0
6 2 46 0
-32 5 -45 0
2 -25 -17 0
28 41 -1 0
-30 25 5 0
25 -5 15 0
29 -12 -42 0
25 49 44 0
-40 10 21 0
1 2 -18 0
-5 6 -3 0
-30 28 -35 0
-13 11 3 0
-32 24 5 0
-40 45 -26 0
-34 2 -45 0
-32 34 17 0
-28 17 15 0
-31 40 -48 0
20 -9 35 0
11 21 19 0
11 9 -6 0
23 -6 -30 0
25 -2 48 0
4 36 -35 0
-1 -33 -48 0
-39 36 -40 0
-44 -20 29 0
-7 41 20 0
-28 19 -2 0
23 20 49 0
30 43 -46 0
-45 38 45 0
-35 48 22 0
-50 32 -12 0
36 -18 -41 0
-17 38 28 0
28 4 -49 0
-8 44 -36 0
19 5 -49 0
39 26 41 0
-4 -6 24 0
-9 -36 -22 0
48 -28 -21 0
-19 -22 -46 0
50 6 -35 0
-35 21 18 0
22 -37 19 0
36 -25 -27 0
19 -30 25 0
-5 45 -49 0
4 49 -21 0
-8 33 -19 0
-19 26 -27 0
-31 40 8 0
-34 22 -30 0
-44 -25 -23 0
-40 -46 38 0
44 -12 16 0
27 27 2 0
-35 -9 -50 0
33 17 49 0
34 27 6 0
-13 12 45 0
39 -7 -10 0
40 -35 26 0
31 -23 -4 0
-46 12 46 0
26 -4 12 0
43 44 9 0
-41 -26 46 0
16 31 -9 0
2 49 -46 0
-45 -48 -18 0
-24 18 -47 0
-40 -19 40 0
50 -10 2 0
35 10 3 0
46 27 28 0
-10 5 6 0
38 15 -23 0
28 13 30 0
50 40 -38 0
14 29 25 0
-40 47 43 0
-8 3 38 0
-46 30 47 0
-28 46 4 0
-23 -20 -3 0
-35 36 11 0
-1 46 5 0
30 16 -10 0
36 22 6 0
-5 36 -30 0
-42 13 46 0
-40 42 -22 0
6 -34 -41 0
18 18 -20 0
-46 -14 -41 0
-3 1 -10 0
-50 41 -29 0
13 21 32 0
16 -19 42 0
-14 -9 5 0
-39 -7 12 0
40 25 3 0
3 48 22 0
38 -31 -44 0
-33 -35 -39 0
1 20 47 0
-39 -21 29 0
-32 -47 29 0
-34 -29 -1 0
46 21 -49 0
47 -32 46 0
-25 5 -10 0
-45 -29 32 0
36 -9 -32 0
-6 44 -35 0
-11 17 32 0
49 34 -17 0
14 -17 -49 0
23 18 -3 0
-35 31 -23 0
15 -40 -22 0
-48 49 -17 0
33 21 -8 0
42 1 -28 0
-6 1 -34 0
-9 31 26 0
-50 -41 -41 0
-20 21 37 0
-22 38 -23 0
45 -34 -21 0
