c CNF generator v0.9
p cnf 50 200
6 -3 -26 0
-6 -48 -37 0
-19 -13 44 0
27 34 4 0
48 18 -25 0
-47 14 -7 0
14 4 3 0
34 -40 45 0
-4 11 -7 0
-41 -20 -26 0
-1 31 -29 0
35 46 50 0
10 7 -35 0
-19 25 -23 0
19 21 36 0
47 26 46 0
-50 24 38 0
28 36 -4 0
-28 -5 50 0
20 -44 -4 0
8 -39 -42 0
-49 44 -50 0
-24 -24 24 0
-10 -34 -28 0
9 -47 -28 0
-35 -27 37 0
-29 -38 -46 0
-10 4 -26 0
45 -47 11 0
-33 -31 -16 0
27 31 39 0
-6 15 43 0
-27 -30 24 0
-18 40 29 0
9 -24 -47 0
-33 -31 4 0
23 -21 15 0
15 4 -42 0
-14 -16 42 0
15 8 -45 0
48 35 12 0
-15 -14 35 0
27 5 44 0
21 -33 -16 0
16 -16 7 0
25 -42 36 0
-43 11 -5 0
-43 -8 27 0
-36 -50 -37 0
-13 17 4 0
-2 -7 -6 0
-21 3 6 0
30 23 42 0
22 22 -9 0
-19 -3 3 0
9 -26 3 0
-48 -15 6 0
31 -11 23 0
14 -1 41 0
-8 33 43 0
-37 -30 8 0
38 39 -25 0
5 34 -11 0
-26 50 42 0
-31 -22 -27 0
-44 -35 -43 0
-2 -5 -32 0
30 17 5 0
45 19 11 0
-18 45 -21 0
-42 30 46 0
-48 -49 -12 0
3 -45 44 0
40 33 34 0
6 15 -27 0
-30 20 19 0
44 34 34 0
-47 46 3 0
-43 33 -25 0
-27 31 -5 0
-48 -3 -36 0
38 -34 -34 0
47 37 24 0
-49 -46 20 0
-14 -14 -10 0
42 9 -16 0
35 32 -29 0
28 -32 -13 0
-11 -32 3 0
28 19 -18 0
-9 50 -43 0
-38 -35 -29 0
-2 4 -31 0
29 31 -6 0
34 -46 19 0
-20 -28 -27 0
-40 6 -1 0
-8 36 -9 0
28 -27 -11 0
-34 -31 -36 0
28 48 -41 0
2 -32 -30 0
-32 34 -16 0
13 -43 20 0
-9 15 -22 0
-30 -39 -50 0
-46 18 -28 0
12 -36 -31 0
-13 -12 50 0
17 14 40 0
-21 -8 32 0
-43 -28 -19 0
27 39 -27 0
23 -6 -34 0
-26 -1 -20 0
23 42 -10 0
-6 -30 20 0
-27 23 37 0
19 33 8 0
-11 -4 16 0
-30 -42 -9 0
42 3 -21 0
-34 -2 -42 0
-3 -42 20 0
20 -7 -8 0
-8 -28 -23 0
-18 -47 -2 0
14 45 -42 0
21 -49 21 0
-34 -45 -14 0
17 10 -15 0
38 7 -41 0
-42 -1 21 0
-47 -9 13 0
21 40 -20 0
24 13 41 0
42 -50 14 0
-39 46 23 0
-35 30 -31 0
2 -8 12 0
-14 -17 -1 0
-2 46 -41 0
3 -24 39 0
1 21 -20 0
-3 -40 -15 0
-16 5 1 0
11 25 22 0
6 35 -38 0
28 21 28 0
9 -18 -40 0
-35 -32 4 0
-30 -34 36 0
3 -43 24 0
12 50 -29 0
4 -31 32 0
-47 -18 36 0
-21 7 -20 0
50 -40 20 0
-37 35 -36 0
-46 25 -43 0
32 47 -37 0
24 -24 2 0
19 -41 -26 0
-18 46 -7 0
35 -48 -27 0
32 38 46 0
-20 30 30 0
1 19 -10 0
16 15 -24 0
14 -42 45 0
20 -35 33 0
-16 -37 44 0
-13 21 -10 0
38 -7 -40 0
3 -7 12 0
-39 -20 -20 0
6 -16 18 0
26 25 -26 0
26 21 2 0
26 25 3 0
13 -34 -31 0
39 -42 27 0
-14 -23 -35 0
22 -3 -40 0
39 24 -12 0
-18 4 -8 0
7 -49 -44 0
3 -45 -23 0
36 31 1 0
33 -45 7 0
-5 -50 31 0
13 38 -37 0
-37 50 -42 0
11 -17 -49 0
10 -39 -20 0
-16 1 -28 0
27 9 28 0
-23 -22 12 0
15 -24 -17 0
48 20 -19 0
