c CNF generator v0.9
p cnf 50 200
-13 12 -35 0
-46 -43 -16 0
42 1 -2 0
-15 -8 -8 0
2 12 -4 0
23 -34 -18 0
34 33 -36 0
36 38 49 0
1 -42 30 0
-4 41 9 0
4 9 27 0
31 -12 -37 0
45 42 24 0
32 33 -11 0
12 9 -16 0
-41 45 -19 0
-3 46 -13 0
40 47 28 0
28 -50 -30 0
-10 -14 -17 0
47 -12 24 0
17 23 -20 0
46 19 7 0
38 -43 -13 0
-29 19 -33 0
41 -31 9 0
-19 -42 -10 0
-24 48 -50 0
22 -41 50 0
40 -18 23 0
5 50 -34 0
-46 -7 -11 0
41 -7 -13 0
-23 35 -36 0
-9 36 14 0
-4 41 -32 0
-23 -31 -23 0
34 45 -40 0
50 -22 -37 0
11 31 9 0
23 -37 1 0
-19 -8 -15 0
27 -7 -11 0
-30 -19 -49 0
47 -8 21 0
45 44 34 0
2 6 5 0
-3 9 37 0
16 16 39 0
-32 18 -15 0
5 -50 3 0
19 -34 10 0
-3 -11 -29 0
-49 37 -15 0
32 12 -30 0
-7 3 46 0
-23 -11 -33 0
-41 22 13 0
-35 -3 36 0
21 -33 28 0
-50 13 23 0
17 -35 -41 0
35 -48 -8 0
16 31 19 0
-50 15 -34 0
-14 -42 -33 0
41 -22 -24 0
11 -25 -38 0
32 46 39 0
-4 -37 -23 0
1 -8 -39 0
-27 -14 18 0
-3 15 -20 0
17 -17 25 0
8 -23 12 0
-45 26 -22 0
47 -6 -29 0
11 -31 -24 0
-44 1 -14 0
12 11 31 0
-33 28 -37 0
-4 -45 7 0
30 -23 -27 0
50 -41 3 0
30 -24 10 0
-16 -41 49 0
-10 -4 -43 0
-50 -36 -6 0
40 -22 -26 0
-34 27 -39 0
-32 -24 42 0
8 33 29 0
33 -33 -24 0
-42 41 -28 0
28 -42 34 0
45 26 16 0
-48 21 18 0
-41 -14 -38 0
-26 1 -20 0
-36 -33 -48 0
-39 15 34 0
45 -42 -25 0
-24 33 -10 0
-20 -25 12 0
-46 -23 -29 0
32 -31 -6 0
35 16 31 0
-38 -15 -38 0
-45 6 7 0
-12 39 -37 0
-46 23 -23 0
18 -9 -33 0
-8 22 -42 0
30 -16 20 0
-32 -37 48 0
-5 -29 12 0
34 -3 -26 0
-6 -40 -6 0
-5 -2 -40 0
32 -9 -11 0
3 -38 44 0
47 -50 24 0
-40 4 40 0
15 37 -33 0
-36 -23 -24 0
-18 7 34 0
49 44 -30 0
-19 -33 -20 0
-45 -13 -12 0
35 -19 11 0
24 -16 10 0
-11 7 -14 0
-9 -6 -42 0
-34 -39 28 0
47 -44 -3 0
-32 25 -1 0
-34 47 2 0
-22 -44 -40 0
39 -30 26 0
17 9 -35 0
3 -5 -9 0
-44 -8 5 0
-27 16 38 0
-33 -14 -21 0
-47 6 4 0
25 -45 25 0
-40 39 21 0
16 -22 -27 0
-30 -1 -29 0
18 13 -13 0
16 -16 -36 0
-10 -34 -29 0
-24 -34 45 0
-27 3 34 0
-5 9 5 0
-6 -27 -12 0
18 20 44 0
23 -14 11 0
36 1 10 0
6 12 -47 0
7 37 17 0
34 -10 -26 0
-32 7 -2 0
35 27 -30 0
-14 27 44 0
-19 -10 -11 0
-44 -5 -20 0
5 35 6 0
17 45 -18 0
50 42 14 0
7 -1 43 0
-27 -32 -29 0
43 37 3 0
-4 1 14 0
-27 -2 27 0
47 27 -39 0
-9 28 21 0
7 41 28 0
18 -7 38 0
44 40 22 0
32 34 -39 0
48 -28 39 0
1 -26 -39 0
19 5 -39 0
15 -37 -41 0
-36 -30 -15 0
27 47 -26 0
-34 9 -46 0
-22 -2 18 0
-28 19 32 0
45 44 21 0
-31 -2 34 0
-46 39 -28 0
6 -43 45 0
-22 50 39 0
10 44 2 0
-32 -33 -47 0
-16 21 -3 0
-38 36 19 0
27 -36 -26 0
