c CNF generator v0.9
p cnf 50 200
12 -6 -37 0
-30 6 14 0
-1 34 -33 0
-45 47 39 0
-19 33 -41 0
-21 45 -43 0
-29 -5 -2 0
-9 32 -2 0
2 -18 -45 0
4 32 -28 0
-17 10 11 0
-13 41 -18 0
34 -33 42 0
-1 -13 -22 0
-10 -23 -47 0
-7 -8 -3 0
7 -48 31 0
-17 -5 15 0
-35 19 -23 0
-10 1 37 0
-8 -42 13 0
1 -8 -47 0
47 47 21 0
48 -45 -27 0
30 -21 1 0
-20 -18 25 0
-40 31 -5 0
3 1 7 0
48 24 21 0
32 -8 5 0
8 17 -11 0
29 30 17 0
-1 -22 -17 0
-47 -1 25 0
-49 -14 6 0
46 36 23 0
22 47 -25 0
33 -23 28 0
-21 30 22 0
-29 -26 -2 0
32 -3 -13 0
-50 14 37 0
-10 50 -39 0
-24 -20 2 0
-43 34 18 0
10 -2 -14 0
38 -15 -26 0
30 45 -19 0
-30 45 -24 0
-12 23 13 0
32 10 -21 0
29 22 -24 0
-43 -50 -19 0
-4 44 -49 0
2 21 -32 0
12 -8 -43 0
-24 -27 27 0
-43 -8 49 0
15 47 46 0
-2 34 21 0
17 26 38 0
-34 17 27 0
-28 -38 12 0
4 -9 33 0
18 12 43 0
30 36 11 0
-48 -8 50 0
13 17 15 0
44 -31 11 0
-27 7 8 0
21 13 -46 0
-13 -5 -33 0
12 -45 -28 0
44 15 -43 0
29 33 38 0
-9 -1 21 0
-25 29 -44 0
17 -9 10 0
-32 -50 3 0
6 29 -16 0
-26 33 8 0
44 4 29 0
-9 -22 -41 0
44 -25 16 0
35 -14 -11 0
19 -27 8 0
50 11 10 0
24 30 -16 0
-39 -40 -18 0
44 7 18 0
-35 -42 15 0
25 9 -29 0
36 43 4 0
-35 31 -44 0
-35 18 -6 0
35 15 31 0
-47 33 -49 0
-26 -27 36 0
2 -6 -36 0
14 48 48 0
10 45 9 0
33 26 24 0
-2 34 -30 0
17 2 -7 0
20 35 -43 0
-38 50 28 0
-32 -29 32 0
-26 -42 30 0
-10 -12 -39 0
-43 36 -37 0
44 10 -32 0
37 -7 -11 0
3 17 -49 0
13 39 -46 0
-14 -23 34 0
-29 -42 37 0
-11 10 4 0
-48 48 -10 0
15 31 49 0
-5 5 33 0
43 26 19 0
31 13 17 0
44 43 -40 0
12 42 17 0
3 -11 -3 0
23 32 -46 0
22 -9 -23 0
45 7 -42 0
-14 -29 21 0
45 -33 36 0
16 -44 34 0
-1 -13 -30 0
16 -27 14 0
11 -18 -29 0
45 16 -47 0
-36 -47 -27 0
8 5 26 0
-50 -13 7 0
-39 29 37 0
31 -50 -15 0
-44 -5 -46 0
39 9 31 0
-24 -18 -11 0
27 -11 47 0
27 49 27 0
-28 22 18 0
24 16 4 0
-24 -15 -49 0
-49 24 -38 0
-11 49 -29 0
44 4 -14 0
-31 -33 -16 0
-26 32 12 0
-43 4 -3 0
-30 -12 -31 0
24 -7 11 0
31 -20 43 0
-24 46 -31 0
-1 -26 -16 0
50 37 -30 0
-22 19 -37 0
43 -42 -42 0
2 -3 25 0
-7 -49 43 0
-40 35 -41 0
-18 27 2 0
26 23 47 0
-16 6 3 0
30 1 36 0
7 32 40 0
-6 29 -31 0
15 37 50 0
40 36 -43 0
-30 35 12 0
8 16 13 0
46 32 31 0
-15 17 -30 0
-42 -14 8 0
-17 44 -29 0
42 17 26 0
13 47 35 0
22 42 29 0
-1 -44 -16 0
2 24 -49 0
26 16 29 0
-36 45 -34 0
-5 15 45 0
-33 -38 47 0
36 -47 -15 0
-49 7 44 0
8 -27 -5 0
14 5 -39 0
-49 47 33 0
43 -42 -42 0
-26 -31 36 0
-50 -38 -15 0
14 -2 43 0
10 15 -14 0
16 5 3 0
-33 -14 38 0
