c CNF generator v0.9
p cnf 50 200
-50 -49 11 0
-7 -24 -13 0
42 13 40 0
-28 49 -13 0
16 -32 -41 0
-10 -12 -37 0
-43 32 14 0
2 28 -50 0
29 -45 -31 0
41 10 -2 0
2 -7 5 0
-29 -19 16 0
13 3 10 0
-4 -12 -48 0
32 -27 -7 0
-19 37 9 0
-40 19 -18 0
-20 6 -8 0
38 24 34 0
11 -23 45 0
-6 -3 11 0
-44 -38 -25 0
-8 -44 14 0
34 45 12 0
-1 -38 -30 0
37 -39 -40 0
-19 -2 28 0
-10 -26 32 0
-2 -24 36 0
-50 44 13 0
1 -12 39 0
14 -47 12 0
-45 47 22 0
-46 -37 42 0
21 -19 31 0
38 -43 27 0
14 -15 22 0
12 -12 48 0
-39 36 -44 0
38 -40 -38 0
3 -15 -2 0
-33 21 -37 0
-21 -47 -34 0
43 -27 -40 0
-18 -30 -9 0
36 -17 23 0
35 48 -16 0
28 4 20 0
-44 23 19 0
-21 -6 -49 0
50 21 44 0
30 -31 -48 0
11 -42 15 0
-17 24 28 0
-35 26 -17 0
30 15 -19 0
38 24 -48 0
-35 -9 -43 0
-6 13 -1 0
7 -25 7 0
11 -43 -26 0
37 -11 50 0
-16 24 49 0
-45 -37 -43 0
-29 -20 -29 0
-44 -31 -12 0
21 -34 -16 0
30 45 42 0
-24 -25 -29 0
23 -25 -1 0
-15 -31 -45 0
-10 -2 -6 0
-6 48 25 0
-26 -13 17 0
5 27 -47 0
-41 47 -20 0
-37 18 48 0
1 19 -41 0
46 -12 -28 0
-17 -5 -14 0
-20 -47 -29 0
31 -4 36 0
32 -25 29 0
36 30 -20 0
-31 -32 40 0
-7 22 -43 0
-13 -9 18 0
-10 -6 40 0
-1 -30 -40 0
44 -29 -39 0
9 32 -11 0
47 -13 -4 0
-33 -38 29 0
14 -50 -2 0
-21 26 9 0
22 8 3 0
46 -24 -18 0
3 -40 -7 0
-5 34 -37 0
-38 5 -48 0
-26 -43 -14 0
21 -18 44 0
-36 -23 -48 0
-34 -43 -46 0
-36 -32 -23 0
41 -20 -29 0
-49 -3 10 0
-27 -32 10 0
48 -21 17 0
1 -4 -4 0
38 21 46 0
-36 -5 -49 0
-41 -26 26 0
-9 -3 22 0
20 20 27 0
22 -44 9 0
12 42 46 0
32 16 34 0
-20 29 -16 0
24 -6 27 0
-12 -23 -12 0
38 -3 10 0
24 -3 -8 0
29 -15 -30 0
-32 47 7 0
1 1 27 0
-24 -30 -11 0
29 19 4 0
13 -41 29 0
-8 24 -45 0
37 -27 29 0
-28 14 -48 0
27 35 -9 0
-27 -35 11 0
18 -2 -43 0
-20 -30 35 0
27 3 -1 0
-9 12 44 0
32 31 31 0
27 -12 -45 0
-23 22 6 0
39 42 -47 0
-31 39 33 0
23 10 -7 0
44 -35 -24 0
49 -35 15 0
-29 -4 3 0
24 -33 24 0
11 34 -1 0
-45 45 -48 0
-49 16 -1 0
19 37 -13 0
-31 -22 29 0
15 -35 42 0
-7 -26 12 0
15 21 41 0
16 44 -16 0
18 -25 50 0
39 14 8 0
19 -28 27 0
-30 -44 14 0
-3 14 -6 0
43 -39 32 0
-42 49 -32 0
-37 -1 -46 0
-22 -50 -31 0
6 -31 -48 0
47 26 -49 0
-11 -30 -4 0
16 -21 -35 0
35 3 -47 0
49 -39 -5 0
23 9 -28 0
1 29 -31 0
-10 -50 19 0
-44 32 29 0
-27 -40 32 0
5 36 39 0
-3 -44 -43 0
-24 -40 -25 0
22 -24 29 0
5 -32 -17 0
28 28 10 0
-43 -40 -32 0
-27 -15 -30 0
-41 -12 9 0
45 43 -37 0
18 -43 5 0
50 -15 27 0
-29 12 -48 0
10 -17 -14 0
10 5 -44 0
-7 -17 46 0
28 39 4 0
-49 -46 40 0
-20 -20 -26 0
-44 45 5 0
7 -41 3 0
-5 -49 46 0
31 -25 12 0
