c CNF generator v0.9
p cnf 50 200
-36 19 27 0
20 -41 18 0
30 -34 -30 0
37 37 30 0
36 30 -11 0
13 26 -30 0
-15 47 5 0
-48 -15 37 0
46 -7 6 0
35 -44 35 0
22 -48 31 0
17 -39 -22 0
5 -10 -40 0
-47 41 43 0
17 -30 -37 0
-2 -37 26 0
-6 6 40 0
-34 -10 -2 0
47 35 44 0
-34 14 -30 0
44 16 -30 0
16 -12 -12 0
-14 15 33 0
-46 -26 -21 0
-48 10 47 0
12 38 -44 0
-15 37 22 0
10 -25 -50 0
41 45 11 0
-2 6 -16 0
10 42 -23 0
-14 -23 26 0
19 46 45 0
24 -31 43 0
16 20 24 0
-16 7 -8 0
-18 44 -15 0
10 -24 -4 0
43 -35 36 0
28 21 -5 0
43 -14 4 0
6 13 43 0
-39 4 10 0
43 -8 -31 0
25 43 -49 0
-35 31 -37 0
47 -46 13 0
28 -43 28 0
-14 -7 -7 0
29 -1 49 0
37 34 -25 0
-14 12 -12 0
48 -33 1 0
30 13 7 0
-1 -28 -33 0
18 -11 8 0
-3 -17 -29 0
-33 21 8 0
-4 -18 -10 0
-11 20 -32 0
32 -8 48 0
-37 -26 12 0
36 16 45 0
15 -34 43 0
34 11 -12 0
-14 -34 6 0
-40 -11 21 0
50 -9 27 0
-43 -31 -36 0
46 50 -10 0
-49 -12 46 0
-4 47 44 0
-9 43 -16 0
-6 -32 -41 0
-4 -18 -34 0
22 -48 17 0
-20 -35 46 0
-7 -37 -13 0
50 -6 -5 0
1 -9 -43 0
41 46 13 0
36 31 8 0
39 44 48 0
-27 41 30 0
-15 9 -19 0
33 17 9 0
23 31 39 0
45 37 28 0
-23 -16 -36 0
47 -1 50 0
28 -2 -39 0
-19 -18 -45 0
49 2 -44 0
20 43 -26 0
21 -37 -10 0
-40 44 -24 0
-39 2 5 0
8 -9 -23 0
2 -32 15 0
33 1 30 0
-19 41 43 0
7 -20 46 0
-24 -20 10 0
-9 -17 2 0
5 -20 24 0
25 7 -34 0
19 -26 -9 0
18 -37 -8 0
8 16 29 0
5 44 -11 0
-20 45 -6 0
-12 -48 -17 0
39 48 -14 0
39 10 20 0
34 -38 -10 0
40 -25 -20 0
17 -25 -6 0
3 -21 -42 0
9 27 45 0
27 -8 33 0
42 -22 19 0
16 -32 1 0
7 23 12 0
-42 -22 -47 0
-20 -41 1 0
7 -6 -14 0
-14 -40 -2 0
-9 -31 27 0
45 -36 -49 0
26 28 -10 0
13 -31 11 0
-10 38 35 0
25 18 -24 0
44 21 -50 0
30 -2 -48 0
-50 33 -27 0
-29 22 -25 0
48 14 26 0
1 -12 19 0
-47 -23 -20 0
-23 46 47 0
-49 1 -15 0
9 -5 -8 0
-45 4 -20 0
-8 11 30 0
-20 -9 23 0
-16 40 3 0
-23 14 46 0
-42 8 26 0
-27 -25 30 0
-3 40 31 0
-50 38 -19 0
2 -39 4 0
10 10 -33 0
-35 26 -10 0
17 42 44 0
-13 4 6 0
-38 -23 -40 0
20 48 18 0
44 -12 -8 0
4 35 -39 0
6 26 30 0
10 -34 45 0
45 37 -24 0
31 20 37 0
-49 -17 -6 0
-45 8 4 0
-10 49 -35 0
23 47 -9 0
-4 -4 47 0
2 49 -46 0
-12 -50 -49 0
-16 -17 12 0
-26 22 1 0
27 12 -28 0
19 -11 14 0
49 -13 23 0
40 22 -33 0
27 6 45 0
-44 13 46 0
20 40 47 0
27 -47 20 0
25 -12 -43 0
6 48 -13 0
-13 9 -35 0
10 -44 46 0
-11 -48 31 0
48 24 1 0
29 -21 41 0
-40 31 -11 0
-7 35 -44 0
13 31 -22 0
18 -43 -37 0
3 27 1 0
50 11 -29 0
-18 50 46 0
-31 -32 -29 0
-26 35 15 0
31 -50 -34 0
36 31 6 0
