c CNF generator v0.9
p cnf 50 200
45 28 37 0
9 -44 35 0
34 -28 -1 0
29 41 -34 0
43 -8 45 0
46 -30 21 0
24 -32 -49 0
3 -25 12 0
23 34 21 0
18 22 8 0
-2 -9 47 0
26 -30 34 0
24 35 -25 0
32 -45 27 0
46 -4 10 0
9 -16 -22 0
-7 23 -38 0
-24 -31 -15 0
8 -30 45 0
21 6 29 0
-3 15 -39 0
-6 -23 -30 0
-37 -19 12 0
25 -30 -48 0
26 41 -18 0
-21 -6 26 0
9 50 49 0
36 29 49 0
20 -26 -17 0
-21 -3 6 0
-12 -14 -16 0
-18 -47 -4 0
-20 29 36 0
-4 5 27 0
19 28 -37 0
-9 -26 39 0
-10 -31 25 0
33 32 49 0
38 -9 -12 0
-50 8 9 0
37 -40 -12 0
-25 -11 31 0
-50 10 38 0
-21 3 27 0
-21 -5 -50 0
46 24 -3 0
-14 -42 10 0
-13 32 39 0
18 -34 -21 0
15 7 -49 0
-19 14 1 0
35 50 42 0
14 -9 1 0
50 19 26 0
34 -1 -42 0
-38 -36 -42 0
-40 -2 -12 0
-46 -9 31 0
-19 -22 34 0
27 -36 -45 0
-9 -46 -47 0
1 -24 -2 0
-45 33 46 0
44 35 40 0
30 -13 -41 0
-42 19 46 0
27 -37 -9 0
12 5 11 0
-25 8 43 0
24 28 7 0
48 -5 -31 0
17 -31 2 0
-40 26 27 0
17 -23 -39 0
-30 45 -25 0
46 -5 -32 0
-34 -41 3 0
-13 21 30 0
-13 -18 22 0
-8 13 -6 0
-26 -46 31 0
-11 -25 30 0
4 3 19 0
-28 -23 6 0
-3 -16 40 0
19 -6 -33 0
-38 8 -43 0
-11 33 33 0
8 24 44 0
1 -26 -25 0
17 40 48 0
-14 -49 -31 0
17 20 14 0
-17 29 -18 0
-6 -38 50 0
31 38 -50 0
-49 36 26 0
2 8 14 0
-41 -7 18 0
-25 40 -8 0
47 -15 -17 0
4 -2 7 0
39 34 12 0
-45 -30 -9 0
-40 -23 -13 0
-41 14 -2 0
8 -16 -7 0
-15 -8 -14 0
-12 33 33 0
46 -30 -46 0
-11 -2 14 0
-12 21 7 0
34 -22 9 0
10 46 37 0
-48 5 -3 0
-23 18 2 0
22 -31 -28 0
3 -2 45 0
33 -20 -15 0
-40 5 33 0
-26 20 8 0
-45 -9 -48 0
-37 50 27 0
-11 48 -46 0
13 38 -35 0
-19 -40 -3 0
21 39 24 0
-33 33 50 0
46 44 -42 0
-16 45 23 0
31 15 2 0
20 -23 -33 0
44 30 -25 0
37 28 -38 0
3 22 -9 0
-26 33 3 0
41 13 6 0
-14 14 24 0
7 31 -23 0
-14 22 -13 0
-36 33 -48 0
-49 12 22 0
43 -48 19 0
42 30 -8 0
38 -48 13 0
8 24 9 0
-49 48 29 0
43 47 -20 0
7 18 47 0
20 -29 -40 0
20 47 36 0
-36 -24 13 0
-43 -27 -22 0
17 7 -44 0
-48 13 -11 0
-4 -3 -30 0
-3 -4 -32 0
-1 -40 -13 0
-41 -13 27 0
44 24 12 0
17 12 36 0
-46 24 -32 0
13 32 -47 0
-18 -19 -40 0
-8 -3 -49 0
37 50 36 0
-6 10 -28 0
-39 25 -48 0
4 -15 -40 0
-35 -8 18 0
-49 3 29 0
-46 -1 -27 0
-38 -31 -4 0
-13 -36 -7 0
-39 -33 -48 0
-15 -8 -41 0
-46 -38 -24 0
43 45 -2 0
28 -3 -49 0
-36 -12 18 0
-15 42 -34 0
41 -11 -32 0
40 -28 23 0
-45 -43 44 0
-34 -5 -35 0
-16 4 -4 0
5 5 7 0
8 -25 3 0
20 -32 29 0
19 -21 22 0
-43 -32 11 0
-44 -29 30 0
18 -24 30 0
33 31 47 0
-10 50 -5 0
7 38 -39 0
-44 -32 30 0
-11 50 15 0
34 20 48 0
-37 32 44 0
