c CNF generator v0.9
p cnf 50 200
21 4 2 0
-10 15 -36 0
43 -12 -46 0
-42 22 43 0
36 42 3 0
-12 46 -13 0
-23 29 -16 0
41 -41 -34 0
-36 42 32 0
6 42 -11 0
29 7 27 0
44 -41 18 0
-25 50 43 0
-34 19 8 0
-27 21 42 0
27 -7 -19 0
-17 8 14 0
-9 36 -48 0
-27 -46 -32 0
-45 37 43 0
3 21 -43 0
43 -24 -41 0
-41 41 21 0
39 37 -42 0
40 -11 -39 0
12 38 38 0
15 -47 42 0
27 -44 3 0
-21 -31 45 0
47 -35 14 0
-42 -45 28 0
10 17 16 0
-24 44 41 0
-37 26 37 0
19 -37 39 0
45 -44 -9 0
40 43 -35 0
-50 26 31 0
42 37 25 0
-30 48 -28 0
-15 -28 9 0
-8 -43 -46 0
-47 -26 45 0
-11 -15 -23 0
-34 30 -19 0
-18 -18 21 0
-3 -50 46 0
21 -39 39 0
-13 -18 32 0
13 -22 21 0
24 48 -2 0
8 -44 26 0
-8 -34 34 0
24 25 -24 0
49 9 -39 0
-10 -48 -28 0
7 11 -18 0
-17 6 10 0
8 -16 -31 0
38 2 -50 0
2 -37 -30 0
32 42 36 0
7 -25 -31 0
-6 -16 11 0
8 -46 33 0
7 38 -49 0
34 1 28 0
-43 36 -31 0
42 2 38 0
-41 17 -20 0
49 4 24 0
-40 15 -32 0
-20 -28 -28 0
46 -48 -32 0
-47 48 47 0
17 -46 -39 0
-43 36 7 0
-42 16 -25 0
-35 -32 43 0
-12 -3 -3 0
-35 -10 -29 0
-27 32 26 0
-12 6 -47 0
34 4 -49 0
-24 -37 6 0
-42 4 -47 0
30 29 -2 0
24 47 43 0
-11 49 -5 0
-6 15 -50 0
-29 44 31 0
-34 -34 -14 0
40 11 -50 0
44 -43 41 0
23 16 -14 0
41 -30 -26 0
33 -22 7 0
-26 41 -36 0
48 34 -9 0
4 -4 33 0
-50 14 -48 0
18 23 -50 0
-14 -43 -20 0
21 21 29 0
-4 42 39 0
-47 25 -42 0
-23 -20 -10 0
-36 -14 -24 0
6 2 43 0
38 19 -46 0
-24 33 -49 0
34 -35 37 0
-35 38 19 0
36 -13 -45 0
8 41 13 0
19 35 -22 0
11 -36 4 0
38 -30 -7 0
4 -21 -35 0
-23 -40 -33 0
1 -41 12 0
49 -10 -46 0
-33 1 -48 0
23 -10 -35 0
41 -3 35 0
-31 -36 -34 0
-7 -26 7 0
26 -36 -21 0
-17 -44 -9 0
-45 -21 43 0
-28 -43 -39 0
11 10 -21 0
39 -9 -30 0
-23 -26 -3 0
19 -34 44 0
23 -17 -10 0
-47 -34 11 0
-37 -1 -12 0
1 21 9 0
37 13 5 0
-7 43 -31 0
15 -9 -49 0
-14 -31 -8 0
-47 -45 -33 0
39 -38 -34 0
22 -14 -38 0
30 -48 -6 0
-23 19 33 0
-46 32 -10 0
-6 19 -42 0
26 27 -31 0
-17 37 41 0
25 35 -26 0
12 -30 -4 0
39 31 4 0
49 39 1 0
-15 -38 -48 0
-29 8 -39 0
42 43 -42 0
-22 -4 -24 0
-3 -14 5 0
43 40 -12 0
-36 -12 30 0
-41 47 11 0
9 -50 26 0
-8 -43 -42 0
-17 -5 -34 0
31 -29 37 0
-33 -4 -2 0
-29 -39 -38 0
-24 36 17 0
-41 47 45 0
12 -27 -24 0
-5 -24 -12 0
-43 30 33 0
14 2 32 0
46 -25 22 0
-31 -23 31 0
29 32 -29 0
16 -49 31 0
45 27 4 0
38 -29 -23 0
-14 -49 47 0
-13 6 -27 0
-19 36 -22 0
-17 -40 -20 0
34 41 49 0
-8 -4 41 0
-41 50 13 0
50 25 36 0
45 -2 40 0
-37 -8 -36 0
-15 22 28 0
-32 9 12 0
-26 14 50 0
23 -29 -12 0
-4 40 -14 0
-5 -29 47 0
-4 25 -2 0
43 -41 -22 0
