c CNF generator v0.9
p cnf 50 200
-5 -49 18 0
-43 10 24 0
14 43 -11 0
-11 -47 -16 0
-21 -11 -33 0
-18 -44 14 0
36 -41 -5 0
22 -10 37 0
33 -48 49 0
14 -37 -11 0
-7 20 -27 0
8 17 -16 0
37 -35 48 0
14 -45 -42 0
-7 -35 31 0
-22 27 -15 0
2 -37 -4 0
6 -45 -45 0
-6 -49 4 0
-9 45 -10 0
-48 11 -41 0
-7 3 19 0
14 -31 44 0
8 -2 35 0
-41 46 -49 0
1 31 -12 0
13 17 -29 0
30 -3 -26 0
35 -36 27 0
-35 44 -37 0
-35 32 -45 0
-47 21 10 0
-27 21 -25 0
-42 11 -16 0
-16 9 46 0
16 37 17 0
32 -23 -13 0
-28 -48 -45 0
-12 -44 1 0
-50 35 -43 0
47 32 -21 0
2 31 -35 0
13 -7 -43 0
18 -28 50 0
-4 16 -31 0
-26 8 -37 0
-27 -39 7 0
-37 38 -35 0
44 -33 -19 0
-14 -27 9 0
-5 21 17 0
-12 -39 -23 0
27 -15 38 0
-40 -39 2 0
-37 -18 45 0
50 23 -14 0
-23 12 35 0
43 -39 -37 0
-8 4 -23 0
-17 31 -46 0
-32 -35 -16 0
-45 -9 -7 0
5 -43 31 0
46 8 14 0
-34 27 -50 0
22 47 44 0
30 -7 -18 0
-45 3 33 0
40 -1 -41 0
13 40 33 0
-6 29 8 0
30 -22 -23 0
29 -48 -22 0
30 -39 32 0
23 29 -44 0
-9 2 40 0
10 -37 -6 0
-17 25 -37 0
-48 -27 7 0
1 -50 16 0
-40 -29 34 0
21 -27 41 0
-31 2 -11 0
7 38 -5 0
21 45 -18 0
11 -41 -28 0
45 22 28 0
11 -19 35 0
44 -46 -36 0
32 -35 10 0
-9 49 -6 0
-22 -47 26 0
2 -4 40 0
26 33 -30 0
-41 -36 -21 0
18 -35 -15 0
46 1 15 0
-12 -10 -32 0
-38 -12 -30 0
6 -27 18 0
-36 22 28 0
-27 17 32 0
-27 -17 8 0
-47 -49 47 0
-18 50 -34 0
3 1 3 0
8 -31 7 0
2 -47 -39 0
-18 10 5 0
-43 -45 14 0
16 19 29 0
-1 39 12 0
-39 7 37 0
-44 -39 -43 0
12 -34 28 0
39 50 -16 0
-22 -34 7 0
15 -36 -23 0
-15 -9 -10 0
23 38 -40 0
-17 -24 45 0
-19 -49 5 0
48 46 47 0
37 5 -25 0
-44 -2 -30 0
-15 -45 49 0
25 7 -15 0
3 -38 21 0
37 -11 17 0
-36 42 -44 0
-38 12 -4 0
-8 24 43 0
35 30 41 0
-45 34 -1 0
31 32 -2 0
46 -31 25 0
35 -40 9 0
17 -23 18 0
18 49 -32 0
50 45 40 0
8 36 -17 0
-27 -44 29 0
25 -3 28 0
-44 23 50 0
22 3 47 0
-3 41 21 0
31 7 50 0
-46 -28 14 0
18 -32 -49 0
-10 -15 -36 0
44 -17 -48 0
-10 15 21 0
-42 17 -25 0
-25 -42 14 0
-36 -43 -42 0
-7 48 9 0
-36 -1 -38 0
-36 27 -24 0
-23 -10 -11 0
31 -25 46 0
47 23 -50 0
10 19 2 0
-23 -31 32 0
-30 -16 19 0
28 -14 32 0
-36 -17 -32 0
-26 -34 -8 0
-23 -48 -2 0
4 2 -31 0
-50 30 -5 0
-23 20 -40 0
-25 39 -45 0
36 45 -18 0
-25 4 -48 0
30 27 -17 0
-22 -10 -4 0
-14 -20 27 0
-26 -36 -17 0
-20 -7 -3 0
46 3 -4 0
-15 -41 -32 0
-10 22 41 0
27 38 -50 0
21 -8 -13 0
-32 -1 25 0
-16 -15 -7 0
-16 -48 -10 0
-3 -6 -43 0
40 -17 30 0
23 -19 35 0
-4 38 33 0
-25 -31 25 0
48 25 -48 0
2 -33 14 0
-40 10 -31 0
7 -37 -10 0
-17 -3 -12 0
6 15 49 0
19 32 15 0
-16 -2 8 0
