c CNF generator v0.9
p cnf 50 200
11 29 -18 0
-45 50 3 0
-31 39 -50 0
-14 -49 -41 0
50 33 28 0
-25 5 -18 0
-46 44 39 0
-44 10 -22 0
-13 -2 26 0
-31 -28 26 0
-21 -12 -42 0
37 27 -45 0
-21 13 -4 0
13 44 -2 0
23 -17 -35 0
-48 -18 5 0
45 -23 -43 0
19 -32 -42 0
-47 8 8 0
13 -26 4 0
6 -6 31 0
-6 2 7 0
-2 32 41 0
12 31 -4 0
38 15 13 0
21 14 6 0
-45 -3 26 0
20 -48 -10 0
-20 -36 -15 0
28 -19 2 0
16 46 -26 0
39 -28 16 0
11 -11 45 0
34 38 -42 0
-9 -22 38 0
-38 5 -21 0
45 -41 20 0
46 36 -20 0
43 -5 45 0
30 -42 -48 0
-34 -32 -20 0
11 -38 28 0
23 26 13 0
33 8 -36 0
16 33 -20 0
45 16 35 0
35 19 25 0
11 -37 -17 0
-47 32 4 0
19 18 -45 0
11 -32 41 0
-39 28 -33 0
32 25 43 0
-21 -19 17 0
-23 38 46 0
-4 -14 -29 0
-6 24 -3 0
-44 -20 -2 0
-25 44 -2 0
18 9 12 0
-45 13 5 0
-3 -47 -47 0
-12 37 22 0
-42 -48 -4 0
-43 -21 -9 0
22 26 25 0
35 17 45 0
-17 -45 -39 0
-7 -42 17 0
45 19 49 0
-32 -18 30 0
6 37 -5 0
-6 -26 19 0
21 -47 18 0
50 19 -23 0
-4 -24 26 0
14 36 -33 0
18 45 -16 0
-18 -28 19 0
-26 -24 45 0
12 2 -16 0
20 19 4 0
14 4 22 0
-43 -3 35 0
-16 49 -44 0
-44 -41 36 0
48 38 14 0
-36 15 -9 0
10 -30 -18 0
-15 -21 -6 0
-28 20 -13 0
22 -44 44 0
-32 1 -4 0
29 -49 24 0
42 -40 -48 0
-41 -14 -41 0
-3 -20 16 0
-49 -16 -28 0
-29 36 39 0
41 -23 -44 0
-22 40 -36 0
22 -17 -2 0
45 -38 -21 0
-40 -20 -30 0
-13 47 -5 0
15 41 10 0
-32 22 45 0
-32 -5 -19 0
-17 34 49 0
-30 6 49 0
38 -10 34 0
7 46 32 0
36 -34 -37 0
-20 -45 -47 0
7 13 45 0
-22 38 34 0
-22 7 -38 0
-26 -38 -3 0
-19 5 -39 0
-16 -23 35 0
-45 22 23 0
2 7 -35 0
-23 2 18 0
-37 -3 -34 0
-40 -4 -7 0
-12 -23 -9 0
5 -9 -11 0
44 -18 1 0
9 46 -37 0
-3 -24 -6 0
-36 -10 -8 0
1 48 -36 0
-5 -38 -35 0
-50 -17 -4 0
-10 29 -22 0
-38 17 5 0
-34 29 -46 0
28 33 47 0
9 23 -29 0
-16 18 -3 0
-21 -15 -36 0
-21 -19 32 0
8 -22 -25 0
-14 -24 -12 0
-49 -47 12 0
35 -32 27 0
-36 9 -36 0
-50 3 32 0
-10 -8 47 0
42 14 43 0
34 -47 -8 0
36 -27 -20 0
5 1 -45 0
-23 50 -15 0
-46 -30 -29 0
15 50 26 0
16 23 39 0
-14 -45 20 0
-47 -32 50 0
-7 -2 20 0
27 37 -47 0
-23 -13 17 0
3 -19 36 0
-27 -44 45 0
32 -21 23 0
9 3 -31 0
-19 3 -44 0
-22 1 16 0
-33 42 -26 0
50 13 43 0
1 -20 13 0
38 -19 -42 0
4 -4 30 0
-34 20 -40 0
-34 -24 27 0
-25 -18 -39 0
-13 12 47 0
48 -10 -10 0
-8 16 -28 0
18 22 18 0
29 30 34 0
-1 -16 -46 0
6 -44 -29 0
28 9 40 0
-22 -34 42 0
41 -8 -40 0
45 32 4 0
43 42 33 0
-41 -22 37 0
28 -37 -2 0
-24 43 -27 0
7 5 40 0
-45 -49 3 0
19 37 25 0
16 -39 -36 0
-25 -34 34 0
11 7 -32 0
-9 -10 30 0
37 36 -49 0
-46 -49 -14 0
