c CNF generator v0.9
p cnf 50 200
-23 38 38 0
-36 12 3 0
-31 44 -3 0
-44 -37 -34 0
39 -27 33 0
-15 -42 -23 0
22 -12 35 0
9 -31 -39 0
-45 30 4 0
28 44 -35 0
43 17 2 0
35 20 -14 0
-45 -22 -12 0
48 6 -25 0
-3 -4 -24 0
37 -29 7 0
-48 -40 32 0
14 17 -4 0
21 -26 -49 0
7 46 33 0
-34 15 -1 0
39 -15 24 0
15 -48 14 0
16 26 -47 0
-18 -21 -50 0
-34 -2 -26 0
-9 39 18 0
-42 -27 30 0
32 -18 49 0
36 -2 43 0
-3 -44 -13 0
37 33 -42 0
-14 -1 -47 0
36 -4 -35 0
-24 -25 12 0
45 -38 39 0
-13 -10 -3 0
39 42 25 0
3 27 -18 0
-39 -47 7 0
-29 -2 18 0
-15 -1 41 0
41 22 -40 0
-50 25 -4 0
-11 -32 -48 0
-15 1 45 0
-25 26 -4 0
-4 -29 43 0
-19 -48 7 0
5 -4 -9 0
-19 -23 -8 0
-4 -3 27 0
-45 28 23 0
-21 31 34 0
-11 -22 -10 0
-21 36 -3 0
35 -49 46 0
5 25 -48 0
-25 -37 1 0
17 -47 25 0
19 2 -5 0
4 -9 21 0
-36 -13 9 0
-32 -40 -16 0
-33 49 -23 0
-40 30 14 0
11 37 -38 0
14 -5 40 0
44 33 29 0
28 34 -2 0
25 49 -36 0
4 23 42 0
-34 -41 1 0
46 -43 15 0
16 13 -30 0
-31 -25 -35 0
8 -12 13 0
-4 -16 -4 0
-36 -35 -19 0
4 -28 6 0
-29 10 13 0
1 12 -14 0
-18 -4 47 0
-47 -12 9 0
14 -15 38 0
6 -36 1 0
11 25 -36 0
1 -28 6 0
24 -15 -22 0
9 21 -6 0
-12 -10 16 0
10 -7 17 0
-13 -50 25 0
50 35 -46 0
35 4 -42 0
-8 25 44 0
50 31 20 0
34 -28 -29 0
-26 -25 -7 0
-17 31 21 0
44 -17 -5 0
2 -3 44 0
38 47 30 0
-36 39 26 0
-50 23 -23 0
36 -3 -39 0
50 -23 -22 0
25 40 35 0
-10 -32 -25 0
-19 -31 14 0
-7 47 2 0
-21 44 -1 0
-2 -18 -39 0
-22 -18 16 0
-18 -34 22 0
-8 -22 7 0
45 4 -33 0
21 -33 -5 0
49 40 -50 0
-24 -4 10 0
6 -15 -30 0
43 6 -6 0
23 2 7 0
38 -37 24 0
39 -22 -9 0
-10 2 -40 0
-42 -28 -14 0
11 46 -12 0
-27 15 2 0
-13 -28 -50 0
37 -5 39 0
3 -38 50 0
-45 22 6 0
16 -50 -37 0
8 47 34 0
23 -34 23 0
4 15 -20 0
29 -47 35 0
-29 -38 -35 0
-44 -37 -42 0
-39 9 36 0
12 30 -41 0
6 -24 -42 0
-49 1 -21 0
-2 28 -21 0
-19 -46 3 0
-46 -18 32 0
24 18 48 0
16 46 16 0
39 -20 36 0
42 -29 37 0
26 8 -31 0
-9 23 -46 0
-19 44 34 0
44 33 6 0
-1 -26 -7 0
-46 -41 37 0
1 44 -29 0
-20 23 6 0
-48 -26 4 0
19 3 -37 0
25 16 -3 0
-21 -3 42 0
42 8 45 0
8 -31 -38 0
20 -3 -8 0
-33 9 -41 0
-17 10 47 0
-50 26 3 0
44 -31 35 0
19 20 -32 0
-4 -10 -6 0
-29 13 41 0
-18 10 -20 0
9 -22 30 0
-10 -26 -12 0
39 -40 13 0
-25 41 19 0
30 19 3 0
35 -5 34 0
-28 47 -7 0
-49 19 -33 0
-28 26 -40 0
-24 20 44 0
-29 3 7 0
-13 43 28 0
-47 -25 11 0
21 6 29 0
-21 13 2 0
47 -21 8 0
-19 17 -14 0
5 -33 12 0
-32 26 -1 0
22 19 22 0
-6 -7 -1 0
20 8 4 0
19 11 37 0
10 -10 -25 0
-2 -25 -13 0
-35 -4 19 0
