c CNF generator v0.9
p cnf 50 204
1 29 -40 0
-5 17 -36 0
41 -6 13 0
23 -5 33 0
-50 -21 -3 0
19 -9 -37 0
-26 39 12 0
36 -1 -43 0
26 -31 -27 0
5 -1 -9 0
-43 33 32 0
-42 -43 31 0
-15 -48 -11 0
-32 35 -46 0
-28 -29 14 0
-24 -39 -29 0
1 -5 29 0
10 23 42 0
45 31 -15 0
-22 -9 -9 0
19 -23 -41 0
41 -21 -35 0
24 35 6 0
-22 34 10 0
36 -26 14 0
2 18 -21 0
46 19 15 0
12 -34 32 0
17 -37 38 0
-49 41 -12 0
-10 41 16 0
20 16 -26 0
-19 8 -7 0
-6 -10 19 0
28 50 42 0
24 -39 10 0
-3 16 22 0
36 -47 -42 0
-1 -12 -28 0
-34 40 13 0
-33 23 -41 0
-11 -35 -49 0
-25 -2 50 0
32 34 50 0
46 -11 -38 0
-16 -11 -47 0
-46 3 7 0
14 -15 -27 0
25 12 -8 0
-24 -21 -25 0
38 -22 30 0
-32 -46 -15 0
-28 34 48 0
-45 43 19 0
-41 -13 16 0
-20 -10 -47 0
-6 24 -19 0
45 7 -21 0
32 13 20 0
-30 -41 6 0
18 -24 -28 0
-32 -10 49 0
42 44 -12 0
-22 -31 11 0
47 35 -16 0
-9 -38 14 0
-40 32 -3 0
25 -9 -49 0
2 -43 -47 0
12 24 -38 0
6 -20 45 0
-22 12 47 0
13 -37 -37 0
38 42 46 0
24 -41 12 0
2 -7 12 0
-46 -26 -18 0
-5 8 1 0
24 -15 -27 0
-48 -38 5 0
5 43 -38 0
-28 40 -7 0
10 -25 -3 0
27 -38 27 0
45 -33 5 0
49 2 31 0
-3 12 -12 0
20 -42 6 0
-28 -39 -30 0
-47 -2 -2 0
26 33 46 0
-21 41 -31 0
-20 43 22 0
29 7 -50 0
4 -1 23 0
-7 -38 -7 0
-44 30 -11 0
32 9 36 0
-2 42 19 0
-21 -23 18 0
35 4 29 0
21 23 42 0
-35 -3 13 0
-18 19 -11 0
8 -32 22 0
-41 -9 -16 0
-32 6 8 0
-49 14 -11 0
5 31 -11 0
-33 -33 -50 0
-1 -4 -40 0
36 37 -12 0
-38 -44 -47 0
-32 -11 -42 0
-33 47 6 0
5 38 47 0
39 -6 -5 0
-6 -48 43 0
-38 38 22 0
1 10 -39 0
35 -45 9 0
-35 11 36 0
28 20 -5 0
-27 -47 7 0
-9 26 18 0
-39 -39 17 0
6 49 42 0
-37 -37 -37 0
43 -26 -14 0
-23 -37 -50 0
-30 29 26 0
-32 -39 47 0
18 -17 -24 0
40 7 -6 0
-17 36 46 0
-50 17 27 0
-10 34 50 0
17 -30 -15 0
5 -21 -9 0
-38 24 -45 0
-8 -26 21 0
-45 -46 19 0
49 -4 12 0
-17 -36 9 0
20 -23 -3 0
-25 20 -18 0
46 -14 45 0
8 -26 -47 0
-13 43 -43 0
38 -34 -17 0
1 48 -27 0
23 -46 37 0
4 -13 -35 0
35 33 -40 0
-36 -1 32 0
38 15 50 0
45 7 45 0
6 44 -14 0
24 38 25 0
-25 31 -30 0
-2 25 37 0
-27 2 -48 0
17 1 -19 0
-18 30 -22 0
49 36 -34 0
-25 -2 12 0
48 25 45 0
39 -26 5 0
50 40 45 0
-48 6 -43 0
13 -48 49 0
6 17 -30 0
35 31 -29 0
-45 23 -22 0
-50 -21 -43 0
13 -24 28 0
45 9 18 0
-43 -37 12 0
-3 38 -41 0
2 23 -14 0
-43 -36 -4 0
20 -24 47 0
46 35 -41 0
-32 22 -46 0
19 -28 -15 0
-17 -15 42 0
39 23 -25 0
23 49 -16 0
-6 36 -15 0
13 -18 49 0
46 -22 -40 0
-48 -4 24 0
-11 39 -5 0
-20 -30 -22 0
23 -46 26 0
-16 -22 22 0
-5 45 -5 0
21 10 50 0
-30 -4 50 0
2 30 18 0
-20 -17 33 0
3 -41 -41 0
13 41 22 0
-27 12 13 0
