c CNF generator v0.9
p cnf 50 204
-10 43 -2 0
26 -27 23 0
25 4 -18 0
12 -44 -41 0
-41 5 42 0
16 -27 19 0
-22 19 -17 0
-10 -35 -25 0
-8 29 -37 0
19 -16 31 0
-34 12 -27 0
23 43 -27 0
-2 -32 42 0
7 -41 -1 0
22 -7 36 0
32 -44 50 0
-18 -38 25 0
-2 17 -14 0
46 13 14 0
-49 3 11 0
6 -49 12 0
47 -8 4 0
-49 -40 33 0
-48 15 -31 0
-18 13 -17 0
24 -26 50 0
-11 -24 -10 0
-45 -11 -49 0
30 -24 -30 0
-5 -12 -7 0
-30 38 25 0
45 -49 33 0
10 -2 30 0
-17 24 15 0
-22 -15 11 0
26 -3 26 0
-27 -29 21 0
-42 -32 19 0
35 48 44 0
-31 25 -14 0
48 21 -8 0
29 45 -4 0
41 -50 16 0
-6 -6 -29 0
5 -6 10 0
32 32 -28 0
15 -19 37 0
49 -16 6 0
-3 -42 12 0
27 -29 -15 0
41 -36 -24 0
-19 14 29 0
-10 -35 -14 0
-38 49 44 0
38 12 16 0
30 18 42 0
-37 8 -27 0
31 -49 31 0
-10 -50 4 0
-50 -16 -6 0
19 49 36 0
5 44 -26 0
-40 12 -1 0
49 37 6 0
-49 2 -42 0
-24 1 -15 0
27 -42 26 0
-6 -33 -23 0
15 -1 -9 0
14 17 29 0
-44 13 -13 0
1 -28 -1 0
-37 -30 -28 0
-42 8 35 0
-48 2 9 0
-30 -46 -14 0
5 -50 15 0
45 16 38 0
-37 -7 25 0
5 -44 11 0
-10 2 27 0
-5 -38 21 0
44 -38 -15 0
-1 -24 -7 0
25 20 -49 0
48 -33 22 0
22 10 -48 0
35 19 11 0
15 12 -13 0
-47 11 46 0
19 23 13 0
-43 -25 12 0
-13 -49 48 0
-50 20 -31 0
-33 -13 -46 0
30 44 -20 0
-47 -3 -29 0
-12 -50 48 0
-18 45 -27 0
38 -22 -38 0
-47 10 -14 0
50 20 34 0
20 42 39 0
-41 -33 44 0
-25 27 -1 0
35 -29 -10 0
21 26 30 0
-24 11 46 0
18 19 20 0
12 -41 -19 0
-42 -40 23 0
-47 10 15 0
-40 17 -24 0
-41 -48 -2 0
-7 -16 -38 0
27 2 -35 0
27 13 -12 0
5 48 -37 0
-16 -46 12 0
23 26 -1 0
17 15 -15 0
29 -18 15 0
19 50 27 0
22 1 19 0
-17 -30 -11 0
-36 -31 -21 0
-35 47 -16 0
-2 -44 25 0
-17 -15 -23 0
-27 -50 -35 0
-43 -15 49 0
-38 -48 -49 0
-11 38 31 0
-27 3 38 0
8 -43 -26 0
-29 -46 27 0
-28 -32 -36 0
-11 4 13 0
-36 -14 1 0
-39 34 -31 0
40 44 -7 0
18 -27 -31 0
-41 10 -17 0
-17 18 -11 0
-19 15 29 0
40 12 -27 0
-5 -31 -49 0
21 7 41 0
44 23 7 0
-28 -10 4 0
27 42 -29 0
25 38 41 0
-20 -24 8 0
-41 -28 -12 0
-12 21 40 0
-20 -50 -3 0
49 13 18 0
-16 -29 -48 0
50 -30 4 0
-42 19 8 0
-21 29 -16 0
-5 43 38 0
-37 13 16 0
-5 -27 18 0
31 -49 30 0
11 50 5 0
15 -30 27 0
-29 -19 -10 0
-34 -37 -21 0
33 -12 15 0
47 -26 44 0
38 -41 2 0
-16 28 48 0
32 39 46 0
42 1 4 0
5 26 -3 0
1 45 24 0
8 4 -33 0
16 -40 -6 0
-14 38 16 0
2 -26 -43 0
16 -27 -40 0
-48 7 12 0
38 -1 27 0
42 49 43 0
-39 -30 44 0
-40 35 37 0
-29 22 9 0
10 -23 -29 0
34 -4 -18 0
10 4 -34 0
-35 50 37 0
45 -39 -46 0
-38 -19 32 0
47 11 -22 0
-41 29 16 0
-9 -38 -29 0
-28 -23 14 0
-13 -15 -34 0
-11 -38 42 0
-26 42 -19 0
-8 -9 50 0
20 -45 -24 0
-44 24 33 0
