c CNF generator v0.9
p cnf 50 204
26 -28 8 0
-19 29 -25 0
-13 22 -47 0
17 39 2 0
23 -11 -38 0
-9 -50 19 0
-32 -47 13 0
-39 39 -45 0
1 49 6 0
42 -10 -26 0
16 -14 7 0
-12 36 16 0
-27 38 -41 0
18 14 32 0
24 8 47 0
-14 31 31 0
-45 29 24 0
8 38 -44 0
39 -24 16 0
-23 28 -28 0
42 31 -27 0
1 -13 -12 0
5 -12 43 0
24 25 -43 0
4 48 -48 0
35 -38 -2 0
-17 -33 25 0
-24 7 -10 0
23 -48 48 0
-9 -15 -35 0
-45 -26 37 0
17 15 13 0
48 24 4 0
19 7 -44 0
38 9 47 0
49 47 -25 0
-30 42 28 0
-5 -49 -30 0
42 34 -27 0
-15 -44 16 0
28 20 46 0
-23 -49 10 0
-28 4 -16 0
-34 -47 -17 0
-13 19 -13 0
1 -7 -30 0
50 21 -21 0
26 16 -41 0
46 11 -37 0
-4 18 35 0
-31 36 -26 0
-26 47 -7 0
-41 34 -10 0
16 49 6 0
30 8 50 0
14 1 35 0
-27 -43 17 0
-27 48 14 0
-12 -8 16 0
-23 -44 -12 0
-35 8 40 0
7 35 -27 0
-20 -44 19 0
-41 12 45 0
8 16 -49 0
44 16 29 0
-10 -35 14 0
-34 -20 37 0
-15 19 24 0
-12 -10 -35 0
-47 -31 45 0
-43 -27 36 0
-15 -35 -45 0
46 9 -19 0
40 -22 13 0
11 24 12 0
-35 -41 31 0
-12 48 -48 0
-16 -7 40 0
-16 -26 -47 0
44 -9 28 0
15 4 9 0
-12 39 36 0
48 27 25 0
-19 -50 8 0
8 -34 -7 0
46 18 -28 0
-37 21 -20 0
-43 -40 -47 0
29 11 -13 0
10 -37 -27 0
-1 -32 42 0
-12 -17 7 0
-3 42 40 0
10 42 -49 0
-41 2 -6 0
46 36 -23 0
-8 10 21 0
-34 5 -46 0
-20 37 14 0
-5 -31 19 0
-49 31 -9 0
-9 40 -42 0
-49 13 -45 0
-48 -24 32 0
-23 -16 -45 0
47 22 -33 0
-10 -47 -31 0
-45 24 -33 0
-37 1 23 0
-26 -38 -22 0
43 -17 25 0
50 -7 -3 0
50 10 4 0
-38 -44 22 0
23 -4 -46 0
34 -29 9 0
-5 37 -2 0
-24 -23 -10 0
43 11 36 0
-36 38 36 0
-13 -28 -33 0
-42 17 46 0
-14 -23 30 0
48 -8 -10 0
28 26 -12 0
38 -27 -31 0
27 42 -29 0
16 26 -22 0
8 -24 11 0
9 33 1 0
-43 -24 48 0
-9 -14 12 0
-29 37 -40 0
45 -48 -35 0
-36 -23 -31 0
3 -9 -19 0
30 6 -20 0
-45 -15 -34 0
-50 6 -2 0
-39 -27 18 0
6 27 -23 0
-34 -3 -1 0
15 49 -47 0
-16 6 27 0
44 47 42 0
-33 13 -49 0
-39 -40 28 0
-45 10 -50 0
37 -40 -45 0
21 29 -45 0
43 36 33 0
46 25 20 0
-12 11 11 0
-50 48 -49 0
48 15 16 0
20 15 15 0
26 -36 4 0
2 41 -22 0
40 3 15 0
-24 -23 13 0
20 -36 20 0
-24 -49 -12 0
-44 -21 -27 0
17 40 49 0
48 44 -11 0
-50 -3 -14 0
-28 37 18 0
40 -27 26 0
-24 45 -36 0
22 -47 35 0
-24 -15 39 0
42 39 -44 0
12 -3 11 0
-11 -8 -20 0
18 -12 -48 0
-7 -42 42 0
-43 -9 -16 0
4 -34 -5 0
36 31 -23 0
-18 -46 3 0
-27 1 -12 0
12 -4 14 0
28 -49 2 0
-27 2 -50 0
42 -22 21 0
14 -48 -43 0
-42 -47 27 0
46 -3 -44 0
-23 -44 42 0
23 44 -24 0
22 6 -8 0
-29 -43 -48 0
-8 36 -14 0
37 49 -33 0
44 -12 9 0
1 25 -17 0
23 32 -37 0
29 37 37 0
7 -28 26 0
13 -44 -36 0
29 49 -18 0
36 32 -48 0
40 -5 39 0
