c CNF generator v0.9
p cnf 50 204
39 -21 -12 0
-50 10 44 0
-25 -47 -37 0
7 -6 -4 0
-42 -29 -36 0
11 -31 -35 0
-45 33 -38 0
-9 45 -48 0
48 48 20 0
18 44 19 0
-45 4 6 0
-25 20 -23 0
-29 35 -19 0
-7 -8 5 0
-4 1 38 0
-36 -13 -22 0
50 21 5 0
44 -16 -16 0
16 7 -19 0
9 34 -35 0
31 34 28 0
-25 -44 -37 0
13 -45 -36 0
36 30 -12 0
19 41 -6 0
-28 23 16 0
35 -41 8 0
-16 5 5 0
26 44 2 0
21 25 -47 0
-36 -15 43 0
10 -27 25 0
-11 -39 -37 0
40 3 35 0
24 -29 -17 0
-18 25 4 0
-37 48 -12 0
24 -25 -18 0
-9 5 -9 0
45 30 -48 0
31 -35 36 0
-18 14 37 0
27 28 -21 0
-45 1 -12 0
48 38 40 0
44 22 -15 0
-12 28 -27 0
-18 37 -20 0
34 1 13 0
-43 -19 10 0
-14 -26 -49 0
31 18 -10 0
-33 31 24 0
29 17 48 0
44 -19 -50 0
2 48 -49 0
1 -46 40 0
-18 37 16 0
18 29 -47 0
36 17 19 0
-36 5 -28 0
13 2 -1 0
28 -33 -44 0
48 -15 -26 0
27 3 -12 0
-6 -13 -43 0
28 9 41 0
-9 -20 48 0
-3 43 27 0
-7 4 27 0
18 6 42 0
38 20 15 0
27 43 43 0
9 -45 -31 0
42 -17 -29 0
-24 6 41 0
-39 -1 -32 0
-22 -45 1 0
-8 37 1 0
-33 50 -8 0
45 6 -40 0
12 -49 24 0
50 49 -9 0
4 -37 -36 0
3 -40 20 0
-5 -32 -23 0
25 38 -27 0
-19 40 28 0
-35 -48 3 0
15 -30 -22 0
15 48 -43 0
-31 9 45 0
-8 27 46 0
4 -2 -25 0
-34 -11 -26 0
-43 47 -12 0
14 28 35 0
-18 27 -25 0
12 -27 -29 0
4 24 50 0
28 6 -19 0
-32 -50 -20 0
-19 -40 -5 0
-47 49 23 0
1 -20 -43 0
-5 -4 -11 0
-7 -22 19 0
12 2 -46 0
-49 45 47 0
-11 9 37 0
-23 -32 37 0
-36 28 -41 0
-10 -24 16 0
-37 -44 36 0
-1 42 -29 0
13 -29 -13 0
-7 29 -10 0
9 -27 30 0
-25 -24 -49 0
13 24 25 0
-21 25 -7 0
-21 -40 -42 0
32 26 28 0
-25 41 2 0
32 -18 26 0
42 30 31 0
-34 3 -3 0
-33 20 -15 0
38 19 48 0
4 -19 -3 0
38 7 -31 0
-5 21 12 0
-41 -10 -18 0
37 46 -42 0
-2 -28 21 0
23 29 23 0
-45 -22 22 0
34 -31 -25 0
-18 -46 45 0
8 15 -2 0
36 12 3 0
29 -42 35 0
-24 1 48 0
32 -50 -33 0
4 -5 -33 0
13 -18 -32 0
6 -22 21 0
22 13 40 0
-39 43 -46 0
25 -2 5 0
9 -35 35 0
18 26 18 0
20 37 -21 0
30 -13 -6 0
12 26 -34 0
29 31 -7 0
20 35 -15 0
5 7 -41 0
-16 22 -33 0
-12 12 17 0
32 29 -32 0
20 37 -45 0
-32 14 47 0
26 14 30 0
38 5 26 0
-32 42 -19 0
10 -6 -32 0
12 18 -36 0
-2 16 40 0
-44 -48 -23 0
-4 1 -1 0
-8 21 -28 0
-36 42 -5 0
19 14 22 0
42 37 5 0
-7 -10 -34 0
36 -24 4 0
-22 26 50 0
28 -17 12 0
15 -31 18 0
12 20 -9 0
-35 -20 1 0
3 2 9 0
-15 -46 -33 0
1 -13 -16 0
-15 43 46 0
-23 50 -21 0
-2 -38 -7 0
-46 -5 -13 0
-44 30 18 0
37 14 -47 0
47 9 26 0
34 12 -23 0
50 -26 -46 0
40 -22 -48 0
35 36 34 0
-34 7 45 0
-38 12 7 0
17 -42 -34 0
5 -29 -26 0
-23 40 -1 0
24 -10 -13 0
32 45 42 0
45 -43 -31 0
