c CNF generator v0.9
p cnf 50 204
33 37 34 0
-33 -5 16 0
49 -34 18 0
-50 2 25 0
4 -37 -23 0
39 14 -20 0
-50 3 23 0
-47 47 47 0
10 16 13 0
-16 29 -42 0
39 16 -43 0
-8 -31 -36 0
35 -29 -43 0
24 -8 47 0
25 -40 3 0
34 17 12 0
43 47 22 0
-1 47 -49 0
19 -21 -37 0
-28 23 -44 0
-1 1 -19 0
-11 42 -26 0
-41 -13 26 0
-8 30 10 0
-22 11 36 0
-23 -26 10 0
22 -46 11 0
-10 -14 24 0
20 32 -23 0
-42 42 50 0
12 46 33 0
5 -1 -41 0
50 -9 3 0
31 36 -25 0
4 34 -40 0
13 -41 23 0
-5 24 46 0
-37 -24 -17 0
-4 31 -10 0
48 -50 18 0
-50 14 50 0
-38 48 -4 0
48 39 -2 0
-43 -15 44 0
-18 -43 -12 0
17 -40 49 0
44 -49 11 0
-36 40 1 0
-37 -25 -5 0
-48 -29 -49 0
40 -16 -9 0
-22 47 -6 0
-26 24 30 0
15 -45 -11 0
22 6 -41 0
2 41 27 0
-39 -16 -14 0
19 -40 4 0
-47 -26 -48 0
35 -17 31 0
-42 -12 -29 0
32 -26 -18 0
-38 -11 -8 0
30 -39 17 0
35 27 18 0
33 49 -2 0
50 44 -9 0
-15 -13 -10 0
-6 9 32 0
19 11 -33 0
41 -44 -41 0
-3 42 24 0
-8 2 8 0
25 47 40 0
10 -16 5 0
1 25 -49 0
-46 -25 30 0
-10 -32 -40 0
-49 -21 -47 0
39 11 -18 0
-10 -1 -48 0
-9 -38 -20 0
8 -45 48 0
-29 47 32 0
14 32 13 0
8 -46 -37 0
13 -29 36 0
29 35 -15 0
49 14 32 0
39 1 32 0
-4 25 41 0
-31 -19 -45 0
-8 32 -39 0
13 1 -45 0
23 25 -33 0
32 -14 17 0
46 -31 -46 0
5 -28 3 0
40 -14 -36 0
16 42 44 0
-39 32 35 0
-40 13 22 0
36 40 -49 0
-47 -13 -16 0
11 16 1 0
-28 20 -34 0
-35 -16 49 0
-42 -31 47 0
-9 -29 12 0
-49 33 13 0
10 44 11 0
-14 -16 17 0
-2 13 -5 0
37 -17 -31 0
20 -46 39 0
-32 -33 36 0
33 -21 30 0
-7 11 10 0
-48 38 -19 0
15 39 -38 0
42 -29 -20 0
-47 49 -6 0
21 27 -34 0
4 -16 -14 0
48 -46 -39 0
-47 26 16 0
-7 46 40 0
-13 -31 28 0
-44 -9 -15 0
-30 -48 -38 0
-22 -24 -23 0
8 -12 -31 0
-47 -50 37 0
-28 -11 -21 0
-43 -45 24 0
47 47 -13 0
-40 50 17 0
-21 43 4 0
-47 -1 45 0
-34 -39 45 0
-39 46 44 0
29 -34 46 0
3 -40 42 0
-44 24 -27 0
-13 -49 -28 0
8 18 44 0
12 5 22 0
18 -40 -9 0
-19 -40 31 0
2 -50 39 0
-18 -7 -6 0
29 10 41 0
-40 -31 -19 0
-21 -2 -22 0
38 -46 -7 0
32 4 -29 0
28 23 50 0
39 -9 -43 0
-16 26 24 0
38 -10 -6 0
11 36 12 0
-18 15 43 0
19 36 21 0
-7 -46 -4 0
49 29 12 0
-26 -20 30 0
-11 -5 -14 0
31 30 -21 0
-40 -13 -9 0
-42 -8 26 0
-24 15 -16 0
-13 15 13 0
30 -50 17 0
41 35 31 0
-28 7 18 0
25 2 -18 0
22 -45 -35 0
16 -45 30 0
-50 6 -20 0
-44 -18 -1 0
38 42 -26 0
35 33 -12 0
-3 12 14 0
33 -37 32 0
17 -17 -49 0
47 42 -33 0
-2 5 30 0
46 11 46 0
-5 -44 -22 0
16 -47 26 0
-3 -28 46 0
-1 4 31 0
15 24 -41 0
-1 47 50 0
-42 -17 31 0
-15 -6 -18 0
-10 15 -14 0
-23 13 21 0
-19 49 -32 0
-3 -32 15 0
-48 15 -22 0
-17 20 21 0
9 -21 12 0
27 -41 -9 0
