c CNF generator v0.9
p cnf 50 204
7 -37 -31 0
-3 -16 32 0
39 -32 -16 0
41 -3 38 0
-37 24 41 0
46 -2 -23 0
40 -4 -44 0
7 -3 30 0
-3 -38 -8 0
-13 -27 49 0
-4 -31 -16 0
45 15 -18 0
-2 -36 -23 0
-32 49 -4 0
-15 -9 -44 0
-6 -6 25 0
-28 -38 -28 0
-1 44 -21 0
3 -10 27 0
-1 3 -41 0
-3 24 35 0
2 43 -47 0
-29 44 -46 0
21 -42 -28 0
-16 1 6 0
9 -3 -44 0
-41 -29 4 0
18 16 -40 0
47 -25 -28 0
-21 45 -39 0
-16 23 -48 0
-13 -12 -22 0
42 31 -24 0
21 -49 23 0
12 42 20 0
48 15 2 0
-29 5 48 0
40 -11 35 0
-17 15 40 0
-25 38 35 0
-8 -30 -34 0
13 -50 34 0
-20 -12 9 0
18 -12 29 0
25 -41 25 0
-1 15 48 0
-44 25 20 0
8 -46 -14 0
34 -23 -39 0
2 -35 48 0
23 -21 -14 0
-18 -9 40 0
-33 11 -25 0
-31 26 -19 0
-3 22 -46 0
-21 -42 -25 0
25 50 -41 0
-8 34 -47 0
31 -11 50 0
42 -24 -41 0
-23 -46 -2 0
-37 -37 19 0
43 18 -46 0
30 -4 21 0
-13 -6 -17 0
-28 -20 7 0
44 -32 -31 0
15 28 45 0
-46 -7 -13 0
-16 10 45 0
-20 -12 -10 0
45 26 47 0
12 15 -22 0
49 13 36 0
-16 29 -12 0
44 1 7 0
-22 44 -27 0
-44 -17 -7 0
12 50 2 0
-17 -38 37 0
-44 -27 10 0
34 -5 50 0
-39 -32 -47 0
27 25 -43 0
11 1 50 0
24 -50 30 0
-17 38 43 0
-47 -43 27 0
-31 -36 27 0
-41 -6 13 0
-4 -10 -21 0
-13 45 -11 0
17 31 11 0
34 -38 27 0
-47 -10 -47 0
-9 -31 27 0
48 44 32 0
47 45 36 0
-17 18 5 0
-18 29 -31 0
-38 -39 -6 0
-18 -28 -31 0
-47 -17 -31 0
8 25 39 0
-41 -7 -17 0
3 46 37 0
41 27 23 0
37 31 -12 0
-38 -29 1 0
34 -47 45 0
-12 26 -18 0
-40 -28 -7 0
49 26 -30 0
-12 22 -47 0
-33 47 22 0
48 50 -24 0
13 19 -45 0
-27 -5 -42 0
28 -24 -3 0
-2 37 34 0
31 23 22 0
46 -19 -18 0
20 -7 -35 0
4 11 1 0
-8 38 -19 0
-38 8 -12 0
48 -7 49 0
7 42 -19 0
25 24 -13 0
-15 48 4 0
25 -50 14 0
-17 -8 3 0
25 7 50 0
-4 43 -32 0
-18 22 -42 0
-6 -34 -1 0
50 -1 16 0
-39 26 -5 0
-14 35 5 0
-39 38 -39 0
-17 50 7 0
21 3 -1 0
50 -42 -36 0
13 23 -38 0
38 -44 31 0
-41 -33 -5 0
-24 -36 -5 0
17 43 18 0
-44 9 48 0
-28 -16 -47 0
21 -36 -3 0
-48 14 -45 0
-41 47 47 0
-41 7 -9 0
-43 -5 1 0
26 -42 -7 0
-17 -23 -43 0
-13 -33 40 0
43 12 18 0
-4 -19 42 0
48 -48 28 0
-29 -38 -28 0
28 -1 -10 0
44 -9 32 0
-14 45 16 0
32 15 -40 0
-44 14 -5 0
40 19 33 0
39 -21 -17 0
23 -12 -48 0
-34 -33 -45 0
-24 -48 12 0
-35 47 3 0
19 -35 50 0
-21 -25 23 0
19 34 44 0
42 36 9 0
48 34 13 0
-28 -25 -47 0
26 -8 33 0
-8 31 30 0
-13 -39 -43 0
41 29 1 0
23 46 -16 0
11 -7 22 0
-10 -36 20 0
-3 16 -34 0
7 -47 17 0
-27 -48 33 0
-30 -29 21 0
-38 -45 10 0
36 -7 36 0
26 30 43 0
30 9 -36 0
17 -15 -32 0
47 -33 -42 0
-31 -17 6 0
-28 -38 13 0
-17 15 -18 0
-23 42 17 0
46 -27 3 0
-39 -39 25 0
48 23 -15 0
-41 39 35 0
