c CNF generator v0.9
p cnf 50 204
-25 -32 40 0
-35 -49 -45 0
-6 -21 29 0
29 -1 -29 0
24 -24 -1 0
-42 3 35 0
25 -49 48 0
22 20 5 0
5 22 13 0
22 -24 -22 0
-49 5 -5 0
41 21 -40 0
-23 49 -43 0
-20 16 -39 0
9 19 -30 0
-16 49 27 0
36 30 36 0
-20 49 -44 0
-1 -18 -44 0
-33 7 -9 0
17 -42 -11 0
-26 -15 18 0
-35 14 -44 0
-1 -8 19 0
28 -34 -36 0
45 -4 -32 0
-27 -35 41 0
48 -8 -47 0
44 -5 -28 0
40 50 40 0
30 23 20 0
-35 9 26 0
37 -20 24 0
23 -28 50 0
27 -12 -10 0
-4 -47 -47 0
-20 -8 -29 0
13 44 17 0
-1 -31 8 0
-15 48 29 0
35 -4 -30 0
36 28 -15 0
21 -18 12 0
36 -50 21 0
-2 -44 -18 0
-27 12 2 0
49 -33 7 0
-10 -7 -13 0
12 -21 27 0
-23 5 -29 0
27 11 -50 0
39 27 28 0
45 -26 -22 0
38 30 42 0
27 -32 26 0
-17 -26 48 0
-28 -16 -45 0
-11 35 -37 0
14 -28 5 0
-25 23 19 0
44 -45 -17 0
-14 -15 -27 0
31 -17 31 0
44 12 30 0
-49 -37 47 0
-39 -2 9 0
17 -12 26 0
-4 -41 -21 0
-12 -25 -45 0
29 -37 11 0
33 42 12 0
-19 36 23 0
-5 27 7 0
11 -2 -50 0
37 -45 -4 0
39 -31 36 0
-27 -28 -45 0
-5 -44 45 0
-33 4 -7 0
-30 -9 -22 0
-13 35 31 0
9 15 48 0
12 -20 16 0
-15 -11 -19 0
6 -10 -4 0
4 -44 -40 0
-35 41 21 0
38 -25 39 0
-9 45 31 0
-10 14 14 0
6 -24 7 0
36 17 44 0
34 50 32 0
35 24 9 0
21 -25 -48 0
-16 -11 27 0
39 -33 -29 0
-21 4 -10 0
-11 18 7 0
-16 -17 -29 0
-3 -35 11 0
44 -23 10 0
7 -20 -44 0
31 16 3 0
-19 -47 -12 0
29 -42 -41 0
-48 15 21 0
34 -22 -42 0
8 18 7 0
-43 -22 8 0
-5 -37 6 0
-26 30 14 0
-9 -7 -21 0
-2 34 -37 0
42 -30 -3 0
-29 8 -34 0
15 -11 3 0
-7 -16 -37 0
-16 6 -15 0
-28 -13 -48 0
31 4 16 0
-1 -45 1 0
10 16 29 0
-27 32 -3 0
2 -40 44 0
-42 -37 -14 0
-23 -22 -21 0
-34 -30 35 0
-27 13 15 0
-25 10 17 0
22 -37 21 0
-38 -15 -45 0
-1 -12 -19 0
-33 12 34 0
35 -50 20 0
29 -9 19 0
-11 -2 -1 0
-15 -38 -46 0
34 -8 -29 0
33 40 -48 0
-33 -27 -22 0
-40 13 -14 0
-17 27 48 0
27 -39 41 0
40 -31 -31 0
35 -28 -50 0
-47 -13 31 0
47 -26 23 0
-42 -10 17 0
45 -22 7 0
22 43 -6 0
26 29 27 0
40 -41 -38 0
-38 12 -12 0
6 4 31 0
48 6 -37 0
-38 41 26 0
-15 3 -10 0
-31 30 -33 0
-44 33 27 0
-18 -20 45 0
-16 -19 20 0
20 -43 9 0
-31 31 4 0
30 44 36 0
23 -50 5 0
39 50 -8 0
-45 -9 -47 0
47 -11 -46 0
19 -44 -44 0
-13 6 -4 0
41 6 49 0
-27 48 -30 0
-34 -6 10 0
-18 3 26 0
50 -42 10 0
13 5 -27 0
43 -49 4 0
8 43 10 0
40 -25 -35 0
-25 30 43 0
38 2 46 0
-34 -2 4 0
22 -17 -21 0
-20 46 42 0
45 -2 6 0
-30 21 -24 0
-25 -44 -42 0
49 -12 -3 0
-38 -43 46 0
11 27 -40 0
8 -11 -13 0
24 -1 -31 0
-38 28 38 0
32 -44 30 0
-27 25 -16 0
34 5 2 0
46 -7 -7 0
1 39 -44 0
-37 -24 4 0
1 18 6 0
45 21 -23 0
15 -13 45 0
-2 -10 35 0
