c CNF generator v0.9
p cnf 50 204
38 -29 -25 0
-45 -36 48 0
17 -36 -41 0
10 39 -39 0
6 5 22 0
50 41 -5 0
-19 1 44 0
-42 -44 15 0
33 47 25 0
-4 -34 -7 0
45 -41 23 0
2 -26 8 0
19 -15 26 0
5 -35 11 0
-2 -35 -3 0
-12 6 8 0
-35 -38 -25 0
-7 21 -21 0
-30 1 -10 0
12 -49 -38 0
-44 -8 33 0
10 -29 45 0
-15 -2 -7 0
17 -42 -31 0
21 49 -34 0
-45 16 -23 0
47 -15 -50 0
-20 44 -43 0
-11 46 25 0
1 -43 -6 0
35 -1 26 0
46 -16 4 0
-6 22 -28 0
-24 50 -18 0
49 -20 -21 0
-25 -15 -39 0
13 3 24 0
-12 50 35 0
-46 49 14 0
-17 34 27 0
-7 -39 22 0
-16 18 24 0
-16 43 -42 0
-15 49 -12 0
-34 10 -17 0
43 37 -33 0
43 -48 -40 0
-31 16 34 0
-39 -26 -15 0
6 -31 -35 0
12 36 2 0
-15 -40 31 0
-49 41 -1 0
-1 44 49 0
11 -34 42 0
26 30 -50 0
36 -7 23 0
-10 -20 -19 0
19 -36 -6 0
-29 -48 -43 0
32 28 -17 0
2 -7 -14 0
12 5 -33 0
21 5 38 0
-8 44 -6 0
1 28 9 0
38 -1 35 0
6 -2 -29 0
-49 42 29 0
-28 9 -24 0
28 -42 39 0
30 -21 -11 0
1 8 41 0
-47 34 30 0
15 -35 -36 0
22 -10 16 0
6 -50 -16 0
12 -45 36 0
-24 41 -21 0
-17 23 15 0
31 5 -46 0
-16 -20 20 0
-13 -50 39 0
-18 12 14 0
27 36 -15 0
48 -26 -33 0
-17 29 45 0
-43 -48 9 0
50 21 37 0
50 43 8 0
23 -10 42 0
6 47 38 0
-38 22 -47 0
19 -7 -6 0
-17 -18 38 0
-7 1 25 0
-15 28 41 0
44 33 31 0
-6 -43 -19 0
43 -26 -12 0
-33 47 49 0
49 39 -42 0
41 43 -25 0
-36 -29 14 0
-15 10 42 0
13 37 39 0
-47 27 43 0
-19 23 -7 0
6 -42 50 0
19 -46 38 0
-49 14 15 0
47 14 -31 0
-23 7 7 0
-30 11 1 0
20 -4 35 0
7 -7 -25 0
-2 -31 -41 0
-26 24 30 0
5 39 24 0
21 46 45 0
7 14 -40 0
7 -47 -2 0
48 11 -17 0
-47 33 -49 0
21 -48 -10 0
-32 -13 -23 0
-26 6 31 0
-29 38 48 0
29 17 -20 0
-49 33 18 0
-45 32 -23 0
-16 23 -30 0
-35 34 13 0
-5 17 -31 0
8 -19 -16 0
-1 -45 36 0
-33 24 -27 0
40 -38 -45 0
-8 -45 -42 0
-12 -32 43 0
14 20 -2 0
15 -28 -23 0
-35 -17 28 0
2 7 17 0
43 -43 -18 0
43 -32 41 0
25 -3 2 0
50 33 -34 0
36 10 17 0
16 9 10 0
-6 -3 -21 0
-4 -46 -26 0
12 -40 24 0
-29 -23 -36 0
-10 -18 -1 0
-40 23 -39 0
46 -41 8 0
-24 49 -27 0
-8 -32 4 0
22 -6 1 0
18 27 -33 0
30 50 -31 0
-33 -1 -25 0
-19 40 11 0
-25 -26 -3 0
-42 -17 11 0
-31 -4 -23 0
-49 29 -35 0
-21 -34 22 0
-44 -9 35 0
-45 32 -31 0
30 -2 -48 0
12 45 24 0
-15 -37 -21 0
6 -29 28 0
-14 -42 -43 0
-29 7 46 0
9 19 -6 0
34 27 -16 0
31 10 -33 0
-31 -11 34 0
-43 -37 15 0
-13 19 -17 0
-32 -19 -20 0
13 -18 -44 0
2 -3 14 0
-5 22 -38 0
30 -15 -23 0
4 -1 15 0
-25 1 -6 0
12 7 -19 0
-1 -31 6 0
-2 -6 28 0
21 25 38 0
-11 8 -3 0
31 10 -37 0
-50 -43 -34 0
-1 -24 -40 0
2 7 -40 0
-3 31 -18 0
-20 -32 -14 0
-2 45 17 0
-30 12 2 0
13 -5 39 0
