c CNF generator v0.9
p cnf 50 204
14 49 30 0
-45 -31 -8 0
-3 43 -6 0
-47 -25 14 0
9 -5 -50 0
4 -21 40 0
39 2 29 0
-29 39 -34 0
10 33 -28 0
11 -21 32 0
-31 -48 -19 0
-3 24 -38 0
-5 8 -39 0
1 -43 -34 0
3 40 -49 0
4 26 -16 0
5 -40 45 0
38 28 11 0
42 -38 -13 0
-24 38 48 0
-19 -30 -16 0
45 -12 -26 0
-14 -2 36 0
12 22 16 0
-14 -38 3 0
20 -13 13 0
-19 33 -35 0
5 1 -45 0
-32 -8 -6 0
37 -31 -9 0
-24 34 32 0
-25 38 18 0
41 15 -22 0
49 36 -18 0
-15 -36 19 0
-29 23 -17 0
38 -7 -43 0
-7 -46 17 0
-49 41 -19 0
-44 -33 -17 0
-33 16 -34 0
8 -23 25 0
18 -25 -41 0
6 -20 -44 0
16 -8 2 0
-49 -10 37 0
-35 -29 44 0
21 7 -14 0
26 10 18 0
-16 -34 -47 0
14 43 -13 0
-32 -1 -40 0
-41 -30 -18 0
-15 50 -19 0
-36 -50 -42 0
-49 25 3 0
9 25 27 0
28 -17 5 0
-5 11 5 0
16 -40 30 0
42 21 -39 0
-42 49 3 0
29 -18 -3 0
38 36 44 0
-16 37 -31 0
23 -39 25 0
-44 -18 -24 0
-33 50 -14 0
-36 3 35 0
24 -4 -13 0
31 -13 -29 0
21 -19 9 0
38 -37 2 0
-18 26 35 0
-43 18 36 0
-22 15 -23 0
-3 4 -5 0
38 -36 49 0
-20 -27 25 0
-34 14 25 0
47 -38 -13 0
-34 -42 -32 0
50 -38 24 0
9 -44 12 0
40 -22 -35 0
27 -42 -20 0
-4 38 47 0
40 -33 -22 0
35 -10 3 0
23 12 -38 0
-24 -3 -36 0
45 -30 -36 0
-18 -25 6 0
44 21 45 0
49 15 7 0
-25 2 -25 0
-16 -3 19 0
-22 36 29 0
-4 -16 -49 0
-50 -34 -17 0
1 35 45 0
-9 35 -12 0
-3 20 -36 0
22 -49 8 0
-1 -9 24 0
-19 31 -14 0
10 27 42 0
-47 10 43 0
-47 24 36 0
12 -43 39 0
-25 33 8 0
45 -40 13 0
-26 24 -2 0
12 35 14 0
-29 -36 -46 0
-49 -41 -6 0
25 24 -41 0
15 -11 -49 0
-33 -44 34 0
-10 -26 9 0
14 -35 24 0
-19 14 27 0
46 13 12 0
-39 43 -15 0
-39 1 23 0
-23 25 21 0
-46 20 -48 0
-47 46 -25 0
-35 -37 44 0
15 19 -14 0
10 37 -40 0
17 -29 24 0
9 -21 -47 0
15 45 -11 0
-30 -3 -37 0
-42 -17 50 0
44 8 -1 0
-48 -24 37 0
-17 12 30 0
-49 13 36 0
-30 44 38 0
2 29 -5 0
-31 -34 35 0
11 -39 28 0
-17 -24 -18 0
9 -48 15 0
-9 5 19 0
2 13 20 0
-29 -20 12 0
10 7 -26 0
29 16 9 0
19 48 26 0
47 -13 -4 0
-31 -7 -40 0
16 -17 -1 0
-45 43 23 0
-18 48 -23 0
-10 -5 -23 0
-42 8 -20 0
-30 1 41 0
35 -22 42 0
13 32 -43 0
-23 -15 -3 0
-49 22 -1 0
-19 49 -21 0
12 21 22 0
7 27 8 0
-45 40 -28 0
-20 -21 -12 0
7 1 45 0
-19 33 -46 0
-9 6 -3 0
-42 50 31 0
-38 36 45 0
-21 -17 49 0
28 -11 -49 0
21 -29 26 0
-1 31 -48 0
-30 49 18 0
-47 50 -13 0
-28 36 -30 0
-8 -30 -19 0
28 18 44 0
-17 -24 6 0
36 28 -47 0
23 29 -12 0
20 49 49 0
-25 44 -41 0
-50 42 -7 0
37 40 7 0
-12 20 -1 0
36 16 27 0
-11 -24 48 0
48 9 14 0
-36 -32 5 0
28 37 -37 0
45 14 4 0
24 -19 -24 0
-12 -44 35 0
29 48 -33 0
-43 3 -50 0
-26 44 -21 0
-10 -50 -24 0
-3 -8 44 0
