c CNF generator v0.9
p cnf 50 204
28 -6 17 0
-25 -8 38 0
-42 32 -8 0
20 47 -34 0
28 -29 -26 0
38 -35 -3 0
39 -41 37 0
-18 36 24 0
16 -45 1 0
12 17 -5 0
-6 30 -37 0
-50 -28 -27 0
2 -27 -19 0
22 36 -26 0
19 22 27 0
-28 -23 -17 0
41 5 -44 0
39 25 17 0
-7 -16 -13 0
39 35 -18 0
44 33 21 0
47 -50 -7 0
29 -24 -15 0
38 -38 9 0
34 -2 13 0
-32 12 32 0
2 -40 -27 0
-46 -47 41 0
28 30 -46 0
-48 -14 5 0
21 36 -50 0
34 -49 -30 0
-24 50 26 0
32 9 -21 0
-9 45 -38 0
-16 37 6 0
11 11 42 0
7 -48 -8 0
50 18 24 0
13 1 29 0
-43 35 -47 0
-21 45 21 0
-6 -4 -40 0
29 11 -33 0
-50 -8 -46 0
-40 -50 -45 0
37 -24 24 0
-13 -27 -2 0
-37 27 49 0
42 13 -46 0
-47 -41 18 0
-6 -13 20 0
-9 -6 45 0
-29 47 38 0
6 42 48 0
24 46 17 0
46 -40 -19 0
-17 -2 -6 0
-49 7 11 0
26 29 45 0
-2 14 -20 0
17 42 16 0
-43 -33 -33 0
-13 -17 20 0
-17 6 11 0
5 -32 42 0
15 14 -5 0
19 -13 -27 0
27 4 10 0
-14 16 -11 0
16 -29 37 0
-39 -8 2 0
-17 29 26 0
-43 -4 -39 0
-43 -21 39 0
-35 -11 -2 0
14 2 41 0
39 -41 20 0
24 46 31 0
36 -20 -16 0
50 -12 45 0
-22 -32 9 0
14 39 47 0
30 2 3 0
18 -38 -50 0
45 -7 15 0
-48 10 26 0
-8 33 -43 0
16 -4 22 0
-12 47 34 0
26 47 -29 0
5 -43 -3 0
7 13 14 0
-29 -47 -41 0
35 32 -5 0
24 -18 29 0
-44 44 -14 0
29 -27 15 0
7 -32 -35 0
35 21 5 0
46 42 10 0
-47 -44 46 0
-19 -28 47 0
49 -50 -33 0
2 6 12 0
32 -8 19 0
33 44 -2 0
13 -50 39 0
-9 -43 23 0
-40 -42 -21 0
-42 27 -18 0
17 22 27 0
-10 46 13 0
-43 18 43 0
-16 41 18 0
-30 47 9 0
-31 32 15 0
-20 33 46 0
42 -24 -20 0
50 37 49 0
45 7 5 0
-31 28 -21 0
-40 -1 21 0
-39 -25 27 0
50 23 14 0
-27 -47 -34 0
10 19 -46 0
-27 -5 -47 0
-45 25 -18 0
-29 -8 -26 0
8 -35 16 0
37 38 10 0
39 44 25 0
-39 -49 35 0
33 -28 27 0
-17 29 28 0
1 -36 49 0
-12 -13 -38 0
4 13 50 0
39 10 38 0
9 24 26 0
-30 19 35 0
34 -7 -23 0
-18 9 -17 0
-21 -7 45 0
34 47 50 0
-5 -18 -29 0
11 -46 46 0
-25 -8 36 0
28 3 -35 0
23 19 20 0
-32 49 -31 0
17 37 -27 0
40 -15 -19 0
28 -49 27 0
25 48 41 0
35 -20 -42 0
27 38 -6 0
12 -12 -32 0
-20 -27 46 0
20 15 -31 0
31 -19 2 0
-6 31 22 0
-43 36 -24 0
-10 -5 39 0
-4 -35 17 0
-24 33 25 0
21 49 25 0
-44 25 25 0
24 -24 -26 0
24 -10 43 0
29 -8 -22 0
44 19 -5 0
-19 46 26 0
18 -20 29 0
-49 -8 18 0
21 -23 -35 0
-41 8 -32 0
-12 30 29 0
-17 -43 -18 0
34 -41 9 0
-44 34 15 0
12 -38 -12 0
11 -12 -29 0
6 -10 -22 0
42 40 36 0
29 -39 17 0
29 -10 35 0
28 -31 35 0
7 -4 43 0
-17 -17 32 0
-4 -42 -30 0
-14 -22 37 0
31 3 -6 0
-33 -2 6 0
-7 22 27 0
-8 -31 -18 0
-9 -2 10 0
7 -21 -11 0
-6 18 -50 0
-5 -26 -33 0
-1 -16 43 0
-47 -27 27 0
-11 16 39 0
