c CNF generator v0.9
p cnf 50 204
45 49 34 0
12 -17 -2 0
48 15 -7 0
28 -36 30 0
-39 34 1 0
-32 -36 12 0
-7 -40 -44 0
20 18 -44 0
-2 -18 -14 0
-33 -24 -20 0
-3 -2 -23 0
28 24 -20 0
-1 -1 11 0
27 -19 -29 0
-35 44 34 0
-28 38 37 0
3 -13 23 0
-33 -41 -1 0
-37 -28 25 0
-21 -10 -26 0
35 -14 26 0
6 -9 -25 0
7 19 43 0
-45 -10 -10 0
-48 -19 50 0
-38 40 -47 0
49 -17 32 0
19 -46 37 0
-24 5 -5 0
36 33 10 0
-7 -22 1 0
-2 -37 3 0
-31 12 3 0
-27 29 4 0
38 4 -9 0
25 -10 -40 0
9 -13 -43 0
37 -3 -16 0
-38 48 -10 0
31 24 36 0
-12 15 3 0
10 -30 -14 0
-19 15 -37 0
-3 24 -37 0
3 12 27 0
23 37 -33 0
-14 30 41 0
-40 18 29 0
-23 -6 9 0
34 -39 3 0
-47 -20 -16 0
-41 -1 -14 0
41 -22 26 0
12 20 41 0
47 13 -17 0
30 -20 -10 0
4 31 16 0
-3 27 -40 0
-6 -7 8 0
28 -50 7 0
-32 16 -28 0
25 30 13 0
-26 5 46 0
12 4 -29 0
-38 -28 -29 0
23 -8 -48 0
18 -9 49 0
37 -3 -43 0
41 48 1 0
-36 -50 14 0
-49 -35 -20 0
20 18 9 0
22 17 -25 0
38 1 45 0
-7 50 -15 0
36 -23 -16 0
14 -32 33 0
-14 -32 -25 0
44 6 -41 0
-46 44 -32 0
43 -42 -18 0
-50 -22 6 0
25 -41 -40 0
-18 11 37 0
-32 17 44 0
-10 -31 -15 0
6 30 33 0
7 -14 -4 0
26 22 -36 0
-32 9 18 0
18 -11 17 0
7 21 -43 0
43 -44 -43 0
-15 17 33 0
-31 -18 49 0
38 38 44 0
-14 29 -17 0
-39 20 -9 0
26 -7 49 0
50 -44 46 0
-14 -50 7 0
-45 -25 10 0
29 28 5 0
-3 -36 -9 0
-11 14 43 0
-40 -47 10 0
30 -13 -29 0
43 22 31 0
7 6 -34 0
37 -39 -21 0
19 -38 20 0
-6 19 -5 0
-23 -3 26 0
-31 47 22 0
-46 17 30 0
7 -50 -47 0
-2 4 15 0
-37 16 -17 0
24 -48 -28 0
28 -23 10 0
-2 -42 43 0
10 45 -3 0
23 33 -23 0
-44 42 17 0
27 46 -40 0
-49 -40 5 0
10 13 36 0
34 -31 -38 0
2 -39 44 0
25 -25 -7 0
11 -8 -22 0
-23 46 -6 0
24 -13 41 0
-11 44 -21 0
-25 -6 -16 0
15 4 -24 0
31 28 41 0
-45 -48 -30 0
-15 -50 1 0
38 -11 2 0
-39 30 -29 0
36 20 26 0
-23 48 -1 0
15 -11 8 0
-42 39 1 0
-32 -8 -43 0
14 46 36 0
-6 6 49 0
-50 -29 11 0
-45 -14 -26 0
-23 3 38 0
-5 -16 42 0
-50 43 12 0
-41 -24 21 0
-5 -21 -44 0
-15 -29 -21 0
1 24 50 0
33 -17 36 0
-45 21 -22 0
-19 -6 4 0
2 -11 9 0
-11 46 -50 0
24 -10 28 0
8 -43 27 0
45 50 -19 0
-10 -47 -33 0
-29 -40 23 0
22 -43 9 0
-30 32 -30 0
33 -26 -20 0
-12 25 -50 0
1 -8 20 0
26 -22 42 0
-3 -8 16 0
-46 -26 2 0
-33 16 1 0
20 21 -12 0
41 48 -29 0
-17 5 -26 0
-13 -31 -45 0
35 -34 33 0
-26 30 36 0
-18 46 3 0
-27 -23 29 0
33 -3 -25 0
3 1 13 0
36 40 -41 0
28 32 -32 0
39 12 16 0
-33 27 -34 0
-39 -18 -17 0
-11 -15 10 0
-34 -28 44 0
-45 -17 -37 0
-24 12 -27 0
42 31 38 0
-3 -18 -19 0
-40 -16 -34 0
-49 4 34 0
44 2 -15 0
19 32 -6 0
4 46 28 0
38 -13 6 0
-20 15 -5 0
