c CNF generator v0.9
p cnf 50 204
33 44 47 0
-44 23 47 0
44 9 22 0
46 -37 -30 0
-21 -32 -48 0
44 -20 7 0
-22 -30 -34 0
-50 -13 45 0
15 -44 -34 0
14 -40 -45 0
-49 -28 17 0
-13 -30 -39 0
34 -48 -17 0
-33 48 -36 0
36 -15 12 0
-39 -44 -44 0
-16 42 11 0
-24 24 -43 0
-26 -3 34 0
6 29 28 0
-45 8 -42 0
-31 -50 40 0
40 -12 27 0
-43 9 -33 0
19 -47 -44 0
35 -14 40 0
11 -37 -50 0
-28 27 -31 0
-44 48 38 0
47 -28 -3 0
17 -28 -40 0
12 -20 17 0
45 -33 -49 0
-13 -25 -25 0
-18 11 -49 0
38 19 44 0
-9 -47 41 0
-22 36 21 0
24 47 39 0
-35 33 -1 0
37 35 -8 0
47 -45 25 0
-47 28 -13 0
44 -10 16 0
-31 -50 38 0
27 10 23 0
44 24 7 0
-44 -12 1 0
24 11 -39 0
31 2 -11 0
39 -41 -43 0
-14 43 22 0
-28 44 -21 0
26 14 -4 0
-39 2 42 0
-30 16 -15 0
9 32 -25 0
-47 -15 -44 0
-25 4 50 0
-27 -32 9 0
-41 45 -31 0
-42 -41 -14 0
-10 14 48 0
21 -38 -49 0
21 43 -12 0
43 -26 3 0
30 -2 -24 0
-22 10 -43 0
-18 -1 -16 0
1 -17 -1 0
21 13 12 0
8 -27 -14 0
-37 -49 11 0
29 -23 -16 0
-43 -43 -41 0
7 -45 -21 0
-2 39 -34 0
-39 -19 45 0
-14 34 -8 0
-47 19 -36 0
-9 7 47 0
-50 15 -35 0
-25 -31 -9 0
4 -49 17 0
-1 -1 -4 0
-4 -4 -48 0
-29 24 5 0
-5 -2 -40 0
46 1 15 0
-31 7 14 0
-50 34 -48 0
-38 -36 -17 0
-4 42 21 0
-43 31 25 0
-26 -14 -39 0
-38 -3 31 0
12 23 36 0
-7 33 -35 0
48 49 25 0
-24 -1 41 0
-10 14 41 0
-45 -43 24 0
34 -4 49 0
6 15 -27 0
46 -30 -48 0
-16 -10 12 0
-29 -40 46 0
-46 -20 46 0
37 -19 -50 0
-1 -41 -8 0
-40 -38 43 0
24 -7 33 0
10 -39 -47 0
14 27 4 0
-10 21 24 0
-32 2 45 0
7 -17 -44 0
45 50 -25 0
-6 37 -2 0
-1 39 -6 0
36 -30 10 0
43 22 40 0
-46 1 49 0
-39 -3 -10 0
5 -28 -40 0
-7 15 15 0
-35 50 -15 0
-31 4 -1 0
8 35 11 0
21 -49 -49 0
2 44 -34 0
30 30 -30 0
-37 -44 42 0
-39 44 46 0
17 4 8 0
45 47 -13 0
18 35 -7 0
3 -1 26 0
42 50 -1 0
-22 -23 -47 0
-49 -16 -42 0
-20 -10 -30 0
-24 -25 -44 0
-35 -34 -39 0
10 7 -23 0
-25 38 -34 0
-30 27 21 0
20 -45 10 0
11 4 -22 0
-48 9 -10 0
-20 44 50 0
-41 9 36 0
-36 -29 30 0
24 -16 -11 0
-34 -9 17 0
-8 -15 -44 0
46 28 -49 0
-22 -42 3 0
22 48 26 0
-48 48 31 0
-2 -33 40 0
39 -10 36 0
42 -20 28 0
-39 -32 36 0
11 24 -42 0
19 -19 -9 0
-12 -48 -38 0
15 6 -44 0
-39 -36 -30 0
-43 35 -29 0
34 -22 2 0
9 34 -9 0
-5 -8 -11 0
-22 16 22 0
-1 -26 1 0
-4 -26 34 0
-47 25 14 0
-2 -25 -13 0
-7 10 -32 0
5 38 -33 0
-27 24 46 0
13 11 -44 0
-39 38 36 0
32 39 16 0
18 -46 43 0
17 11 -27 0
8 -38 -14 0
44 47 12 0
-43 46 -36 0
22 -37 19 0
47 24 34 0
5 46 -4 0
48 45 23 0
-29 -11 -34 0
22 31 -35 0
-35 -18 -16 0
27 6 -30 0
-47 -32 32 0
43 36 41 0
-40 -32 45 0
7 45 -12 0
-19 -35 -33 0
7 -14 39 0
-36 30 30 0
