c CNF generator v0.9
p cnf 50 204
-48 -33 15 0
21 1 7 0
-23 -35 40 0
49 -27 -29 0
24 40 3 0
3 18 -49 0
14 40 -50 0
45 25 31 0
40 17 -29 0
12 41 30 0
-8 -16 -35 0
-34 10 2 0
-33 25 6 0
36 -35 -37 0
-32 -10 -39 0
14 -35 14 0
-40 1 -36 0
40 30 29 0
-22 48 8 0
31 -37 -15 0
39 15 -10 0
12 41 50 0
-50 -19 -46 0
46 15 -14 0
50 42 2 0
-2 38 -15 0
23 42 42 0
35 23 21 0
-50 -4 -33 0
47 40 47 0
6 -43 29 0
-22 36 20 0
-44 -43 11 0
22 -27 -14 0
19 1 -29 0
-38 -7 13 0
-26 -37 6 0
34 10 -13 0
-27 43 30 0
-26 50 26 0
40 -50 18 0
-27 -6 -1 0
-21 2 3 0
21 -5 -35 0
-18 26 12 0
-1 50 35 0
-37 31 41 0
12 10 8 0
-33 33 22 0
-23 50 -11 0
-44 3 -50 0
-1 32 21 0
-28 50 1 0
-5 23 9 0
49 5 29 0
42 30 21 0
1 -15 -47 0
16 -41 -31 0
-11 -42 2 0
50 -4 -5 0
50 39 -29 0
39 34 19 0
-45 -1 23 0
24 28 -11 0
5 45 11 0
32 22 -44 0
35 19 26 0
-12 37 40 0
-16 -42 -31 0
-22 40 -30 0
28 -27 -30 0
-26 5 -6 0
-20 34 -27 0
-6 -34 -5 0
-15 45 -35 0
25 7 -36 0
50 15 -11 0
21 -37 27 0
-23 -10 -6 0
-1 14 14 0
31 -4 -16 0
-24 -49 8 0
-43 -44 -25 0
46 -44 -22 0
17 49 -24 0
-35 20 22 0
27 -31 9 0
-33 5 29 0
-21 38 37 0
30 -32 -49 0
-3 25 20 0
-40 -39 -14 0
-21 -44 13 0
47 -15 -45 0
16 47 8 0
29 9 9 0
43 6 -3 0
50 7 18 0
7 -23 24 0
37 33 46 0
-42 29 42 0
-3 -13 23 0
-39 33 -4 0
12 -45 -2 0
4 3 34 0
-47 45 -45 0
-8 -19 19 0
39 -4 39 0
40 6 -25 0
48 48 -11 0
-2 -41 19 0
-49 31 -33 0
-11 4 39 0
-35 23 42 0
-25 37 49 0
-15 -27 -1 0
-10 9 9 0
-19 33 21 0
-40 -32 42 0
-17 -29 24 0
4 2 8 0
-45 49 12 0
-47 43 26 0
-50 -44 12 0
-25 43 -32 0
46 -4 15 0
-1 23 -26 0
19 -32 18 0
-28 8 29 0
-48 -28 50 0
4 21 30 0
-28 -29 16 0
4 -19 -20 0
46 2 -23 0
-9 18 36 0
-5 -8 10 0
7 47 -46 0
-47 -25 -19 0
-16 -22 46 0
-35 -18 -45 0
14 -35 14 0
40 18 -7 0
-14 16 34 0
4 -44 -15 0
-47 5 -36 0
10 -38 4 0
27 -41 8 0
-1 35 4 0
-13 4 -14 0
-21 -13 -8 0
-28 5 50 0
2 43 19 0
-16 2 -49 0
22 29 32 0
-17 35 23 0
-48 -8 46 0
45 28 33 0
35 25 11 0
-16 -48 31 0
-2 -19 -47 0
46 -1 13 0
-40 -9 50 0
-20 34 21 0
15 42 -22 0
34 2 -29 0
15 21 -30 0
-10 -2 -8 0
-2 -40 42 0
47 12 -33 0
-5 -25 49 0
-31 -1 -9 0
-25 -17 24 0
-37 47 41 0
23 11 -26 0
21 -6 31 0
-5 27 -27 0
9 21 43 0
3 30 46 0
39 -38 -16 0
20 -40 -17 0
-41 7 47 0
23 -2 46 0
-4 -16 26 0
29 -26 24 0
-16 45 28 0
-36 -40 -33 0
-21 -21 -43 0
24 8 -7 0
24 -26 24 0
19 10 14 0
-6 -26 17 0
-11 -17 43 0
39 34 3 0
10 37 10 0
-49 20 -11 0
28 -48 -12 0
-17 32 -44 0
-43 -35 11 0
-12 -4 7 0
-31 28 -10 0
44 -32 37 0
32 -11 45 0
10 38 16 0
-7 9 40 0
