c CNF generator v0.9
p cnf 50 204
-34 -26 42 0
-20 -11 16 0
22 47 8 0
-38 45 9 0
40 -47 -26 0
-14 -21 49 0
-38 -29 -38 0
-6 27 20 0
13 -28 -39 0
10 14 -48 0
43 3 6 0
40 -50 -37 0
41 -45 -2 0
-30 37 -45 0
18 22 20 0
50 -25 24 0
-42 -11 25 0
48 -9 22 0
35 -50 24 0
-34 39 25 0
33 -23 30 0
37 50 -43 0
26 -50 -48 0
-31 -17 33 0
-45 -7 -50 0
7 40 -10 0
-44 -47 -49 0
-19 43 4 0
34 16 8 0
-22 -31 -11 0
-36 -8 -41 0
6 -31 -49 0
-46 -33 -31 0
5 50 4 0
-33 43 -9 0
-2 41 -35 0
-25 -1 -16 0
-32 -2 -15 0
14 -44 -36 0
17 -40 26 0
36 -30 -22 0
-32 -6 3 0
-8 22 21 0
-3 15 19 0
-28 49 -1 0
-15 43 34 0
-47 36 -13 0
13 5 17 0
-32 -18 -2 0
-8 -48 7 0
-43 8 -29 0
-11 7 20 0
48 36 -4 0
40 19 25 0
-6 29 44 0
46 24 -41 0
-17 -43 34 0
32 50 -3 0
-39 -10 -46 0
-20 7 25 0
-31 -24 -31 0
45 -12 26 0
-34 -29 27 0
-3 -2 -33 0
-8 35 43 0
-32 -19 47 0
-20 -50 -7 0
19 -1 38 0
-45 11 -24 0
38 3 27 0
48 12 10 0
-38 50 -13 0
7 -24 -45 0
19 19 49 0
-27 -35 9 0
37 36 -39 0
21 -49 -37 0
31 -44 -41 0
6 20 -41 0
49 -20 16 0
45 -19 37 0
34 25 -34 0
33 46 11 0
17 -36 12 0
35 -7 -35 0
-1 -34 13 0
25 3 25 0
-34 42 35 0
-36 45 -7 0
-24 -50 33 0
-8 24 -45 0
15 -40 -37 0
-39 -6 -4 0
16 -26 -31 0
39 -20 -7 0
47 -39 -37 0
41 -4 13 0
46 24 -22 0
47 -21 -49 0
13 -31 6 0
44 -1 50 0
31 11 -9 0
-20 33 9 0
-18 -1 22 0
-42 9 -47 0
-45 -43 36 0
-25 -45 48 0
-42 2 15 0
13 -41 34 0
7 49 6 0
26 -40 -9 0
24 -44 16 0
14 13 -21 0
10 -24 25 0
-20 46 40 0
-43 30 30 0
46 17 6 0
36 -10 9 0
6 25 22 0
43 -46 -24 0
-6 -20 -10 0
17 -20 36 0
-37 -11 16 0
15 -47 -34 0
50 -4 9 0
22 43 -48 0
-30 27 -22 0
-44 -46 42 0
7 -45 1 0
-37 -33 -13 0
-45 -33 13 0
3 -47 -31 0
28 33 -13 0
39 -19 5 0
-15 -37 44 0
-13 25 -5 0
14 33 6 0
-28 -43 -29 0
15 -49 1 0
27 19 3 0
-32 -47 31 0
-24 -18 41 0
-21 -7 -39 0
-24 -46 -1 0
21 -44 48 0
4 24 34 0
-12 25 -10 0
-27 50 8 0
21 -11 23 0
-41 48 7 0
-27 -38 3 0
-43 -16 48 0
18 36 -39 0
-5 33 1 0
39 18 42 0
-22 26 17 0
-7 49 42 0
26 12 -36 0
10 22 46 0
18 -42 10 0
-26 15 -39 0
49 4 -10 0
24 -42 7 0
-27 21 -28 0
-35 -26 -13 0
-8 -5 -12 0
-34 -32 -47 0
33 48 -46 0
-14 4 26 0
-38 43 -20 0
33 24 24 0
-14 23 -46 0
-32 -17 34 0
37 4 40 0
43 -49 -37 0
7 -32 -43 0
-26 30 47 0
-46 -10 -39 0
4 35 -15 0
27 -34 8 0
24 17 36 0
-6 44 -40 0
37 22 -37 0
-45 -12 -50 0
28 31 42 0
-41 49 28 0
-45 -5 35 0
-35 1 45 0
-38 -13 -32 0
-5 -40 3 0
-28 4 -29 0
10 15 29 0
-18 33 16 0
16 -49 49 0
28 35 -42 0
-21 36 -35 0
11 -46 3 0
-28 38 -12 0
-4 43 -31 0
15 -48 27 0
-50 -16 33 0
41 -45 13 0
30 22 35 0
37 -22 -45 0
