c CNF generator v0.9
p cnf 50 204
44 44 20 0
-17 -36 8 0
-24 -5 -11 0
22 -21 -24 0
-4 27 -28 0
-19 -34 -18 0
-21 1 13 0
44 45 -11 0
6 -39 20 0
-32 -42 20 0
-5 -3 -48 0
21 41 -31 0
-43 48 29 0
11 -39 -18 0
-19 35 39 0
42 11 7 0
-43 20 46 0
30 26 2 0
4 -44 -1 0
-39 -26 -33 0
-30 37 10 0
-33 49 28 0
-10 16 -19 0
23 36 30 0
29 50 33 0
-31 21 32 0
7 1 49 0
-13 23 -4 0
13 27 -32 0
-35 49 27 0
-12 11 -50 0
43 -2 22 0
19 -29 25 0
1 -47 46 0
-26 -15 22 0
-42 -48 -47 0
-34 -33 -16 0
-19 10 39 0
11 37 -26 0
-33 -35 -2 0
-12 -48 11 0
-15 -14 -31 0
-45 4 41 0
15 -6 -35 0
-5 -49 17 0
-44 8 -34 0
20 13 33 0
-41 20 4 0
-21 13 48 0
-49 23 42 0
41 28 -10 0
-5 -49 7 0
15 49 47 0
49 35 48 0
46 21 -33 0
-10 -7 -25 0
-23 -23 -15 0
-44 35 43 0
-16 3 24 0
-23 24 15 0
-6 6 47 0
14 15 21 0
4 -1 -29 0
-18 33 -6 0
-15 22 38 0
9 21 30 0
41 11 -43 0
-34 -5 32 0
45 -49 7 0
-15 44 3 0
-9 -49 -19 0
-3 49 -14 0
-15 5 5 0
-15 -40 40 0
-41 3 36 0
-39 -11 -46 0
-9 41 37 0
-24 -2 -41 0
-46 48 24 0
-49 -1 3 0
23 -50 -45 0
-19 -38 44 0
-19 11 -21 0
-25 -9 31 0
29 45 41 0
12 28 -38 0
31 -44 2 0
-9 -13 -22 0
13 50 -41 0
-14 38 24 0
-28 -6 -26 0
28 47 25 0
10 33 43 0
-28 -7 15 0
26 -22 8 0
-20 45 30 0
24 35 11 0
10 -30 10 0
5 -15 12 0
5 34 -40 0
-8 -22 18 0
32 18 7 0
-27 -25 -9 0
4 39 16 0
5 22 21 0
40 39 33 0
-50 11 -21 0
48 -27 26 0
-9 18 -16 0
25 -3 47 0
-13 8 17 0
-47 -42 48 0
-24 37 -15 0
-38 -3 4 0
14 13 13 0
-24 -23 -16 0
-5 -40 30 0
23 14 -9 0
15 -23 -20 0
47 -40 28 0
-29 43 -22 0
-38 -45 -13 0
23 41 -34 0
28 14 2 0
43 7 4 0
42 -8 -17 0
36 -24 32 0
28 -49 12 0
49 -46 -16 0
-30 25 -20 0
11 -31 36 0
13 -38 -3 0
-11 -2 33 0
34 4 -31 0
-40 -43 -37 0
-21 9 -48 0
-30 5 -31 0
-3 -49 -42 0
-29 29 34 0
-34 30 8 0
48 -29 42 0
45 -24 -41 0
-13 7 18 0
-45 -40 -27 0
-22 42 1 0
20 31 -30 0
-10 -22 -39 0
50 -37 2 0
-43 -24 40 0
-18 -7 -1 0
1 -39 5 0
40 -45 -27 0
41 -32 -19 0
-36 25 10 0
39 -35 -36 0
-29 19 7 0
-1 22 -31 0
-5 -49 -3 0
5 20 23 0
43 -41 17 0
-22 6 -44 0
39 -10 22 0
50 -49 47 0
34 -19 -14 0
-14 3 6 0
1 46 49 0
28 18 12 0
-4 22 -4 0
-20 -24 -14 0
31 11 -14 0
-44 -29 -4 0
13 46 -8 0
30 17 49 0
-46 41 -31 0
-38 -16 47 0
-29 -17 -11 0
9 -36 23 0
-17 24 -10 0
47 11 25 0
31 22 49 0
35 -17 31 0
-39 -45 -43 0
33 -26 -7 0
13 -40 10 0
47 38 14 0
6 48 19 0
25 42 -3 0
-14 34 -16 0
-39 -38 -4 0
38 4 -3 0
50 20 -43 0
26 -47 -15 0
41 39 -31 0
-27 -9 -29 0
-41 26 -19 0
-17 -27 -30 0
35 27 -46 0
-37 -12 5 0
49 4 -35 0
-39 -29 -18 0
-16 2 -41 0
28 -13 -3 0
34 49 -21 0
24 12 18 0
