c CNF generator v0.9
p cnf 50 204
-23 3 -2 0
4 -32 -25 0
-2 -29 -22 0
28 47 10 0
50 -25 6 0
-42 -47 17 0
-17 -23 4 0
-36 25 45 0
-38 43 -43 0
-17 -5 49 0
21 21 20 0
-10 -25 -13 0
-45 -11 -6 0
-40 16 -44 0
-7 15 2 0
5 -11 -43 0
47 48 -1 0
31 47 2 0
7 -14 -33 0
-13 43 6 0
13 -31 12 0
-47 -4 -34 0
13 -42 31 0
44 -45 8 0
-5 -17 -14 0
-1 47 -26 0
-26 37 -18 0
-9 -30 -9 0
48 -5 -42 0
5 -46 -49 0
50 -27 -20 0
14 43 18 0
50 15 22 0
8 -35 -49 0
-21 -37 -7 0
49 -5 18 0
-35 -10 -34 0
23 -25 -8 0
-5 -21 -19 0
27 -4 9 0
11 -17 -38 0
-2 28 19 0
-41 -38 37 0
-5 41 -1 0
19 -30 6 0
24 35 -18 0
43 -21 -16 0
31 -2 29 0
-11 6 -20 0
27 46 -44 0
39 -18 -20 0
-10 -29 49 0
-19 22 -26 0
11 6 -43 0
-45 21 4 0
-35 12 11 0
2 25 36 0
-4 41 -28 0
-43 -11 -5 0
-1 -16 -21 0
27 44 40 0
-18 -28 -32 0
16 -35 -39 0
-30 -48 -43 0
47 20 -47 0
-44 46 -43 0
41 50 14 0
40 21 -22 0
-42 -31 -39 0
10 13 -2 0
38 13 8 0
2 5 9 0
-9 27 5 0
48 -1 15 0
38 20 32 0
-29 2 -36 0
48 -45 36 0
11 5 -25 0
13 -16 -9 0
16 11 -38 0
-11 27 -7 0
-42 6 -36 0
-36 37 -27 0
33 -11 -18 0
-39 18 -12 0
37 21 -10 0
-49 -48 -33 0
2 -47 34 0
49 12 42 0
37 -34 -4 0
-31 -5 -9 0
-9 -48 18 0
-20 -18 27 0
30 34 34 0
20 25 10 0
-3 -20 37 0
-26 -20 46 0
40 -4 -7 0
12 10 20 0
45 -47 -6 0
-19 -27 17 0
-29 -17 -25 0
50 31 -27 0
34 38 -49 0
12 46 -26 0
40 40 -44 0
-6 23 -39 0
44 22 -16 0
-5 17 -4 0
-5 33 33 0
41 31 -46 0
15 14 45 0
32 -8 13 0
-5 -23 -30 0
-49 -17 -30 0
-38 47 47 0
22 1 43 0
31 -21 -6 0
46 25 -12 0
-36 -25 -21 0
-24 -16 -7 0
-9 -10 -36 0
-12 -25 26 0
-16 29 -36 0
-35 -49 21 0
27 -30 46 0
-45 -28 41 0
-24 9 48 0
2 -47 47 0
49 -9 27 0
-36 39 -21 0
-46 8 -35 0
-9 -3 -7 0
-29 23 -19 0
-9 -23 46 0
49 16 -5 0
2 -10 -29 0
48 -24 -20 0
4 20 -6 0
-12 21 4 0
-8 -19 -24 0
11 -42 32 0
-4 -35 7 0
-42 3 39 0
44 -37 35 0
-25 20 -17 0
36 48 -45 0
29 29 -15 0
10 17 -1 0
6 10 -49 0
13 44 -49 0
-43 6 23 0
-50 38 34 0
-42 47 -21 0
-30 -35 16 0
-6 -17 17 0
18 5 -24 0
46 17 -13 0
39 -49 -25 0
-9 30 -36 0
6 -34 3 0
31 -47 15 0
-26 15 23 0
4 -11 -7 0
-45 48 -27 0
20 -1 -40 0
17 33 45 0
33 16 -16 0
-18 -16 15 0
-4 14 6 0
17 -10 -32 0
-28 -20 23 0
8 -38 24 0
21 -29 -22 0
-19 39 -17 0
-23 38 44 0
13 14 -29 0
42 -17 35 0
-26 24 22 0
7 -36 20 0
48 41 32 0
28 6 -35 0
38 -15 -18 0
-29 -16 4 0
22 -36 47 0
-8 -3 -7 0
-29 24 -36 0
18 34 -2 0
-18 -47 -24 0
-15 -31 34 0
-26 -25 37 0
-46 3 4 0
38 -39 -29 0
46 -22 32 0
38 34 50 0
-35 -10 50 0
26 4 39 0
-40 -9 50 0
-2 -27 25 0
-24 -37 -10 0
-28 -24 1 0
-50 50 47 0
48 37 -31 0
-29 -27 23 0
