c CNF generator v0.9
p cnf 50 204
-38 -49 -8 0
-15 -3 -1 0
-50 -44 -23 0
-30 -3 20 0
-33 -3 27 0
-12 -2 25 0
1 48 -1 0
-25 29 -45 0
-37 23 36 0
15 26 32 0
-29 -36 46 0
1 6 -50 0
16 48 1 0
30 31 -25 0
-40 27 -45 0
-22 46 -46 0
25 5 -43 0
-30 -9 -22 0
14 44 -25 0
13 47 -31 0
-1 22 8 0
44 -32 -17 0
40 -11 35 0
-47 -24 36 0
40 1 17 0
-36 -50 -31 0
23 -23 32 0
13 -19 -29 0
-35 -7 -30 0
16 14 21 0
24 23 31 0
-43 -14 -33 0
26 4 -28 0
-31 28 -49 0
32 30 -14 0
26 -42 42 0
1 -8 -49 0
37 -9 -42 0
13 -23 -48 0
26 -17 25 0
-46 -34 47 0
29 -31 19 0
41 -18 50 0
25 32 3 0
-2 -37 -9 0
-24 13 36 0
-9 13 -3 0
-48 44 11 0
31 42 45 0
-15 8 43 0
43 -43 -32 0
5 27 1 0
19 -37 -27 0
-39 -37 -34 0
4 9 -35 0
-37 45 35 0
-32 22 -48 0
15 -40 -33 0
-16 32 -32 0
-9 -38 -5 0
15 -47 12 0
-4 20 44 0
2 31 -29 0
-48 3 -38 0
19 -41 -11 0
44 -33 2 0
41 -17 -29 0
-40 8 47 0
-39 -18 -48 0
27 -20 34 0
26 33 -15 0
-46 -18 -13 0
22 29 26 0
-33 11 -27 0
-2 44 -30 0
-5 36 11 0
48 45 -17 0
-20 -48 -20 0
-20 -33 29 0
-13 -32 23 0
-14 33 -5 0
-22 18 -8 0
22 33 -42 0
-22 48 12 0
-21 -4 44 0
-37 25 -26 0
-2 32 -2 0
38 -9 30 0
20 -43 43 0
-41 -36 47 0
-42 45 -26 0
18 4 -45 0
41 15 -22 0
7 -31 10 0
7 -14 38 0
32 11 -15 0
-40 18 45 0
16 -24 33 0
-35 -3 49 0
-36 -29 47 0
6 31 34 0
3 -38 45 0
19 4 -42 0
39 25 -39 0
-35 -2 1 0
-18 -34 5 0
-1 -18 -1 0
-19 -46 -38 0
-6 -29 -21 0
46 -1 28 0
-31 -27 35 0
28 42 -21 0
46 24 8 0
12 37 23 0
-27 -20 34 0
30 8 -18 0
-13 4 47 0
-26 -8 -48 0
41 36 -21 0
20 48 -5 0
13 2 30 0
48 15 13 0
11 -34 24 0
-26 -1 42 0
24 -21 -13 0
-46 15 28 0
-16 32 12 0
-27 -32 11 0
-5 27 -33 0
16 43 40 0
44 -34 44 0
-33 36 -30 0
-27 -12 -15 0
8 -36 -27 0
14 48 -4 0
-15 16 19 0
26 -11 -28 0
12 9 -21 0
-36 -10 -9 0
30 14 -19 0
-41 -30 15 0
-8 -32 -29 0
-36 19 -25 0
-28 12 -3 0
-17 -42 -46 0
35 39 -24 0
39 32 -29 0
-27 -23 -34 0
-50 -41 -31 0
-48 42 -18 0
-13 -9 36 0
-10 -6 8 0
-3 -31 -15 0
22 7 -16 0
41 21 26 0
33 49 46 0
5 42 38 0
9 -36 -12 0
25 -23 -33 0
-38 -42 34 0
34 -11 39 0
-14 3 -24 0
8 25 1 0
-24 36 1 0
-13 -20 44 0
-46 44 -29 0
-19 -18 17 0
-35 22 -50 0
27 -12 -42 0
19 -12 8 0
25 16 38 0
5 -49 -27 0
9 -36 -2 0
-50 -35 21 0
28 42 -25 0
43 1 7 0
3 -11 -35 0
37 7 45 0
10 -2 13 0
18 15 42 0
5 -5 6 0
1 -6 -18 0
23 36 -6 0
-46 23 -14 0
-32 -4 -45 0
15 -38 -48 0
-20 2 10 0
-46 11 19 0
-23 -13 49 0
31 -34 -10 0
28 12 -19 0
13 -25 31 0
24 -34 11 0
-47 21 -17 0
42 -9 -44 0
20 32 18 0
43 44 45 0
43 -43 -45 0
39 -50 -43 0
5 8 -21 0
44 24 29 0
-2 -39 -26 0
-9 -27 16 0
16 17 32 0
