c CNF generator v0.9
p cnf 50 204
43 -7 -50 0
-38 4 -26 0
28 12 15 0
3 -50 -9 0
-2 -3 -4 0
29 24 33 0
42 -39 -17 0
13 -34 29 0
22 43 -32 0
39 11 30 0
-13 5 -37 0
20 12 -36 0
33 -30 -19 0
-35 29 8 0
20 -40 39 0
-27 39 -41 0
-47 -36 45 0
33 8 -16 0
18 -12 -7 0
5 -40 -11 0
35 33 29 0
-34 48 -29 0
-18 15 -47 0
47 -20 10 0
-43 42 28 0
6 -10 -10 0
-39 11 -47 0
-48 -48 -33 0
-20 -7 -39 0
29 6 12 0
-14 5 -47 0
11 -33 -8 0
18 -23 -38 0
49 -10 15 0
-17 16 -33 0
36 -35 -3 0
26 -44 3 0
-1 -38 50 0
-42 -49 4 0
39 -2 34 0
-29 -42 4 0
-39 -46 -7 0
-29 -18 -47 0
48 -20 -14 0
13 -49 -2 0
10 41 -26 0
15 36 45 0
-19 -47 -31 0
44 -33 18 0
-19 -36 27 0
-27 47 42 0
-6 4 -38 0
-13 -3 -9 0
-32 15 -33 0
-47 -30 43 0
-3 -25 -12 0
-43 45 49 0
-7 -15 45 0
-17 12 35 0
46 22 48 0
21 7 -8 0
4 3 -22 0
-11 -24 -47 0
-35 -31 44 0
-48 -40 11 0
20 30 -44 0
-10 22 -29 0
29 -30 -32 0
-9 30 -1 0
-26 39 -9 0
43 24 11 0
24 44 -30 0
-30 2 18 0
44 -10 26 0
28 42 17 0
27 -8 16 0
29 37 -32 0
29 40 -21 0
-26 50 33 0
-17 12 27 0
1 15 -2 0
-43 43 -19 0
3 4 6 0
43 48 32 0
-41 38 -8 0
-38 14 20 0
29 -10 17 0
-1 47 49 0
-12 -3 11 0
21 39 36 0
-22 -42 -23 0
-17 12 -39 0
26 34 37 0
-2 38 35 0
-33 15 26 0
25 -35 7 0
45 49 -25 0
-22 -29 12 0
11 -18 -11 0
35 50 -9 0
7 23 35 0
7 -50 19 0
1 44 -1 0
38 -27 48 0
-21 -32 -12 0
-2 -36 -13 0
11 39 23 0
47 -40 26 0
-29 38 24 0
3 42 -3 0
-7 -44 32 0
49 30 -36 0
28 -34 -32 0
-35 14 4 0
4 -25 -31 0
-32 41 4 0
17 -27 30 0
12 34 -6 0
36 3 36 0
-13 -22 -8 0
-43 -37 12 0
-50 -32 3 0
-15 -39 -29 0
-43 -6 -18 0
-41 -49 42 0
1 13 -32 0
16 7 -15 0
35 33 -14 0
-10 -4 49 0
32 13 3 0
10 -21 -48 0
-36 34 19 0
15 -4 -42 0
4 13 31 0
15 -17 40 0
-45 -40 -12 0
-47 -10 -8 0
-19 -30 -17 0
-34 -36 9 0
-41 8 21 0
-13 -5 -10 0
-46 -37 2 0
-23 -8 -5 0
-5 -45 -2 0
-42 -21 -10 0
-9 5 34 0
39 26 14 0
-34 47 -16 0
-18 -27 -4 0
24 -31 36 0
-50 27 47 0
-27 -39 -25 0
21 -49 22 0
-2 -34 33 0
26 -35 25 0
43 36 -48 0
32 -12 -37 0
41 -28 -3 0
-7 8 -30 0
35 23 -48 0
-11 39 7 0
-9 9 -25 0
-15 35 34 0
10 18 -28 0
49 -24 8 0
-21 34 -37 0
-20 -36 10 0
21 -31 20 0
39 26 4 0
17 22 14 0
-40 32 -5 0
-48 17 -17 0
14 50 -12 0
-42 -30 -15 0
30 -50 20 0
-21 3 -23 0
-39 -33 33 0
-7 -4 1 0
48 -21 37 0
-7 42 12 0
28 -12 46 0
-40 -23 1 0
-27 33 47 0
15 6 -28 0
1 -34 -46 0
-1 -36 49 0
-1 43 4 0
-2 -7 -29 0
19 17 -15 0
-10 22 31 0
8 -19 -5 0
-8 4 29 0
28 -28 -23 0
-24 -26 -17 0
43 -11 5 0
-21 -30 48 0
23 31 -1 0
-41 -31 -2 0
-13 9 25 0
-31 -23 8 0
-43 27 -32 0
-30 -11 -8 0
12 21 -46 0
-50 -11 -10 0
