c CNF generator v0.9
p cnf 50 204
45 -7 -16 0
34 -39 -28 0
-25 35 34 0
43 -48 -41 0
34 35 26 0
-50 26 -6 0
4 11 -31 0
-9 -25 -13 0
-3 -32 -38 0
41 -39 -33 0
-11 28 -25 0
1 33 28 0
46 -37 9 0
-34 -36 39 0
20 -39 6 0
-33 6 -27 0
-23 -28 40 0
-4 1 -42 0
-39 -10 22 0
-34 33 9 0
-4 19 -33 0
33 39 1 0
6 -39 -11 0
41 20 15 0
4 -12 39 0
10 -47 6 0
24 -46 26 0
25 -21 1 0
-35 25 -49 0
30 42 -13 0
-9 7 2 0
-49 -1 26 0
39 29 -28 0
-2 -29 -28 0
-37 24 -13 0
-36 39 28 0
37 10 -8 0
-50 -9 44 0
22 -27 -19 0
-2 -7 -8 0
37 -41 33 0
-41 49 31 0
-17 37 -31 0
35 19 37 0
36 -46 5 0
-12 19 -22 0
17 48 46 0
-27 16 29 0
-10 21 33 0
-17 -33 34 0
37 14 -21 0
12 37 13 0
-1 47 -32 0
10 -23 -36 0
-22 -16 -2 0
-36 23 17 0
-46 -31 -13 0
-36 -50 37 0
42 -12 35 0
-45 2 24 0
21 -49 22 0
24 19 2 0
49 -8 42 0
-15 6 5 0
-35 40 12 0
23 11 22 0
-36 29 -11 0
2 -37 -36 0
-3 -23 -49 0
-11 20 43 0
-7 -9 -19 0
-41 -12 4 0
16 3 28 0
-22 40 22 0
3 -3 -11 0
33 11 -23 0
48 36 -50 0
42 -28 -31 0
30 22 -28 0
27 5 -8 0
4 -49 -29 0
-28 40 -33 0
39 50 6 0
12 28 23 0
14 12 -19 0
36 -8 7 0
30 -29 -36 0
11 5 -46 0
-13 -11 -8 0
-34 11 31 0
-32 -17 -21 0
-25 -40 46 0
36 1 42 0
13 -15 -29 0
11 -34 -16 0
-1 -48 16 0
-38 -36 6 0
-37 1 -39 0
-48 50 16 0
2 -5 21 0
-18 -36 -13 0
42 1 -4 0
-12 -49 -1 0
19 5 39 0
-17 -26 19 0
-39 23 -22 0
-1 -46 -25 0
25 18 -41 0
43 -50 45 0
47 -39 49 0
-48 -39 -12 0
-10 -26 -16 0
29 -26 18 0
36 8 -5 0
24 -40 37 0
-26 -34 34 0
-41 29 -34 0
12 -26 4 0
-48 -30 17 0
26 -30 16 0
7 -14 1 0
22 -3 3 0
-27 -31 -27 0
23 -21 43 0
43 33 -5 0
5 -6 41 0
17 -7 29 0
24 -39 30 0
7 -21 21 0
-22 27 20 0
33 -13 -6 0
-20 -37 -4 0
24 13 -4 0
-17 33 14 0
8 -30 -12 0
-16 6 38 0
-14 -25 28 0
-16 24 17 0
9 15 -48 0
-35 48 49 0
-45 36 8 0
-5 20 -20 0
-5 18 28 0
-34 -32 -28 0
-17 23 -40 0
-15 -1 38 0
-18 1 -7 0
-42 -15 44 0
-33 38 50 0
36 42 -50 0
32 -11 20 0
28 -36 -14 0
-10 7 20 0
42 22 36 0
3 -1 -27 0
-1 20 -44 0
-9 11 23 0
22 12 -40 0
44 47 -46 0
22 14 31 0
15 -40 44 0
34 -16 -4 0
-29 42 11 0
3 5 26 0
-36 -46 15 0
-26 28 -17 0
16 44 -28 0
-35 -15 -21 0
5 42 12 0
-39 43 47 0
43 -21 -14 0
37 49 -1 0
12 -50 13 0
-46 -1 -12 0
7 7 -2 0
5 21 -21 0
30 -48 5 0
21 10 -23 0
13 -39 16 0
-48 9 -23 0
36 -42 -25 0
-11 -48 -45 0
-3 -34 -7 0
7 -45 -22 0
14 12 18 0
6 30 6 0
35 -29 5 0
-4 13 -41 0
19 -45 -14 0
-28 13 -10 0
-7 -31 1 0
45 13 -19 0
-42 9 18 0
45 42 21 0
25 14 -24 0
-49 -20 -39 0
-20 5 -19 0
-22 26 39 0
-48 46 17 0
-23 46 24 0
44 41 35 0
-45 46 -49 0
-7 10 8 0
31 -23 9 0
