c CNF generator v0.9
p cnf 50 204
-29 46 -45 0
23 -2 -1 0
-14 18 13 0
-17 -11 18 0
-15 1 -9 0
-17 -45 50 0
29 3 -42 0
-23 -5 -7 0
16 21 49 0
-1 34 -39 0
-48 -24 -6 0
17 23 -35 0
21 -37 -2 0
43 17 -42 0
-29 -7 -20 0
24 34 -6 0
39 12 -5 0
26 -37 -50 0
-11 -21 33 0
34 -24 9 0
16 -16 -25 0
10 -41 -34 0
-24 -18 -28 0
19 48 35 0
-2 -7 33 0
3 -19 41 0
1 -39 27 0
-31 25 -21 0
41 48 -19 0
30 35 3 0
-32 43 -28 0
-36 46 -5 0
-50 3 12 0
-10 30 -29 0
-16 45 -39 0
8 48 -44 0
34 12 -41 0
-9 26 13 0
-10 -8 31 0
-49 5 42 0
-29 -46 -23 0
19 34 -39 0
23 30 38 0
-45 -19 -47 0
43 -48 25 0
15 16 22 0
-6 -9 -4 0
-5 -10 -6 0
10 -10 -12 0
-8 -9 34 0
16 -41 -19 0
-44 -33 -37 0
-21 29 -35 0
13 -35 -16 0
-47 31 -48 0
-6 -47 -9 0
-17 -32 41 0
42 -23 7 0
39 44 -35 0
-5 -41 27 0
-23 33 -26 0
34 -25 26 0
2 7 46 0
19 -8 -28 0
-19 39 -24 0
27 21 39 0
-42 8 48 0
11 -8 11 0
-47 17 -27 0
5 -37 40 0
8 -7 31 0
-46 -29 35 0
-27 -6 25 0
8 36 -11 0
-42 41 -23 0
-5 33 3 0
13 15 44 0
-2 -47 19 0
-47 49 -3 0
-45 -5 -47 0
20 -21 -27 0
30 -14 14 0
-16 -34 36 0
-47 4 47 0
21 23 10 0
34 -24 -17 0
34 -11 -46 0
13 1 -21 0
-39 18 36 0
-28 11 -27 0
-17 -25 -37 0
-33 -30 44 0
4 13 -43 0
13 34 -14 0
25 28 -4 0
-27 -8 16 0
-42 24 29 0
48 -30 15 0
42 -3 12 0
-36 -25 32 0
-29 -39 -5 0
19 -48 22 0
48 36 27 0
5 -46 40 0
-37 12 23 0
43 -7 17 0
42 -21 -47 0
47 49 -8 0
-29 33 -47 0
-41 6 -17 0
15 -12 3 0
-2 15 27 0
-37 18 49 0
-40 -9 -8 0
15 6 -12 0
-24 46 25 0
-37 12 -36 0
8 -25 18 0
-2 -27 -47 0
6 41 25 0
-8 -4 -12 0
-28 -24 13 0
7 32 -33 0
1 43 36 0
34 14 38 0
-43 42 -26 0
44 46 -46 0
-2 8 15 0
-21 -3 26 0
-49 -33 -6 0
32 29 -20 0
-9 -38 -27 0
-12 22 -39 0
-1 2 -9 0
-46 -25 39 0
44 -12 37 0
-1 37 5 0
-6 -13 -29 0
45 -47 -30 0
-9 20 -3 0
-31 21 27 0
-22 -28 32 0
-16 -18 49 0
-41 -40 44 0
2 -14 -8 0
13 -32 -30 0
47 -23 23 0
-8 -13 -5 0
-49 2 -5 0
-7 -48 20 0
-25 -43 -11 0
-17 5 -9 0
-36 -1 32 0
-12 -31 5 0
-33 -37 50 0
-13 -6 4 0
28 6 13 0
25 50 13 0
21 -9 41 0
9 -18 -46 0
-13 -42 -15 0
1 47 16 0
-7 2 26 0
-14 22 35 0
32 -42 29 0
-28 37 23 0
46 8 -25 0
-11 -19 -25 0
35 3 23 0
45 33 2 0
-17 -26 16 0
11 -19 -47 0
20 -20 27 0
-15 9 2 0
46 -37 33 0
12 20 -26 0
-35 5 -28 0
-17 26 -49 0
-23 17 -21 0
-27 -11 33 0
47 -42 -8 0
46 -13 -17 0
-28 -25 -28 0
-14 -25 4 0
-5 -7 -48 0
-30 4 -10 0
-5 -14 35 0
-31 22 -32 0
42 -26 -45 0
17 4 -48 0
24 -21 -37 0
44 -23 37 0
-30 -25 40 0
-32 -7 22 0
-5 6 32 0
12 12 -24 0
-5 -24 -4 0
-45 26 26 0
-17 9 -28 0
26 7 38 0
40 1 -8 0
-34 41 14 0
32 48 -26 0
-34 6 26 0
