c CNF generator v0.9
p cnf 50 204
17 -1 -8 0
-44 -1 10 0
48 25 -30 0
16 -43 -24 0
-37 -34 -48 0
16 29 -18 0
-36 -45 -45 0
-3 -42 -34 0
-20 8 5 0
-24 -7 -35 0
8 -9 5 0
44 -10 -45 0
28 -30 -35 0
-24 -25 -46 0
-10 30 48 0
-39 20 -25 0
44 -49 -11 0
-7 -15 40 0
2 -3 12 0
28 39 -24 0
-29 35 13 0
-44 -32 -41 0
3 -30 20 0
12 15 31 0
-48 -4 33 0
35 -39 29 0
-47 16 45 0
1 47 -46 0
-13 31 -43 0
34 18 -8 0
-50 18 -17 0
8 21 -29 0
-12 31 15 0
-30 -33 -32 0
11 26 7 0
-5 29 -32 0
-18 46 -31 0
28 1 -23 0
-25 -5 -8 0
21 25 49 0
-24 27 7 0
-35 3 -11 0
-42 16 -5 0
-45 40 27 0
-27 -9 30 0
34 -22 -26 0
-2 29 21 0
22 -21 6 0
44 -9 26 0
-46 34 48 0
41 -47 -26 0
-31 -23 -24 0
-1 27 8 0
6 31 23 0
-30 39 33 0
-50 14 -25 0
-1 -10 46 0
-1 -4 23 0
-35 -46 -34 0
16 27 -5 0
-25 30 -35 0
3 -22 47 0
43 -47 -16 0
-26 46 -3 0
-24 26 13 0
-44 32 -36 0
30 -23 -39 0
4 14 -41 0
6 -50 41 0
-5 14 3 0
-33 -49 40 0
-23 -41 -24 0
1 -23 -5 0
-50 42 14 0
-14 41 -15 0
40 -14 33 0
-40 48 40 0
-32 -12 -44 0
-46 40 -5 0
1 -3 36 0
4 -15 -4 0
4 13 41 0
25 32 -9 0
-20 33 -37 0
-7 21 -3 0
4 -10 12 0
1 48 -12 0
-42 37 -5 0
-6 -7 14 0
-15 -17 -12 0
-29 -6 44 0
-44 -5 44 0
-16 -39 1 0
-5 -20 -27 0
23 17 41 0
23 -47 -24 0
7 -16 -34 0
33 11 37 0
27 4 29 0
-31 -20 14 0
16 38 -50 0
13 -48 -44 0
-9 -39 22 0
7 42 -27 0
-23 -25 27 0
-5 36 44 0
-4 -39 43 0
36 29 -27 0
29 -9 -34 0
1 -19 -39 0
-28 22 8 0
-17 42 32 0
25 -15 16 0
-18 -37 33 0
28 50 16 0
24 49 31 0
1 -23 34 0
2 -30 36 0
-37 -44 -29 0
19 -16 49 0
41 -29 -21 0
-32 -42 -27 0
31 -6 -9 0
45 43 -49 0
10 10 27 0
-26 -19 12 0
-6 -33 40 0
-25 -11 16 0
-38 -28 -24 0
46 -2 23 0
-47 20 1 0
31 17 -30 0
36 -20 -40 0
12 -6 16 0
15 18 28 0
36 -26 42 0
44 -11 2 0
36 -41 -35 0
26 28 49 0
-23 38 1 0
-29 25 50 0
44 -30 13 0
6 -43 35 0
-16 -5 -29 0
5 -25 -25 0
-41 -40 -43 0
27 24 -35 0
1 -17 10 0
21 11 -11 0
34 -21 -5 0
-4 23 50 0
-15 7 19 0
-18 23 -29 0
2 -43 4 0
-20 -34 -37 0
8 47 -16 0
-50 -13 -8 0
4 -12 -50 0
-48 -39 36 0
-28 -38 41 0
11 28 21 0
-3 22 47 0
-22 41 26 0
-16 45 -10 0
14 12 -17 0
39 -16 45 0
-30 8 46 0
-49 41 41 0
-34 -17 -29 0
-41 18 20 0
7 -7 11 0
-4 39 -33 0
4 -6 -49 0
-21 5 14 0
47 26 20 0
32 32 -16 0
-34 49 37 0
27 24 1 0
37 17 14 0
-4 50 -19 0
-39 -2 -17 0
25 5 -24 0
-6 7 -31 0
-44 35 -45 0
-8 -21 26 0
-20 -47 -15 0
-20 6 -7 0
-50 -3 -36 0
4 -15 26 0
32 -13 -31 0
43 7 -35 0
-22 32 29 0
-36 -24 -48 0
-26 36 41 0
16 -23 -3 0
46 -39 -25 0
48 -25 29 0
-19 -10 -22 0
-1 -13 -13 0
-43 -34 26 0
39 23 -29 0
-41 3 -26 0
-30 -17 10 0
-36 -28 -11 0
