c CNF generator v0.9
p cnf 50 204
-2 -12 -42 0
18 10 49 0
-42 -10 19 0
-2 -11 -19 0
-48 21 42 0
23 29 -7 0
-41 -50 -49 0
48 -34 -34 0
23 -26 41 0
-25 -17 -21 0
3 -45 -45 0
-33 -4 -18 0
27 -38 -20 0
-15 20 2 0
9 -4 3 0
-45 48 -11 0
-42 36 25 0
-10 -21 38 0
-4 -19 -9 0
36 19 -27 0
3 -41 -7 0
-5 -45 -35 0
12 45 -4 0
-41 10 5 0
-23 27 43 0
-8 47 -3 0
-23 46 -25 0
-12 5 -18 0
-6 47 -3 0
6 -44 -21 0
-17 30 48 0
-32 32 -32 0
19 47 18 0
1 -41 -32 0
-43 25 -14 0
-32 -25 10 0
-1 43 -22 0
-36 21 18 0
49 50 -48 0
48 -49 39 0
50 -11 11 0
2 43 44 0
-43 38 -5 0
20 -16 -48 0
-37 12 -5 0
16 -16 -48 0
-19 -6 -27 0
-49 -31 -11 0
34 22 49 0
32 25 17 0
35 32 9 0
-16 -22 47 0
-16 35 18 0
48 23 42 0
26 -39 -48 0
-29 -3 -7 0
-20 4 35 0
4 -17 44 0
-16 -49 -38 0
47 4 -27 0
-43 -6 47 0
-6 -47 22 0
-8 41 48 0
-34 -9 37 0
35 -37 -39 0
4 -38 25 0
-34 18 19 0
24 -2 -11 0
-49 -10 25 0
-34 1 -28 0
14 37 -44 0
2 48 -48 0
46 32 1 0
5 -25 19 0
46 36 23 0
7 7 29 0
-50 -29 42 0
8 23 -29 0
-50 5 16 0
-17 -16 -20 0
-16 8 49 0
-9 -43 17 0
-34 -22 -37 0
-22 39 -5 0
-20 4 22 0
-11 -28 -6 0
26 5 16 0
-37 12 -50 0
21 -3 5 0
50 44 21 0
32 50 50 0
-11 -6 -29 0
32 -32 36 0
-50 -36 -30 0
24 -39 32 0
33 -17 35 0
6 5 -2 0
22 30 21 0
-47 22 -21 0
24 40 -40 0
-47 13 -3 0
46 -1 -33 0
-6 43 23 0
14 -7 49 0
33 25 23 0
-32 28 -2 0
-23 32 -41 0
38 -43 16 0
-16 -39 33 0
49 -26 -7 0
3 43 -30 0
43 -3 16 0
17 -22 -37 0
-27 9 -22 0
-40 -41 32 0
-14 2 -35 0
15 -24 -39 0
41 -18 7 0
18 -25 33 0
17 2 16 0
8 -4 36 0
16 11 49 0
11 9 -37 0
2 -14 35 0
-26 7 -27 0
14 22 -3 0
-9 -50 17 0
-22 -49 -28 0
-21 29 -16 0
5 13 42 0
-15 -34 -12 0
-29 -31 23 0
50 -49 -11 0
43 25 29 0
50 36 16 0
-50 -24 -4 0
41 -16 -28 0
-9 7 -24 0
-27 23 -30 0
-34 29 25 0
42 -2 42 0
32 -47 20 0
-26 -28 -43 0
3 19 -44 0
39 -32 33 0
4 -37 -21 0
13 -36 -23 0
27 -36 4 0
10 33 17 0
-12 -35 -38 0
38 -47 26 0
-15 45 4 0
20 9 34 0
-40 -38 -20 0
5 -46 1 0
-3 38 -11 0
-9 -6 48 0
-18 -41 -23 0
29 -12 -14 0
-40 17 43 0
-20 49 24 0
47 -45 6 0
-5 15 -49 0
-47 -13 -25 0
-39 50 -7 0
-3 26 10 0
32 1 7 0
-32 49 -26 0
-21 -49 21 0
-46 -8 25 0
-37 -43 44 0
-31 -23 32 0
2 35 42 0
22 -26 40 0
19 -33 5 0
21 14 -16 0
20 -10 32 0
-14 -23 23 0
11 -13 -19 0
-35 -26 -48 0
3 -44 -4 0
8 47 -37 0
15 -21 -31 0
12 -26 -15 0
47 -22 11 0
28 28 -50 0
-10 17 39 0
39 6 27 0
-37 5 -34 0
-14 49 -41 0
32 -22 42 0
50 7 38 0
25 29 -5 0
-45 -38 -7 0
-5 -7 12 0
44 -11 -42 0
-8 3 -41 0
28 14 47 0
-16 -44 -1 0
24 -4 -41 0
41 40 -24 0
-41 -12 11 0
5 47 -35 0
-1 -33 47 0
