c CNF generator v0.9
p cnf 50 204
43 -46 -5 0
-39 39 25 0
-25 -25 31 0
-40 27 21 0
1 -24 -26 0
-45 -50 -28 0
33 27 -49 0
41 -12 -10 0
48 2 -3 0
-45 22 -46 0
-2 -5 32 0
-11 37 39 0
26 -29 -41 0
-44 5 41 0
-44 -13 29 0
-8 29 -3 0
12 -39 11 0
46 -5 2 0
-14 -34 -41 0
-47 -1 48 0
-41 8 -19 0
-30 23 -31 0
-3 -33 -4 0
-15 24 8 0
-5 -5 -33 0
-27 -23 40 0
27 5 -16 0
-15 26 44 0
10 -32 -36 0
-33 44 24 0
14 -15 8 0
-13 -27 -20 0
25 -31 -10 0
11 -21 41 0
26 20 -47 0
-6 35 14 0
5 -46 43 0
-2 37 13 0
18 -7 8 0
-32 -45 49 0
27 47 -12 0
32 -43 1 0
-43 -19 -47 0
31 -18 11 0
-39 -48 8 0
32 -7 24 0
-1 8 -25 0
-50 -34 31 0
-38 1 -15 0
47 41 30 0
43 -46 1 0
-2 3 -28 0
-36 -43 21 0
44 10 -20 0
-11 -11 50 0
-10 -30 46 0
-43 31 -36 0
39 7 49 0
-18 -14 -39 0
-20 22 47 0
49 -50 29 0
-14 -34 27 0
35 -28 -35 0
-45 25 -3 0
18 35 -6 0
-7 15 -43 0
-20 -24 50 0
-20 40 49 0
10 -35 6 0
-18 -45 -38 0
-12 -37 -43 0
5 17 49 0
-31 -3 41 0
-29 33 19 0
29 -24 36 0
-3 43 -24 0
-12 -20 -44 0
-26 10 -45 0
-24 -12 8 0
-24 11 -41 0
-29 34 19 0
27 -11 35 0
6 -30 -35 0
-2 13 -34 0
-29 9 -19 0
-29 -32 49 0
30 -16 37 0
7 -36 37 0
-35 40 -30 0
-32 21 -28 0
47 -10 -40 0
16 25 -49 0
-41 -46 22 0
13 7 8 0
-31 -49 -38 0
-39 16 44 0
49 -13 43 0
5 -30 10 0
-45 27 28 0
-34 -18 50 0
16 10 18 0
27 -5 50 0
34 -9 -38 0
-6 31 -46 0
-25 44 -48 0
47 -34 -2 0
-50 -2 1 0
30 10 4 0
10 28 47 0
-11 -49 37 0
19 -46 23 0
46 50 38 0
-20 -44 49 0
-18 16 11 0
41 32 31 0
8 4 33 0
-30 48 11 0
23 -25 -29 0
30 37 -17 0
24 -22 29 0
12 -37 -37 0
34 2 -46 0
35 -21 26 0
-46 -7 -10 0
9 -16 -44 0
21 -47 -30 0
43 -33 46 0
-47 -4 -49 0
22 28 -26 0
-24 -25 12 0
-27 -32 -21 0
10 32 -45 0
33 -43 -6 0
-18 14 -3 0
32 -47 -23 0
-13 -41 -45 0
11 -34 31 0
44 -10 -36 0
17 -41 -5 0
-19 -5 -44 0
11 -44 -2 0
-45 -44 38 0
45 -25 16 0
-29 -49 50 0
-38 49 2 0
19 22 44 0
-8 -38 11 0
-20 -18 39 0
-13 25 -48 0
-39 22 26 0
21 28 -35 0
-24 25 13 0
-18 47 -10 0
16 38 -36 0
2 -23 -41 0
-26 18 -17 0
-17 -4 7 0
46 44 -3 0
19 39 19 0
14 7 45 0
49 25 11 0
-8 -41 -23 0
34 40 1 0
-4 2 -20 0
-33 -38 45 0
-23 -48 42 0
6 -9 14 0
26 -14 19 0
28 -11 2 0
-1 14 18 0
16 -45 16 0
-27 -43 -35 0
-21 22 18 0
-32 3 15 0
22 50 -33 0
-5 -23 44 0
4 -34 -4 0
-49 -38 -16 0
-12 -2 -35 0
6 -7 17 0
23 -16 -30 0
-21 -29 8 0
-23 -40 -19 0
37 1 37 0
21 -16 23 0
24 -9 33 0
10 -5 -2 0
-40 34 -10 0
45 6 -39 0
42 32 -9 0
-40 -20 40 0
-46 -17 4 0
-39 -42 12 0
-41 -33 2 0
-15 -21 27 0
-38 -16 -42 0
37 -21 -6 0
6 4 38 0
33 -24 -28 0
8 9 12 0
31 42 -30 0
3 31 29 0
-7 -2 10 0
-33 10 -26 0
