c CNF generator v0.9
p cnf 50 204
47 -5 -38 0
24 27 -42 0
20 -16 -48 0
-5 9 6 0
50 24 20 0
41 43 -15 0
25 -50 -2 0
-7 -26 -39 0
46 22 -45 0
-14 -9 -20 0
-25 46 -13 0
-49 19 48 0
-49 -32 -50 0
3 -45 49 0
-25 41 -32 0
-34 -19 31 0
-25 14 -26 0
-50 -1 32 0
-21 -34 -6 0
-29 -15 -7 0
6 8 21 0
-33 40 34 0
10 -18 16 0
22 -21 -16 0
-31 -28 -7 0
-31 17 -10 0
23 20 43 0
-1 -31 32 0
33 14 42 0
-45 -45 -20 0
-15 20 6 0
23 -26 -34 0
29 -18 -28 0
7 47 -26 0
-13 -43 -14 0
-50 25 46 0
-47 -12 -21 0
37 -19 -15 0
-16 -10 -17 0
6 18 -14 0
7 -3 19 0
28 -37 23 0
-10 -1 -46 0
50 -25 50 0
14 -7 -48 0
22 -30 -5 0
-6 -15 -48 0
-42 -24 -26 0
21 36 44 0
-3 -27 43 0
38 -31 8 0
-20 -22 43 0
3 45 -42 0
-23 21 -16 0
-17 -33 -29 0
44 16 -25 0
43 6 34 0
27 22 15 0
46 -40 -43 0
-40 37 27 0
37 28 -26 0
17 -22 -42 0
-33 3 -30 0
39 -28 -14 0
40 10 -2 0
39 -38 35 0
32 -13 47 0
21 -5 21 0
29 19 -46 0
-38 -31 19 0
-11 48 -16 0
29 8 42 0
5 -11 1 0
-31 -4 25 0
14 28 29 0
-9 16 9 0
25 -49 16 0
-49 -35 -46 0
-46 9 -18 0
-11 44 49 0
41 23 -25 0
48 -38 -43 0
-2 24 12 0
19 -32 -3 0
8 6 48 0
-28 7 19 0
20 -14 -27 0
41 -44 15 0
37 5 -3 0
-42 17 39 0
-48 -49 -38 0
47 47 -5 0
-15 14 18 0
-31 41 -4 0
-31 -32 -22 0
-38 -22 -20 0
-7 18 36 0
37 -21 30 0
3 -49 3 0
-48 -32 6 0
2 32 21 0
-10 31 -46 0
15 -33 -21 0
25 18 1 0
-28 23 -10 0
11 44 -25 0
44 44 -4 0
-28 -12 -24 0
6 43 -3 0
-2 -27 -24 0
-9 13 7 0
37 47 36 0
43 -3 -35 0
39 2 -38 0
-49 18 22 0
-14 40 19 0
-9 21 -5 0
38 -4 -43 0
-24 40 26 0
24 16 -38 0
-2 -13 50 0
-24 -21 -25 0
-26 -41 -26 0
20 -28 -31 0
-31 -13 -20 0
-15 -47 45 0
37 38 -37 0
-38 40 -12 0
-50 16 21 0
50 -20 40 0
-14 -17 6 0
-13 42 19 0
16 18 4 0
-17 -9 -2 0
32 3 38 0
-24 -4 9 0
-47 1 47 0
-42 -30 -29 0
50 -15 40 0
-13 5 38 0
-10 -22 33 0
29 -1 -9 0
-39 34 -28 0
-18 -7 29 0
-23 -31 -37 0
28 39 1 0
13 47 -38 0
-10 -48 -33 0
-37 14 -5 0
1 -48 -30 0
-48 21 49 0
-42 32 36 0
35 -23 25 0
16 -6 -1 0
-36 17 40 0
26 13 -2 0
44 23 6 0
-7 22 6 0
-18 -3 37 0
-5 42 -24 0
27 22 43 0
50 -17 37 0
35 49 16 0
15 -27 30 0
14 -27 -25 0
-7 17 29 0
12 -21 -14 0
-28 -35 12 0
-4 27 -4 0
49 -22 -41 0
-23 -14 -5 0
33 4 -30 0
47 -12 -12 0
32 -39 6 0
-1 40 -14 0
-8 -15 40 0
-7 9 29 0
1 -33 -44 0
-47 24 44 0
-1 -22 11 0
3 -36 -27 0
-8 -6 13 0
-37 -16 2 0
-20 46 5 0
34 1 -25 0
47 -30 41 0
-36 -10 34 0
-11 -26 29 0
-1 -13 -42 0
20 -44 20 0
-44 9 27 0
-8 24 46 0
23 26 -14 0
-46 -17 -7 0
1 33 -24 0
-48 13 32 0
20 2 11 0
21 24 -34 0
-12 3 31 0
-50 47 -2 0
25 13 28 0
-4 -44 -33 0
-50 34 15 0
26 25 -11 0
