c CNF generator v0.9
p cnf 50 204
3 5 3 0
7 28 -23 0
-14 13 -49 0
32 1 -15 0
13 33 -2 0
13 6 -5 0
-35 50 6 0
33 22 22 0
-30 -5 7 0
-21 50 50 0
7 23 -39 0
-3 -40 -29 0
-15 25 -16 0
1 -34 5 0
39 12 20 0
-50 16 -43 0
-15 40 47 0
49 27 39 0
-35 -45 12 0
-42 -9 -6 0
26 -31 -38 0
-48 10 20 0
22 -8 17 0
-16 -46 35 0
29 -50 -44 0
31 -1 -33 0
-2 -27 25 0
-10 -14 26 0
41 18 37 0
44 10 22 0
12 12 -6 0
20 -10 -22 0
27 24 -29 0
-44 5 -5 0
-26 -28 -22 0
-39 28 -1 0
-10 6 16 0
-45 -34 36 0
-12 -41 -12 0
4 -1 -5 0
24 5 32 0
29 48 -37 0
22 -44 -26 0
15 -2 -29 0
28 -47 -16 0
-1 35 -44 0
-6 7 -5 0
-4 32 50 0
42 -28 -33 0
17 11 -33 0
-19 18 46 0
6 2 -7 0
39 -9 -18 0
-40 31 -3 0
27 -50 4 0
19 -44 8 0
-29 -20 -12 0
-16 -17 38 0
-32 -47 -14 0
32 16 18 0
-10 -29 -23 0
42 35 9 0
-46 44 -11 0
-6 -45 8 0
6 -10 -18 0
-33 12 43 0
-24 -26 19 0
13 -8 5 0
32 -17 -14 0
-15 46 35 0
39 40 41 0
19 10 -45 0
-22 -16 -40 0
26 -38 19 0
-3 -42 49 0
-32 -23 34 0
19 -22 5 0
-36 -50 -25 0
26 10 -32 0
-44 5 19 0
7 39 -32 0
-11 19 -45 0
48 -17 -4 0
18 -6 22 0
27 -2 -32 0
1 4 16 0
-32 -41 43 0
44 -13 41 0
50 -35 -42 0
46 2 27 0
-1 17 -11 0
-28 46 -3 0
20 7 -35 0
-22 -49 -32 0
17 8 -32 0
-1 -42 -22 0
46 -41 -11 0
-50 11 -44 0
28 -38 -24 0
-45 -3 -10 0
50 33 -2 0
32 -4 -30 0
29 1 42 0
-44 12 -31 0
-40 -50 35 0
48 -31 -8 0
-15 1 49 0
26 -39 42 0
46 -32 -7 0
47 18 39 0
23 -32 28 0
31 27 -43 0
6 -9 37 0
-5 -39 -12 0
-8 8 -12 0
46 14 25 0
-10 -7 -22 0
-34 17 37 0
1 -30 39 0
30 23 7 0
-12 33 24 0
19 44 -19 0
-24 26 -17 0
34 24 -19 0
19 -23 -33 0
21 29 -40 0
8 -3 -9 0
19 37 24 0
17 -9 -16 0
-10 24 24 0
-24 -32 -43 0
-17 -31 10 0
43 -40 -9 0
28 38 19 0
24 -18 7 0
15 -38 44 0
-32 -45 -43 0
42 47 14 0
-38 -49 -25 0
40 -6 41 0
-21 -30 42 0
43 23 36 0
-18 50 -47 0
49 -6 28 0
1 -10 -30 0
-20 -1 -13 0
-30 41 -10 0
6 14 20 0
-24 32 -47 0
35 5 -39 0
-32 18 36 0
-15 25 -36 0
2 -46 29 0
-28 -22 -33 0
1 27 -18 0
-42 40 -31 0
-29 11 21 0
-7 -1 9 0
11 -36 -32 0
-21 49 -15 0
-17 32 4 0
15 21 41 0
-28 -39 -43 0
-35 12 -22 0
-26 7 -19 0
-5 33 1 0
-12 37 21 0
25 9 -16 0
3 4 7 0
50 -38 34 0
8 13 23 0
45 -41 50 0
-16 -12 -12 0
12 13 36 0
-1 9 -13 0
-29 -44 -20 0
45 -23 -43 0
29 -42 -42 0
-48 37 -1 0
-42 6 -10 0
2 -37 20 0
-28 -14 34 0
43 48 22 0
-41 -17 27 0
48 37 -37 0
36 4 46 0
24 -42 38 0
14 39 -11 0
-32 -41 -18 0
10 -39 -13 0
3 21 46 0
-38 -45 9 0
2 41 35 0
21 -15 -22 0
31 45 -7 0
13 12 9 0
-13 43 -18 0
-33 -26 27 0
22 -3 27 0
-32 -8 39 0
37 15 -9 0
49 50 17 0
35 45 19 0
-3 26 -19 0
