c CNF generator v0.9
p cnf 50 204
18 -27 9 0
-25 -14 17 0
-22 45 -23 0
38 44 -33 0
-46 8 9 0
28 1 -38 0
27 -22 -24 0
25 25 -32 0
23 7 3 0
23 -39 -42 0
43 11 -41 0
27 -39 12 0
-4 -39 -19 0
34 -25 24 0
47 -16 19 0
-19 43 -17 0
-4 -27 20 0
2 -30 -12 0
1 44 42 0
45 -18 33 0
-38 -16 -2 0
38 39 -14 0
28 40 46 0
22 -31 -2 0
9 27 2 0
-16 -29 40 0
-42 6 -22 0
50 -40 -22 0
-47 -3 40 0
-34 46 -39 0
-32 -13 22 0
-35 27 -42 0
-41 29 -14 0
-10 -20 -36 0
-2 -21 -48 0
41 -8 -16 0
46 3 6 0
-16 -34 26 0
26 -4 18 0
-8 17 24 0
-49 23 35 0
45 33 -19 0
29 21 -7 0
-20 7 22 0
-32 -31 -45 0
-29 10 -36 0
-11 -22 42 0
-47 -21 28 0
41 45 3 0
-5 -16 19 0
48 3 -13 0
14 -45 7 0
-9 -49 40 0
11 -44 -23 0
31 9 10 0
35 -2 -27 0
25 -35 19 0
10 -2 -12 0
2 28 -4 0
-36 50 -27 0
-47 3 1 0
-29 -3 40 0
49 -25 4 0
4 -17 -38 0
-50 -23 8 0
8 -12 11 0
-35 -45 -44 0
-32 15 41 0
-11 47 -9 0
38 41 7 0
17 -34 -18 0
14 -4 -46 0
7 -29 47 0
2 -39 -27 0
-50 42 26 0
-10 11 22 0
33 -11 16 0
-15 31 -49 0
-41 33 -7 0
-26 -15 25 0
33 -37 26 0
20 -6 16 0
-25 -18 -35 0
9 -27 37 0
-42 12 -2 0
-8 -31 -18 0
42 15 49 0
-19 -33 7 0
4 -37 -49 0
8 32 -36 0
38 5 5 0
39 43 10 0
-39 23 50 0
23 15 15 0
27 -30 -21 0
-28 37 -14 0
18 -1 -49 0
50 50 -36 0
-11 -29 43 0
-36 5 32 0
4 26 45 0
-30 46 -22 0
-24 14 9 0
36 50 47 0
5 21 43 0
31 41 32 0
-37 38 -25 0
-3 25 -8 0
-1 -36 38 0
-32 3 -20 0
-7 32 50 0
-47 -5 22 0
-28 42 -3 0
-34 -23 17 0
18 -19 24 0
-19 15 13 0
-8 -22 -2 0
-29 24 -7 0
12 -50 8 0
-31 -14 44 0
8 29 -22 0
22 11 -39 0
-15 30 46 0
-29 -11 3 0
31 50 25 0
22 -30 -30 0
-48 4 -28 0
-21 44 39 0
45 25 -22 0
11 49 1 0
4 -47 34 0
-37 -30 44 0
-37 10 29 0
32 -4 -9 0
-40 -17 -13 0
40 -25 1 0
35 -2 33 0
32 -20 -20 0
-14 -22 48 0
-27 -3 41 0
16 44 14 0
36 -26 -5 0
31 10 22 0
-24 -15 -34 0
-47 -26 40 0
-48 26 43 0
-37 -14 4 0
-45 -47 28 0
39 11 -18 0
-40 21 10 0
1 -19 24 0
-15 8 19 0
-5 21 -16 0
-26 21 15 0
1 -34 1 0
16 10 -50 0
-16 -45 29 0
38 43 15 0
42 -46 25 0
22 18 33 0
-27 40 -49 0
26 -23 -4 0
18 48 15 0
49 1 -5 0
16 5 -9 0
50 -48 -14 0
10 45 49 0
-24 18 -21 0
28 14 -23 0
48 -47 32 0
26 -4 -24 0
-5 39 -22 0
-35 -13 -38 0
5 8 -20 0
-20 15 -7 0
-41 -33 5 0
32 -6 -38 0
11 37 -40 0
32 8 -11 0
3 -2 44 0
22 9 -31 0
-13 -48 37 0
7 50 41 0
-45 1 50 0
4 14 -33 0
26 43 -27 0
38 35 9 0
4 -12 -39 0
-46 -33 38 0
47 36 -20 0
-20 2 38 0
13 -9 -38 0
-46 -24 19 0
-1 42 -12 0
-3 30 8 0
-33 50 21 0
4 45 -14 0
-3 34 -31 0
21 -41 3 0
26 -27 -14 0
6 33 -13 0
-19 50 17 0
-42 42 34 0
19 26 20 0
