c CNF generator v0.9
p cnf 50 209
21 5 44 0
33 -1 -14 0
-24 45 -37 0
-46 41 -22 0
-49 -27 -37 0
35 -16 42 0
31 -39 17 0
48 38 4 0
-44 23 -7 0
3 -37 33 0
-2 -14 -50 0
16 -39 39 0
-8 -9 11 0
26 12 45 0
-42 19 12 0
27 45 21 0
-18 17 -37 0
-15 -27 1 0
-26 1 47 0
-24 8 -11 0
43 18 44 0
20 -15 -23 0
22 40 -25 0
17 -46 -6 0
2 1 -34 0
-9 23 18 0
48 48 7 0
-42 -14 19 0
22 -49 26 0
-36 47 18 0
-4 -10 8 0
-9 36 -35 0
-4 14 49 0
-13 -50 -5 0
2 44 -9 0
-20 -23 -16 0
5 -29 -21 0
-8 -9 -17 0
1 -3 -12 0
45 6 -11 0
-46 15 5 0
-26 24 -48 0
31 39 -35 0
27 -8 42 0
20 -29 -41 0
11 24 -43 0
-47 -8 27 0
-10 -48 -47 0
10 41 -30 0
37 -34 21 0
32 14 46 0
8 14 33 0
1 -7 33 0
-46 -20 7 0
8 26 -37 0
-29 11 -49 0
44 -27 28 0
-18 -20 28 0
-45 19 2 0
14 -42 -26 0
-20 -38 -5 0
-36 -41 36 0
-16 -36 17 0
-28 -42 -31 0
4 -38 -45 0
-39 39 12 0
-11 23 -50 0
4 36 -12 0
-24 -1 -8 0
1 -48 46 0
-50 28 40 0
-24 36 -15 0
39 29 6 0
-33 -45 32 0
32 -24 -29 0
-2 -33 31 0
-2 28 15 0
-48 22 -22 0
-17 -36 -17 0
26 -49 -11 0
-48 -45 16 0
-7 3 13 0
-37 41 -35 0
7 26 -22 0
-1 -27 -39 0
-19 31 -14 0
22 46 46 0
13 11 12 0
-17 -4 -32 0
-40 41 -36 0
39 -47 -38 0
33 2 -19 0
-15 -37 -48 0
-14 -45 -9 0
7 41 27 0
-45 -6 -32 0
15 6 20 0
-6 -42 4 0
-4 -39 -15 0
16 -3 -16 0
-16 48 6 0
-44 -21 -19 0
-19 -32 -50 0
2 -9 28 0
19 45 -26 0
1 4 35 0
41 -50 -11 0
-2 -36 -10 0
-4 4 19 0
-24 -32 -10 0
40 -1 18 0
4 -6 20 0
-37 39 45 0
3 -50 3 0
-23 -8 42 0
-21 23 46 0
-46 9 40 0
-49 3 -10 0
8 -30 36 0
15 -40 33 0
-33 -8 -10 0
-19 38 -32 0
-49 -17 -42 0
8 4 -12 0
9 -26 35 0
8 -18 12 0
-49 12 5 0
-21 24 -25 0
-48 38 50 0
48 23 36 0
-41 -8 -20 0
34 -23 -30 0
30 28 -40 0
21 -29 22 0
18 -19 -2 0
-37 31 -39 0
-7 46 47 0
-13 -35 -43 0
35 38 15 0
-1 37 -10 0
-9 24 -34 0
37 25 7 0
-45 41 -44 0
-34 33 -30 0
36 -1 -46 0
23 41 -6 0
43 29 -25 0
-19 14 -31 0
18 -45 45 0
20 2 -7 0
-23 -11 30 0
1 36 -45 0
13 47 2 0
-15 45 -36 0
-50 1 8 0
5 -14 34 0
28 -24 18 0
-27 10 3 0
-25 -19 11 0
-23 -28 -36 0
-40 6 -12 0
7 -50 2 0
-42 -30 -11 0
10 11 -36 0
23 33 3 0
-26 -12 6 0
-46 -22 48 0
1 -48 2 0
-47 -28 14 0
-13 -38 46 0
-46 -18 -34 0
37 -2 -24 0
28 -14 18 0
28 -33 11 0
22 -20 -44 0
49 42 29 0
29 -33 -47 0
-5 -26 15 0
-17 -49 -50 0
21 22 -22 0
-13 -41 2 0
-15 40 4 0
24 -9 -18 0
-32 44 32 0
29 -26 17 0
5 -28 -30 0
4 -5 -1 0
8 -13 29 0
-16 23 -10 0
-27 -29 6 0
-50 -4 -15 0
43 -32 -35 0
33 1 -6 0
-49 24 31 0
-33 -28 -37 0
-47 -23 4 0
-26 35 29 0
-34 40 25 0
2 -23 22 0
40 -21 50 0
-37 27 34 0
36 32 44 0
2 21 -18 0
14 -4 -12 0
18 3 -1 0
-38 12 -10 0
43 12 -22 0
-2 -46 -6 0
48 6 8 0
