c CNF generator v0.9
p cnf 50 209
-45 3 6 0
38 40 27 0
48 20 36 0
44 -8 18 0
-21 12 31 0
-32 -30 -23 0
-10 20 8 0
-17 -34 -47 0
-4 -38 14 0
-5 11 37 0
-24 -41 -26 0
15 18 -47 0
-46 29 14 0
17 2 50 0
22 48 20 0
-21 -20 -23 0
15 -46 -14 0
11 -49 27 0
-48 20 8 0
-7 -36 35 0
-46 -15 33 0
9 49 -21 0
10 38 -27 0
-14 -27 1 0
19 21 41 0
16 -41 50 0
-36 -43 -8 0
-9 -17 -32 0
5 42 45 0
42 -50 -24 0
-27 25 -26 0
-33 16 -4 0
17 -28 -19 0
23 -20 -38 0
18 -10 46 0
-27 -26 40 0
-8 1 -41 0
18 -20 -46 0
49 -47 6 0
21 26 -15 0
13 -23 29 0
29 -1 -12 0
-11 20 -13 0
-42 -41 -11 0
-9 32 19 0
6 -5 -23 0
26 38 -24 0
23 -37 50 0
14 -9 49 0
26 28 16 0
26 -49 43 0
-27 -31 28 0
20 26 -33 0
-11 -2 22 0
26 20 -16 0
14 36 -5 0
24 -34 34 0
23 1 -10 0
-47 22 -46 0
-28 -7 26 0
-27 -3 40 0
-9 28 38 0
15 -34 -14 0
25 -8 -39 0
-1 -15 -40 0
-50 -42 42 0
-31 -9 -11 0
11 -8 -43 0
15 28 -1 0
12 -49 -45 0
-43 12 34 0
28 25 31 0
43 -12 30 0
45 -46 42 0
20 5 42 0
31 35 -18 0
-15 -1 30 0
17 -24 -43 0
-25 -10 1 0
-28 -39 -32 0
4 -6 -22 0
-3 -15 -6 0
-47 -11 -16 0
2 -23 -14 0
32 34 -17 0
21 31 49 0
29 7 5 0
-17 -20 17 0
32 -32 -31 0
-15 -27 -50 0
22 46 1 0
8 2 23 0
46 45 3 0
45 -3 12 0
31 -29 -1 0
-31 32 -30 0
-27 20 -7 0
25 -14 34 0
-36 40 -48 0
-29 47 -24 0
24 12 -11 0
8 25 25 0
-35 -23 42 0
25 -42 -37 0
23 -32 38 0
-18 1 41 0
13 -34 30 0
42 -27 -37 0
-5 -4 32 0
14 20 39 0
-9 -21 -39 0
34 -4 35 0
7 -29 -33 0
-8 15 36 0
16 -12 -1 0
48 39 49 0
32 12 -22 0
-48 -36 1 0
47 -36 -4 0
-25 41 -47 0
-33 -30 -21 0
-39 -25 14 0
-41 -23 23 0
37 40 28 0
23 -46 29 0
4 -41 -9 0
-31 -48 27 0
-33 -35 -5 0
47 -4 -4 0
-4 -35 16 0
36 -11 34 0
-17 -17 -12 0
24 -15 -8 0
-16 -23 -9 0
-35 36 -48 0
-50 9 49 0
38 -9 45 0
46 4 19 0
-26 32 6 0
9 -8 19 0
23 31 -39 0
-46 -7 39 0
-27 37 -46 0
17 -24 -15 0
10 23 -20 0
-7 -26 20 0
-30 -40 29 0
36 10 1 0
35 24 34 0
-26 23 32 0
-11 29 -3 0
-50 22 -9 0
-18 -17 34 0
17 7 -38 0
28 -43 36 0
45 -43 4 0
2 -39 6 0
43 18 25 0
15 -31 -13 0
8 -15 -17 0
-46 -40 -19 0
36 17 32 0
-2 22 -14 0
16 44 -21 0
-43 5 23 0
32 -9 -26 0
-29 40 -32 0
47 -4 -30 0
-16 28 -46 0
-17 -41 24 0
50 9 -3 0
41 -31 -47 0
-33 -17 43 0
39 3 24 0
-29 -11 -27 0
-44 46 -44 0
-22 2 -10 0
23 -14 33 0
-46 29 -44 0
47 -27 -43 0
-45 -14 13 0
10 -50 7 0
29 34 19 0
-12 -35 4 0
-21 30 29 0
41 47 -39 0
-41 45 21 0
21 -38 -18 0
13 42 -2 0
20 -27 28 0
-23 -39 16 0
14 7 23 0
44 -36 -49 0
-5 -38 16 0
32 16 30 0
-39 -7 -47 0
5 -38 -5 0
2 18 3 0
47 -37 13 0
-31 21 -12 0
44 19 -14 0
-43 -5 -33 0
-5 -31 -9 0
38 -42 -44 0
49 30 -1 0
-1 27 -23 0
23 19 22 0
39 28 34 0
35 -50 -29 0
