c CNF generator v0.9
p cnf 50 209
-17 -2 -38 0
23 -26 -13 0
-35 8 -34 0
-25 -47 26 0
33 -16 14 0
-13 26 -38 0
-28 -12 -14 0
-17 33 3 0
34 30 40 0
-12 -32 -45 0
21 50 29 0
7 20 -2 0
-20 -50 -31 0
-18 14 -5 0
-47 48 -15 0
13 27 -19 0
-47 24 21 0
-9 -13 40 0
-38 -11 -19 0
5 42 -12 0
2 -5 -48 0
33 28 -9 0
-18 16 -37 0
-47 -9 -48 0
27 43 28 0
10 -48 -47 0
3 -17 -41 0
41 -28 -34 0
-29 -28 29 0
-26 11 -7 0
-13 13 37 0
-3 34 -33 0
-2 31 38 0
13 20 24 0
39 -19 39 0
5 40 11 0
-14 -4 6 0
40 -24 -49 0
7 -13 14 0
3 -50 23 0
-15 12 -27 0
37 47 7 0
9 -44 -38 0
43 46 -25 0
-44 14 3 0
-28 -41 43 0
-37 21 -45 0
10 46 -45 0
10 -28 16 0
12 -44 48 0
37 48 -17 0
32 27 -37 0
-38 -9 21 0
36 -26 17 0
8 -34 14 0
19 -48 1 0
31 42 -44 0
-6 35 4 0
-8 -13 -46 0
50 -40 13 0
-48 31 -28 0
-26 17 20 0
46 29 27 0
-45 22 -7 0
-22 -46 -31 0
-11 -48 -33 0
-36 43 7 0
-40 -23 -22 0
-18 46 34 0
-11 45 35 0
-47 9 -14 0
-14 -36 -32 0
17 46 39 0
-41 20 10 0
15 -7 10 0
15 25 -4 0
2 16 32 0
-20 -5 15 0
-20 -3 1 0
-50 -34 -31 0
1 -44 13 0
-2 -16 -50 0
22 5 29 0
38 29 6 0
-15 2 3 0
19 -45 -48 0
-34 -13 32 0
33 -33 45 0
22 -19 13 0
29 -22 38 0
46 -14 41 0
21 -38 -20 0
34 -21 -39 0
12 50 27 0
13 -48 4 0
25 -26 -9 0
47 -49 7 0
40 38 -10 0
-14 -18 28 0
-37 24 -9 0
-12 34 10 0
-10 16 -4 0
-50 -46 -46 0
1 45 -33 0
-34 -7 33 0
47 -1 -44 0
-29 -25 -8 0
-28 -10 -43 0
12 -5 1 0
44 -25 -5 0
-50 50 -19 0
-41 21 34 0
-26 -42 -50 0
8 42 -32 0
11 41 -41 0
14 10 45 0
-15 19 23 0
22 20 -22 0
-23 -21 -39 0
-25 -34 4 0
26 -39 -41 0
-21 -1 19 0
13 -50 -1 0
27 34 -26 0
-33 2 7 0
21 -44 -2 0
-30 44 -48 0
-34 28 -44 0
3 32 -22 0
24 35 24 0
-13 -41 27 0
-26 -11 12 0
26 -32 40 0
10 28 -1 0
21 40 -32 0
48 -46 21 0
46 -7 9 0
-23 -16 8 0
8 -21 2 0
32 -17 -33 0
-26 -14 -36 0
-3 32 -36 0
-47 -6 -38 0
-2 -43 -46 0
-15 -46 35 0
-24 46 -14 0
-32 46 -10 0
48 10 -26 0
46 48 48 0
-21 7 28 0
-32 28 43 0
13 26 -16 0
-37 31 -35 0
15 28 34 0
-50 -42 -6 0
-24 -27 33 0
-37 -22 -42 0
41 5 1 0
29 3 -28 0
32 46 -27 0
8 39 40 0
1 -36 41 0
39 40 38 0
-47 47 -38 0
-28 -32 -13 0
9 4 -46 0
26 9 -28 0
9 43 -1 0
14 38 -32 0
11 -50 -43 0
32 -9 -44 0
-33 -14 -10 0
-1 -2 13 0
21 31 -42 0
-49 13 14 0
18 -40 21 0
-13 22 27 0
-38 -46 19 0
-40 -25 -47 0
26 15 40 0
16 18 32 0
-33 -41 28 0
25 41 -14 0
37 11 30 0
1 48 -1 0
-46 16 -15 0
-9 18 3 0
24 -24 36 0
-49 20 31 0
-21 27 -39 0
-31 36 -50 0
-13 5 7 0
27 14 -33 0
-7 -28 46 0
37 -19 46 0
-34 50 -1 0
-45 33 17 0
-21 50 1 0
25 -32 -46 0
-26 -30 16 0
35 31 -6 0
-3 1 -31 0
31 5 3 0
20 -7 -34 0
-27 11 5 0
12 -40 -47 0
-48 46 -35 0
38 -28 -6 0
46 11 6 0
