c CNF generator v0.9
p cnf 50 209
5 31 -8 0
-37 17 7 0
23 10 39 0
27 -20 30 0
24 43 -8 0
46 -9 -39 0
29 21 5 0
17 -22 34 0
25 -36 -48 0
-20 -17 42 0
-32 -20 -1 0
25 -13 -31 0
-16 47 -14 0
-6 29 -15 0
-35 -41 31 0
-41 -45 -10 0
14 -5 25 0
-3 -48 30 0
33 -41 -25 0
34 50 47 0
8 -20 -20 0
9 27 -29 0
24 -15 -34 0
28 -8 6 0
-43 11 -29 0
43 -23 20 0
-5 14 21 0
47 -10 42 0
-46 48 2 0
46 -9 -24 0
26 43 -21 0
-19 50 -19 0
-40 -19 -9 0
2 34 -36 0
33 14 2 0
13 19 40 0
4 -11 25 0
-14 6 -7 0
-39 11 -46 0
-6 -37 -11 0
13 6 -3 0
-19 48 -16 0
28 46 -35 0
-39 -44 30 0
-36 28 1 0
31 32 23 0
19 -11 32 0
-35 -7 16 0
-47 37 -20 0
5 30 12 0
-48 -1 -33 0
-38 24 33 0
49 -37 11 0
15 31 -21 0
-46 -23 -9 0
4 36 39 0
-33 -39 -15 0
48 15 44 0
-3 -16 9 0
-34 32 -46 0
45 -10 16 0
-8 7 -49 0
-22 -39 -18 0
50 5 -36 0
1 -23 -3 0
13 32 -16 0
-3 30 -21 0
-17 -15 47 0
-22 28 -5 0
-16 -30 22 0
40 -20 -40 0
4 47 2 0
-11 -47 -28 0
-1 48 -27 0
6 26 -5 0
-16 -37 20 0
14 18 26 0
13 13 4 0
-2 -37 -13 0
-17 13 8 0
16 14 39 0
10 -31 4 0
35 -28 4 0
10 -34 2 0
-11 9 -25 0
43 15 4 0
-8 -9 27 0
8 49 14 0
3 -17 -3 0
40 24 -22 0
-34 -11 18 0
23 24 -8 0
49 33 28 0
-30 50 -24 0
-9 30 1 0
40 -50 41 0
26 43 -49 0
-42 -7 37 0
-7 -13 25 0
1 -16 26 0
-12 -12 36 0
-17 -40 40 0
37 32 35 0
-39 16 30 0
1 -41 38 0
29 47 -20 0
-41 10 32 0
-22 4 7 0
-8 34 34 0
-24 -40 -36 0
1 -47 -23 0
23 25 16 0
47 29 -47 0
44 13 32 0
32 -22 30 0
-48 23 -44 0
-19 -1 33 0
-16 33 -13 0
-25 42 -28 0
44 48 45 0
40 11 47 0
-13 -13 -21 0
-13 -13 -2 0
-22 20 -4 0
-13 -19 49 0
23 -43 -3 0
-49 -50 17 0
-15 -41 -22 0
-41 28 -43 0
4 41 29 0
-27 -19 -49 0
-18 -20 -11 0
42 -23 -29 0
-32 -36 -43 0
35 19 -12 0
-14 -20 -47 0
-44 -16 43 0
35 -17 -5 0
-43 -40 36 0
45 -37 1 0
-40 -18 -39 0
10 5 -46 0
10 -45 10 0
49 5 1 0
-23 -32 10 0
3 -36 47 0
-1 -30 13 0
-18 30 -35 0
21 19 13 0
-38 21 -38 0
37 43 -3 0
43 -28 42 0
-42 -45 20 0
37 -37 5 0
25 -32 21 0
-36 -17 24 0
-31 6 1 0
-31 -48 -25 0
-12 46 26 0
25 -27 -12 0
45 -32 -12 0
-7 8 18 0
-19 42 -34 0
-4 12 42 0
22 13 18 0
-39 -16 13 0
14 -23 32 0
-21 40 -25 0
-18 -21 45 0
47 6 16 0
-16 -21 -23 0
-45 -41 -41 0
-24 -42 38 0
6 14 -36 0
-37 22 36 0
-34 40 33 0
-44 49 45 0
30 -9 20 0
26 -36 33 0
-44 -5 -35 0
10 -10 -3 0
-23 -9 -33 0
38 27 -47 0
-1 -33 -24 0
42 -26 8 0
-35 26 50 0
-49 18 16 0
-29 45 35 0
-18 -48 -40 0
4 -25 -8 0
26 -2 -6 0
-35 -34 -4 0
-12 -5 43 0
1 21 -3 0
-23 -16 38 0
-46 -44 33 0
22 -23 5 0
18 50 -39 0
10 6 19 0
46 22 37 0
33 -4 50 0
-14 -13 -39 0
31 27 12 0
-31 24 39 0
4 -7 -44 0
24 -37 -36 0
23 -32 -9 0
6 20 -42 0
-30 11 -34 0
