c CNF generator v0.9
p cnf 50 209
7 -32 -40 0
11 6 -5 0
-43 24 -42 0
13 -25 19 0
-32 -43 22 0
5 32 30 0
11 -17 -21 0
-5 -48 7 0
-43 16 17 0
-7 -38 28 0
14 -46 32 0
-42 -40 -30 0
-33 1 11 0
-16 46 -35 0
-17 -17 49 0
-10 -35 33 0
-23 13 28 0
36 6 -37 0
11 -35 -33 0
33 33 45 0
7 46 47 0
-33 42 45 0
30 20 22 0
46 50 32 0
18 35 34 0
34 34 -18 0
-6 26 -38 0
27 -4 -32 0
35 -35 -15 0
7 1 -11 0
-4 22 14 0
41 35 -48 0
25 -7 -20 0
11 17 -26 0
25 30 18 0
45 5 3 0
-34 -46 19 0
-22 -3 -32 0
-41 -7 16 0
-13 -23 31 0
-37 6 34 0
19 15 -20 0
42 3 20 0
-30 -15 24 0
23 29 12 0
8 6 43 0
-44 9 -17 0
41 -32 21 0
-23 -10 20 0
11 -2 16 0
-41 3 -38 0
-49 -43 -39 0
-30 21 30 0
-28 32 7 0
-33 -6 -14 0
-16 -25 33 0
-3 36 19 0
46 -33 -19 0
46 40 -5 0
32 11 -14 0
2 30 13 0
40 -14 -35 0
37 10 33 0
8 -16 38 0
-44 -38 -24 0
12 12 10 0
8 15 -12 0
-4 -17 38 0
43 15 -3 0
16 -22 26 0
-6 -30 8 0
-41 14 14 0
39 20 -31 0
-26 -21 -45 0
-6 -37 -11 0
17 -32 -25 0
-23 -21 -46 0
12 17 -13 0
26 28 -7 0
-15 9 -35 0
-22 -20 -40 0
2 -50 -13 0
-15 -3 -27 0
46 -35 -24 0
18 22 22 0
-15 -7 -18 0
-11 -19 31 0
31 30 30 0
-20 33 -34 0
20 -39 36 0
-38 -15 -21 0
40 45 46 0
-37 -22 12 0
12 -48 -8 0
13 -4 28 0
-47 31 -21 0
31 3 8 0
37 -17 37 0
40 49 14 0
22 33 -42 0
-16 24 28 0
-9 -17 13 0
-19 -36 -33 0
17 -5 39 0
-47 -50 -42 0
-28 -11 -49 0
25 29 -32 0
45 -39 39 0
27 49 -34 0
50 3 25 0
38 -16 -10 0
-19 20 7 0
28 9 34 0
-48 -36 -18 0
-48 22 -22 0
-20 34 9 0
-12 40 -36 0
9 -40 -49 0
-26 -6 -7 0
-33 -11 -17 0
39 27 -21 0
40 27 -21 0
25 -17 24 0
8 36 23 0
22 11 -22 0
43 23 -24 0
35 -47 5 0
10 44 45 0
18 48 -22 0
14 8 -13 0
19 38 -32 0
-30 -12 43 0
5 34 -34 0
3 -40 15 0
31 49 46 0
-9 -48 -30 0
3 14 -15 0
-34 -14 -46 0
-5 -35 21 0
18 -27 -7 0
-46 40 -50 0
-36 -48 -33 0
44 35 34 0
1 17 -27 0
29 14 6 0
42 6 40 0
28 47 -41 0
25 44 20 0
-14 2 -44 0
46 14 -34 0
5 47 -17 0
32 20 -33 0
50 31 32 0
36 -28 26 0
5 -10 -2 0
39 -43 -46 0
40 -22 48 0
-29 -24 25 0
4 41 29 0
-10 -3 -24 0
12 -2 6 0
20 -1 11 0
-31 -19 -22 0
-20 -6 5 0
22 -39 10 0
-11 15 22 0
12 5 -1 0
-17 33 22 0
39 -32 42 0
4 25 -12 0
18 -37 -26 0
-12 14 1 0
41 12 -44 0
40 30 -20 0
-49 -42 8 0
-39 -41 9 0
23 31 -12 0
-24 15 -5 0
29 18 31 0
39 7 -1 0
-12 -46 28 0
-2 18 31 0
-4 -36 -17 0
-7 49 -32 0
-29 -10 10 0
-45 24 -30 0
34 -2 -44 0
-41 -37 -15 0
10 43 38 0
18 -22 -8 0
26 -14 22 0
5 -33 1 0
36 -29 -44 0
41 17 30 0
-18 -42 -41 0
-24 23 -28 0
-5 47 10 0
23 41 -46 0
-3 47 -32 0
-13 -13 -18 0
-43 -21 25 0
3 -40 -2 0
-37 -40 -29 0
4 -48 5 0
25 -23 -4 0
-36 38 -4 0
42 14 45 0
-13 -26 50 0
-10 14 19 0
