c CNF generator v0.9
p cnf 50 209
4 47 -28 0
26 22 -27 0
-42 -19 -41 0
46 42 18 0
39 -15 35 0
-43 4 -15 0
-2 17 -46 0
6 -28 25 0
23 30 -35 0
47 -11 -34 0
-18 1 -15 0
-43 -28 -42 0
-1 -15 -45 0
7 -10 34 0
-31 50 -12 0
-24 22 41 0
-38 18 -15 0
-45 -47 38 0
45 10 -41 0
-18 -43 -33 0
17 -6 -8 0
20 43 49 0
-26 -2 17 0
-31 -9 45 0
36 -15 10 0
-48 -36 36 0
-17 48 -27 0
-38 27 -6 0
37 -26 11 0
16 30 6 0
-13 30 24 0
-41 -32 39 0
-23 8 -31 0
-25 -13 6 0
-14 18 -48 0
19 -33 -22 0
-49 -49 -50 0
-46 11 -47 0
-20 -4 -32 0
44 -10 -37 0
-24 22 -23 0
-36 -24 -37 0
22 -35 -43 0
29 -10 -23 0
18 -26 -10 0
31 28 26 0
-46 40 49 0
-40 -23 -35 0
-23 34 -46 0
-38 24 40 0
-17 -33 18 0
30 -3 -21 0
6 -14 -2 0
-2 1 -44 0
40 -22 11 0
-38 42 -1 0
-14 36 -22 0
-1 -27 17 0
14 34 -17 0
-5 -42 -44 0
-9 14 28 0
-44 -34 -44 0
24 -3 18 0
-38 33 14 0
7 -8 45 0
-50 -40 20 0
40 -35 -14 0
-31 -19 35 0
-20 -46 -42 0
-1 15 -22 0
-26 -30 -4 0
33 23 -44 0
34 48 12 0
9 33 -45 0
3 47 21 0
5 26 -37 0
-23 14 26 0
45 32 12 0
-49 -48 -37 0
-34 7 -12 0
-12 -27 22 0
-39 -7 21 0
4 -44 -15 0
-47 -21 -17 0
-10 -33 -8 0
-13 -25 -14 0
18 28 36 0
-14 -22 -44 0
-14 43 -3 0
42 23 23 0
25 4 44 0
-48 -36 -11 0
-49 -11 33 0
20 45 -7 0
10 47 -38 0
-21 45 -8 0
46 37 47 0
5 43 -32 0
-29 40 -47 0
16 -38 39 0
-19 5 33 0
-23 -21 -6 0
17 18 12 0
-5 3 -32 0
34 -29 -7 0
24 32 6 0
-36 -25 37 0
-2 10 28 0
-9 7 -23 0
8 26 8 0
-48 26 -5 0
-42 13 -1 0
19 -47 -31 0
4 15 -4 0
42 -35 44 0
-21 4 40 0
-45 -45 -43 0
-27 -37 45 0
18 -30 42 0
45 -50 -6 0
-32 -29 8 0
-3 28 -50 0
-19 28 -40 0
16 -22 -50 0
-13 -45 -18 0
17 35 40 0
35 -9 -37 0
-2 -10 -27 0
24 -16 -34 0
34 -2 -12 0
44 -28 -21 0
-7 23 50 0
-13 -2 17 0
42 -25 -17 0
-11 -26 47 0
43 -15 -46 0
-2 41 16 0
-35 -22 42 0
5 45 -47 0
-10 45 -27 0
7 -32 5 0
-38 34 -6 0
-49 4 25 0
-26 -50 -42 0
-38 -15 10 0
40 18 -16 0
9 -18 41 0
-47 -32 -3 0
3 5 -41 0
12 14 9 0
-39 -40 15 0
22 34 2 0
-3 34 20 0
-5 -16 38 0
-44 -50 -13 0
19 -13 -14 0
20 5 -19 0
-40 19 -16 0
-7 -13 42 0
32 -46 44 0
34 43 -43 0
-10 5 6 0
-47 43 35 0
-42 46 37 0
-39 -23 45 0
-38 3 14 0
-40 -8 40 0
-15 -16 -2 0
-4 -42 -27 0
5 31 -49 0
-48 -30 -35 0
-48 -18 27 0
41 24 -26 0
3 2 -4 0
-1 8 31 0
-35 -16 -21 0
-8 5 35 0
23 -5 3 0
-42 -24 23 0
49 -12 20 0
-26 35 28 0
28 -44 -11 0
24 -28 -26 0
31 6 -28 0
-42 34 14 0
14 4 -48 0
-32 -15 -50 0
42 -46 -41 0
11 10 44 0
16 7 -13 0
-34 36 48 0
-25 26 -30 0
14 -40 -2 0
-11 -30 13 0
9 33 29 0
-9 -15 -38 0
5 42 9 0
4 15 -26 0
-4 -12 -3 0
-23 21 50 0
-25 -30 8 0
-15 43 -44 0
24 -24 -34 0
-45 -9 8 0
-35 -30 1 0
38 45 -44 0
-14 -50 25 0
-27 24 8 0
19 -10 -13 0
