c CNF generator v0.9
p cnf 50 209
-5 45 4 0
-29 1 8 0
5 -31 16 0
-27 -25 15 0
-43 33 -21 0
7 -43 39 0
20 39 30 0
34 18 -33 0
-44 3 -47 0
-37 -7 46 0
40 -1 45 0
48 -46 37 0
-41 -3 36 0
-25 -33 36 0
24 1 -6 0
2 12 -13 0
-40 24 14 0
25 49 15 0
16 19 -5 0
-27 48 -10 0
21 33 49 0
-37 -25 43 0
-44 -38 -29 0
18 14 16 0
-41 -25 38 0
17 29 -1 0
-27 -23 7 0
-48 11 -23 0
-6 20 -13 0
31 -47 35 0
-38 -32 4 0
21 -50 50 0
35 -32 -29 0
15 49 3 0
13 34 -44 0
-24 49 -31 0
49 23 -34 0
-36 28 23 0
35 42 -33 0
-3 22 -12 0
-4 20 -5 0
-11 -45 9 0
49 -12 5 0
-35 20 18 0
31 9 -20 0
-45 30 50 0
-31 -23 -3 0
-38 11 -45 0
21 -27 -8 0
16 -36 -21 0
3 -1 46 0
24 49 -40 0
46 -23 -6 0
-17 -35 -5 0
10 29 18 0
6 -23 32 0
3 -22 15 0
30 7 -12 0
-16 1 47 0
-1 45 -17 0
48 -2 46 0
-12 48 11 0
3 -13 -43 0
-43 47 1 0
-6 -30 -39 0
-31 -24 39 0
50 -9 50 0
17 -23 32 0
-11 20 45 0
-38 6 35 0
-18 -33 49 0
-16 -15 7 0
40 -29 29 0
-6 -20 -20 0
-2 35 -40 0
-20 44 45 0
-21 -9 28 0
-8 1 19 0
15 -41 -47 0
22 -26 -16 0
28 37 25 0
19 -13 9 0
27 38 46 0
21 11 25 0
-21 18 -37 0
-1 33 41 0
46 23 -29 0
-18 45 -30 0
-23 42 49 0
45 13 28 0
18 -15 40 0
-46 -30 33 0
47 4 10 0
6 7 37 0
35 12 -20 0
-17 11 25 0
50 31 -39 0
20 24 22 0
-45 -3 42 0
4 49 -26 0
-40 29 7 0
-13 24 17 0
18 21 -11 0
7 -50 26 0
-47 41 46 0
8 26 26 0
37 26 -21 0
-41 -2 -49 0
5 1 -8 0
9 -32 31 0
32 39 6 0
-36 -41 50 0
-30 -26 -33 0
28 35 -34 0
-36 -4 26 0
44 -48 45 0
-21 5 14 0
-15 -12 37 0
6 26 20 0
31 12 -22 0
7 1 -15 0
34 -29 13 0
-11 25 34 0
-17 -33 -3 0
15 -50 -29 0
-42 20 -24 0
5 27 -31 0
-8 24 -29 0
-5 -29 4 0
-20 22 -30 0
2 2 21 0
-25 15 -29 0
-2 -8 -45 0
-46 44 -30 0
-48 -48 1 0
4 33 -29 0
7 -49 -8 0
2 7 -31 0
22 -49 -35 0
-24 9 -6 0
3 15 -26 0
-8 -47 -11 0
20 -1 14 0
-17 19 43 0
28 36 -48 0
31 -19 -6 0
30 11 26 0
15 38 21 0
3 34 -13 0
-12 46 39 0
-21 39 37 0
-14 -14 26 0
1 -29 -25 0
30 -5 13 0
31 -49 37 0
34 -44 -16 0
40 -38 -32 0
30 -21 -46 0
23 -20 -47 0
-8 -17 4 0
-14 43 21 0
-40 38 1 0
5 50 47 0
-50 -24 24 0
23 -17 -33 0
32 22 -4 0
-10 4 -17 0
-46 50 10 0
46 4 -33 0
-15 -33 -11 0
25 44 -15 0
23 -11 45 0
22 -29 43 0
-31 -41 -16 0
-19 -23 -40 0
-45 28 6 0
-22 32 31 0
42 -34 33 0
-7 10 22 0
12 30 17 0
-23 33 -48 0
3 -23 -12 0
16 11 48 0
-44 31 -45 0
12 -33 -45 0
20 41 -21 0
31 41 9 0
1 -35 30 0
-16 28 -35 0
48 13 49 0
-21 38 14 0
-50 22 18 0
13 32 -14 0
-45 42 -44 0
-6 -8 36 0
-49 -40 -19 0
-19 40 -37 0
38 -4 21 0
15 -8 -16 0
-47 -24 -26 0
21 -40 25 0
-30 -8 47 0
-1 29 -25 0
-46 -29 23 0
-30 17 11 0
16 37 -22 0
-8 -44 34 0
4 -12 23 0
-38 -6 -6 0
