c CNF generator v0.9
p cnf 50 209
5 -30 -39 0
3 -43 -10 0
-15 -10 -47 0
-14 1 -34 0
-46 13 -39 0
19 -39 -24 0
-27 1 -45 0
-2 -44 -37 0
20 -28 -10 0
4 -49 -33 0
-30 -12 -26 0
-21 -6 1 0
49 -49 -14 0
16 -3 -25 0
35 45 -16 0
-39 3 -36 0
24 7 25 0
-40 -47 43 0
12 27 16 0
-24 6 50 0
-2 29 45 0
-21 -11 -17 0
-27 43 2 0
38 -9 -47 0
5 47 31 0
-2 45 -14 0
-7 45 25 0
-11 -49 -27 0
42 -48 -44 0
47 -5 27 0
-37 -7 -49 0
41 -34 -18 0
-37 2 46 0
37 -34 -11 0
-23 21 10 0
2 -25 7 0
-3 -50 27 0
33 -30 -43 0
-37 -30 -44 0
-25 29 -25 0
-19 23 -32 0
-19 -47 -50 0
19 -27 -8 0
32 49 34 0
37 -39 2 0
-50 -30 -41 0
-2 -45 -41 0
19 41 -42 0
2 20 19 0
-5 -50 16 0
-17 42 9 0
-50 24 -8 0
-15 -10 -44 0
40 -38 -27 0
46 11 41 0
-17 34 -6 0
-25 28 9 0
22 30 34 0
-5 38 -5 0
22 3 -18 0
1 -34 38 0
36 -36 -30 0
-48 15 -27 0
-39 9 -29 0
-15 -14 1 0
6 -11 13 0
-32 -34 -9 0
-1 29 8 0
-16 49 41 0
31 39 -43 0
-17 11 15 0
-19 -43 -37 0
-35 -31 30 0
-43 19 35 0
-17 -24 -7 0
-41 4 -30 0
49 -32 25 0
-32 22 -17 0
16 -47 -12 0
28 26 -10 0
47 -1 -34 0
-41 -20 -7 0
-48 -3 -44 0
-44 -22 25 0
-49 38 -12 0
6 1 46 0
-24 -28 -17 0
37 -25 48 0
-13 -48 33 0
22 39 -22 0
10 31 13 0
-24 34 20 0
-48 -6 17 0
-12 -1 -49 0
6 5 -27 0
16 16 -5 0
-37 44 -3 0
7 11 -35 0
30 -35 40 0
50 -24 41 0
47 7 -33 0
40 43 -36 0
-3 -45 8 0
-50 4 -29 0
32 -20 10 0
-20 -6 14 0
39 15 23 0
19 39 -37 0
22 -28 -26 0
13 -17 31 0
20 -34 -17 0
31 18 -30 0
1 16 16 0
38 5 39 0
-33 32 19 0
-32 -30 5 0
34 5 33 0
-33 -41 -43 0
-45 -45 -16 0
22 8 14 0
-45 45 -31 0
5 24 -38 0
10 39 -8 0
-7 15 -25 0
-29 -16 -7 0
-47 -39 -25 0
-31 2 27 0
22 -45 33 0
-38 -42 17 0
-40 -31 7 0
17 12 -34 0
-39 -43 8 0
-45 43 42 0
-37 -48 -46 0
-24 40 -4 0
46 10 46 0
-32 37 33 0
-42 32 -29 0
23 29 -4 0
32 -17 31 0
-34 31 -25 0
32 -16 -17 0
24 24 -14 0
-12 5 -32 0
-45 17 -37 0
27 3 -6 0
-46 19 -20 0
48 42 -34 0
-33 25 -8 0
37 -47 16 0
13 37 -31 0
-16 2 -22 0
-30 -17 48 0
9 3 -27 0
-34 -8 -1 0
35 -22 19 0
-20 -44 -14 0
-31 -13 -46 0
19 -6 46 0
1 18 9 0
-34 42 -34 0
-23 -14 1 0
-27 -36 -9 0
48 22 49 0
38 41 -5 0
-37 -40 -26 0
26 20 -11 0
41 24 27 0
39 -27 -20 0
34 35 5 0
-2 -12 -1 0
-32 -38 -29 0
41 30 26 0
16 -13 -34 0
38 -37 15 0
-9 -49 -50 0
21 -1 -1 0
-14 -40 -47 0
38 19 29 0
-48 -1 9 0
-42 34 13 0
-36 -14 -11 0
47 -41 -48 0
-33 -15 12 0
9 41 32 0
-43 48 29 0
17 -17 16 0
46 47 1 0
-46 21 28 0
6 21 -4 0
-30 -21 -33 0
-25 -28 -17 0
-1 -3 36 0
-40 -16 21 0
8 -39 -48 0
-37 -2 -23 0
-50 -41 24 0
-48 -36 28 0
-3 -4 9 0
-33 28 45 0
30 -40 19 0
-24 39 11 0
-45 50 48 0
48 -36 -2 0
9 -8 -32 0
-17 20 45 0
-43 16 49 0
-41 40 -6 0
-39 -14 -13 0
