c CNF generator v0.9
p cnf 50 209
49 16 26 0
-31 -47 24 0
16 -32 -27 0
-29 -35 -41 0
-40 21 15 0
-23 4 -38 0
25 23 41 0
7 -41 23 0
38 -35 -25 0
-11 49 42 0
41 -48 -34 0
-18 23 -13 0
31 48 -3 0
-25 -50 -46 0
-8 -33 36 0
-47 11 -44 0
39 -7 -50 0
3 46 -16 0
-42 42 45 0
45 4 10 0
-12 25 -3 0
1 8 46 0
22 -44 48 0
-44 48 20 0
47 -47 -7 0
-44 -18 39 0
-28 43 -48 0
-33 -39 -48 0
38 47 32 0
-43 -13 32 0
-6 38 11 0
-35 25 -44 0
37 -31 32 0
-23 -15 -11 0
-13 -41 -13 0
42 -8 8 0
-35 -43 20 0
50 3 42 0
18 45 43 0
-9 -47 -8 0
10 -26 -41 0
12 -18 8 0
31 35 34 0
-9 9 -40 0
41 7 -4 0
-14 -15 13 0
17 2 -19 0
21 -18 -2 0
6 -38 32 0
-50 -3 38 0
25 -1 50 0
34 18 22 0
31 2 38 0
39 21 44 0
3 -39 15 0
-22 -10 -13 0
-34 -8 -7 0
44 22 -47 0
-6 -11 -22 0
23 -10 -47 0
-7 42 4 0
-40 27 -43 0
49 -44 22 0
11 40 -8 0
-42 -50 38 0
-2 -9 -26 0
24 -35 7 0
-41 2 -8 0
-18 -33 28 0
24 33 37 0
29 -38 -49 0
-44 -12 -10 0
30 31 34 0
-46 35 -50 0
17 -48 -13 0
-35 -18 47 0
-24 27 26 0
24 -46 26 0
50 -31 19 0
-16 38 32 0
-10 47 3 0
2 -1 45 0
32 -4 -47 0
45 43 -27 0
13 40 41 0
25 48 12 0
40 -18 23 0
32 -21 -30 0
6 -44 -17 0
11 -42 -46 0
22 32 -21 0
-19 -28 -35 0
-26 6 -19 0
-33 10 -42 0
18 37 24 0
3 9 -41 0
-30 49 -26 0
18 -10 27 0
36 -48 -28 0
46 -45 38 0
5 7 31 0
-22 -47 -29 0
42 -47 31 0
20 44 23 0
26 -33 -30 0
-2 -12 -45 0
-19 -35 25 0
17 6 -28 0
-34 -31 9 0
46 -26 5 0
21 12 -28 0
-25 21 40 0
11 7 41 0
31 -20 22 0
-37 5 -41 0
48 -11 13 0
-43 15 45 0
-27 -23 18 0
35 1 -44 0
40 -37 -46 0
-13 -45 -4 0
-9 -34 -10 0
-23 28 6 0
32 21 -14 0
-3 4 -47 0
41 47 16 0
-33 -24 -38 0
7 -20 -39 0
-23 -43 33 0
25 9 49 0
-5 -14 16 0
-11 -19 16 0
-39 -49 -43 0
8 16 38 0
23 28 34 0
-27 16 28 0
-26 -6 -18 0
-29 41 -1 0
-42 17 -3 0
41 46 25 0
-8 -39 48 0
20 -12 21 0
-22 25 33 0
17 -18 2 0
-5 43 36 0
-25 40 14 0
17 -14 28 0
11 -43 18 0
22 45 37 0
-30 -28 -45 0
-2 -10 -27 0
-5 -11 9 0
-29 24 -2 0
-40 30 -44 0
39 49 23 0
-32 -25 -7 0
-40 -4 50 0
-18 -37 32 0
8 -41 32 0
-13 -33 16 0
3 -13 49 0
50 13 25 0
38 -23 -13 0
14 27 -48 0
35 -1 23 0
-43 18 -49 0
-10 -43 -46 0
-9 -1 21 0
-38 43 -45 0
-32 -19 -12 0
6 5 39 0
35 34 -42 0
5 -23 -4 0
2 38 -12 0
-29 3 12 0
-49 -32 26 0
16 -20 -20 0
-14 2 -34 0
18 -12 38 0
31 -41 -50 0
15 18 15 0
-38 -42 47 0
-13 19 11 0
1 28 -43 0
-8 -23 -15 0
-19 31 -42 0
-44 3 -6 0
13 -43 38 0
-17 -22 49 0
-9 -16 49 0
18 -32 -26 0
-7 -36 -13 0
10 9 16 0
40 8 -29 0
24 -8 -45 0
-24 -27 34 0
-10 -4 11 0
2 42 30 0
6 15 29 0
49 -29 -20 0
28 -21 6 0
-3 -38 -20 0
25 -40 37 0
-3 18 -14 0
5 -5 -13 0
-19 -4 49 0
35 20 -35 0
8 9 -31 0
12 -4 -47 0
