c CNF generator v0.9
p cnf 50 209
-38 -23 -2 0
12 40 30 0
49 33 -16 0
-45 -13 -18 0
-10 -34 -30 0
14 30 11 0
12 -46 -4 0
16 29 12 0
33 -38 45 0
-38 16 -19 0
44 -2 7 0
25 -19 2 0
46 -7 -8 0
-44 37 28 0
42 -25 38 0
33 -38 -21 0
-40 14 7 0
-5 -21 47 0
-15 36 25 0
26 12 -11 0
-12 40 -30 0
-32 8 18 0
8 6 26 0
-9 50 30 0
29 49 23 0
-44 32 -4 0
36 -39 25 0
35 26 -13 0
-18 30 -31 0
-43 -26 -38 0
-25 -29 21 0
4 -1 48 0
35 29 -15 0
37 -14 26 0
-28 24 40 0
-2 49 -5 0
23 -24 -10 0
25 21 33 0
-39 -16 -48 0
21 -46 21 0
5 46 -21 0
-9 -26 29 0
-41 -19 18 0
-46 -21 10 0
44 36 -15 0
-34 -46 31 0
15 -19 49 0
-39 43 5 0
-49 24 32 0
-18 19 -3 0
-47 -50 -46 0
-15 -27 39 0
45 26 48 0
50 -4 -13 0
22 -15 37 0
43 -23 -34 0
-34 -19 19 0
11 45 -19 0
-20 26 -2 0
28 34 -10 0
43 5 3 0
-33 -41 -41 0
-10 -11 12 0
-24 35 21 0
-41 -25 -16 0
-37 7 -32 0
-38 -29 32 0
-35 -18 -43 0
45 -50 -34 0
15 34 16 0
-9 -50 -42 0
45 -22 36 0
-18 24 -4 0
2 -7 -10 0
-35 -32 -35 0
-36 1 10 0
28 21 1 0
17 33 -8 0
-21 -24 -19 0
-20 -47 -8 0
-27 36 -27 0
26 -20 17 0
-19 -37 -31 0
30 3 36 0
-10 -26 40 0
-4 1 -42 0
1 25 7 0
4 12 36 0
-33 -49 -25 0
-11 24 -26 0
30 -24 -50 0
-40 13 5 0
48 -45 -48 0
40 -4 -26 0
46 -45 14 0
23 24 47 0
7 -15 -25 0
-40 24 22 0
5 -41 -47 0
46 20 33 0
-24 -30 -4 0
-34 41 -31 0
-49 21 6 0
-14 -13 7 0
38 28 41 0
-1 41 39 0
49 -39 47 0
-49 -23 19 0
39 32 17 0
-30 8 -10 0
-7 23 -29 0
-6 -39 47 0
12 -10 -15 0
-6 46 -45 0
-7 -39 36 0
-14 28 7 0
-41 -41 -32 0
20 -47 29 0
27 -22 50 0
-5 28 -1 0
15 46 -31 0
27 22 21 0
-38 14 -1 0
-11 -37 40 0
10 -38 -2 0
38 43 -32 0
23 45 27 0
-9 12 3 0
-29 -47 -19 0
19 -27 -16 0
-23 -46 4 0
-28 -14 -50 0
29 -37 2 0
-31 33 13 0
17 -19 -19 0
37 20 -15 0
37 6 -15 0
1 49 -6 0
45 28 40 0
49 -6 49 0
1 14 -1 0
-41 21 41 0
19 -37 28 0
40 36 -23 0
-16 47 -20 0
24 9 -45 0
-45 -18 -43 0
-11 18 34 0
13 5 -45 0
5 30 25 0
-10 -10 10 0
49 1 5 0
-28 -36 -17 0
-50 -39 2 0
49 -19 -28 0
45 -4 -16 0
2 -2 11 0
-22 -3 45 0
-10 -27 -19 0
11 -9 1 0
-17 29 25 0
-44 20 10 0
-1 -18 31 0
-36 6 -24 0
2 -41 -25 0
9 22 12 0
41 28 -17 0
-44 -49 32 0
16 45 -5 0
34 -9 20 0
-29 -44 -36 0
-50 16 10 0
-2 22 -13 0
16 30 -22 0
20 -24 -49 0
12 3 6 0
2 -7 30 0
36 10 45 0
43 -47 -28 0
-21 -11 -43 0
-28 -28 39 0
46 -29 49 0
-12 -30 -18 0
18 3 -16 0
12 26 16 0
-15 -11 27 0
22 -13 -2 0
27 -39 -29 0
-15 -45 -14 0
35 49 -10 0
-35 14 50 0
1 9 -27 0
-18 8 -41 0
-43 -32 4 0
-19 46 27 0
-27 8 -42 0
-2 42 -26 0
-13 -26 -32 0
38 -1 8 0
35 34 26 0
25 -25 -9 0
14 17 -11 0
-12 -7 -21 0
-44 23 -40 0
10 -13 32 0
50 -13 12 0
32 -45 -16 0
36 -34 -22 0
-14 -44 -17 0
