c CNF generator v0.9
p cnf 50 209
29 42 -47 0
-27 -29 42 0
2 -47 -26 0
-44 -21 -44 0
41 39 -3 0
32 34 -22 0
26 -35 25 0
24 -13 -12 0
-18 -13 42 0
25 4 47 0
-7 44 29 0
-9 -19 -10 0
42 5 -18 0
13 21 25 0
-35 38 -12 0
15 43 -4 0
-3 11 -19 0
11 4 -36 0
-47 37 49 0
46 -19 19 0
18 -5 -42 0
-23 42 -40 0
50 15 -28 0
-43 43 -13 0
28 -6 29 0
-32 -16 49 0
-19 44 48 0
-18 -49 44 0
44 12 -34 0
-9 15 -13 0
-33 -37 41 0
-30 13 -10 0
23 -37 32 0
16 20 -31 0
16 -39 -32 0
-50 -47 28 0
-3 -30 17 0
50 -7 19 0
10 -13 -45 0
-22 38 16 0
-36 -50 12 0
-33 5 24 0
-42 20 -32 0
49 26 -8 0
-33 -31 31 0
49 41 -49 0
46 -46 -16 0
-39 -14 9 0
-28 11 -41 0
-34 -39 -1 0
-34 10 23 0
13 -17 -50 0
-2 -33 -24 0
15 -33 -8 0
46 -43 37 0
10 6 -25 0
45 48 -50 0
15 3 -11 0
-4 18 -21 0
25 -18 11 0
15 33 28 0
36 -45 -38 0
47 -17 3 0
-25 41 31 0
30 40 -50 0
36 39 -29 0
-1 4 2 0
-17 27 -19 0
30 19 -37 0
6 6 -14 0
-39 -35 21 0
38 -48 -10 0
20 48 -10 0
-48 -18 35 0
9 8 42 0
-24 -36 -21 0
49 24 28 0
-16 27 -12 0
-6 28 -13 0
-31 -47 -38 0
-42 4 -46 0
2 -9 12 0
-28 14 8 0
-41 -20 -29 0
44 11 -25 0
45 23 -40 0
8 -32 32 0
-25 -23 35 0
43 17 -20 0
13 18 -10 0
-20 -12 49 0
7 -24 48 0
26 -10 37 0
-5 25 -10 0
28 -39 7 0
-41 -27 -2 0
-49 -37 -49 0
27 32 -21 0
-45 -42 44 0
-28 -21 32 0
-46 45 -1 0
-21 -9 39 0
-47 -43 -24 0
-48 -19 -30 0
-7 23 42 0
2 22 -16 0
19 -31 16 0
10 11 10 0
28 36 18 0
-5 -36 32 0
32 -4 -23 0
24 34 42 0
-17 -18 25 0
-42 -21 12 0
14 21 -1 0
-6 -48 -44 0
-26 -42 -7 0
4 12 2 0
18 -22 -19 0
36 -10 10 0
-10 -1 -38 0
-50 11 44 0
-4 -25 -1 0
46 -50 3 0
-3 40 -17 0
-25 13 3 0
-49 -23 50 0
21 49 23 0
30 -1 -27 0
23 46 -20 0
46 17 -4 0
-45 15 -35 0
-15 -16 -33 0
-41 -5 -34 0
20 -30 -50 0
2 19 23 0
-11 -32 -3 0
-48 -30 -33 0
-18 15 10 0
5 2 -35 0
15 50 -6 0
30 -26 1 0
47 7 27 0
33 11 9 0
-33 -22 28 0
45 5 -15 0
5 37 1 0
18 42 -35 0
6 -8 22 0
18 -47 12 0
7 -34 40 0
-34 24 -8 0
-17 43 32 0
42 47 -10 0
14 -20 -1 0
-14 -46 -16 0
-38 -29 2 0
-29 13 29 0
-44 -18 10 0
-24 -1 -7 0
-37 -10 -50 0
15 -41 -8 0
8 17 -3 0
47 20 20 0
-15 -29 -12 0
-22 16 -23 0
39 12 38 0
-40 9 31 0
42 -33 9 0
17 38 -46 0
10 2 17 0
24 -7 -14 0
12 -8 -8 0
-27 42 -33 0
44 -43 49 0
-3 -8 42 0
-42 -47 -31 0
35 45 -37 0
-34 17 16 0
-2 24 -16 0
8 -6 -46 0
-21 2 42 0
39 3 -42 0
27 -19 -26 0
44 1 -36 0
38 5 39 0
-18 -33 5 0
-22 40 -23 0
20 -38 28 0
6 7 6 0
-1 26 17 0
30 14 -50 0
19 -42 26 0
-31 -9 5 0
17 -41 -47 0
-6 32 41 0
-40 33 -48 0
20 -50 26 0
18 -41 10 0
25 -3 -10 0
30 34 -22 0
23 11 -17 0
-15 47 -38 0
34 -36 -36 0
-31 -18 -44 0
38 6 4 0
-8 30 41 0
10 -32 28 0
-1 -19 -17 0
