c CNF generator v0.9
p cnf 50 209
10 -33 -21 0
-8 23 12 0
-7 -26 9 0
44 40 -31 0
33 -44 -5 0
-37 -44 22 0
50 41 38 0
9 42 -40 0
-41 30 22 0
44 7 -14 0
-15 36 42 0
-47 50 13 0
28 -19 -18 0
10 -37 -37 0
36 24 -32 0
-35 -26 44 0
-19 -27 -31 0
18 46 49 0
50 -26 27 0
33 -26 36 0
43 -19 -1 0
-17 -14 20 0
-49 -45 -47 0
44 -12 -47 0
18 26 -36 0
-30 -15 -15 0
-20 -49 -34 0
21 12 23 0
-22 2 -1 0
-48 45 -19 0
-35 31 33 0
-45 16 -4 0
34 12 -28 0
24 -42 -35 0
22 11 -9 0
3 23 8 0
16 6 -31 0
-2 39 -21 0
46 -3 -31 0
38 -45 34 0
-4 26 21 0
-37 39 36 0
-14 32 -44 0
-31 29 -38 0
30 3 25 0
28 -24 46 0
-31 47 14 0
-3 -39 -10 0
5 25 25 0
30 23 29 0
50 -30 -26 0
-15 29 34 0
31 42 -25 0
33 -11 21 0
13 -24 -25 0
45 8 -10 0
39 -2 22 0
-44 -43 13 0
-12 14 -48 0
-21 10 50 0
-44 20 23 0
-35 20 -24 0
-44 4 21 0
17 8 -21 0
-3 -18 -50 0
-49 -3 -29 0
6 40 -14 0
1 36 -7 0
41 33 19 0
35 -38 -46 0
50 5 41 0
21 49 41 0
-9 -33 24 0
-32 3 -1 0
19 35 -20 0
19 -34 -16 0
-17 35 -1 0
-22 -31 28 0
3 39 34 0
-45 -48 25 0
16 12 -28 0
-11 -47 10 0
8 -46 17 0
41 -35 12 0
9 29 44 0
-3 -45 6 0
-48 25 -39 0
-11 -29 4 0
43 -7 22 0
-20 -15 38 0
3 -34 -6 0
41 -44 -10 0
18 40 22 0
26 -36 4 0
12 24 -30 0
-39 37 -25 0
-36 -3 -48 0
-49 -49 -50 0
50 45 22 0
-45 29 -23 0
-5 18 46 0
-46 -16 -18 0
8 13 35 0
-20 -49 12 0
-26 -48 -23 0
15 -43 -17 0
-36 -39 -11 0
19 -10 -20 0
43 17 33 0
-11 -2 -45 0
20 -20 -47 0
-2 16 15 0
36 45 40 0
-37 19 10 0
10 40 3 0
-21 -6 1 0
-5 22 -26 0
43 -20 28 0
-36 32 9 0
44 11 -26 0
-47 -26 -41 0
18 2 12 0
1 30 -50 0
-32 -28 -17 0
-8 -6 6 0
-12 34 -29 0
-50 -18 10 0
-6 17 -42 0
-2 -38 -24 0
-2 -9 -41 0
-28 34 9 0
-4 -28 -44 0
-12 -35 23 0
-17 -9 -15 0
-16 23 -47 0
-22 -23 11 0
31 -27 3 0
-4 -5 17 0
47 -22 17 0
41 7 -46 0
24 -13 18 0
28 31 39 0
-28 -5 -24 0
6 -44 -34 0
-23 -18 -33 0
-38 -45 47 0
13 -37 24 0
11 -49 -29 0
-20 -35 -29 0
-41 -1 24 0
-33 -18 17 0
-42 -42 -38 0
-24 -3 -9 0
-45 31 30 0
-26 -5 14 0
12 44 -12 0
29 6 -41 0
-50 -41 1 0
-20 44 -15 0
-16 27 34 0
13 -21 42 0
-8 41 32 0
24 38 50 0
-40 -13 34 0
7 -33 -2 0
30 -21 41 0
-24 -6 35 0
42 27 36 0
40 -2 -12 0
-37 -33 43 0
29 5 -7 0
-14 -27 -8 0
42 23 -24 0
1 -24 4 0
-43 48 37 0
-31 20 -48 0
36 -3 -31 0
-22 -38 -36 0
19 -21 -32 0
4 12 -10 0
-14 40 -5 0
-22 19 13 0
12 39 -41 0
-49 -50 34 0
21 -6 21 0
37 32 46 0
-39 -20 35 0
-6 34 -30 0
7 -40 -22 0
-2 21 33 0
-40 12 34 0
-11 45 -39 0
-5 14 9 0
-27 48 -33 0
46 17 -43 0
-29 25 -21 0
17 -42 41 0
-24 -34 33 0
29 10 -19 0
7 32 -1 0
11 -11 -10 0
-35 -42 -21 0
-42 -6 3 0
-22 14 -23 0
30 -24 -45 0
3 18 -34 0
-13 -47 27 0
26 -10 1 0
-45 2 1 0
