c CNF generator v0.9
p cnf 50 209
-9 9 -3 0
8 37 -3 0
41 30 -35 0
-45 -11 -29 0
15 -26 33 0
1 10 10 0
16 7 -29 0
-39 -44 44 0
-26 -48 43 0
17 13 -40 0
16 42 32 0
37 27 -2 0
-18 24 -35 0
16 36 30 0
-20 42 48 0
40 -25 13 0
-29 -18 -45 0
33 25 -29 0
-39 6 -19 0
38 6 6 0
43 32 -26 0
1 -38 6 0
17 45 -42 0
10 21 23 0
-32 37 -50 0
23 44 -11 0
-12 24 -11 0
24 -46 -29 0
48 -29 23 0
19 42 -21 0
40 5 -42 0
-30 12 -31 0
-18 -29 -33 0
39 -21 -39 0
20 21 -29 0
20 9 38 0
43 -47 47 0
48 -41 -22 0
49 21 17 0
21 50 -10 0
16 -41 15 0
-25 -3 43 0
-24 21 -23 0
-35 -35 34 0
36 7 -35 0
-46 -11 29 0
-27 -16 16 0
-19 -46 49 0
-16 -13 -34 0
24 34 49 0
16 -27 4 0
-4 -5 -39 0
-48 -21 2 0
-22 37 -14 0
-9 -9 1 0
-22 -17 -13 0
-46 5 -13 0
-41 -21 -2 0
26 19 -21 0
13 29 -33 0
-25 27 50 0
11 23 -36 0
-26 26 25 0
46 25 23 0
-22 -25 -42 0
-34 -50 -17 0
40 46 -10 0
-43 40 -26 0
10 -41 -45 0
-13 32 -18 0
-25 50 -10 0
-44 -8 36 0
25 8 11 0
45 -22 11 0
1 -48 23 0
-17 20 -35 0
-35 14 -19 0
33 -14 23 0
-46 -5 -47 0
36 23 33 0
27 -30 44 0
-35 -13 -13 0
-46 -7 33 0
-16 -28 8 0
-41 -2 44 0
-2 32 -22 0
-29 -22 -18 0
-31 -20 17 0
-8 -39 43 0
-43 -4 22 0
50 -3 8 0
-4 -38 6 0
22 46 -32 0
-26 45 22 0
-35 -12 -2 0
-43 -4 42 0
21 37 -30 0
35 -3 11 0
6 22 -24 0
9 -27 -19 0
44 25 -42 0
-29 -43 40 0
24 -34 -16 0
-20 -6 -13 0
-42 -9 -7 0
-1 34 2 0
-49 50 33 0
5 -24 -39 0
-15 -42 -7 0
34 -17 -28 0
27 26 -39 0
-25 -12 -45 0
2 -18 2 0
-4 -47 46 0
-3 40 -24 0
9 -34 -20 0
42 -19 -28 0
23 -38 -13 0
-19 6 37 0
32 10 -45 0
29 -7 -44 0
-8 -41 37 0
-6 44 30 0
7 -32 36 0
47 38 -45 0
43 42 26 0
-14 -47 -43 0
29 -33 -36 0
50 -50 13 0
28 -25 -43 0
-48 2 -46 0
-42 -4 -25 0
11 45 10 0
50 17 -15 0
-18 -22 -35 0
-12 40 17 0
7 34 26 0
-32 -47 -18 0
-27 -40 -1 0
40 26 -22 0
-18 -37 6 0
35 -48 37 0
-41 -13 25 0
11 -38 30 0
31 44 6 0
-27 43 49 0
43 -4 40 0
-33 1 -43 0
17 -20 38 0
2 -45 2 0
19 -22 -29 0
45 -46 -32 0
37 -47 22 0
-32 23 -28 0
35 -38 -17 0
-6 49 39 0
-9 -45 -38 0
-24 13 20 0
13 -38 -34 0
1 -15 48 0
-3 29 -7 0
10 -29 -35 0
32 -33 16 0
-12 -43 -36 0
43 10 27 0
-1 15 -47 0
27 -6 21 0
-8 23 31 0
-36 15 37 0
-32 -18 -32 0
39 5 29 0
21 32 -30 0
-15 49 32 0
-42 35 48 0
44 14 -43 0
-24 12 40 0
-19 39 -38 0
16 -32 42 0
-10 -12 49 0
14 8 41 0
-30 37 -7 0
20 1 25 0
-22 -48 13 0
-2 -14 -32 0
-45 41 24 0
-26 6 -45 0
-19 28 -31 0
39 -45 42 0
30 6 -36 0
29 -44 -38 0
48 -33 -15 0
6 19 -41 0
-4 8 -32 0
35 26 -48 0
32 -39 24 0
15 29 -12 0
-47 14 30 0
33 -48 49 0
-40 -50 -39 0
-22 -45 40 0
-46 2 -10 0
41 25 8 0
33 -7 -32 0
19 -14 3 0
-15 45 45 0
49 -5 -3 0
46 17 33 0
-26 27 -15 0
20 -49 -13 0
