c CNF generator v0.9
p cnf 50 209
-15 -4 23 0
48 19 16 0
-10 -16 -2 0
29 -12 4 0
-18 -27 -29 0
21 2 39 0
-6 47 -39 0
-27 48 40 0
-29 -14 -48 0
-26 -30 -41 0
20 38 42 0
20 -47 -48 0
13 -17 17 0
-20 -41 12 0
47 -28 10 0
-12 48 14 0
-38 23 -32 0
45 8 16 0
3 -14 -46 0
-33 -17 27 0
33 -29 -7 0
11 -22 23 0
-25 42 -48 0
36 -7 -29 0
37 11 26 0
50 -27 44 0
-10 -15 41 0
-1 10 -2 0
7 17 31 0
-50 30 2 0
-10 -45 6 0
-15 -15 4 0
-19 17 -39 0
-47 -38 19 0
-40 45 15 0
29 -30 -32 0
-1 24 45 0
30 -49 -9 0
-44 18 -49 0
37 -35 37 0
47 -41 29 0
-9 -19 2 0
13 10 33 0
46 16 2 0
-2 37 10 0
-18 47 30 0
-9 43 35 0
27 15 -43 0
4 -26 -45 0
-39 42 10 0
20 -30 32 0
-34 23 8 0
4 -13 30 0
-34 -34 -8 0
-26 -1 17 0
-28 24 -35 0
-23 -38 -13 0
1 12 40 0
-21 47 18 0
46 30 41 0
-46 27 44 0
-47 22 -33 0
11 34 -1 0
-24 44 -4 0
-22 -16 35 0
4 -32 -32 0
50 -16 50 0
-21 23 -36 0
-30 -9 29 0
16 -27 35 0
34 -40 2 0
-37 14 -20 0
-39 -46 -32 0
46 -9 24 0
-50 21 50 0
30 -34 44 0
13 13 30 0
41 -22 -12 0
44 46 22 0
-49 -13 -4 0
-18 -35 -47 0
13 -22 13 0
10 -25 7 0
24 44 -27 0
-10 -36 -7 0
46 50 4 0
-13 -45 32 0
17 46 -11 0
-15 13 32 0
-31 23 -16 0
-45 39 17 0
2 -34 -28 0
42 -35 -1 0
5 -8 7 0
46 41 -46 0
41 43 -22 0
-34 41 12 0
29 27 9 0
-8 -2 -27 0
4 -1 35 0
14 -1 -18 0
11 44 -22 0
-9 35 34 0
14 49 25 0
14 -5 5 0
9 -8 14 0
29 32 -44 0
9 25 -42 0
-28 -16 -1 0
8 38 10 0
13 -43 16 0
14 -10 -26 0
24 -42 31 0
31 39 -7 0
4 -28 28 0
-9 45 -38 0
-50 47 6 0
10 27 -20 0
-24 -44 34 0
-33 -43 7 0
-41 38 37 0
-5 7 5 0
-33 25 -9 0
45 42 17 0
-1 -22 16 0
47 -40 41 0
-13 -25 -1 0
-41 -29 14 0
-17 32 42 0
-8 -9 2 0
-6 42 -12 0
-26 48 7 0
40 -32 23 0
10 -25 8 0
47 47 24 0
48 -29 -6 0
-44 5 34 0
-9 2 -11 0
-19 -4 26 0
-47 9 -28 0
1 -36 7 0
5 31 -50 0
50 22 -35 0
5 14 -47 0
-8 -13 -25 0
-3 32 -44 0
4 46 10 0
-49 -43 6 0
-38 5 46 0
-7 6 -34 0
-29 8 -44 0
-13 44 46 0
12 40 -27 0
-2 -23 -19 0
-47 9 40 0
21 37 -13 0
5 40 33 0
46 -36 1 0
31 -25 4 0
22 -45 18 0
-11 -2 27 0
33 14 39 0
-15 -28 8 0
21 18 1 0
14 -32 -28 0
-2 2 -9 0
5 20 6 0
46 46 -38 0
43 -48 -6 0
35 -15 -29 0
-19 19 -40 0
4 -3 33 0
10 -17 -36 0
12 13 12 0
-3 4 -18 0
22 6 42 0
-26 17 -45 0
11 -45 -37 0
3 49 -47 0
-48 -41 -6 0
-45 33 36 0
30 -20 40 0
13 34 15 0
-25 -24 46 0
-45 -25 6 0
-15 27 -33 0
-1 46 -38 0
-16 33 9 0
-38 -33 19 0
32 34 37 0
24 1 -16 0
24 9 -46 0
19 -19 -33 0
2 -23 15 0
-45 -10 -23 0
46 45 11 0
-29 26 27 0
-38 33 29 0
3 33 -36 0
10 -26 -37 0
3 20 -38 0
-45 47 37 0
23 -1 18 0
-47 29 4 0
-15 -20 31 0
36 -13 10 0
-20 -13 -1 0
21 24 23 0
31 14 32 0
