c CNF generator v0.9
p cnf 50 209
21 -17 -49 0
-42 26 24 0
45 17 -33 0
32 15 -25 0
49 40 16 0
-36 -36 -14 0
-21 34 -39 0
3 9 34 0
-4 45 46 0
12 6 42 0
-27 -30 -4 0
-31 30 34 0
8 49 16 0
-21 22 19 0
-29 32 -36 0
41 15 -12 0
16 30 40 0
30 -46 3 0
41 6 -30 0
25 50 50 0
44 38 -19 0
37 2 -25 0
-5 -30 -35 0
-38 -7 -4 0
-36 -46 34 0
8 -14 25 0
40 35 -18 0
49 -15 4 0
-9 3 36 0
-15 1 8 0
-14 16 -47 0
-43 -16 -39 0
36 12 -8 0
50 7 -14 0
40 22 -14 0
-2 -19 -30 0
-46 7 -37 0
-32 10 2 0
-28 14 10 0
2 -39 49 0
3 32 12 0
-46 43 36 0
12 48 -38 0
18 21 -44 0
-47 49 -18 0
-18 37 47 0
18 -47 20 0
47 30 7 0
-5 -17 12 0
-10 -42 -30 0
6 -5 -34 0
37 24 20 0
-14 -7 11 0
-37 44 26 0
43 -50 -31 0
-47 41 4 0
-11 35 43 0
23 -10 47 0
45 -40 -17 0
-28 -42 23 0
-3 -19 17 0
31 -40 -31 0
-32 49 -36 0
-46 44 40 0
26 1 -26 0
47 -37 12 0
-11 38 -19 0
-18 29 -17 0
47 5 -13 0
-37 -49 43 0
18 3 -43 0
-32 -40 -39 0
-14 -16 9 0
19 -34 -12 0
-37 24 14 0
-7 -42 5 0
-1 42 -11 0
13 30 -38 0
-38 10 -49 0
38 4 12 0
-9 -35 -42 0
-42 22 -16 0
-23 -28 -23 0
-25 44 12 0
46 -11 -12 0
-3 -47 3 0
-31 -50 -37 0
-38 49 -11 0
9 8 -14 0
-43 -38 4 0
33 -14 -46 0
-28 -15 35 0
-6 -14 37 0
-22 -30 -14 0
-43 26 14 0
27 16 43 0
-17 -46 -34 0
-39 24 14 0
8 26 25 0
-34 -35 33 0
-28 17 -44 0
19 23 -14 0
35 -15 36 0
31 32 -13 0
33 -37 -38 0
-11 -11 24 0
5 48 -12 0
7 27 -11 0
46 -27 -15 0
36 -26 -9 0
-31 -38 23 0
28 -48 -43 0
25 -16 40 0
-6 -41 24 0
-13 -30 27 0
9 -20 26 0
10 22 1 0
-38 -18 35 0
32 30 -5 0
19 -15 -3 0
-13 25 -5 0
-35 30 -18 0
-48 -11 -19 0
-32 10 32 0
-50 3 -22 0
4 8 48 0
3 41 -43 0
6 40 14 0
42 20 -22 0
2 -40 27 0
6 24 5 0
32 -39 -21 0
29 -17 -23 0
-37 -37 -22 0
-39 -29 -23 0
-29 -39 17 0
-15 20 -47 0
-29 -40 -20 0
20 -4 -44 0
26 -49 7 0
-13 40 8 0
49 -24 24 0
33 -6 14 0
1 -48 23 0
-1 -24 24 0
40 -31 5 0
28 27 -8 0
9 -2 -26 0
-7 22 4 0
12 -26 11 0
33 -38 -46 0
35 11 -4 0
-49 -31 42 0
-1 -38 46 0
5 19 33 0
14 49 12 0
-18 38 29 0
-10 -32 29 0
39 14 47 0
-47 12 -34 0
-47 -12 14 0
-6 -43 -12 0
13 47 -23 0
-26 28 -33 0
29 9 -14 0
36 16 5 0
-50 43 10 0
10 23 -49 0
30 27 26 0
-5 -19 -25 0
-38 31 -35 0
-26 -18 49 0
-48 3 -7 0
15 -15 -37 0
27 -45 -9 0
1 25 -32 0
-23 33 -34 0
-25 42 -26 0
-38 -11 -15 0
13 -45 -39 0
-17 28 19 0
23 -18 13 0
28 -21 -36 0
-40 -33 -32 0
-20 -36 -37 0
4 -32 -24 0
33 -13 -44 0
-14 -9 -3 0
-2 -32 -6 0
48 21 -39 0
27 -1 17 0
-16 -32 -36 0
30 -17 -24 0
19 -5 -25 0
47 10 50 0
-27 -48 16 0
-36 50 -33 0
31 -45 22 0
-29 45 26 0
-17 -37 6 0
-2 11 50 0
41 34 3 0
25 21 3 0
41 40 1 0
35 36 -44 0
-22 42 -50 0
7 12 50 0
18 11 -14 0
-33 -19 -6 0
