c CNF generator v0.9
p cnf 50 209
-22 1 43 0
-47 -4 2 0
-40 6 -19 0
21 -20 -1 0
28 -15 43 0
10 2 -28 0
16 -2 15 0
-45 -44 -4 0
-16 -32 11 0
-44 -23 6 0
-8 16 -50 0
-9 17 -3 0
29 -45 31 0
15 -19 -10 0
20 -13 3 0
-43 -33 -30 0
20 -18 25 0
-22 -20 23 0
50 7 42 0
-37 49 40 0
-17 17 43 0
-16 26 3 0
-37 12 33 0
30 -10 -41 0
33 20 14 0
-44 -9 46 0
-2 27 20 0
-37 14 27 0
27 -20 -4 0
46 -4 -19 0
24 3 -21 0
14 5 -20 0
6 36 -1 0
-31 34 30 0
27 -45 29 0
48 21 -28 0
-31 -8 50 0
-5 -36 -39 0
47 15 45 0
-49 36 23 0
14 12 1 0
49 23 19 0
30 48 -8 0
-1 49 -37 0
-3 -49 -2 0
11 33 -6 0
25 -2 9 0
5 7 38 0
11 -24 40 0
-33 41 44 0
-4 -11 -42 0
10 15 -24 0
-13 5 -24 0
18 38 -13 0
-9 -41 24 0
15 27 23 0
-8 3 -16 0
10 -1 31 0
-41 20 -11 0
44 7 -49 0
18 -13 20 0
-16 4 10 0
-47 20 11 0
-48 -3 30 0
47 -8 49 0
-7 -45 26 0
-46 13 -46 0
13 -7 -36 0
-33 -19 34 0
-2 7 -49 0
28 -17 -45 0
35 -16 12 0
15 -19 -21 0
49 -1 30 0
9 -29 19 0
6 -1 27 0
1 -14 29 0
19 37 -20 0
46 -23 29 0
40 23 -2 0
-6 12 24 0
15 -30 -38 0
-41 17 2 0
-22 -9 -40 0
46 21 -13 0
9 -12 33 0
-46 -21 44 0
22 -29 4 0
-32 13 -17 0
-31 40 43 0
-34 -44 -1 0
-50 -38 7 0
-8 -24 11 0
10 38 29 0
41 -31 -50 0
11 3 2 0
-9 15 -47 0
38 40 37 0
31 -36 -32 0
-6 -16 -36 0
-9 40 21 0
-21 40 -24 0
45 34 39 0
-21 22 25 0
-29 47 -35 0
50 -41 3 0
34 -25 -48 0
-10 -17 -29 0
-25 -48 -26 0
41 39 -15 0
39 -16 -5 0
-16 9 8 0
43 42 -19 0
-8 33 31 0
-33 -50 20 0
15 -49 28 0
-4 -23 -14 0
-14 -43 43 0
-38 -18 31 0
-5 46 49 0
6 49 -23 0
-20 -26 39 0
4 -23 44 0
27 39 37 0
13 4 -4 0
42 -5 1 0
-20 45 3 0
-1 -47 15 0
36 -4 -37 0
15 15 41 0
-16 22 -16 0
48 10 -22 0
-7 -38 28 0
-40 43 -45 0
-3 -33 -11 0
21 39 3 0
13 50 -40 0
33 -28 42 0
-43 44 -47 0
9 -32 47 0
1 18 -44 0
39 -9 23 0
-26 -30 -50 0
1 47 31 0
-10 -1 9 0
17 25 -35 0
18 15 36 0
-29 33 44 0
-41 -38 20 0
-45 -47 29 0
-46 -44 43 0
-20 17 26 0
42 -7 4 0
7 45 -19 0
-23 -15 -20 0
39 28 -47 0
-24 27 10 0
-2 4 -27 0
42 -22 10 0
13 13 -27 0
-34 12 -17 0
18 -46 -20 0
15 35 -34 0
15 36 2 0
39 -13 25 0
-21 -38 19 0
26 7 24 0
29 19 26 0
25 -29 -39 0
-50 18 -11 0
-32 48 36 0
4 38 1 0
40 2 -14 0
47 48 28 0
-42 -3 28 0
2 1 -49 0
13 33 5 0
-2 36 -2 0
37 -32 -35 0
-7 -42 42 0
-23 -18 -1 0
-32 6 41 0
-44 47 -37 0
-4 -48 -8 0
-20 29 -28 0
-40 42 -4 0
-21 -21 45 0
15 1 -24 0
-13 34 -6 0
-24 21 -6 0
-37 24 -47 0
-17 -46 -16 0
-50 33 26 0
-19 33 -16 0
-25 32 -8 0
2 -36 -7 0
-32 27 -22 0
-18 17 -28 0
-2 -27 -12 0
46 46 22 0
37 7 -26 0
47 -13 40 0
-3 -8 2 0
-45 48 45 0
30 38 -16 0
-49 -2 -3 0
26 -47 -3 0
1 18 -48 0
17 48 19 0
