c CNF generator v0.9
p cnf 50 209
14 45 41 0
-47 -16 23 0
42 -37 29 0
-16 -4 -16 0
-18 -49 29 0
-37 45 -47 0
-1 -11 -29 0
-37 11 -26 0
44 24 -6 0
-14 36 -11 0
-25 -42 -29 0
24 -25 29 0
46 -17 1 0
27 -14 30 0
34 -15 -1 0
12 -5 27 0
-24 -1 -8 0
32 49 -12 0
-15 50 -9 0
-19 -14 -17 0
-27 36 39 0
46 -17 28 0
-27 32 -21 0
45 -28 -14 0
28 -42 -1 0
-10 38 35 0
11 26 23 0
38 -20 39 0
21 9 -32 0
35 4 12 0
42 -20 34 0
-44 24 -13 0
50 23 5 0
-43 3 43 0
-1 16 -14 0
28 3 -23 0
-25 43 3 0
20 -1 26 0
49 -12 9 0
-27 -43 -38 0
46 34 -46 0
7 30 36 0
32 -5 25 0
-46 -49 32 0
-38 10 17 0
49 32 -40 0
-49 6 -31 0
20 37 -8 0
20 -30 45 0
-33 47 -46 0
-12 -14 33 0
-11 -45 -24 0
19 14 19 0
35 -26 47 0
1 25 -28 0
-22 -22 -14 0
38 -29 -25 0
35 -19 -29 0
33 -42 18 0
-18 21 -12 0
16 38 -32 0
33 -20 47 0
-1 27 -19 0
28 47 43 0
-6 -34 -24 0
26 -22 -39 0
20 25 5 0
19 -31 16 0
36 -18 -9 0
-18 -7 14 0
25 -24 38 0
39 40 -50 0
-5 50 -9 0
50 8 22 0
-48 -5 44 0
-1 48 12 0
46 43 -43 0
-40 39 -50 0
16 48 -7 0
-14 -28 -34 0
13 -18 7 0
45 19 -35 0
-27 -44 -43 0
36 35 -22 0
-15 44 41 0
-47 -31 44 0
19 31 -32 0
28 15 43 0
20 -43 -28 0
-19 -4 -5 0
42 10 42 0
-47 -48 25 0
-23 -9 -29 0
-9 -3 -40 0
-31 -16 4 0
29 -29 20 0
7 4 8 0
-23 -17 41 0
11 -11 36 0
4 -45 31 0
-14 -18 26 0
-25 -9 19 0
1 -50 -40 0
1 24 -29 0
4 -40 15 0
-35 47 29 0
-43 34 -34 0
23 -41 -43 0
43 22 37 0
-18 -19 -15 0
-41 -23 -24 0
-12 44 6 0
18 24 20 0
-30 -33 -33 0
36 -32 -44 0
42 43 41 0
9 -24 3 0
25 -36 1 0
-42 7 48 0
-10 -19 30 0
-32 24 35 0
-29 -26 36 0
7 38 -27 0
37 -42 50 0
-39 -41 -17 0
48 17 39 0
-18 13 22 0
21 -48 50 0
23 37 -23 0
-41 14 47 0
14 32 -37 0
-50 -39 -15 0
23 -44 14 0
-37 -39 6 0
-16 -20 25 0
28 19 -40 0
25 -5 -48 0
1 32 48 0
-18 -24 38 0
-3 14 -49 0
9 32 -6 0
42 16 -49 0
35 17 8 0
-36 -34 32 0
-2 -47 -2 0
4 -31 -12 0
47 24 -2 0
38 15 10 0
45 29 8 0
-16 -5 -5 0
-24 39 45 0
32 -9 -30 0
-4 1 -43 0
-7 -42 50 0
26 7 -28 0
-46 -16 -7 0
42 17 -13 0
-36 6 -30 0
-17 -24 7 0
-34 -24 33 0
-16 -1 33 0
-17 -49 -12 0
-35 38 -37 0
-44 -23 2 0
13 14 42 0
16 1 -47 0
-20 9 -2 0
40 19 28 0
30 33 11 0
28 24 3 0
-18 44 -42 0
-17 49 -40 0
-48 -36 -12 0
-34 -15 38 0
20 -48 41 0
-18 24 -42 0
41 16 36 0
44 -21 -13 0
-28 -4 -9 0
-6 -25 43 0
-11 -17 8 0
11 -43 -2 0
-22 23 7 0
2 39 5 0
18 -28 -38 0
-17 2 49 0
28 -43 -27 0
-50 5 -49 0
-14 -2 -14 0
45 2 -49 0
33 -32 -41 0
-27 2 -23 0
-11 -16 11 0
31 -2 -26 0
-22 33 46 0
-22 -15 14 0
18 -34 -1 0
-35 36 -32 0
27 -19 21 0
41 -27 -16 0
-37 32 -36 0
-3 19 -20 0
37 42 10 0
5 28 -12 0
26 14 7 0
-24 16 -47 0
22 -35 3 0
42 -36 10 0
43 49 8 0
