c CNF generator v0.9
p cnf 50 209
10 3 50 0
1 -8 10 0
-33 39 -26 0
-16 7 50 0
25 -13 -50 0
-39 -42 17 0
3 -41 -27 0
-37 -14 24 0
-14 3 -42 0
36 -10 -2 0
14 5 -27 0
-5 1 -29 0
-13 15 36 0
45 26 -11 0
-6 23 36 0
13 14 49 0
23 45 -4 0
6 -15 -3 0
40 -15 -32 0
-50 -27 27 0
8 21 15 0
16 49 -12 0
18 -5 28 0
-1 -32 19 0
18 29 -49 0
39 21 -16 0
-50 49 5 0
-22 -25 7 0
-47 -30 43 0
50 -39 9 0
45 -38 1 0
3 25 28 0
-21 36 -4 0
-38 18 -3 0
-15 29 -49 0
46 30 -41 0
42 30 46 0
40 -5 -40 0
14 47 -46 0
-32 -22 -35 0
14 31 -30 0
19 -17 13 0
44 8 3 0
31 4 -5 0
3 -46 20 0
11 1 -42 0
-30 -12 10 0
-26 28 -23 0
-15 -7 33 0
49 31 44 0
1 -13 -19 0
41 49 45 0
32 -33 -50 0
-45 -48 1 0
47 -23 5 0
-42 -25 41 0
10 26 -17 0
14 41 -10 0
39 -13 26 0
44 -18 23 0
-32 -32 -22 0
4 -50 -34 0
14 -10 31 0
37 50 15 0
25 22 -24 0
-44 -12 5 0
-24 -38 -7 0
-39 -13 8 0
19 28 23 0
-18 -20 23 0
42 -23 -43 0
-6 -29 -15 0
8 22 -1 0
7 20 -45 0
-14 -15 -13 0
-21 -7 -31 0
34 9 -40 0
22 -6 13 0
-24 25 10 0
46 48 -23 0
16 -4 -6 0
-35 -5 46 0
-39 1 -9 0
-12 -41 47 0
-17 -17 -12 0
-5 12 -28 0
34 -30 -50 0
37 27 -39 0
17 45 -31 0
44 8 29 0
2 -41 34 0
-35 27 -45 0
42 49 3 0
47 1 -31 0
12 -13 25 0
36 1 -18 0
5 27 -13 0
-44 -44 20 0
-15 -48 17 0
36 -36 -8 0
25 3 48 0
28 14 -14 0
-42 21 -16 0
19 -48 5 0
41 9 -4 0
-5 2 -22 0
1 30 41 0
-27 -33 -1 0
-20 -48 -24 0
9 -38 32 0
-41 25 -6 0
-4 -38 13 0
16 -25 39 0
50 34 -50 0
-5 -2 -27 0
-1 35 19 0
24 -47 -6 0
38 33 2 0
-43 -17 -7 0
-47 47 8 0
6 -45 19 0
44 -48 15 0
48 27 4 0
-17 -21 -36 0
-26 41 50 0
-7 19 -44 0
37 -15 -11 0
-18 -34 13 0
-4 -28 -33 0
-46 -13 2 0
-32 17 7 0
-15 -1 40 0
38 -44 19 0
13 -19 -9 0
-18 -27 -42 0
-44 34 9 0
-35 -32 13 0
-21 17 17 0
10 46 19 0
-45 -43 -4 0
2 -15 -43 0
34 -3 -10 0
-43 -17 6 0
37 7 -30 0
-49 50 -35 0
26 -44 11 0
-6 -1 39 0
-25 -31 -35 0
45 -14 42 0
-23 -2 27 0
18 -46 8 0
8 13 36 0
18 -9 25 0
-18 29 18 0
10 -38 22 0
8 14 -43 0
18 -16 20 0
2 28 32 0
-7 -40 -1 0
27 -38 -10 0
-37 -13 44 0
26 -8 47 0
31 25 41 0
-28 -45 -50 0
-3 -45 -42 0
-33 -46 50 0
33 46 -13 0
-27 31 -50 0
40 47 40 0
36 -33 16 0
36 43 -27 0
5 19 -40 0
-50 32 -29 0
-17 -20 31 0
-48 19 33 0
-14 -23 43 0
26 -36 36 0
19 15 3 0
-38 5 -13 0
-18 -50 -37 0
-18 -12 -22 0
-38 2 -27 0
21 6 -2 0
30 31 -17 0
-49 -24 39 0
35 -33 42 0
-45 -47 -44 0
-5 -45 50 0
6 44 29 0
20 12 44 0
3 -20 18 0
-37 19 9 0
10 -36 12 0
3 50 49 0
-15 21 47 0
47 42 -13 0
-31 -47 29 0
-3 36 -25 0
-31 12 31 0
-4 22 7 0
29 27 19 0
49 -43 -5 0
-25 49 7 0
20 -13 47 0
36 49 4 0
-21 46 43 0
-35 5 41 0
-5 4 -30 0
1 4 40 0
