c CNF generator v0.9
p cnf 50 209
-34 49 -49 0
1 8 -7 0
-26 -48 17 0
-6 -33 -32 0
46 -7 -39 0
15 -40 -49 0
11 26 -34 0
-24 48 21 0
40 27 -32 0
17 -30 -2 0
-47 -17 30 0
-41 -25 -39 0
48 -3 45 0
-1 40 -47 0
26 35 26 0
30 -32 30 0
10 12 21 0
-3 10 -36 0
17 9 41 0
24 -4 -7 0
12 2 -32 0
-49 47 -4 0
-14 -21 25 0
-13 -12 -30 0
30 14 -29 0
45 -1 13 0
-30 34 -18 0
9 3 12 0
1 10 11 0
-16 46 36 0
50 43 15 0
11 3 -29 0
-4 -10 -28 0
21 -12 -29 0
-25 -28 -17 0
38 21 2 0
-5 14 47 0
-27 16 -25 0
-16 34 39 0
19 -26 46 0
41 -1 -42 0
27 -9 -36 0
-2 18 11 0
33 -44 -42 0
-22 42 49 0
-27 23 -3 0
-21 1 -21 0
4 -35 -46 0
-39 -31 26 0
37 41 -15 0
-49 9 -23 0
-15 23 -17 0
14 -34 -49 0
-21 46 -11 0
-21 -50 -2 0
-20 8 -5 0
-26 -43 39 0
-12 29 19 0
-20 -41 32 0
50 -31 -17 0
-15 -18 -40 0
29 50 -23 0
-38 -43 4 0
39 -35 -13 0
37 -49 6 0
35 -4 -27 0
28 -42 11 0
-7 2 13 0
29 9 -45 0
31 37 28 0
18 -3 30 0
28 -39 -6 0
-32 -3 -29 0
-1 -35 45 0
-22 -49 22 0
47 37 10 0
-43 -18 -43 0
12 13 37 0
28 -27 14 0
13 34 -42 0
1 -6 9 0
-33 -43 -45 0
27 15 -33 0
-41 20 38 0
-23 5 14 0
-17 -42 39 0
-3 1 7 0
-33 -10 -10 0
31 -15 46 0
-20 -14 -27 0
-15 41 45 0
25 10 25 0
-49 2 -48 0
-40 -50 -45 0
-22 -26 49 0
-43 -33 18 0
-25 -43 -34 0
26 -37 -24 0
-45 8 -13 0
6 -14 34 0
-45 11 -49 0
11 44 -19 0
23 -35 31 0
11 2 -31 0
33 -25 37 0
-25 3 -27 0
8 47 -22 0
24 35 1 0
49 -9 20 0
24 32 -32 0
34 -46 23 0
25 34 -39 0
-8 47 8 0
5 -31 -14 0
-43 42 -46 0
-48 47 24 0
27 9 -29 0
47 -1 -14 0
-50 48 -5 0
-42 -12 -49 0
-49 -41 -46 0
27 48 -19 0
10 -25 50 0
18 -42 -35 0
-28 18 44 0
-44 -7 -48 0
-48 35 -26 0
-16 20 -24 0
10 5 -19 0
-30 1 -31 0
29 -25 -14 0
17 -10 -37 0
-41 42 -37 0
7 -49 29 0
-43 -16 41 0
9 13 -35 0
28 -37 9 0
4 -32 14 0
8 11 -45 0
-47 18 25 0
23 -37 37 0
16 8 6 0
-29 39 -44 0
-46 21 27 0
20 37 -4 0
20 16 15 0
50 43 -24 0
2 -14 37 0
-5 -35 -16 0
-15 -48 14 0
49 43 -46 0
-15 -6 -9 0
-20 5 -1 0
36 -39 -35 0
-21 37 20 0
12 -43 -19 0
17 -2 25 0
47 -29 45 0
29 26 -5 0
7 26 -6 0
-40 21 -35 0
29 -20 -34 0
20 45 48 0
-20 28 4 0
27 40 49 0
1 45 27 0
15 36 -40 0
2 -8 -11 0
-41 -42 42 0
13 31 -8 0
32 -39 41 0
-18 -8 -37 0
-1 6 -40 0
-14 -20 35 0
-29 4 -8 0
-37 -5 6 0
-46 47 39 0
47 15 -38 0
-38 37 49 0
23 17 -31 0
-9 23 -24 0
-23 -41 42 0
18 31 -7 0
-20 -38 49 0
17 26 -30 0
-43 4 6 0
48 -2 8 0
-42 28 10 0
-7 -26 -9 0
-9 -5 43 0
-7 -41 -7 0
-24 -35 11 0
-36 21 -41 0
-19 -19 44 0
44 1 7 0
22 15 6 0
49 -9 -50 0
-41 -47 47 0
-41 -31 42 0
-30 -26 -29 0
-35 -42 -30 0
-10 8 -42 0
32 -42 -25 0
11 26 -31 0
-21 -45 3 0
2 4 -35 0
-20 -45 -41 0
42 11 -34 0
-11 -1 -48 0
