c CNF generator v0.9
p cnf 50 209
42 -36 -24 0
24 26 -15 0
42 13 40 0
-22 -41 -19 0
-35 35 -39 0
16 -3 -33 0
-49 -33 -33 0
-31 31 -23 0
-37 -24 -43 0
19 -2 -4 0
-6 4 -42 0
-21 -42 31 0
-15 -22 17 0
16 -26 22 0
45 -43 -47 0
21 -29 39 0
-14 -41 -29 0
-46 17 -5 0
22 36 44 0
30 6 -32 0
11 -34 32 0
30 -7 11 0
2 29 -2 0
37 50 32 0
-8 13 7 0
-24 -2 -19 0
-19 -48 12 0
-5 21 31 0
35 17 3 0
-9 41 50 0
-20 -33 -15 0
7 -50 -19 0
-9 -46 40 0
23 -25 -28 0
45 16 32 0
11 27 -9 0
-16 -36 -3 0
10 9 40 0
-37 1 31 0
18 10 27 0
-42 13 -30 0
-14 2 -26 0
14 25 40 0
-45 -11 3 0
14 -22 -32 0
20 -2 -16 0
-8 44 37 0
-9 33 17 0
-47 47 -4 0
33 31 -42 0
31 17 15 0
-6 -19 16 0
21 8 22 0
3 3 42 0
-29 16 -4 0
-10 27 40 0
-20 8 -2 0
37 -49 30 0
9 -45 -49 0
-36 18 45 0
-20 41 -6 0
-9 -34 20 0
13 -50 -47 0
-17 -1 30 0
30 5 -48 0
-21 3 46 0
-13 -37 13 0
17 25 17 0
21 40 32 0
24 -39 -24 0
-9 44 14 0
25 -32 18 0
-10 -41 -6 0
16 -35 17 0
27 23 -9 0
-50 -9 -22 0
-45 50 -26 0
-25 -35 48 0
46 -28 17 0
26 18 -22 0
-23 26 40 0
-39 7 14 0
39 31 50 0
11 -43 -48 0
36 -30 50 0
-38 -12 -37 0
8 -9 -30 0
-3 -12 -8 0
-48 13 15 0
20 -40 -45 0
41 46 29 0
40 -19 -20 0
30 -19 -11 0
-45 41 42 0
-18 -12 43 0
-48 -16 -20 0
3 7 19 0
15 38 43 0
-32 37 29 0
40 -20 -7 0
8 -42 -10 0
-46 22 -9 0
-46 30 -22 0
8 49 44 0
-19 6 -37 0
28 -30 27 0
-39 -23 -46 0
2 -34 -40 0
-8 36 -48 0
-32 -26 -36 0
7 -39 18 0
45 31 -44 0
-8 -32 39 0
36 -11 -9 0
7 22 27 0
21 -28 -35 0
-20 36 40 0
-30 -28 36 0
-5 14 26 0
-35 6 -18 0
-49 -7 -6 0
-37 -9 -17 0
26 15 25 0
42 -4 17 0
-3 11 -37 0
13 13 -24 0
-39 -43 50 0
-2 -29 -5 0
46 25 18 0
9 28 -36 0
40 8 -44 0
-3 18 -33 0
-38 -27 5 0
-35 -33 1 0
48 -6 44 0
40 -45 -3 0
10 -13 31 0
-24 9 46 0
45 -39 12 0
-44 -8 -32 0
3 -4 -34 0
-19 14 16 0
21 35 29 0
-15 18 -38 0
-18 -4 5 0
-15 -45 -26 0
-15 -32 -12 0
16 -30 -36 0
-43 6 48 0
19 3 -25 0
49 -45 -33 0
-18 -6 -39 0
-5 50 39 0
40 -22 -44 0
6 -44 13 0
2 45 46 0
-3 13 -42 0
-29 29 50 0
12 45 -3 0
-43 35 -6 0
-50 -46 15 0
50 22 -9 0
37 -2 27 0
34 -14 -30 0
-35 1 11 0
41 24 -16 0
13 -27 -4 0
3 -18 38 0
37 -9 20 0
12 -21 45 0
-9 24 -14 0
-4 -21 -24 0
-48 27 24 0
-46 -46 24 0
-2 1 4 0
2 -17 34 0
28 43 12 0
-23 24 -27 0
-5 -35 6 0
11 -30 -4 0
6 -46 17 0
-19 36 -18 0
-21 27 31 0
20 -2 -7 0
26 -48 -18 0
37 17 -35 0
37 45 27 0
4 25 -39 0
6 -27 -42 0
-23 -27 48 0
50 -46 26 0
19 -49 -19 0
4 40 27 0
-27 2 14 0
-17 42 12 0
-19 -15 -18 0
15 -41 17 0
2 -10 11 0
11 -43 32 0
-5 33 24 0
12 11 -38 0
10 -31 -12 0
-1 14 -25 0
-30 23 18 0
-49 -17 10 0
15 38 -14 0
-49 13 18 0
18 5 -12 0
48 50 13 0
