c CNF generator v0.9
p cnf 50 209
-1 50 -6 0
5 32 36 0
-4 18 -49 0
6 -48 40 0
-18 19 -29 0
-15 19 33 0
40 21 19 0
21 48 -41 0
17 -11 -48 0
-39 9 26 0
-16 22 -14 0
46 -25 42 0
15 9 -12 0
-44 -15 46 0
39 -12 -45 0
-26 30 33 0
46 16 47 0
-30 -24 26 0
8 21 -25 0
1 -39 -25 0
-16 -14 16 0
-20 -9 -34 0
-32 22 29 0
28 -50 -20 0
-31 -5 -1 0
-42 19 44 0
-44 20 24 0
5 35 -3 0
-14 -18 -41 0
45 6 -32 0
-43 15 9 0
37 8 16 0
-40 18 29 0
9 -14 7 0
14 -22 -29 0
27 -37 -2 0
16 43 11 0
-14 -1 26 0
-20 -40 10 0
8 45 -44 0
28 10 -28 0
11 29 27 0
41 -44 -39 0
28 30 -29 0
26 -46 3 0
28 -50 40 0
-24 -32 23 0
-47 -26 -4 0
24 36 -47 0
-37 29 -23 0
-26 10 18 0
26 -26 33 0
6 37 -42 0
-21 -24 18 0
6 -14 13 0
10 -8 -31 0
-50 -39 -43 0
38 34 -2 0
41 -9 1 0
-47 20 -2 0
-46 17 -22 0
23 25 -7 0
-15 -29 10 0
-6 27 9 0
48 -5 -41 0
39 45 5 0
18 -43 9 0
40 10 32 0
-25 29 22 0
-7 15 -2 0
41 -34 19 0
-35 43 -47 0
30 11 -4 0
-22 -29 18 0
-9 28 -29 0
-25 -7 -46 0
-35 -26 -41 0
-14 -10 33 0
-28 -1 29 0
50 23 -40 0
-5 8 -9 0
-5 11 44 0
16 -14 -41 0
41 31 -20 0
47 43 31 0
3 -41 -6 0
-29 -46 -21 0
24 39 21 0
31 -10 -33 0
-17 -25 -25 0
-30 -33 10 0
-40 -26 -23 0
-38 -11 11 0
-19 -33 -38 0
42 -17 -1 0
15 -11 -28 0
-1 -49 -47 0
-18 -27 12 0
-18 12 -46 0
-1 -32 -40 0
41 -47 40 0
-2 22 49 0
32 35 -31 0
-22 50 18 0
-5 2 12 0
10 -31 3 0
40 11 39 0
16 -7 -36 0
14 -12 -44 0
-17 36 -14 0
-23 3 27 0
-12 -43 11 0
-5 -1 -35 0
-9 42 31 0
16 -45 -1 0
-18 -27 -21 0
11 26 5 0
-6 21 -3 0
43 46 16 0
-42 -1 -22 0
-19 4 -1 0
32 -23 -36 0
31 -8 21 0
49 -11 -25 0
-41 2 -33 0
-42 -2 -3 0
49 -6 24 0
18 15 21 0
37 38 -41 0
-20 -19 32 0
34 48 -40 0
40 11 11 0
6 -47 40 0
-48 -30 48 0
-22 21 -2 0
33 -1 -48 0
5 50 30 0
-43 22 47 0
44 -43 43 0
-37 -50 8 0
23 -40 37 0
47 -26 -41 0
26 28 1 0
-29 45 1 0
-43 2 -31 0
-11 -7 26 0
48 -1 1 0
-9 30 12 0
-21 -48 31 0
-12 26 -24 0
-26 10 -42 0
41 -18 -25 0
-38 31 -24 0
-12 -30 -41 0
18 -17 34 0
10 49 13 0
25 -38 -2 0
5 23 46 0
-20 9 -35 0
3 7 24 0
34 14 8 0
-5 37 -11 0
10 44 -13 0
37 35 -5 0
-3 31 13 0
46 -27 41 0
-27 -34 32 0
13 50 -11 0
7 9 22 0
-15 10 14 0
11 -24 1 0
-3 34 -1 0
1 -4 -9 0
24 -48 20 0
-7 -29 -9 0
-33 -36 24 0
-32 36 -21 0
-22 -12 21 0
44 3 8 0
6 36 13 0
11 7 -46 0
38 -6 -29 0
-15 -42 -13 0
-9 19 30 0
45 8 -22 0
-23 -14 -12 0
5 -34 -7 0
22 22 -35 0
16 17 40 0
-3 37 -47 0
-11 -46 -44 0
-29 20 42 0
27 -45 50 0
-31 -47 -33 0
-4 34 40 0
44 -32 40 0
-26 -22 3 0
2 23 43 0
-34 10 24 0
-45 -23 -37 0
2 -47 35 0
-12 -23 -10 0
-24 -20 -22 0
43 -36 4 0
50 -12 -19 0
33 14 -45 0
2 -16 -33 0
39 -7 -39 0
45 -42 -26 0
