c CNF generator v0.9
p cnf 50 209
40 1 47 0
-46 -24 50 0
31 -12 -7 0
6 -48 -28 0
-43 38 2 0
39 -27 -35 0
1 -31 -27 0
-32 -23 -32 0
-47 3 -16 0
36 -23 -50 0
24 19 -14 0
-6 -39 -21 0
21 -21 13 0
1 -44 9 0
-50 26 2 0
43 -22 31 0
15 -16 37 0
-3 20 -12 0
-41 -18 13 0
42 -9 37 0
22 -8 8 0
-1 49 -13 0
15 -44 29 0
48 -17 -38 0
30 18 -18 0
-49 50 -13 0
26 -18 -37 0
-11 24 13 0
38 -45 31 0
-11 15 49 0
16 26 42 0
-24 -1 -18 0
-47 -38 -25 0
26 19 12 0
-13 -40 13 0
-13 -5 -1 0
47 15 39 0
25 39 42 0
-50 6 -35 0
26 1 31 0
-11 -4 -27 0
3 -14 -22 0
15 -8 21 0
-47 20 -43 0
-43 -43 -35 0
-13 35 18 0
-39 -9 -20 0
29 14 -20 0
-38 -37 -10 0
38 -25 41 0
-36 -48 -35 0
37 -22 -32 0
16 2 -26 0
37 -29 3 0
38 -17 49 0
29 -18 7 0
-18 12 -49 0
-16 7 -1 0
-17 -23 -20 0
23 28 -15 0
2 42 44 0
-35 14 -15 0
-12 -35 25 0
42 -32 23 0
-25 -50 7 0
45 -42 12 0
1 -1 -17 0
49 31 6 0
48 -47 -46 0
-45 -41 30 0
30 -28 -14 0
-47 -23 -13 0
-38 6 7 0
-20 -11 -25 0
17 33 -5 0
-28 -21 -3 0
-27 -27 42 0
27 -20 -47 0
11 -22 15 0
-44 38 12 0
-37 2 -13 0
-11 45 33 0
27 -24 19 0
-30 31 12 0
-24 9 -24 0
18 -39 49 0
49 49 -8 0
-27 1 33 0
35 46 27 0
-7 10 -6 0
13 -36 1 0
32 21 4 0
38 8 -4 0
14 27 -18 0
18 50 -47 0
-44 44 20 0
44 -21 35 0
3 -32 40 0
25 31 -15 0
-8 21 2 0
-32 43 5 0
-14 -25 -50 0
50 -37 34 0
-50 -39 15 0
-22 26 10 0
33 20 4 0
-10 -1 34 0
5 -1 23 0
28 -18 -6 0
-35 -10 2 0
44 17 45 0
22 -33 11 0
-49 -26 -48 0
-18 25 -34 0
-20 18 23 0
18 6 5 0
-25 29 -24 0
18 -29 23 0
-6 -17 28 0
-30 -44 -32 0
-24 -36 20 0
47 -23 -45 0
7 7 -22 0
30 -45 36 0
-26 46 9 0
24 -6 -8 0
4 -29 -10 0
46 -19 -27 0
16 19 27 0
38 22 -20 0
27 -2 45 0
-11 -33 19 0
-46 -40 -16 0
37 -34 -24 0
-24 -27 40 0
-50 -21 -35 0
-49 22 -24 0
27 23 19 0
5 38 -43 0
-10 -48 -15 0
14 -38 28 0
-3 29 29 0
-19 -34 9 0
-9 -29 -14 0
-1 -36 -31 0
9 -12 12 0
-26 45 -21 0
13 -13 50 0
9 4 12 0
-36 -10 -20 0
10 -35 -40 0
-20 -45 24 0
40 -23 13 0
35 -50 42 0
-33 2 15 0
29 18 -15 0
19 -2 -10 0
-39 28 -37 0
-1 -32 44 0
22 -13 -15 0
-18 -47 26 0
-44 7 40 0
-28 -47 -21 0
-42 -23 -40 0
-41 -49 24 0
-10 12 4 0
-32 7 49 0
39 45 -25 0
36 -8 -34 0
-34 41 39 0
-36 -24 2 0
-30 12 5 0
41 -21 -8 0
-16 11 47 0
-15 16 29 0
41 20 -47 0
45 32 -25 0
-29 11 -11 0
-27 -47 -5 0
-45 2 37 0
-38 -15 -21 0
-28 -8 36 0
-18 -22 40 0
-50 26 -29 0
-29 -34 40 0
38 -6 38 0
21 22 -22 0
-3 -25 1 0
50 -12 17 0
43 19 -44 0
-39 42 -30 0
-10 -1 22 0
-36 -9 -40 0
-22 -48 -28 0
-7 -40 31 0
-47 8 -6 0
-26 -34 1 0
39 13 14 0
24 -46 19 0
19 5 -42 0
3 -13 -42 0
47 48 -2 0
-23 24 -46 0
22 28 5 0
40 -9 -2 0
8 14 -24 0
43 -11 -1 0
14 39 30 0
3 48 -10 0
