c CNF generator v0.9
p cnf 50 209
6 -39 -28 0
-36 44 30 0
22 -17 -11 0
-10 -28 49 0
-14 -37 -7 0
-37 -3 46 0
8 -31 -2 0
-47 -50 1 0
18 27 48 0
10 15 -21 0
32 13 32 0
-3 -22 44 0
37 1 5 0
-16 41 -4 0
15 -14 -4 0
-12 -4 28 0
-3 35 -49 0
35 -29 -31 0
-30 -35 -16 0
29 45 27 0
35 43 30 0
-7 8 -23 0
-47 28 -40 0
9 -46 -23 0
-21 7 -49 0
3 36 47 0
50 46 40 0
7 44 9 0
24 -30 5 0
-8 7 -5 0
21 -33 -9 0
-40 -49 49 0
-43 -38 -47 0
-16 -39 -30 0
-17 4 -24 0
11 30 -19 0
38 -8 -43 0
-42 22 -42 0
-37 -41 32 0
-19 7 34 0
-47 35 31 0
15 37 -22 0
-49 50 -47 0
-22 -1 -1 0
18 -48 -11 0
44 -42 -26 0
43 -23 11 0
-35 38 -40 0
-29 39 -21 0
29 25 -38 0
-25 -33 -38 0
27 -49 -7 0
2 -13 9 0
50 -40 -5 0
-4 -38 -30 0
-32 40 14 0
21 6 34 0
-31 -19 13 0
-13 -26 -6 0
45 -44 37 0
-24 28 14 0
-49 5 8 0
27 49 30 0
23 23 -25 0
-49 -9 -48 0
-49 47 22 0
50 -6 -28 0
46 33 5 0
-38 -18 -20 0
-25 33 -43 0
-46 -4 -22 0
28 -49 -41 0
40 -10 -23 0
-41 -29 -7 0
-36 -50 -34 0
2 47 43 0
-19 28 -30 0
-21 9 -20 0
26 47 14 0
18 -28 5 0
-44 -19 30 0
14 16 -26 0
-10 -36 -49 0
-35 -49 37 0
-22 -15 50 0
-37 13 -3 0
50 47 45 0
47 6 -36 0
-2 12 22 0
-20 -37 -43 0
-29 -32 15 0
-22 30 43 0
-30 -35 16 0
39 24 23 0
18 -24 9 0
23 -47 -12 0
10 -4 -19 0
-46 -5 39 0
36 17 -47 0
27 45 -47 0
-36 9 -23 0
48 -20 -40 0
8 3 44 0
-18 -36 -12 0
15 39 -12 0
28 32 10 0
-11 -37 -9 0
15 26 42 0
3 -10 12 0
10 28 -47 0
-19 18 9 0
10 44 -49 0
35 -50 4 0
7 14 37 0
45 -12 27 0
-9 -17 25 0
-1 12 -30 0
12 -29 9 0
11 -23 -25 0
-16 -38 -21 0
-20 -18 -47 0
23 -5 -25 0
-18 43 -19 0
22 42 -33 0
-16 -8 -8 0
-44 -16 -43 0
4 28 -42 0
-27 -47 -16 0
-38 30 -7 0
-41 15 -24 0
-11 38 -45 0
20 -13 17 0
24 -28 -22 0
7 2 -36 0
11 29 43 0
-18 -14 20 0
-18 44 -45 0
17 -50 43 0
26 37 -24 0
22 10 6 0
2 -40 13 0
-48 -47 -2 0
-37 -34 31 0
25 4 4 0
-28 -4 -3 0
50 21 15 0
-33 41 5 0
-44 -16 -2 0
3 -12 -35 0
42 22 -13 0
30 -46 48 0
44 -32 -11 0
-27 8 3 0
34 -31 -33 0
26 27 -26 0
30 18 -24 0
-34 37 31 0
-30 49 -1 0
-37 29 -45 0
-11 42 21 0
8 -11 -4 0
20 -7 -44 0
-16 13 31 0
36 -39 -33 0
-43 -46 -11 0
-42 30 -47 0
-15 21 22 0
-35 -45 -38 0
11 -11 13 0
12 -27 42 0
-15 43 10 0
21 3 -2 0
-36 -34 23 0
-24 25 -5 0
-20 -32 13 0
-48 -3 4 0
-20 -49 2 0
5 -17 -33 0
19 -6 -10 0
20 -26 28 0
-15 7 43 0
27 20 -15 0
-28 -24 45 0
-25 -8 -12 0
-5 26 -22 0
13 15 -31 0
41 19 -20 0
8 15 18 0
-20 -11 19 0
-40 -4 -15 0
-18 -7 49 0
47 -15 -10 0
-32 -23 38 0
-31 -26 27 0
-28 32 36 0
-45 5 -4 0
31 -50 4 0
46 -7 -30 0
20 -46 19 0
-47 -33 3 0
-22 -12 -7 0
11 -33 30 0
-14 45 31 0
22 26 49 0
-23 -4 -27 0
16 -46 -48 0
36 -41 29 0
23 -45 -25 0
-41 2 35 0
