c CNF generator v0.9
p cnf 50 209
4 41 -35 0
9 9 35 0
-29 35 -5 0
-21 20 -26 0
14 -1 -10 0
-22 -16 -40 0
-41 -2 -30 0
37 -13 -43 0
-14 25 40 0
-18 11 -6 0
4 43 5 0
32 -36 40 0
1 -47 37 0
-21 -45 -21 0
-47 -50 -30 0
40 19 37 0
32 36 -2 0
-18 3 -11 0
-5 24 50 0
-30 -48 -41 0
-27 49 -10 0
-38 26 46 0
26 20 5 0
-48 6 25 0
-39 18 35 0
36 24 5 0
9 49 1 0
15 -43 -1 0
-45 -48 3 0
25 37 28 0
-43 -42 -8 0
4 -3 24 0
11 -1 -29 0
-1 45 -33 0
-50 -32 -1 0
-45 -11 25 0
-36 33 -12 0
16 14 33 0
39 15 -4 0
3 3 -14 0
32 17 -17 0
-49 50 5 0
5 -30 -3 0
-35 33 -32 0
-21 -24 33 0
-32 41 33 0
-3 1 -17 0
-25 -1 41 0
19 19 13 0
49 20 24 0
-39 -37 -49 0
2 34 13 0
-19 38 -26 0
-32 20 39 0
1 -41 37 0
23 -33 -44 0
48 -16 27 0
-15 6 30 0
46 -12 -22 0
9 7 -7 0
42 13 2 0
31 14 7 0
-46 -18 23 0
-29 4 44 0
17 -41 -7 0
-34 -22 -41 0
-43 -13 -40 0
-43 50 -16 0
42 -19 -27 0
33 40 -41 0
-12 21 14 0
-19 38 35 0
-11 -48 -45 0
32 -50 -12 0
49 -20 38 0
-15 -29 23 0
-22 -46 -47 0
-46 39 5 0
12 -35 18 0
-36 -9 46 0
-17 9 31 0
-21 -16 -24 0
41 -36 -12 0
21 16 -46 0
13 6 41 0
16 -47 -37 0
-8 -42 -43 0
-12 -43 7 0
41 40 15 0
-4 34 40 0
14 42 5 0
-41 34 -16 0
26 22 -23 0
-12 10 -5 0
39 -42 -14 0
43 -1 15 0
-14 16 -14 0
38 28 31 0
-2 -18 5 0
-25 11 -9 0
15 42 48 0
39 -16 30 0
-36 46 -40 0
18 -43 -44 0
13 -6 40 0
-10 17 -33 0
-26 15 -11 0
-32 27 -31 0
17 1 -14 0
-25 15 1 0
-24 34 -32 0
-22 29 41 0
-17 19 36 0
37 -49 -25 0
37 -37 3 0
-2 12 -48 0
26 9 17 0
32 33 -43 0
35 17 -1 0
-1 17 22 0
-37 49 -11 0
-45 -3 -33 0
-42 33 4 0
23 -11 18 0
41 -13 -33 0
7 -14 15 0
29 46 45 0
-19 -6 11 0
10 36 -40 0
-9 17 -13 0
-27 9 -48 0
30 4 50 0
41 -46 45 0
-49 -29 -42 0
-37 -11 1 0
13 -7 23 0
3 -13 -11 0
7 33 3 0
-4 4 4 0
15 24 -13 0
-8 23 38 0
25 28 -48 0
-3 16 29 0
-32 2 17 0
48 43 -14 0
-28 37 -38 0
7 32 -10 0
23 -48 -17 0
24 -43 -41 0
7 -7 -38 0
-34 -43 -2 0
5 -19 -26 0
-15 10 -43 0
-49 40 28 0
7 -43 31 0
-12 -48 23 0
-10 18 6 0
10 -11 3 0
-1 -38 -17 0
36 10 10 0
-46 19 -23 0
-29 5 -14 0
50 -16 -17 0
8 50 -35 0
-32 -2 -48 0
-17 13 -5 0
-3 -18 -33 0
6 -38 -17 0
-38 28 40 0
-1 18 -2 0
9 -15 -21 0
-34 -10 46 0
45 32 -39 0
-32 -36 -11 0
-4 -1 -6 0
33 -50 -39 0
46 -19 19 0
38 -19 23 0
24 -34 17 0
-36 29 16 0
15 -39 -28 0
5 -30 11 0
-49 -46 44 0
43 39 2 0
19 -17 -49 0
-31 -21 6 0
-15 4 26 0
-26 33 -49 0
-10 -42 42 0
-25 13 42 0
35 7 30 0
8 -15 36 0
-22 -9 5 0
-31 -33 50 0
29 6 50 0
-28 -43 39 0
-20 -19 3 0
-30 12 26 0
15 27 -4 0
15 23 10 0
-34 15 34 0
-34 27 10 0
24 -38 13 0
22 -9 -43 0
-2 27 12 0
-14 -23 22 0
-43 23 24 0
47 -25 -33 0
32 41 -29 0
