c CNF generator v0.9
p cnf 50 209
38 4 -30 0
-8 31 -1 0
1 -49 -15 0
20 -49 -42 0
-5 11 -19 0
43 -46 47 0
-28 26 50 0
31 15 22 0
2 -8 46 0
-40 -2 -19 0
-41 20 37 0
-40 13 -10 0
18 -44 -2 0
46 27 46 0
-37 -22 -1 0
1 12 19 0
42 4 50 0
-11 2 13 0
32 -45 24 0
-10 7 -11 0
-47 29 -11 0
-40 -40 -17 0
-33 -38 34 0
-5 -49 -19 0
-23 50 20 0
-26 47 -15 0
36 -31 -9 0
-48 42 31 0
11 14 -36 0
-12 -2 23 0
-12 1 3 0
32 15 -34 0
-23 44 23 0
3 46 50 0
-14 -15 -49 0
4 -14 39 0
-26 -17 -43 0
29 17 -24 0
-15 -38 3 0
26 43 21 0
-34 6 -2 0
24 8 27 0
14 17 -20 0
34 9 4 0
26 46 -3 0
50 50 -35 0
-5 -16 -49 0
41 -6 26 0
-30 50 5 0
-10 -6 -17 0
-41 27 -37 0
-36 18 11 0
-35 20 32 0
-1 -9 -36 0
39 -38 38 0
11 40 50 0
18 -35 14 0
16 24 49 0
1 -6 40 0
-8 -14 -13 0
-24 -7 3 0
28 -48 -21 0
-40 5 32 0
49 17 -24 0
40 -13 14 0
7 -19 -13 0
1 -49 -23 0
20 43 35 0
-14 -15 -48 0
7 -24 36 0
-47 -20 47 0
34 3 28 0
8 -19 -19 0
46 -23 -20 0
-7 33 48 0
-48 42 50 0
-45 29 -17 0
-9 -32 15 0
28 14 -33 0
11 22 12 0
44 28 18 0
-41 6 -25 0
-45 2 -33 0
-25 -44 -41 0
18 4 25 0
39 17 9 0
-47 21 46 0
23 -23 -45 0
-23 32 -40 0
6 -28 -22 0
-45 9 20 0
13 -11 -16 0
-46 -20 5 0
-32 39 15 0
13 35 5 0
-43 9 20 0
8 11 35 0
-1 -34 -37 0
-1 -7 -10 0
-33 30 49 0
1 -42 47 0
-48 27 -20 0
-17 -26 18 0
-23 43 8 0
-36 -1 8 0
32 23 29 0
43 47 47 0
-13 40 -46 0
45 41 -2 0
43 -1 -46 0
-2 8 16 0
31 -22 -31 0
21 -32 -23 0
-3 -20 -8 0
-14 -22 -10 0
14 47 9 0
20 37 -6 0
25 -34 -12 0
-14 -25 45 0
-43 13 -3 0
42 27 28 0
-38 -49 28 0
-10 50 -22 0
45 -15 -23 0
-19 36 -4 0
4 11 -22 0
-34 -21 -19 0
-19 -21 -34 0
5 12 46 0
1 -3 18 0
42 -26 -42 0
23 -40 29 0
-16 27 42 0
40 -20 20 0
-48 -34 -13 0
-43 25 -45 0
-8 36 42 0
13 -44 -21 0
-46 42 -16 0
-36 -25 -33 0
-12 -42 -25 0
14 3 3 0
37 -7 48 0
32 30 49 0
-13 -29 21 0
34 26 -27 0
14 -41 -35 0
19 27 19 0
-12 -49 35 0
-33 -24 25 0
-32 37 35 0
-3 33 -3 0
21 36 -44 0
11 43 -35 0
48 15 -14 0
46 20 16 0
-5 -7 -7 0
10 44 -4 0
41 -45 -26 0
11 2 -41 0
-1 -31 -37 0
-13 14 -50 0
50 -8 30 0
12 32 47 0
-19 19 43 0
-15 43 40 0
26 -16 26 0
2 18 -5 0
-10 -21 28 0
-39 -3 -6 0
-22 39 45 0
29 11 -29 0
-36 -29 -6 0
12 -33 -34 0
-24 7 -43 0
-44 43 -5 0
-18 -9 -28 0
4 29 46 0
33 50 17 0
12 -46 11 0
-41 -46 12 0
-21 -10 -42 0
44 -29 -7 0
20 -30 5 0
-22 26 -28 0
50 -3 34 0
46 9 -28 0
3 -7 -35 0
38 1 -16 0
33 35 19 0
-8 11 -8 0
13 40 49 0
-43 -33 -39 0
35 -6 37 0
12 29 37 0
36 -13 -32 0
17 35 38 0
25 -33 15 0
-16 -17 -33 0
-45 -24 -14 0
-30 -18 8 0
-34 4 -12 0
-8 13 -46 0
-39 48 -32 0
-27 -38 -27 0
42 9 23 0
23 -22 27 0
27 -29 -39 0
25 37 -5 0
