c CNF generator v0.9
p cnf 50 209
9 11 -21 0
2 -28 18 0
45 16 2 0
41 32 12 0
-18 -2 21 0
17 -28 -12 0
-28 37 44 0
26 -5 -8 0
-40 -38 -19 0
-40 -1 49 0
-49 -12 14 0
10 -23 1 0
-13 9 -27 0
-10 -12 -48 0
-42 40 19 0
-43 -50 17 0
3 -39 -14 0
-14 -41 -39 0
-18 23 21 0
-29 47 36 0
21 17 -45 0
-44 5 41 0
-27 15 -13 0
28 -44 34 0
-25 49 -39 0
-42 -26 25 0
-20 -42 20 0
-22 -25 37 0
-42 -29 11 0
-45 -2 39 0
10 13 40 0
12 2 48 0
7 -18 -3 0
44 36 -25 0
-20 17 -24 0
7 15 -25 0
-5 44 -21 0
26 -47 -50 0
25 -15 -26 0
-42 13 -19 0
42 -12 14 0
7 -20 -44 0
29 28 -24 0
35 -39 30 0
-31 -3 -11 0
-27 34 49 0
25 10 24 0
-24 -23 -8 0
46 -44 16 0
-5 17 46 0
36 49 35 0
-47 49 50 0
-5 -6 16 0
34 36 -8 0
-30 46 38 0
36 10 39 0
-14 27 21 0
-12 2 17 0
-44 -40 49 0
14 14 17 0
49 -46 30 0
-35 -27 22 0
17 31 34 0
-18 -1 -26 0
26 28 -6 0
8 -27 -33 0
15 40 38 0
7 47 13 0
-3 -26 -50 0
-11 -23 15 0
6 -15 -46 0
-15 -19 -21 0
-46 41 42 0
-48 23 -28 0
49 4 12 0
25 -47 40 0
21 19 8 0
-24 34 17 0
44 -10 9 0
36 10 25 0
18 14 -4 0
45 5 20 0
29 16 38 0
28 25 -5 0
8 -32 36 0
-47 38 -7 0
39 -50 -44 0
29 38 -24 0
-25 43 -18 0
-32 -28 19 0
-24 -9 18 0
34 -18 -27 0
6 20 -32 0
6 34 -42 0
-22 -22 -7 0
-44 4 -15 0
-40 39 12 0
24 40 -11 0
45 37 47 0
-9 -23 39 0
-2 28 40 0
18 -3 49 0
-37 45 31 0
43 -17 5 0
8 1 -33 0
24 36 -37 0
-22 20 12 0
-49 15 -33 0
-33 -45 -9 0
-14 -22 6 0
1 30 -38 0
38 -19 49 0
23 40 27 0
8 37 -48 0
1 41 12 0
-27 46 11 0
-36 -3 18 0
49 39 -5 0
32 -47 -21 0
23 34 -16 0
42 29 45 0
20 40 5 0
23 37 1 0
-23 44 32 0
46 -8 -25 0
34 14 36 0
3 -29 28 0
6 -6 -3 0
45 -31 -45 0
22 -19 -45 0
44 49 -17 0
-47 1 8 0
-16 39 50 0
-46 -11 -35 0
46 17 -6 0
-23 -49 -9 0
10 14 27 0
21 -6 23 0
-50 -10 48 0
-10 7 29 0
17 -23 36 0
-20 44 -16 0
21 -40 -35 0
37 -4 -30 0
23 20 -44 0
48 45 -22 0
-8 40 -35 0
28 3 -10 0
-19 -20 20 0
34 39 22 0
32 17 11 0
-46 42 -4 0
-19 7 -39 0
49 3 27 0
-6 49 -4 0
-10 24 -9 0
-17 36 42 0
44 -47 28 0
-29 37 46 0
-13 21 43 0
-50 31 -8 0
39 -26 -12 0
18 29 -32 0
-6 37 -46 0
-10 29 28 0
-14 18 -27 0
-34 4 -24 0
46 -26 -1 0
19 -44 34 0
9 43 34 0
-33 -24 16 0
45 47 10 0
-22 -29 21 0
18 16 26 0
-10 28 -16 0
-27 -42 -30 0
-29 -31 -29 0
-43 33 17 0
-20 -23 -45 0
-43 49 19 0
44 -1 -6 0
14 -26 22 0
29 -19 49 0
-4 31 50 0
3 9 -42 0
-50 22 -2 0
-22 49 17 0
-11 -24 -43 0
-36 -23 33 0
46 -1 11 0
40 17 -38 0
15 -32 -26 0
-37 -17 -27 0
-22 -27 29 0
50 -14 1 0
33 -9 -7 0
48 -20 20 0
-1 47 -1 0
-35 -34 33 0
-11 42 -28 0
-35 -40 -15 0
-2 -45 -8 0
-16 23 23 0
-44 17 -20 0
-16 -44 -50 0
-11 30 32 0
-28 27 -16 0
-11 -43 23 0
-17 49 32 0
