c CNF generator v0.9
p cnf 50 215
-2 -30 37 0
-14 32 22 0
1 25 -50 0
-25 -46 -43 0
-3 -14 -25 0
46 48 5 0
36 -39 -12 0
-28 34 -20 0
34 17 -2 0
50 -4 -25 0
48 21 -42 0
-14 35 12 0
-44 -36 11 0
28 -2 -27 0
-35 -46 2 0
25 -44 36 0
-30 -4 13 0
-18 19 40 0
-22 -33 21 0
16 -31 -15 0
-17 -15 48 0
-21 5 -27 0
-7 -17 -13 0
-41 -46 -10 0
47 -20 -21 0
11 28 49 0
1 22 -17 0
-38 -28 43 0
14 -46 29 0
40 -31 -36 0
-15 49 -35 0
-46 -31 -37 0
43 32 -7 0
-6 42 -19 0
-43 -40 -13 0
-21 -35 27 0
15 23 50 0
28 -17 49 0
17 -8 -35 0
13 -23 5 0
12 -25 24 0
-3 22 -34 0
47 29 30 0
47 42 32 0
29 -43 23 0
-32 44 -35 0
-14 30 36 0
-7 31 -16 0
20 -31 -37 0
26 -32 3 0
7 1 -46 0
49 29 27 0
11 -19 17 0
21 39 -20 0
24 23 -48 0
29 -24 -28 0
20 22 26 0
-12 9 -13 0
-23 -21 -35 0
14 14 -43 0
-21 -38 -41 0
43 -30 21 0
-44 31 -40 0
-17 -46 -20 0
16 -31 -48 0
-48 37 21 0
23 -28 -36 0
-23 -20 -38 0
31 22 6 0
-44 48 34 0
-38 -11 20 0
22 41 -39 0
-12 -19 -29 0
-18 -16 -13 0
-30 32 25 0
42 13 -50 0
10 -13 32 0
18 6 49 0
36 28 -46 0
-34 -32 9 0
7 23 -31 0
-22 19 -47 0
21 8 -44 0
45 -10 14 0
13 1 45 0
27 -48 34 0
-20 -33 -26 0
13 -8 13 0
-12 -25 23 0
-4 5 9 0
-6 -48 -48 0
-20 -9 -9 0
49 -33 -11 0
-43 46 -20 0
-42 -25 23 0
1 28 -10 0
-17 25 -25 0
23 -11 -44 0
-23 -9 -35 0
12 -19 -47 0
-23 -37 -39 0
16 46 24 0
37 -2 -26 0
-15 -30 -8 0
35 10 -11 0
-50 -24 -20 0
-43 -13 18 0
-39 10 -26 0
-21 -22 -38 0
-14 -21 27 0
10 14 49 0
17 -8 -49 0
31 38 5 0
7 -48 -50 0
-22 -37 9 0
-5 41 1 0
-6 42 -34 0
8 16 -37 0
-7 -18 -27 0
39 -14 11 0
46 28 26 0
-27 -45 -39 0
-28 25 5 0
-50 19 41 0
8 -27 -19 0
39 4 9 0
36 -4 10 0
-19 17 -1 0
20 19 -4 0
25 43 -20 0
-48 -18 -6 0
-27 21 -14 0
-42 -47 30 0
26 31 -37 0
41 -19 16 0
-18 38 -28 0
-5 -12 -38 0
39 34 -35 0
-10 38 -43 0
-37 -31 -40 0
-15 -23 10 0
-31 -7 -37 0
44 7 1 0
-43 -26 29 0
28 -37 10 0
-31 -40 42 0
-19 -10 -18 0
37 42 -8 0
-46 20 46 0
-18 47 -5 0
-3 25 -49 0
24 20 4 0
26 4 3 0
-35 21 -19 0
-1 4 -40 0
-21 10 -7 0
10 -47 4 0
-34 21 -40 0
-10 -14 -18 0
39 -35 15 0
11 1 -25 0
6 -31 43 0
34 19 -21 0
2 8 -37 0
-37 48 -42 0
17 4 -39 0
-11 47 -23 0
6 47 -50 0
8 47 -34 0
43 11 -34 0
45 -31 -8 0
-48 50 4 0
38 -4 -16 0
-39 36 -21 0
1 9 12 0
30 28 5 0
-31 20 -16 0
-32 -17 -15 0
-23 33 -49 0
9 15 -21 0
-27 -33 35 0
35 -4 -34 0
34 45 22 0
-32 44 -4 0
-18 -43 37 0
-21 46 -18 0
-25 -7 -13 0
-39 -23 -23 0
-16 18 50 0
-32 28 19 0
45 28 32 0
-23 27 39 0
8 31 -50 0
21 -5 -43 0
1 -11 5 0
-1 -28 30 0
-47 -26 42 0
19 36 1 0
-48 42 31 0
-31 -34 2 0
24 12 -24 0
-17 25 28 0
-3 -19 -45 0
-30 18 -26 0
32 20 -18 0
28 -17 37 0
-8 12 20 0
39 9 -44 0
38 -18 15 0
1 10 -40 0
-15 -27 -10 0
-27 10 -8 0
36 -16 -45 0
-11 -24 -37 0
4 -44 43 0
