c CNF generator v0.9
p cnf 50 215
22 -19 -20 0
3 12 13 0
-14 -15 -49 0
-44 -20 -10 0
27 -34 7 0
18 26 16 0
-17 49 -24 0
-17 15 31 0
11 31 14 0
-19 -23 9 0
50 9 -2 0
32 21 -10 0
-15 -2 -24 0
12 -34 -15 0
-29 23 33 0
19 19 40 0
-36 45 -23 0
-39 -38 39 0
-27 34 49 0
13 28 24 0
-45 18 45 0
-50 -39 10 0
37 18 43 0
22 -2 8 0
-31 20 -36 0
19 -31 -48 0
31 40 -31 0
-47 -9 33 0
27 -33 -3 0
-45 -27 15 0
9 -41 28 0
-4 23 40 0
-23 28 9 0
10 18 -43 0
-24 47 -10 0
-5 21 -11 0
11 24 -35 0
42 -3 -26 0
49 -5 -9 0
-17 8 10 0
37 20 46 0
22 -2 -48 0
7 21 10 0
13 21 24 0
26 -33 8 0
-4 11 -31 0
-28 24 -23 0
-13 36 -20 0
-17 24 15 0
20 20 -49 0
26 39 -27 0
48 -4 -23 0
5 -14 -14 0
-31 1 14 0
-27 -32 27 0
13 -35 45 0
50 29 31 0
47 -9 -47 0
-50 42 32 0
43 -14 -50 0
36 6 35 0
15 -27 49 0
3 -37 28 0
18 16 20 0
38 39 -12 0
-32 -6 -15 0
-41 4 -50 0
-5 3 -12 0
-44 -39 33 0
-6 30 46 0
42 -35 34 0
16 -5 -18 0
-26 -29 -46 0
3 4 35 0
21 -22 -25 0
-49 38 -42 0
-47 -9 -18 0
-43 -23 -27 0
14 10 30 0
49 38 -11 0
13 -45 5 0
26 20 33 0
48 12 -14 0
24 -20 41 0
-15 -43 -50 0
50 36 -16 0
35 -37 -30 0
34 -19 16 0
-35 -44 -28 0
-1 23 45 0
23 -7 -41 0
26 43 -33 0
-33 34 45 0
50 1 3 0
44 -23 -19 0
10 35 47 0
-13 -49 22 0
47 22 -44 0
40 10 -1 0
-10 -14 -10 0
-2 -25 2 0
2 23 -24 0
28 28 33 0
7 20 -24 0
-24 10 44 0
10 -25 8 0
-32 44 -7 0
18 7 30 0
-41 -29 11 0
19 -25 -19 0
-27 1 -9 0
11 -1 43 0
-16 -17 -17 0
23 35 -44 0
37 44 31 0
1 41 -50 0
47 -28 37 0
-49 38 14 0
11 -50 -30 0
-27 34 17 0
29 -4 -2 0
-8 -6 48 0
44 -28 -48 0
21 18 -4 0
36 -41 -7 0
-29 -36 -7 0
-42 -1 -13 0
-10 28 -27 0
-24 -2 25 0
-12 -42 -16 0
6 -14 -13 0
-3 -42 25 0
39 -10 -48 0
-21 -45 -12 0
-17 28 49 0
18 -4 -48 0
-12 40 -42 0
35 -30 -50 0
-2 50 6 0
39 8 26 0
46 10 41 0
-49 -7 -31 0
46 -22 11 0
-47 11 4 0
16 -50 -30 0
29 18 50 0
-4 -41 19 0
36 -8 -6 0
-16 42 -45 0
-24 3 9 0
27 10 -30 0
-20 -3 8 0
-10 17 -24 0
-6 24 -47 0
-45 47 17 0
26 46 -45 0
35 49 13 0
-29 -34 -45 0
-49 23 -12 0
12 47 6 0
-23 30 -27 0
31 30 -25 0
-13 -13 -14 0
4 -49 -5 0
-36 15 -41 0
39 10 50 0
-3 -3 16 0
36 43 -17 0
50 31 15 0
32 19 35 0
-37 42 30 0
46 44 36 0
14 -10 11 0
9 19 12 0
-43 -13 -17 0
1 16 36 0
-47 36 11 0
-15 -45 35 0
15 25 20 0
-3 14 -23 0
38 -49 33 0
-26 -34 11 0
50 -13 40 0
-17 23 14 0
-36 -13 -8 0
-46 37 -25 0
-16 -20 -10 0
-15 -1 35 0
-36 29 -49 0
18 -44 -27 0
-17 47 37 0
-46 1 -9 0
38 -19 -46 0
-6 5 47 0
9 50 13 0
15 37 -13 0
-45 -10 -31 0
-25 -12 -29 0
23 35 -42 0
-23 -5 -13 0
36 -41 2 0
-24 10 49 0
23 -33 45 0
-3 -24 -35 0
-23 42 3 0
-9 36 -16 0
12 -40 -31 0
-36 19 6 0
-13 34 -19 0
41 41 -28 0
-38 29 30 0
46 45 -4 0
35 46 -38 0
-12 -36 -35 0
-46 49 -24 0
