c CNF generator v0.9
p cnf 50 215
41 36 50 0
47 -50 -2 0
-18 21 8 0
-2 16 -3 0
19 13 25 0
-21 43 -5 0
-42 -7 -49 0
39 17 48 0
-32 -20 -9 0
-35 -9 16 0
-25 17 43 0
1 -9 27 0
-23 47 -42 0
47 -44 27 0
7 -42 13 0
-3 34 34 0
34 34 -43 0
36 11 14 0
-49 -31 29 0
37 -27 10 0
-22 11 -9 0
-36 17 18 0
28 29 42 0
-3 22 3 0
-29 -16 -47 0
-26 -20 -18 0
17 -14 -24 0
-13 -28 -5 0
-50 -35 30 0
30 42 26 0
24 4 -29 0
-25 30 43 0
-40 -29 -46 0
-41 -7 20 0
-31 -38 21 0
38 13 -27 0
-15 -18 2 0
44 -31 -12 0
-27 -50 -4 0
-17 -46 42 0
-30 3 34 0
-50 -25 -33 0
42 27 1 0
-34 18 41 0
3 11 34 0
-6 -23 -20 0
19 -48 31 0
48 -49 -38 0
37 29 -21 0
20 -18 -10 0
-37 33 37 0
-24 -1 -12 0
44 -25 18 0
-24 -11 -15 0
-26 8 -43 0
4 -16 -30 0
-37 33 5 0
-3 9 -30 0
21 30 -14 0
20 -11 25 0
-42 -47 21 0
17 31 -35 0
9 24 -49 0
1 -18 47 0
-30 -4 -25 0
28 32 19 0
4 37 49 0
6 -19 6 0
-47 2 -24 0
38 49 21 0
-9 21 -40 0
20 -43 36 0
-30 -24 18 0
38 38 19 0
6 -21 6 0
-33 30 -39 0
9 34 -30 0
42 -24 -43 0
-15 35 22 0
-36 7 -32 0
-43 7 47 0
-29 8 21 0
-21 24 5 0
-14 -27 -38 0
-39 -13 -37 0
-46 33 29 0
-22 -8 1 0
-39 -33 11 0
-2 -47 -10 0
-1 22 46 0
-26 18 -13 0
-40 -27 49 0
-16 -39 17 0
-2 36 -33 0
-32 -15 -20 0
-15 31 -47 0
1 -37 -22 0
43 -40 -35 0
-28 30 23 0
-23 20 -24 0
-35 29 16 0
-39 25 -50 0
14 15 45 0
-12 12 -6 0
41 25 -21 0
-9 -17 50 0
-10 19 39 0
42 -32 -2 0
37 -48 -47 0
31 1 -33 0
-33 36 10 0
9 -32 -26 0
8 16 13 0
-13 3 -18 0
-49 -38 -3 0
7 -48 -8 0
25 27 -38 0
49 -33 -12 0
-17 35 27 0
22 33 34 0
20 -8 -16 0
-32 19 -42 0
-49 22 -18 0
12 -28 -17 0
-43 44 40 0
-44 -30 -47 0
7 3 28 0
-15 -29 -35 0
-49 8 -24 0
-11 -12 -40 0
-7 -9 35 0
39 -23 -39 0
-50 -39 -25 0
17 -27 -16 0
25 -46 47 0
44 25 -43 0
-6 5 33 0
32 42 16 0
17 35 -32 0
33 41 -28 0
-45 -1 24 0
39 36 -9 0
20 5 35 0
48 22 -48 0
-8 36 -11 0
12 -27 -45 0
2 -39 15 0
21 45 49 0
9 47 -33 0
9 -36 29 0
-49 -36 34 0
-24 -25 1 0
-39 -13 22 0
-40 -14 1 0
-6 -47 11 0
38 -14 49 0
29 -28 26 0
18 31 -44 0
-27 42 -14 0
4 6 -47 0
-19 -5 47 0
-1 5 -28 0
26 -8 15 0
-17 -40 14 0
6 -18 -31 0
-23 -8 5 0
50 50 3 0
-4 -2 39 0
12 -40 -44 0
29 3 18 0
11 31 -29 0
44 -27 -11 0
-32 32 -28 0
-22 2 42 0
48 42 35 0
-31 15 36 0
2 -26 23 0
9 46 -18 0
8 2 19 0
-45 -9 49 0
-24 25 -50 0
42 -40 20 0
29 -23 30 0
48 42 10 0
-14 7 -47 0
-11 23 -15 0
-11 -2 40 0
-38 16 -36 0
40 -13 -22 0
-15 23 2 0
48 -40 -28 0
25 22 -44 0
-5 29 -44 0
29 -50 -13 0
-22 34 35 0
-35 8 13 0
-1 -34 -41 0
-47 -12 -1 0
-15 27 -11 0
47 -9 -40 0
-3 36 13 0
-50 -29 14 0
-27 -15 -10 0
18 -38 -38 0
-5 6 -9 0
-40 -43 30 0
-21 -20 23 0
50 3 -31 0
-30 46 -26 0
-50 -11 30 0
31 -37 -47 0
-17 -23 -40 0
-27 -8 16 0
16 -21 -1 0
25 -16 -34 0
