c CNF generator v0.9
p cnf 50 215
49 -40 -28 0
-10 -35 -5 0
-29 26 -34 0
46 -48 -12 0
-8 -1 47 0
-41 -9 2 0
26 -37 -28 0
-45 16 -27 0
-23 38 50 0
-36 -9 28 0
22 -28 6 0
21 -24 7 0
48 -42 -28 0
3 -30 -3 0
32 -3 1 0
10 -46 -46 0
-31 -5 22 0
-11 -35 29 0
17 16 25 0
-15 4 49 0
-12 -11 17 0
18 25 4 0
-5 8 5 0
-50 8 -29 0
-43 44 16 0
28 -31 36 0
-22 -30 -15 0
-22 2 2 0
25 -25 35 0
-49 11 -4 0
49 -49 -39 0
-28 18 14 0
-2 -23 -6 0
9 -44 2 0
-34 -43 -45 0
47 -14 24 0
48 29 -45 0
-43 8 -17 0
-27 36 -8 0
-25 -27 24 0
-27 11 10 0
14 34 41 0
-28 17 -43 0
18 45 46 0
9 2 -48 0
-41 -43 -44 0
-23 -21 -1 0
32 -45 17 0
-25 -6 27 0
40 -15 45 0
23 7 -18 0
3 -47 -26 0
18 4 -18 0
5 -26 -43 0
-24 -47 43 0
30 49 27 0
-3 12 -31 0
31 -49 -5 0
-41 -44 22 0
-8 -25 -41 0
22 -9 11 0
-4 -8 2 0
7 41 -4 0
45 -32 42 0
-3 -27 20 0
34 12 2 0
6 -49 47 0
17 4 -15 0
-27 14 -45 0
40 6 -25 0
49 -29 10 0
-29 -50 33 0
13 37 23 0
-32 24 -6 0
37 -17 -49 0
-18 45 37 0
-44 40 -7 0
24 20 29 0
-12 42 -41 0
-32 41 -38 0
40 33 7 0
41 -16 -23 0
-34 19 -42 0
-9 42 41 0
-23 50 -4 0
-20 34 18 0
29 -39 5 0
9 47 -28 0
-47 38 -48 0
48 -4 -39 0
-44 32 -18 0
27 3 40 0
-25 8 25 0
36 -33 -23 0
2 50 12 0
25 -39 25 0
46 -42 -42 0
11 21 47 0
-9 17 -20 0
-44 -18 -9 0
-46 -9 -6 0
44 -48 -30 0
-45 15 -31 0
43 -3 34 0
-38 17 33 0
-7 28 47 0
-23 22 38 0
36 6 20 0
-43 -46 16 0
-42 3 -48 0
4 17 44 0
37 17 41 0
-1 -34 -32 0
7 -16 7 0
-12 14 19 0
31 11 22 0
14 -43 43 0
-40 -30 8 0
4 -4 -20 0
-1 42 -31 0
16 12 9 0
-41 46 -38 0
-13 -35 -27 0
-15 40 -20 0
36 -16 -39 0
-6 26 11 0
32 8 14 0
46 -38 -45 0
24 24 -44 0
-48 -47 -8 0
43 -42 -32 0
37 -2 32 0
27 16 -14 0
14 -16 1 0
41 15 -17 0
-13 40 40 0
6 -45 -45 0
17 -21 30 0
-49 -41 -42 0
12 8 -28 0
-26 -47 37 0
-9 -42 -43 0
1 39 -38 0
31 -12 22 0
-48 27 47 0
19 28 26 0
-35 46 3 0
46 -46 -49 0
37 25 -20 0
40 -4 -35 0
-45 27 28 0
2 -10 -30 0
-4 15 20 0
3 -34 29 0
22 15 32 0
-12 21 22 0
-35 22 -20 0
-40 -7 -10 0
39 11 -17 0
13 -46 -44 0
-45 -11 -29 0
-45 23 -23 0
-32 -37 -4 0
-16 -39 6 0
-9 1 50 0
-20 14 -44 0
33 -15 -16 0
-39 -27 -9 0
14 -33 -1 0
-5 -41 -33 0
2 -36 -23 0
24 42 35 0
-33 11 -20 0
45 -23 -3 0
33 21 -35 0
-46 26 9 0
-12 31 7 0
25 -32 -29 0
11 -15 11 0
34 -20 -11 0
-31 2 24 0
34 -6 15 0
-50 50 27 0
16 -42 19 0
-15 -18 7 0
44 -32 28 0
-33 34 -39 0
20 -46 19 0
-13 -2 -47 0
10 50 -49 0
-44 49 -5 0
-41 13 17 0
7 -10 -13 0
-41 39 -40 0
4 30 14 0
-31 -45 24 0
-28 -33 -25 0
32 11 -9 0
48 4 -15 0
48 29 -15 0
17 36 -31 0
-34 -13 -13 0
40 -41 42 0
45 -36 -42 0
15 12 -21 0
8 -30 -4 0
37 17 -5 0
48 34 -29 0
-48 -46 -21 0
-28 -22 4 0
-46 8 27 0
-39 23 24 0
26 -40 -16 0
-50 45 -14 0
48 33 -31 0
