c CNF generator v0.9
p cnf 50 215
-43 41 38 0
15 34 1 0
-27 -11 19 0
31 -32 38 0
-1 -9 6 0
25 -9 49 0
-28 39 -5 0
45 19 38 0
-39 -24 36 0
14 29 -15 0
-33 -29 38 0
-18 36 -3 0
-43 -22 -4 0
23 -29 38 0
-30 42 -23 0
-45 -34 -4 0
-33 35 47 0
-48 -44 21 0
-15 -7 -38 0
6 -47 -10 0
14 -10 37 0
7 -43 -37 0
-14 23 36 0
19 -35 -35 0
47 12 -21 0
-22 19 -40 0
-16 14 13 0
-31 17 46 0
-34 -50 -10 0
-6 -31 6 0
3 45 -27 0
49 -45 -33 0
-29 14 -15 0
-11 12 20 0
-9 -50 16 0
-7 -17 4 0
29 47 -32 0
-4 39 46 0
-4 25 -35 0
-20 21 -11 0
-25 17 -44 0
-3 -48 -17 0
26 -19 35 0
29 4 47 0
49 30 50 0
20 20 -22 0
-22 17 -11 0
40 -7 6 0
-47 41 -33 0
11 41 -8 0
-35 -22 34 0
17 -37 7 0
-25 30 -48 0
8 -38 30 0
39 -43 -1 0
-45 -24 37 0
-1 -41 1 0
-41 3 25 0
-4 -33 1 0
39 -14 -16 0
46 42 -23 0
-44 8 -16 0
-34 2 -42 0
43 -27 22 0
17 16 -32 0
-49 -11 35 0
45 -31 -28 0
28 -40 -16 0
-31 -25 -8 0
-46 5 -23 0
-25 -45 49 0
-32 2 -18 0
-50 -14 -25 0
-27 -34 -50 0
-6 45 -4 0
9 -43 -20 0
-39 -16 15 0
-3 -45 -46 0
-17 19 48 0
10 31 -12 0
-20 3 -50 0
-24 2 -19 0
34 32 -32 0
-17 18 -48 0
31 -20 -33 0
33 18 -15 0
-36 48 -45 0
-14 45 43 0
-22 -29 -24 0
-32 8 -10 0
36 -50 39 0
49 -41 -33 0
41 26 4 0
19 -36 -24 0
-15 -34 43 0
8 28 19 0
44 -24 -33 0
-4 -49 17 0
24 -33 -17 0
29 -10 3 0
-47 27 8 0
30 -41 -24 0
35 9 8 0
-29 39 50 0
37 -21 11 0
-21 -43 -27 0
-17 -3 -37 0
-45 -39 -40 0
-35 -6 20 0
-2 3 2 0
-35 48 -20 0
-7 -49 -19 0
32 2 -34 0
-4 4 -33 0
21 49 35 0
-40 7 -23 0
-3 35 31 0
-33 29 -20 0
-37 -16 -38 0
40 -16 -44 0
-14 -42 -33 0
21 -3 -43 0
36 -22 31 0
-19 46 -10 0
33 25 -29 0
26 43 -18 0
28 -7 -25 0
-26 -22 -22 0
-11 -9 -30 0
14 -18 -4 0
-47 49 38 0
38 -39 -47 0
18 -11 -40 0
-49 30 -17 0
-50 -43 41 0
-19 24 3 0
8 47 10 0
-27 -41 -46 0
-30 -46 12 0
7 12 48 0
-19 -24 -41 0
-47 -41 24 0
39 18 -3 0
49 42 -25 0
-8 24 -8 0
47 29 -32 0
-17 -22 21 0
5 -44 45 0
-21 7 25 0
-43 48 1 0
34 9 36 0
39 2 20 0
39 32 11 0
-8 -11 30 0
45 -45 17 0
-17 -46 -3 0
12 -11 30 0
6 -8 -22 0
-42 24 48 0
23 47 -29 0
-46 -35 -46 0
-31 -33 -42 0
21 -17 41 0
-41 -49 33 0
4 -2 -15 0
48 -14 -36 0
-50 -1 -14 0
31 32 -33 0
19 47 46 0
-13 48 -15 0
29 32 1 0
27 47 -32 0
36 25 24 0
-28 -47 21 0
37 40 -34 0
37 49 43 0
36 -9 24 0
-25 -3 -42 0
40 -27 48 0
26 -31 -46 0
49 6 11 0
-32 24 3 0
-49 42 -33 0
-43 -15 -47 0
17 -14 39 0
-3 3 -9 0
-11 -22 -44 0
-49 7 10 0
-47 -46 -21 0
8 -43 3 0
31 -29 24 0
3 -26 4 0
38 -4 49 0
24 -32 -41 0
-2 -13 48 0
-30 10 28 0
27 -6 -24 0
12 28 -12 0
1 42 -45 0
29 -10 -50 0
45 24 -18 0
12 -32 -26 0
4 48 43 0
-35 18 26 0
-50 -37 -12 0
27 10 -19 0
-3 32 -19 0
-27 -14 40 0
22 -50 20 0
-45 50 -43 0
-2 14 -30 0
-15 8 14 0
-38 -10 -30 0
12 34 -46 0
-3 -22 -37 0
