c CNF generator v0.9
p cnf 50 215
25 -26 14 0
-18 38 23 0
-37 37 32 0
-4 -37 -48 0
42 -49 -23 0
34 -3 24 0
41 -43 16 0
-15 -30 42 0
-6 -21 -22 0
40 20 -37 0
42 -21 -36 0
50 24 25 0
-34 5 50 0
44 -4 -22 0
-45 27 43 0
-18 2 -7 0
47 50 28 0
26 38 -4 0
23 -20 18 0
31 -38 -49 0
-18 21 32 0
43 19 36 0
32 -16 45 0
-40 -4 37 0
39 -36 -50 0
-2 19 -37 0
5 -14 42 0
32 -27 -10 0
46 8 7 0
15 9 23 0
-11 -8 21 0
20 38 -20 0
47 -5 22 0
11 -25 39 0
41 -24 -45 0
37 -6 17 0
-1 41 -46 0
41 14 19 0
-10 16 -43 0
29 24 -24 0
31 23 11 0
5 11 43 0
-40 -30 -11 0
41 30 -3 0
19 3 -31 0
-12 10 13 0
-14 -46 -23 0
-4 9 40 0
43 -19 -45 0
-43 25 17 0
26 1 -12 0
-25 26 -2 0
-33 -8 38 0
35 -12 44 0
-9 17 -41 0
46 -34 -39 0
18 -45 39 0
-43 19 -4 0
-27 -17 5 0
9 3 18 0
7 -31 -12 0
-44 23 -3 0
-37 -47 7 0
-31 3 12 0
-10 38 23 0
21 -5 46 0
-25 -1 25 0
-27 -11 -8 0
41 40 42 0
-9 19 -8 0
-16 -23 20 0
17 40 37 0
-18 -40 -26 0
-43 41 29 0
27 49 -28 0
-5 36 39 0
35 35 30 0
10 -4 -11 0
19 6 -45 0
12 -20 -42 0
-15 12 -26 0
14 -16 -45 0
48 12 21 0
-6 -35 -35 0
24 -22 -10 0
-6 30 29 0
-42 -47 -18 0
-39 -35 -5 0
-35 -31 -28 0
15 -16 -24 0
-33 2 -25 0
-40 3 -22 0
36 46 26 0
-6 -40 -22 0
22 -41 -20 0
-34 -29 35 0
6 45 -13 0
14 32 35 0
-37 -16 -33 0
-27 -6 -19 0
32 -38 47 0
-6 -14 49 0
-25 -47 -45 0
42 31 -47 0
-35 8 16 0
-31 -29 7 0
-49 -16 -23 0
-8 18 19 0
39 -11 -32 0
23 8 4 0
18 -32 -33 0
42 25 -40 0
-36 44 -29 0
37 -24 1 0
17 -4 -49 0
23 -39 -26 0
-4 27 -29 0
-48 -31 -13 0
39 -18 25 0
7 48 -31 0
-26 -16 -23 0
11 -34 -39 0
-49 -23 7 0
-28 3 -4 0
20 -41 -32 0
31 8 -46 0
-41 46 38 0
-13 40 15 0
-40 2 -10 0
33 -20 -50 0
-39 50 37 0
-13 44 -4 0
34 43 40 0
10 -29 39 0
18 28 -27 0
-14 -25 45 0
24 -24 49 0
43 19 -18 0
-5 -4 7 0
-4 -18 -49 0
-25 -9 15 0
-12 7 45 0
-36 -3 -3 0
-28 12 28 0
-36 -18 40 0
4 -6 29 0
-13 3 -20 0
36 13 21 0
-25 -47 46 0
-37 -31 5 0
-17 26 -38 0
-22 1 -5 0
35 -33 41 0
45 -13 -9 0
-10 9 47 0
-18 3 10 0
40 -14 18 0
-44 -8 24 0
-47 -40 6 0
36 -48 26 0
-14 -32 49 0
-20 20 -15 0
35 -37 47 0
-45 -27 -4 0
50 -22 47 0
-1 32 -3 0
-27 -40 25 0
-17 -6 -47 0
38 -30 41 0
-19 -13 -30 0
-20 -21 44 0
-31 26 19 0
-41 46 -17 0
-29 43 -3 0
-6 20 19 0
-19 8 -28 0
43 -36 -22 0
41 -4 39 0
-49 2 4 0
-36 27 6 0
1 49 -45 0
36 -11 -37 0
-40 -44 19 0
-16 18 1 0
-15 24 -17 0
-1 -37 26 0
-15 20 8 0
-48 37 19 0
-38 8 42 0
-35 -15 37 0
-20 -13 -34 0
45 15 -40 0
26 -29 18 0
-3 48 -38 0
10 13 -26 0
48 -13 43 0
-6 11 14 0
2 -34 -50 0
32 -8 -10 0
-46 32 4 0
-29 -16 -8 0
9 -4 -29 0
3 -39 -26 0
10 46 -24 0
-6 -4 -11 0
50 38 -21 0
6 47 -36 0
27 -3 -42 0
-23 23 5 0
-44 -15 -11 0
21 8 48 0
-31 15 26 0
26 13 -21 0
49 35 2 0
-10 34 12 0
