c CNF generator v0.9
p cnf 50 215
-36 15 31 0
-50 25 40 0
1 -39 17 0
34 42 -7 0
-19 -17 49 0
38 -23 -24 0
50 34 -32 0
19 43 -10 0
-19 -5 -18 0
-21 -50 19 0
22 -38 -19 0
50 -11 42 0
-19 46 -40 0
-38 31 43 0
-1 20 29 0
-36 -29 -48 0
-25 -44 11 0
37 -31 -37 0
-15 48 -1 0
-16 27 42 0
20 -38 50 0
39 8 -27 0
-32 -50 27 0
-13 -18 24 0
-13 45 -12 0
10 6 35 0
-48 -28 27 0
-1 -21 8 0
-11 34 37 0
-49 43 21 0
43 -43 -46 0
-36 -22 13 0
43 -1 -16 0
46 29 -18 0
27 -2 -15 0
38 2 38 0
-18 25 17 0
37 -43 -37 0
-15 -3 -12 0
12 -41 -40 0
-23 -14 -36 0
45 -10 49 0
27 -2 33 0
27 46 35 0
-13 -8 -7 0
-8 -27 19 0
-36 2 28 0
-6 -18 -5 0
-49 7 -33 0
-35 -8 -7 0
-18 3 -4 0
-8 44 -24 0
-19 43 21 0
-24 45 46 0
-22 39 37 0
-24 -23 32 0
6 45 -45 0
2 11 -20 0
37 24 -33 0
-48 -18 -28 0
-40 -33 8 0
34 -19 -43 0
27 -44 44 0
-15 8 19 0
17 -24 -18 0
14 14 27 0
-7 -30 -40 0
48 17 38 0
50 10 8 0
48 11 -42 0
-47 -36 46 0
7 37 37 0
47 -23 -46 0
1 -7 -11 0
43 9 21 0
17 19 19 0
-14 -9 -11 0
-18 32 -36 0
-4 2 -31 0
48 -17 9 0
-44 35 38 0
-18 22 -13 0
-33 -49 -35 0
-5 31 26 0
31 -11 -32 0
17 45 34 0
-38 50 10 0
-42 20 -11 0
-10 -32 -36 0
45 -3 -18 0
-19 -38 -35 0
48 32 -26 0
-31 15 -44 0
4 45 5 0
4 4 19 0
-19 21 -41 0
-37 25 -47 0
31 8 -48 0
-25 37 47 0
34 43 -43 0
48 24 17 0
-5 16 33 0
-16 16 -25 0
35 21 -44 0
-44 11 10 0
-1 20 25 0
25 11 -14 0
-22 5 -32 0
23 46 18 0
-12 10 44 0
-13 -44 21 0
-45 9 22 0
24 10 -10 0
50 42 44 0
-6 3 37 0
21 -19 19 0
-27 -16 -21 0
39 -22 5 0
-17 -31 -26 0
33 46 -25 0
28 2 -25 0
11 -44 -9 0
38 -4 18 0
41 38 -34 0
4 -10 -11 0
-47 28 -27 0
-29 -37 38 0
-16 -25 -36 0
-27 16 39 0
-8 2 7 0
-18 -27 29 0
-29 28 -30 0
21 42 15 0
-45 -14 5 0
-41 1 -27 0
27 15 -23 0
-18 26 -48 0
35 -6 -21 0
-50 -50 49 0
-38 -10 -28 0
-21 -32 32 0
9 -43 45 0
-17 -47 10 0
-7 42 9 0
-42 32 -5 0
15 -2 26 0
-14 33 -14 0
-30 -20 -27 0
-38 -12 1 0
-11 28 49 0
-43 -8 -17 0
23 -28 50 0
-48 -46 -26 0
42 9 -18 0
-15 -26 1 0
-10 8 -44 0
-31 29 -8 0
8 -31 -5 0
-26 49 -18 0
21 20 -30 0
-33 27 11 0
-41 -36 44 0
20 27 -6 0
24 24 -35 0
45 -17 -15 0
-12 37 -48 0
-31 -23 -34 0
-44 11 48 0
-24 -4 44 0
20 27 12 0
-2 28 44 0
19 -26 23 0
44 -17 26 0
46 -37 35 0
41 48 -2 0
-16 -42 -38 0
-34 2 20 0
-4 -50 35 0
-23 32 -43 0
-31 -22 6 0
2 25 -16 0
-13 7 -21 0
4 -49 43 0
-42 43 -12 0
-16 -44 36 0
24 -26 -37 0
-28 18 7 0
10 -20 -7 0
27 4 19 0
33 11 -50 0
-7 -1 -16 0
36 39 27 0
-23 33 -9 0
29 -8 39 0
23 -44 40 0
-9 -47 -20 0
29 34 45 0
-22 -12 -4 0
26 34 3 0
-20 29 -40 0
-7 -15 3 0
-23 -17 -20 0
-6 -48 28 0
1 49 -48 0
29 -33 -46 0
15 -40 -11 0
-43 -50 -16 0
14 2 -23 0
-32 12 29 0
-44 8 -29 0
11 -7 37 0
-24 -22 -14 0
-42 -35 -29 0
-15 20 -9 0
-42 12 18 0
