c CNF generator v0.9
p cnf 50 215
-1 16 -35 0
-1 50 17 0
-36 -42 39 0
18 -25 34 0
-29 40 -5 0
-33 -2 -45 0
-41 -2 -28 0
33 50 25 0
16 -47 48 0
29 -20 -35 0
-14 45 24 0
41 30 -34 0
27 16 -20 0
19 22 -24 0
-11 43 -29 0
13 -7 9 0
-19 34 9 0
-30 10 -19 0
29 20 19 0
-35 -1 47 0
34 -5 23 0
-33 42 -4 0
-30 29 29 0
-12 -37 -9 0
-27 -43 -11 0
-28 -4 4 0
13 46 -5 0
-13 -40 -19 0
-38 -7 -5 0
10 8 -5 0
36 20 33 0
50 -6 36 0
-45 -19 -3 0
28 26 29 0
34 -45 -47 0
-29 26 3 0
10 29 38 0
-31 40 -32 0
-21 -18 -15 0
-29 17 41 0
-42 -3 27 0
44 6 -34 0
22 2 46 0
-7 21 50 0
-8 5 -9 0
2 -17 8 0
-42 -7 -45 0
16 48 -24 0
29 -44 12 0
-23 -17 6 0
25 -2 -40 0
41 -6 12 0
43 -31 3 0
7 21 4 0
33 31 2 0
48 -42 15 0
10 -46 -48 0
47 -42 -11 0
-33 25 -5 0
-38 37 -24 0
15 20 17 0
-7 -39 -4 0
20 -4 46 0
15 -23 -31 0
1 44 -7 0
22 -18 29 0
-47 -8 -33 0
44 45 -46 0
-1 28 -23 0
4 20 -21 0
18 4 19 0
11 7 21 0
34 6 -2 0
-2 -47 36 0
-36 44 -50 0
7 26 -5 0
2 -19 -46 0
-28 16 -16 0
-20 9 2 0
38 -50 -43 0
-31 16 41 0
-7 47 -21 0
15 11 -34 0
37 9 10 0
-4 37 34 0
2 -20 12 0
-4 -14 -44 0
-45 -37 2 0
-8 12 -1 0
7 12 27 0
-39 39 -19 0
-25 -18 29 0
-34 13 40 0
50 -9 23 0
21 -34 -41 0
-7 -44 -14 0
7 49 12 0
23 5 -19 0
-39 36 -44 0
-35 -42 -10 0
29 -27 26 0
20 41 -49 0
28 -48 -18 0
-31 -14 32 0
21 10 -45 0
31 13 25 0
12 -48 41 0
-46 17 46 0
15 4 -38 0
13 -27 19 0
13 41 6 0
-45 1 -30 0
-24 -37 1 0
-45 39 13 0
17 -17 47 0
-47 -46 -23 0
28 -37 -38 0
-38 -49 -22 0
30 2 14 0
22 14 -14 0
-17 -28 6 0
47 -28 -7 0
-40 -12 -2 0
-13 31 4 0
43 -17 30 0
-15 41 -43 0
-24 11 30 0
-18 -27 -19 0
-31 -33 -22 0
-35 23 -8 0
-4 -31 -35 0
16 43 -13 0
4 -25 12 0
-18 -32 -8 0
47 -11 6 0
-1 32 46 0
-33 29 -18 0
-9 8 -36 0
43 41 -3 0
1 1 49 0
-12 -16 -4 0
-20 -27 -1 0
19 27 -22 0
-15 49 30 0
-45 -29 -41 0
-34 11 -38 0
-45 -14 5 0
33 -15 -1 0
-44 -26 44 0
44 35 32 0
-42 18 -5 0
-22 -10 -38 0
40 37 26 0
-2 20 -35 0
29 -26 -49 0
-31 17 -37 0
50 -8 -43 0
34 -19 -28 0
17 35 46 0
38 10 -39 0
30 16 2 0
41 16 -4 0
-48 -21 20 0
-19 -30 -19 0
6 -28 12 0
-38 47 38 0
43 -45 -27 0
-2 -10 30 0
28 -22 -34 0
7 -26 -39 0
1 8 30 0
29 17 -10 0
17 -4 -34 0
-47 9 -40 0
-8 -34 -10 0
36 -4 -45 0
-28 -36 -26 0
24 33 28 0
-47 44 -16 0
-31 29 -38 0
7 24 8 0
-16 -21 -8 0
42 -17 20 0
-39 -29 37 0
-9 9 -10 0
30 -39 -17 0
18 -39 45 0
11 38 30 0
18 39 -49 0
1 39 6 0
28 -26 -27 0
2 33 40 0
-21 14 -36 0
-29 -12 -45 0
-29 -41 20 0
-36 -14 -20 0
-31 -36 -8 0
19 -37 -23 0
-17 6 -8 0
24 20 49 0
-48 15 37 0
45 20 33 0
32 37 48 0
46 2 22 0
10 14 42 0
25 -19 -28 0
22 5 -6 0
-11 -11 11 0
34 14 18 0
-8 -33 -6 0
-46 44 -39 0
6 -41 -31 0
38 -25 49 0
11 -49 28 0
13 42 -13 0
