c CNF generator v0.9
p cnf 50 215
41 29 42 0
11 -37 -45 0
-36 10 1 0
-15 44 50 0
-22 -47 29 0
15 -40 31 0
33 21 4 0
-31 -46 -35 0
-6 6 -37 0
4 -22 -36 0
-36 -23 -26 0
18 -37 -23 0
22 -29 -38 0
-12 35 -10 0
-50 -43 12 0
-14 34 14 0
2 -20 7 0
35 -11 22 0
-1 -7 44 0
33 -5 27 0
40 5 -24 0
48 -38 37 0
-50 42 22 0
6 -15 -32 0
19 10 7 0
-28 28 45 0
-33 19 -10 0
41 -13 -39 0
42 14 -50 0
-19 50 -14 0
40 -50 19 0
-29 21 -42 0
-41 -37 -19 0
-44 45 -15 0
7 -23 7 0
-2 12 46 0
-3 -26 15 0
40 -20 -12 0
-11 11 -41 0
-39 -29 45 0
-49 32 -6 0
47 19 -46 0
21 -7 13 0
-20 18 41 0
-48 18 11 0
-41 -25 26 0
16 -43 34 0
40 -22 9 0
-32 17 -25 0
30 22 1 0
-44 40 -9 0
23 -49 28 0
38 -19 -2 0
31 25 33 0
-5 -23 3 0
-43 -16 48 0
8 22 6 0
35 46 25 0
-48 11 -7 0
16 -13 -50 0
-27 -18 -33 0
27 47 27 0
-32 -6 -40 0
34 -35 -41 0
10 -18 40 0
-3 -1 45 0
18 -46 42 0
44 48 31 0
6 29 -40 0
46 -41 -50 0
-31 29 40 0
-47 -1 7 0
-38 -48 -35 0
34 8 -25 0
-38 5 44 0
-43 -12 36 0
-32 -24 -12 0
3 47 -26 0
31 -27 12 0
-26 -18 46 0
22 -9 20 0
23 34 -50 0
-12 34 -25 0
42 -10 4 0
13 48 -47 0
7 9 -18 0
-15 -29 -26 0
50 -3 -24 0
-44 7 -4 0
11 15 12 0
-50 -47 23 0
35 37 46 0
43 35 6 0
-38 -16 42 0
7 -2 -19 0
25 -16 37 0
46 43 -19 0
6 -49 19 0
8 43 1 0
45 34 -23 0
50 46 -6 0
43 34 5 0
-27 33 45 0
-6 -14 29 0
-25 -23 -12 0
28 40 -41 0
7 41 -29 0
17 11 20 0
-25 -1 -41 0
-18 28 10 0
6 33 -22 0
-8 -3 -29 0
29 -1 42 0
20 17 -31 0
46 45 -30 0
8 -40 -37 0
19 -16 49 0
-18 10 46 0
-41 3 -9 0
11 -3 4 0
7 11 29 0
-40 -25 30 0
31 -21 -22 0
-31 -7 -43 0
21 7 30 0
-32 -5 49 0
47 -30 6 0
-33 18 10 0
-15 36 47 0
-10 -19 43 0
-35 19 -6 0
-28 1 12 0
-42 21 28 0
-39 -15 -13 0
34 -41 3 0
8 -30 23 0
-38 -17 -3 0
11 19 28 0
-26 -26 7 0
-23 13 -29 0
-1 -11 -24 0
41 25 9 0
-36 -11 36 0
15 -20 -46 0
25 -31 -20 0
-22 45 -30 0
10 -26 42 0
2 -25 -18 0
38 45 12 0
-44 -8 36 0
-24 -10 35 0
8 -43 -4 0
-5 24 5 0
18 -37 42 0
41 -2 -4 0
-40 13 -50 0
-41 -4 19 0
-41 -11 -26 0
31 -48 -46 0
-46 -11 -24 0
42 -13 2 0
49 -10 -23 0
31 -14 -33 0
-45 44 17 0
50 34 34 0
31 -44 42 0
-50 29 -28 0
24 -39 -27 0
37 24 -39 0
1 49 -49 0
-24 26 30 0
-28 -41 40 0
-18 28 4 0
-27 26 19 0
-19 12 24 0
27 -43 -5 0
-28 22 -6 0
-22 -28 34 0
-46 -32 47 0
30 -5 5 0
41 -11 -6 0
50 5 -40 0
1 40 -5 0
-15 -12 34 0
-24 18 50 0
-27 -21 44 0
47 -25 48 0
46 38 3 0
-11 27 -22 0
-38 5 34 0
41 -20 44 0
-40 18 33 0
-43 -40 32 0
33 30 -4 0
-22 -14 -36 0
-48 9 42 0
-23 -9 -24 0
39 -38 27 0
-14 8 12 0
-8 1 25 0
11 39 -29 0
31 -10 48 0
32 -7 36 0
-28 -41 29 0
-50 20 2 0
46 16 19 0
-25 -34 25 0
-24 15 47 0
18 -42 42 0
-5 13 25 0
-4 34 35 0
42 20 -42 0
-22 43 -17 0
-24 6 -34 0
-38 6 -49 0
