c CNF generator v0.9
p cnf 50 215
27 46 -3 0
12 35 -4 0
-4 20 5 0
32 -35 15 0
-11 -25 -26 0
-34 -37 13 0
-11 44 31 0
21 34 -39 0
-22 40 -37 0
-21 -16 -33 0
-39 -44 49 0
46 41 -9 0
-21 17 -33 0
40 -39 48 0
7 -29 -12 0
23 -31 -9 0
-11 -15 -38 0
-19 -4 -15 0
31 -45 -36 0
30 2 -4 0
25 -26 -23 0
11 25 -27 0
2 -23 -14 0
38 -45 34 0
28 12 -1 0
17 37 22 0
8 -5 -7 0
-41 -44 -10 0
-28 -16 3 0
-18 40 33 0
-49 19 16 0
49 11 9 0
-26 4 40 0
-38 -10 -8 0
-4 -30 -6 0
28 18 -12 0
-4 30 13 0
17 -49 -12 0
43 -41 29 0
-27 46 -50 0
45 21 26 0
43 -37 -24 0
-39 34 -36 0
-11 -27 44 0
49 -35 -6 0
-22 28 -39 0
-20 24 13 0
49 21 -5 0
12 -16 -50 0
24 -9 -44 0
23 -14 -29 0
-39 13 11 0
25 24 -27 0
30 -11 -14 0
41 29 9 0
13 34 3 0
-45 43 -50 0
11 -20 34 0
6 -5 -34 0
-38 -22 -11 0
-47 29 -28 0
-20 26 11 0
-3 3 14 0
27 -38 42 0
37 30 31 0
10 -13 30 0
28 47 -4 0
-8 17 25 0
-18 15 -36 0
-48 35 20 0
35 -39 -18 0
-41 -13 -46 0
31 41 -28 0
43 39 -15 0
14 -50 -16 0
-5 -19 37 0
-46 -18 -10 0
30 44 -20 0
-33 -18 -31 0
42 35 36 0
-4 17 35 0
28 -46 -15 0
22 -17 -3 0
34 24 14 0
-33 4 5 0
12 -1 19 0
-40 14 31 0
-40 34 25 0
29 25 32 0
-7 -29 31 0
3 47 -43 0
36 -40 15 0
-15 33 -43 0
-3 2 -13 0
38 -28 -37 0
-12 -32 -48 0
46 -40 -28 0
-20 -25 4 0
-37 -2 20 0
-44 29 -12 0
37 -28 -3 0
-37 32 4 0
-27 32 -46 0
-25 -19 34 0
-16 -38 -48 0
-21 -33 -22 0
37 -28 31 0
-38 24 49 0
22 34 -3 0
-7 -20 -39 0
6 -43 23 0
30 43 -9 0
45 -1 3 0
6 -19 5 0
-12 18 -11 0
31 -12 -46 0
31 8 -36 0
-25 -36 34 0
37 21 21 0
-7 -10 -22 0
-31 -12 9 0
-9 1 -35 0
7 -49 -41 0
41 17 -10 0
48 -8 12 0
-35 -4 -12 0
14 31 17 0
46 29 19 0
-32 -26 28 0
-40 8 47 0
-49 29 22 0
40 -46 36 0
27 30 -7 0
17 -46 -30 0
46 -47 -13 0
-1 -18 -21 0
30 22 -26 0
-19 25 3 0
-24 44 -29 0
18 1 -20 0
42 36 1 0
-43 16 -49 0
-22 48 23 0
-7 24 -9 0
-38 -26 -8 0
-23 -4 -38 0
50 -45 27 0
30 35 41 0
4 -16 -38 0
-48 49 -21 0
49 -34 11 0
-36 -42 44 0
-26 -27 7 0
-7 16 43 0
8 -21 -41 0
-23 48 48 0
42 -49 34 0
16 -49 -4 0
31 18 14 0
-26 -41 -26 0
-1 -50 -37 0
10 -11 -29 0
30 -3 -9 0
-24 37 27 0
26 -33 -29 0
40 -33 -34 0
32 46 -46 0
-27 36 -33 0
11 28 10 0
30 -25 -8 0
-25 -50 -21 0
-18 -10 -48 0
8 6 -45 0
-18 -1 32 0
19 -31 -25 0
-46 2 -32 0
25 41 21 0
-23 21 -26 0
50 -26 -25 0
31 37 35 0
-29 45 -23 0
30 27 -36 0
3 49 44 0
-29 40 22 0
-31 -16 -2 0
-46 12 30 0
23 -48 -29 0
18 -17 9 0
-5 38 23 0
12 -39 -21 0
16 -3 -28 0
37 15 19 0
-33 41 -37 0
49 30 -12 0
-26 4 -22 0
22 -10 -29 0
39 44 10 0
-50 34 -50 0
34 45 29 0
13 27 -29 0
29 -10 -35 0
28 -1 -37 0
-13 43 31 0
-31 -30 32 0
28 40 -27 0
33 -44 -24 0
-35 40 -14 0
43 -17 -41 0
-28 29 10 0
-46 -49 -4 0
-38 16 18 0
-6 -16 29 0
-33 38 -37 0
-46 26 -3 0
36 40 -14 0
