c CNF generator v0.9
p cnf 50 215
-31 49 -50 0
40 -17 43 0
-2 -1 28 0
48 -14 8 0
1 -49 -19 0
-19 17 41 0
-5 48 20 0
23 20 -2 0
-43 41 -28 0
40 18 -32 0
49 37 39 0
13 27 3 0
-31 43 31 0
-48 -14 49 0
48 31 -32 0
-14 8 48 0
-34 -46 -45 0
21 32 1 0
-19 27 -18 0
46 19 -33 0
19 22 -14 0
-5 -26 43 0
-27 -16 6 0
-24 -33 -14 0
48 49 -37 0
40 41 -39 0
-30 10 -32 0
-3 13 -41 0
-24 -40 -21 0
-47 -40 -2 0
-4 24 -16 0
2 -15 24 0
50 27 -41 0
10 -22 46 0
-5 -15 50 0
19 -27 -40 0
22 2 35 0
15 -32 44 0
-8 -40 -17 0
6 -31 20 0
-25 47 -1 0
40 24 40 0
28 8 6 0
-27 -21 -41 0
8 49 7 0
-37 -18 -44 0
46 15 -21 0
15 -31 -46 0
2 -33 40 0
37 -33 32 0
30 50 2 0
32 32 -11 0
-38 -22 -4 0
35 -46 -26 0
-44 -10 -44 0
16 -49 1 0
-31 6 28 0
13 -29 -9 0
17 -8 16 0
25 -1 -40 0
6 50 -5 0
-48 13 21 0
-20 41 32 0
-49 -49 -40 0
42 44 19 0
16 -40 15 0
17 47 37 0
-34 -17 32 0
-19 -6 -29 0
-43 -40 -42 0
-33 -40 16 0
34 13 32 0
-10 -32 -21 0
-30 -11 -6 0
-45 -45 -25 0
-25 -27 -3 0
22 -36 1 0
29 30 6 0
18 5 37 0
40 1 43 0
-19 10 -8 0
13 35 -44 0
-38 -18 -47 0
9 13 -27 0
-50 -42 -44 0
28 -33 27 0
-3 -34 -28 0
5 46 -25 0
-2 -25 21 0
-39 49 34 0
30 46 -34 0
6 43 21 0
-23 46 -11 0
2 28 -49 0
46 -19 48 0
9 10 -23 0
14 28 -47 0
28 23 43 0
38 8 -15 0
47 -26 -34 0
5 12 -20 0
-31 -15 23 0
36 -20 -3 0
-35 -47 17 0
32 -34 10 0
-4 -50 22 0
-12 -17 -12 0
-39 -36 42 0
-21 -10 -2 0
-22 18 -40 0
4 -46 22 0
-44 21 25 0
20 42 -13 0
-34 40 15 0
-1 -33 49 0
44 -3 -20 0
42 19 8 0
24 -37 44 0
-7 -33 22 0
44 -2 41 0
-35 26 33 0
-24 -19 -26 0
-37 -36 -28 0
18 46 50 0
29 -18 -33 0
-6 -17 -19 0
30 30 27 0
40 -32 14 0
-26 -36 -50 0
-31 9 -14 0
-15 7 16 0
-13 37 -14 0
-16 -18 10 0
30 39 -34 0
-15 -8 8 0
-1 -16 43 0
28 -31 -42 0
34 49 -22 0
-9 50 33 0
-23 4 -15 0
10 46 -4 0
20 8 26 0
4 8 -11 0
39 -34 -30 0
45 6 5 0
-24 18 26 0
40 28 7 0
-31 10 24 0
9 3 -49 0
46 -30 -50 0
38 8 27 0
-4 -22 -9 0
17 1 47 0
20 -41 -21 0
-22 -36 -4 0
-13 42 -50 0
39 7 -6 0
11 34 -47 0
48 25 -45 0
37 48 40 0
14 -26 15 0
30 14 -32 0
-4 32 -5 0
-50 38 24 0
-30 -46 50 0
38 -35 30 0
-19 -35 -26 0
48 36 8 0
-39 45 -3 0
19 -31 -19 0
-8 -8 -21 0
-18 -45 -24 0
31 14 -4 0
-33 -38 -21 0
7 -49 42 0
-15 -34 8 0
16 30 46 0
47 21 -13 0
-48 21 -15 0
22 -2 -14 0
33 -36 9 0
28 27 -6 0
-31 31 9 0
-40 -5 11 0
5 43 -44 0
-33 41 4 0
17 45 -7 0
-43 -17 14 0
18 -5 48 0
4 32 24 0
-15 -2 37 0
-10 -2 -17 0
32 4 48 0
42 -10 -43 0
-32 2 24 0
18 25 2 0
-26 31 11 0
-39 23 34 0
24 20 -43 0
44 -24 -16 0
18 19 41 0
39 -22 26 0
11 -1 -32 0
-34 -5 38 0
-31 -37 -41 0
-30 -9 24 0
41 -1 -7 0
10 4 -42 0
-27 -36 -49 0
23 44 32 0
-9 -8 -9 0
46 -39 34 0
12 49 50 0
6 -18 28 0
3 -29 42 0
