c CNF generator v0.9
p cnf 50 215
-32 -48 -11 0
-44 48 -42 0
42 -22 -9 0
-44 -6 -39 0
-49 -11 22 0
2 2 11 0
-47 -47 -2 0
27 3 29 0
21 -2 -37 0
-46 -22 30 0
-22 46 -45 0
9 19 11 0
-6 -44 -13 0
39 26 -6 0
33 37 -8 0
-24 5 -43 0
-2 -44 -43 0
-11 -27 -1 0
-36 -24 23 0
-1 40 -50 0
41 33 -18 0
12 42 10 0
-29 -11 2 0
-6 -48 -42 0
18 50 28 0
5 50 18 0
-41 19 34 0
26 31 33 0
-10 10 -23 0
-47 -24 -45 0
-17 27 -7 0
-43 -19 5 0
-21 24 -3 0
2 24 -50 0
-18 14 8 0
28 -35 6 0
-2 -37 44 0
8 -2 4 0
27 9 -4 0
-44 -49 4 0
27 6 -6 0
-41 4 18 0
48 -34 -28 0
27 3 1 0
-30 -22 19 0
-45 -29 -1 0
-9 5 37 0
-22 -2 7 0
22 10 44 0
-42 -47 -33 0
-38 9 -46 0
-10 21 22 0
-17 -50 -26 0
17 -28 -39 0
8 42 -16 0
33 37 42 0
-25 26 -26 0
10 27 -27 0
7 8 9 0
-14 -14 18 0
8 18 30 0
-4 -25 22 0
13 -4 -10 0
-27 -21 -3 0
25 -2 2 0
-8 25 38 0
20 7 1 0
9 41 -27 0
-19 50 -17 0
-25 -49 -15 0
30 39 38 0
-17 -2 -2 0
-40 -6 32 0
-41 -5 21 0
3 -9 19 0
48 -13 -18 0
-48 -19 10 0
-29 -2 4 0
-3 -31 -30 0
4 3 -41 0
-16 -5 -47 0
-11 38 -24 0
10 15 37 0
-40 -6 22 0
18 -18 -7 0
15 7 -14 0
27 -23 -44 0
32 40 31 0
-44 35 7 0
-32 -32 -26 0
-39 -6 -27 0
48 -48 -8 0
28 -1 -44 0
-31 22 -33 0
38 -15 -26 0
31 -25 36 0
-5 22 -2 0
-19 31 1 0
-46 38 22 0
39 29 32 0
28 -34 -29 0
-6 18 8 0
15 36 43 0
-46 -38 25 0
12 29 -6 0
6 21 14 0
-39 -33 29 0
20 -7 26 0
-30 3 38 0
6 -9 3 0
-39 13 -19 0
-4 13 -3 0
29 -9 -24 0
14 -40 22 0
10 -37 3 0
2 -32 -18 0
-7 43 -34 0
-7 39 -43 0
16 -30 -17 0
-47 -31 -5 0
31 -31 31 0
20 -40 -44 0
25 -15 18 0
39 -45 -27 0
-48 -43 40 0
34 -1 -26 0
-14 15 29 0
7 -16 46 0
-47 29 8 0
-21 -1 13 0
-47 -31 -8 0
7 -3 15 0
10 9 24 0
-24 9 -29 0
4 -16 12 0
23 -29 -3 0
9 47 14 0
17 35 -8 0
-41 -35 37 0
50 49 19 0
-6 15 22 0
8 41 -38 0
11 50 49 0
-46 -27 3 0
-27 42 -16 0
15 21 -40 0
16 27 37 0
25 -16 -14 0
42 -34 -11 0
-35 -48 2 0
20 -39 16 0
18 -29 -24 0
38 -42 22 0
-40 42 -27 0
-5 33 -32 0
-11 9 -25 0
-19 21 -50 0
22 13 -45 0
43 4 -21 0
37 26 13 0
12 19 -10 0
-35 33 -26 0
7 20 19 0
-13 42 4 0
39 32 10 0
-1 24 20 0
-47 -4 14 0
14 39 -26 0
-15 16 -34 0
-42 31 21 0
11 42 -21 0
-36 26 -3 0
5 19 16 0
-34 17 -45 0
-7 20 43 0
-44 -33 -11 0
-2 -14 -24 0
-31 7 -9 0
48 -15 -10 0
-14 -38 -46 0
-31 7 -40 0
-17 42 -15 0
-13 32 45 0
13 45 -32 0
10 3 -20 0
-44 -22 -13 0
-4 42 42 0
-41 -10 22 0
-30 -37 18 0
-13 -10 14 0
-21 26 -4 0
29 31 22 0
43 -2 -39 0
-44 -47 -34 0
27 -13 -46 0
35 23 30 0
-48 -31 34 0
-32 -36 -48 0
18 7 -5 0
46 35 37 0
41 -49 32 0
-7 20 -41 0
7 -29 -48 0
-18 -37 -23 0
-23 49 30 0
17 9 21 0
-14 -29 11 0
-10 -31 -26 0
-38 3 -27 0
-36 -50 -4 0
32 35 13 0
-16 -26 41 0
-47 -32 -8 0
25 -40 -39 0
16 -17 41 0
