c CNF generator v0.9
p cnf 50 215
-30 49 -45 0
-48 -9 -47 0
-13 -25 36 0
10 -1 30 0
28 36 -23 0
-6 -27 16 0
49 3 19 0
-27 -28 1 0
26 -5 -27 0
8 1 -2 0
-27 6 10 0
-44 -18 -37 0
-28 21 -42 0
-43 -44 -4 0
1 -19 -38 0
-22 -13 -23 0
43 4 49 0
-5 8 47 0
39 -50 20 0
-31 30 -12 0
-2 42 -37 0
-32 2 -41 0
45 37 -26 0
-35 23 -17 0
-11 -2 18 0
-3 -19 48 0
8 -46 -6 0
-23 -10 -47 0
29 29 25 0
13 -39 23 0
13 -47 -21 0
26 31 24 0
-14 47 9 0
-50 -39 -1 0
12 -21 -37 0
-28 22 13 0
15 50 -4 0
45 -30 -12 0
37 7 -46 0
-43 -45 -49 0
49 -21 28 0
-4 -48 21 0
33 36 46 0
46 34 35 0
-9 18 -2 0
22 41 -24 0
-23 -2 -46 0
-8 -25 -14 0
41 17 6 0
35 -40 -45 0
-39 -50 12 0
-21 -40 -38 0
7 11 21 0
-36 -49 -33 0
-18 31 -17 0
50 -19 7 0
17 -8 8 0
11 26 -15 0
-25 17 48 0
36 19 -29 0
-7 26 29 0
-42 44 -49 0
-9 10 -1 0
-13 20 -2 0
31 29 -29 0
-10 33 32 0
19 13 3 0
20 -45 -35 0
-27 -39 -31 0
-5 -15 -41 0
-6 -5 -7 0
-4 -25 2 0
5 -19 -17 0
46 4 4 0
16 -50 6 0
46 -25 31 0
-29 31 10 0
32 -22 16 0
4 -26 -30 0
32 15 -38 0
-48 49 43 0
46 -31 5 0
47 32 28 0
-22 24 4 0
42 -23 -29 0
-9 -22 -27 0
25 23 30 0
4 20 9 0
-22 33 -28 0
-21 -46 -8 0
33 28 39 0
10 39 40 0
21 22 -8 0
-8 -29 2 0
18 -8 17 0
-19 3 -20 0
24 -39 -43 0
44 -20 -42 0
42 -28 -39 0
1 -31 -25 0
-12 -17 5 0
31 40 -20 0
-23 -13 -15 0
-18 2 -26 0
20 -33 -2 0
-34 -45 26 0
50 38 22 0
23 -5 -8 0
15 -23 -30 0
38 -17 -46 0
41 -12 -28 0
-24 -23 -23 0
30 14 -5 0
36 -43 31 0
27 29 34 0
10 -4 22 0
17 43 13 0
-11 20 -25 0
38 -16 -37 0
-9 26 5 0
41 -27 -34 0
-41 -29 33 0
-24 -17 -48 0
-15 48 -33 0
-47 -29 -48 0
19 -23 -8 0
-6 43 -11 0
-23 -42 -4 0
12 24 16 0
-48 -29 18 0
23 -23 -39 0
-48 -42 -25 0
-43 -49 18 0
3 -2 -12 0
41 26 -50 0
-50 21 -22 0
49 46 -23 0
-19 -23 -34 0
27 -43 34 0
-31 35 30 0
-31 -27 -13 0
30 -29 37 0
-13 -19 -45 0
34 -28 -47 0
27 6 -2 0
47 -48 -31 0
7 -16 10 0
-17 3 -38 0
-10 -31 -1 0
-27 -35 35 0
-23 -50 -33 0
43 34 4 0
-8 24 48 0
18 -35 40 0
-46 -10 10 0
40 31 18 0
15 25 -21 0
21 16 28 0
34 39 38 0
27 -46 48 0
11 -43 43 0
-37 -29 32 0
-40 -50 -17 0
50 27 -24 0
-16 33 -2 0
-20 23 10 0
-27 44 -9 0
1 46 10 0
-24 11 -20 0
-36 13 -49 0
20 -18 -44 0
-48 27 19 0
41 34 -22 0
16 2 15 0
-38 16 11 0
-7 40 11 0
32 -15 26 0
-11 -5 34 0
30 13 -40 0
-37 -15 -3 0
41 30 -47 0
13 3 22 0
-11 20 42 0
42 4 16 0
-21 -15 -14 0
34 43 -37 0
-24 21 -50 0
-1 36 3 0
31 44 -19 0
-7 48 -43 0
-18 -14 -42 0
48 -7 43 0
-28 39 -33 0
-41 10 -10 0
40 15 4 0
14 33 -37 0
42 11 21 0
12 17 -30 0
6 29 17 0
42 29 6 0
-21 -22 33 0
-50 -31 32 0
-7 49 -43 0
34 47 32 0
-36 4 27 0
21 -50 6 0
45 -1 -46 0
-11 -39 39 0
33 7 -30 0
11 -12 4 0
2 -7 -15 0
-44 48 11 0
2 31 -45 0
-9 14 -37 0
-2 -3 -36 0
