c CNF generator v0.9
p cnf 50 215
-26 38 5 0
-24 -16 40 0
14 35 -17 0
46 -40 -13 0
12 -40 -39 0
10 -47 -49 0
19 36 2 0
10 5 3 0
-49 7 15 0
-43 22 -28 0
-16 37 2 0
11 -14 50 0
-30 -49 40 0
-9 22 -14 0
-43 -43 -9 0
-50 37 37 0
-13 -42 -29 0
-32 -3 -23 0
-37 -25 -29 0
-8 41 -47 0
-9 31 23 0
30 25 42 0
-13 -4 -29 0
36 -33 -36 0
-48 32 -21 0
-12 12 6 0
38 3 32 0
-25 49 43 0
9 -21 10 0
4 28 4 0
-2 32 42 0
-16 -34 12 0
11 11 30 0
-33 -31 -25 0
48 21 45 0
-8 -20 -45 0
-2 -11 20 0
-20 -32 29 0
-29 23 43 0
-22 -4 48 0
-9 25 -50 0
-39 18 1 0
28 -19 32 0
-3 19 3 0
-14 19 3 0
13 -29 -16 0
50 47 23 0
-3 21 -17 0
19 -14 -3 0
11 2 -28 0
-49 -7 -49 0
-45 3 44 0
29 -20 48 0
3 41 -47 0
-26 20 28 0
50 -32 9 0
-10 -29 33 0
26 -33 -50 0
35 -40 -18 0
6 -39 -26 0
-42 12 13 0
-19 -10 44 0
-17 40 25 0
6 -27 -30 0
20 -21 -29 0
34 -43 -26 0
-26 -43 47 0
-23 -23 12 0
-19 -12 -10 0
49 25 -13 0
17 10 -13 0
34 21 11 0
-23 -21 -44 0
-6 35 16 0
31 -30 -43 0
15 39 36 0
36 49 41 0
-40 8 -4 0
17 -43 -17 0
48 21 33 0
20 39 -42 0
-16 -24 -10 0
14 19 -21 0
3 19 -3 0
43 6 41 0
-27 -44 -6 0
4 50 5 0
45 -33 4 0
-50 24 -11 0
19 -11 -12 0
-34 28 1 0
-21 46 -3 0
-47 47 -26 0
21 -2 -43 0
-8 31 -39 0
-7 -17 -16 0
10 -2 34 0
40 46 4 0
34 -44 43 0
41 -39 -9 0
-27 38 13 0
22 -23 -23 0
-37 10 10 0
-45 -41 -18 0
-3 -25 -6 0
-47 -27 -46 0
24 7 -9 0
-41 36 -38 0
-43 -35 -10 0
-18 -43 5 0
-42 27 49 0
49 -3 43 0
-46 -47 24 0
30 -34 48 0
-32 -46 -21 0
4 -11 -50 0
45 35 8 0
-36 27 -5 0
12 -22 50 0
26 -16 -8 0
-26 -43 -38 0
27 49 -25 0
14 -21 8 0
50 -29 47 0
-29 -24 -41 0
-45 13 2 0
15 13 -46 0
-18 47 -32 0
-12 47 -20 0
11 -20 33 0
-22 30 46 0
30 19 38 0
24 40 30 0
-32 -2 -34 0
50 -50 -31 0
49 -6 31 0
2 31 -32 0
7 38 43 0
-9 49 -28 0
35 -48 33 0
19 11 -2 0
26 38 -27 0
41 37 -43 0
50 21 -13 0
6 29 47 0
34 8 -48 0
-49 -43 46 0
-2 20 -49 0
9 -28 -20 0
19 44 -49 0
42 -37 -17 0
26 35 -9 0
-46 50 50 0
24 15 -49 0
19 33 -6 0
13 21 -34 0
26 -13 -39 0
49 14 -19 0
-38 49 -30 0
4 1 -46 0
42 43 13 0
-33 -27 10 0
-9 -23 -20 0
-26 -47 -5 0
-22 46 7 0
-41 40 34 0
-26 -20 32 0
20 -6 3 0
-36 28 -38 0
-45 -43 7 0
-16 37 -44 0
35 -41 37 0
29 -3 -2 0
24 -46 27 0
-30 36 47 0
39 -27 -5 0
-46 -31 -40 0
-45 38 16 0
24 39 -9 0
-27 6 -10 0
10 -13 -25 0
-28 45 28 0
4 27 33 0
36 -18 4 0
33 14 49 0
48 30 12 0
-42 46 34 0
-38 33 10 0
-42 17 1 0
-49 11 40 0
-18 -26 19 0
-30 -8 -35 0
-3 26 49 0
21 -19 -33 0
-33 -46 -15 0
41 11 20 0
38 43 -6 0
37 -5 -47 0
13 37 -19 0
13 -33 48 0
-38 -4 -9 0
-3 6 18 0
-50 -2 -10 0
46 -11 -2 0
-42 36 10 0
-36 -6 18 0
-10 48 29 0
24 18 16 0
10 15 -35 0
25 33 44 0
-33 34 -44 0
-15 -7 39 0
30 20 -31 0
33 -7 38 0
6 -24 28 0
