c CNF generator v0.9
p cnf 50 215
20 -23 30 0
-42 1 24 0
-22 -3 -32 0
-13 18 22 0
-10 -9 35 0
-49 -42 43 0
-19 -45 45 0
-30 -10 25 0
-32 -49 17 0
17 -33 12 0
15 11 49 0
-40 43 -41 0
-28 -49 -17 0
46 44 34 0
-10 41 50 0
37 -18 -14 0
-12 -46 -22 0
50 11 39 0
-49 -15 -22 0
23 22 -48 0
-44 -47 3 0
12 -17 -30 0
50 36 -24 0
23 -27 2 0
-20 -2 -38 0
34 17 50 0
31 49 6 0
8 -23 -23 0
-13 3 18 0
-15 35 -37 0
8 -45 18 0
-28 -40 40 0
-24 15 -43 0
-5 -17 -3 0
48 40 -39 0
-17 -6 -8 0
17 -6 42 0
-6 -38 -4 0
30 42 31 0
-48 -13 -35 0
-17 37 -42 0
21 37 -20 0
17 -3 -46 0
-49 -4 31 0
25 45 -35 0
48 -28 44 0
27 33 28 0
-23 20 27 0
-21 45 7 0
-6 45 30 0
-11 -7 4 0
-35 -30 -30 0
29 -16 -49 0
32 -31 -12 0
37 48 -46 0
-13 4 -40 0
47 46 39 0
40 33 -42 0
-6 38 15 0
20 20 -39 0
-41 7 36 0
-5 26 -33 0
20 -25 -48 0
-15 -21 12 0
6 -42 -29 0
31 -9 -42 0
-15 4 -8 0
47 36 -18 0
-35 -22 40 0
-25 -36 -1 0
-36 35 -20 0
6 4 -17 0
-14 -3 49 0
11 16 33 0
-1 39 -31 0
18 47 33 0
-40 2 2 0
1 36 34 0
-41 29 -25 0
-5 -49 -7 0
28 -20 37 0
48 -26 -50 0
-49 14 32 0
42 19 -17 0
13 47 -6 0
23 -42 -12 0
-13 23 7 0
7 -33 35 0
1 46 32 0
-45 -15 -17 0
-6 30 -49 0
-37 15 48 0
-26 3 44 0
-10 12 -17 0
29 35 -12 0
27 40 16 0
-32 46 3 0
-11 -45 -43 0
9 -12 19 0
-2 -27 -23 0
-40 2 40 0
-24 20 38 0
45 38 -12 0
-39 3 11 0
48 -49 18 0
11 -27 22 0
34 50 -7 0
30 24 15 0
15 2 50 0
-7 -1 -18 0
36 -25 7 0
23 -10 -18 0
-23 -47 -49 0
36 -17 -45 0
30 -36 -22 0
-38 25 11 0
-42 2 20 0
-28 -5 21 0
40 -3 35 0
-43 -26 33 0
-21 6 -33 0
25 18 3 0
-8 18 42 0
31 -15 -24 0
-28 -11 -1 0
-11 -21 -17 0
5 -33 18 0
21 31 -38 0
22 9 -43 0
43 43 36 0
5 -42 -13 0
-16 -17 -38 0
12 44 -49 0
-8 -38 -44 0
-17 -47 34 0
-27 24 -44 0
21 -50 -17 0
5 -49 45 0
10 -34 -5 0
44 -29 13 0
47 15 -24 0
16 43 -10 0
-14 6 48 0
-16 -44 38 0
39 8 -17 0
-35 16 35 0
-2 1 -50 0
16 -15 18 0
3 -26 26 0
-12 48 39 0
15 -28 32 0
-37 5 27 0
-31 38 -20 0
-12 -23 36 0
-23 12 17 0
-28 -16 -32 0
-14 -50 21 0
21 39 29 0
5 46 -46 0
-9 -17 14 0
-23 32 -23 0
-25 -23 -10 0
44 -32 20 0
21 22 -41 0
-36 -28 -27 0
-1 -46 4 0
16 -46 -49 0
-46 41 40 0
-4 -47 20 0
15 9 40 0
-33 35 45 0
5 -29 -19 0
18 -34 14 0
-46 44 13 0
-14 -2 -27 0
36 13 -45 0
-40 18 5 0
-49 -10 -47 0
1 4 -33 0
20 -46 32 0
34 -37 40 0
50 16 -30 0
-34 8 -33 0
-41 -25 -49 0
41 -10 -49 0
27 -15 12 0
17 48 -6 0
16 -46 -46 0
47 -28 -37 0
7 -33 -20 0
19 37 -29 0
-24 -50 48 0
-32 -11 -16 0
1 -1 -25 0
-47 -49 45 0
-25 28 -20 0
20 -42 35 0
-11 -1 -25 0
-33 15 43 0
-50 -11 29 0
-47 -16 -37 0
16 23 34 0
-47 -33 -1 0
3 -39 10 0
44 3 -48 0
15 -13 -34 0
-20 -25 17 0
19 -2 42 0
-44 -15 10 0
36 -33 -27 0
-13 5 -29 0
30 24 -15 0
47 13 -42 0
32 -15 -24 0
29 44 -2 0
