c CNF generator v0.9
p cnf 50 215
43 50 35 0
46 26 10 0
-8 22 32 0
-36 -34 -25 0
24 39 5 0
17 -19 29 0
-17 -19 34 0
-24 -38 -18 0
-25 49 -15 0
26 42 2 0
-36 -34 38 0
34 48 -7 0
35 25 36 0
-6 -5 8 0
38 7 20 0
-4 27 6 0
-7 -49 -23 0
-3 17 25 0
43 38 -38 0
-43 8 6 0
-41 1 -32 0
8 -14 -32 0
-38 -18 22 0
29 -40 -19 0
-13 46 -14 0
-43 38 18 0
-13 43 6 0
-16 6 -7 0
-12 7 43 0
-25 34 -23 0
28 -35 -11 0
-18 14 44 0
-10 16 -21 0
24 4 15 0
48 47 -31 0
-18 40 45 0
-16 -41 -36 0
30 16 -32 0
-27 26 21 0
-25 -42 23 0
13 41 -35 0
-14 -30 17 0
-2 4 -40 0
-48 -6 31 0
-15 5 28 0
-36 -16 -5 0
6 -43 15 0
-28 26 -37 0
-20 -20 34 0
-30 48 -45 0
-1 14 -28 0
-15 -21 36 0
30 46 24 0
42 25 25 0
41 -33 -21 0
-43 39 34 0
1 -25 -13 0
-3 31 34 0
-25 -14 -43 0
-29 -17 -19 0
16 -33 50 0
-21 25 48 0
-21 39 -16 0
-1 26 -23 0
47 31 -26 0
-49 47 28 0
37 -38 -44 0
-18 -29 38 0
-26 -39 48 0
-34 44 31 0
26 -4 2 0
48 -5 -17 0
-16 20 23 0
-44 -13 3 0
-31 -7 -21 0
4 -30 35 0
-19 20 -48 0
-24 -48 -28 0
22 44 -32 0
28 -49 -33 0
-3 -10 -40 0
-19 34 -6 0
39 49 -37 0
37 7 -36 0
4 40 33 0
-20 7 11 0
19 -43 19 0
11 11 -22 0
-36 -23 -38 0
45 -41 -42 0
-28 21 39 0
27 -18 -6 0
-46 -7 -30 0
-26 -50 -42 0
24 -16 -1 0
14 28 49 0
-9 38 -13 0
5 41 -49 0
6 -8 48 0
-4 4 48 0
-42 -26 -14 0
49 16 32 0
38 -36 -4 0
12 14 -17 0
28 41 14 0
-11 17 8 0
-30 33 23 0
-49 -34 22 0
31 -40 35 0
12 47 -43 0
-40 11 30 0
-4 32 1 0
-42 19 -26 0
-11 -43 -50 0
-47 -16 -21 0
42 -21 13 0
2 -13 -44 0
-48 -3 48 0
34 -14 -22 0
39 -32 -35 0
-26 -20 30 0
34 20 19 0
-42 31 -42 0
44 -17 -31 0
4 -27 39 0
-16 25 -3 0
15 47 -45 0
-17 30 -7 0
-28 5 24 0
47 32 28 0
-3 -28 46 0
36 10 -43 0
40 18 6 0
-29 -44 17 0
7 8 -1 0
-45 -40 -36 0
28 -43 -48 0
44 -30 2 0
20 29 -8 0
-1 -22 3 0
-35 -39 -21 0
36 29 -25 0
16 50 -5 0
-10 50 -37 0
18 41 2 0
-2 42 42 0
45 33 -47 0
-24 -46 -32 0
-21 -16 -3 0
-12 -17 -26 0
-10 26 42 0
-8 32 -3 0
-2 43 -49 0
-27 45 46 0
-27 -35 -37 0
-26 -26 -28 0
6 -41 10 0
-13 40 32 0
-36 28 -40 0
42 -13 29 0
-18 -4 3 0
21 31 -10 0
36 48 -28 0
-8 -41 37 0
-2 45 -42 0
36 46 -8 0
8 2 47 0
11 39 45 0
-37 24 -19 0
25 -23 -43 0
46 -25 33 0
10 37 26 0
8 -45 -18 0
27 22 2 0
50 20 -29 0
37 -37 -49 0
-47 40 -14 0
-26 -1 -36 0
-7 -4 -18 0
6 -22 -32 0
-27 -11 -14 0
37 42 17 0
12 -37 -17 0
-9 38 -48 0
1 46 -7 0
-12 20 -28 0
-42 41 -39 0
-28 -4 -16 0
-10 -8 -28 0
22 -13 34 0
39 -48 -6 0
30 47 -15 0
17 -45 -48 0
-3 28 -35 0
8 12 -39 0
-32 -20 6 0
-27 -13 42 0
-32 31 -50 0
40 -1 -47 0
18 20 50 0
-13 -28 -17 0
-37 -50 -5 0
14 -13 4 0
38 -9 28 0
-10 -1 -40 0
-31 -25 -10 0
-9 42 14 0
16 -47 -29 0
-7 -28 22 0
39 -22 -20 0
-29 27 -45 0
2 16 -6 0
37 -48 -1 0
49 -36 22 0
-38 -36 -1 0
