c CNF generator v0.9
p cnf 50 215
-20 26 5 0
24 -10 46 0
-10 -35 1 0
-12 42 11 0
-24 -32 15 0
28 14 16 0
19 23 10 0
-39 -13 -19 0
-22 -30 30 0
28 23 -14 0
-10 -29 -23 0
-18 -50 -34 0
18 16 36 0
2 -38 30 0
37 -47 41 0
-8 -1 -49 0
-34 16 21 0
32 -15 24 0
17 -11 -33 0
49 -37 -37 0
-29 -46 -12 0
49 12 -20 0
41 -8 2 0
9 39 7 0
29 18 9 0
-23 -40 20 0
37 -17 -33 0
28 6 -41 0
40 27 -13 0
45 41 25 0
39 33 -30 0
-30 12 -36 0
-9 4 -27 0
-4 -25 -32 0
7 22 -50 0
5 -42 -34 0
31 16 -21 0
28 -13 -9 0
-44 22 -50 0
24 -21 -20 0
8 -9 29 0
39 -16 -16 0
39 42 39 0
33 -48 38 0
-37 4 13 0
38 -13 41 0
30 27 38 0
46 -44 1 0
26 7 17 0
44 -30 -1 0
-3 24 6 0
-50 18 47 0
43 -19 45 0
2 -10 -43 0
27 15 -4 0
19 -15 -45 0
11 20 41 0
44 -35 19 0
1 32 23 0
10 -26 -25 0
-18 29 16 0
38 -23 2 0
-5 7 6 0
-25 -22 14 0
-16 -44 -11 0
-49 -48 44 0
44 -30 49 0
44 8 41 0
-45 1 -15 0
35 34 37 0
38 39 20 0
50 6 25 0
50 -13 -20 0
-7 49 8 0
41 -8 17 0
17 41 -16 0
3 -50 37 0
40 25 13 0
45 -2 40 0
-2 36 -8 0
-1 4 -14 0
6 11 28 0
-49 -50 11 0
-6 50 -43 0
-34 -6 -40 0
-44 -37 -44 0
12 -10 -40 0
24 33 -48 0
16 16 22 0
33 23 -5 0
36 49 29 0
45 20 10 0
-9 20 3 0
-15 18 37 0
-16 11 -8 0
-21 -45 -21 0
15 -23 31 0
11 35 43 0
-44 34 47 0
41 -14 -5 0
-2 15 -37 0
-13 40 4 0
47 22 18 0
41 37 32 0
-34 -12 32 0
-20 -7 14 0
-38 37 17 0
32 38 -16 0
-32 5 20 0
36 50 2 0
-36 8 44 0
20 -25 28 0
8 -35 -33 0
40 -21 19 0
-49 45 50 0
-10 -47 44 0
-47 33 -39 0
-32 23 -13 0
-1 -37 26 0
21 -49 -14 0
-11 20 -28 0
-36 -36 -18 0
-2 -44 32 0
12 -21 40 0
2 30 25 0
26 24 29 0
36 -13 -44 0
-32 7 -14 0
18 16 3 0
-7 49 -28 0
3 -6 -46 0
21 12 -16 0
47 -45 39 0
28 38 -4 0
-41 -39 -10 0
22 36 21 0
30 -37 2 0
-48 44 19 0
-48 29 -40 0
6 12 44 0
-43 -4 -42 0
-29 25 -43 0
48 -4 -17 0
34 -35 20 0
45 -15 1 0
-19 4 -38 0
-8 -21 -22 0
-36 12 19 0
12 -15 38 0
-24 -3 -22 0
-50 42 -6 0
6 5 -7 0
-37 -9 23 0
-48 10 18 0
47 14 -34 0
33 -3 -22 0
47 -13 -5 0
30 13 -44 0
-16 6 28 0
-8 6 25 0
-23 28 37 0
11 44 17 0
-36 46 14 0
-14 30 8 0
-8 -3 41 0
-42 -32 43 0
-41 38 -19 0
11 -31 22 0
12 -30 -1 0
39 -16 -50 0
36 -33 -12 0
-35 -29 -33 0
48 -40 39 0
47 -40 -22 0
-23 46 49 0
-15 -32 -28 0
-9 47 2 0
33 46 50 0
18 -20 26 0
26 45 -21 0
9 32 -22 0
28 -35 -26 0
39 35 15 0
-35 41 41 0
49 -18 -38 0
21 -1 35 0
-12 -41 47 0
9 -40 -16 0
-38 -25 19 0
36 -20 -34 0
-43 2 41 0
4 40 42 0
-14 8 1 0
17 -42 -48 0
-14 -34 -45 0
41 -6 47 0
-9 13 -16 0
-23 -4 5 0
47 -29 25 0
50 14 24 0
-50 -6 31 0
32 -12 28 0
-40 -27 -27 0
12 21 49 0
-45 47 22 0
18 -43 7 0
9 16 -10 0
-1 26 34 0
-4 -28 -7 0
48 42 -7 0
31 42 -43 0
-39 -41 45 0
-36 22 -35 0
-15 -33 12 0
8 31 11 0
