c CNF generator v0.9
p cnf 50 215
-28 -30 35 0
4 -11 3 0
-45 18 -44 0
25 22 27 0
9 -45 -4 0
-48 -13 6 0
6 32 5 0
-28 31 -44 0
-23 16 -5 0
6 -47 50 0
26 33 11 0
-24 -37 9 0
31 15 -27 0
-31 46 -13 0
-49 12 22 0
23 -11 32 0
-39 41 32 0
40 48 -49 0
32 -17 -1 0
-20 34 36 0
-13 -39 -1 0
27 -3 -27 0
41 37 42 0
-50 22 -23 0
2 -31 37 0
44 -42 4 0
24 -30 33 0
31 1 45 0
23 18 -38 0
6 -10 11 0
28 15 -28 0
30 -15 -3 0
-49 35 -46 0
6 3 -30 0
4 32 30 0
47 47 47 0
-16 -36 -8 0
3 -39 50 0
-42 -35 -40 0
35 6 -12 0
2 36 15 0
-43 -28 -24 0
-1 26 -33 0
10 1 -30 0
-36 -48 29 0
-43 22 -37 0
-37 -49 25 0
-5 38 31 0
8 -40 21 0
29 -34 40 0
12 -45 -50 0
25 49 -3 0
33 -9 -11 0
22 17 44 0
38 10 -21 0
31 35 -5 0
46 11 -41 0
-33 -42 -22 0
-20 30 39 0
7 -32 -2 0
27 33 34 0
15 2 37 0
23 -35 -4 0
-21 -28 -37 0
44 -21 -17 0
-22 42 35 0
-10 17 -45 0
19 26 23 0
-25 42 -7 0
42 44 13 0
-49 14 -23 0
-36 -13 -9 0
-36 6 -1 0
-25 43 -23 0
13 -6 47 0
-10 26 38 0
7 37 42 0
25 -49 13 0
42 7 -43 0
47 -40 -37 0
8 7 38 0
-5 33 -24 0
7 -9 -32 0
-15 -5 33 0
26 19 25 0
31 -28 -5 0
16 38 -17 0
-48 -46 39 0
-11 22 -5 0
-1 -2 22 0
43 -32 -36 0
27 -36 23 0
-15 -5 -36 0
-3 12 -31 0
23 17 -37 0
-17 -48 -36 0
-42 -36 -20 0
-49 -16 -30 0
-35 -45 -41 0
-31 23 4 0
-37 18 -49 0
-1 -24 -25 0
35 35 -9 0
-3 48 -19 0
-27 39 23 0
-38 18 -21 0
-48 -19 -4 0
-37 2 39 0
32 43 -36 0
-3 -17 35 0
-3 24 -22 0
3 5 47 0
38 34 -39 0
-8 -49 31 0
49 11 -33 0
-3 -44 -48 0
26 -14 -7 0
-20 42 -39 0
-20 -32 3 0
-32 -35 -45 0
-43 -12 9 0
17 -33 48 0
-25 12 -19 0
10 -24 34 0
41 15 -46 0
20 -44 -33 0
-12 31 13 0
24 19 -12 0
34 -2 39 0
-22 -41 37 0
-7 24 -37 0
-23 29 38 0
28 -12 31 0
26 23 -35 0
13 -11 36 0
-47 -37 36 0
35 11 29 0
16 -3 -37 0
-38 33 -32 0
-36 -15 17 0
-37 24 34 0
46 10 -25 0
20 -49 -41 0
-40 20 -9 0
-10 -38 -22 0
26 -30 23 0
-46 -31 -24 0
-45 4 -31 0
7 40 7 0
-11 32 -16 0
42 26 46 0
-14 -28 13 0
34 -50 48 0
-50 -39 -27 0
-36 -35 1 0
-12 -1 15 0
21 28 32 0
-2 47 13 0
-13 -2 -15 0
-47 30 23 0
15 14 8 0
-25 15 -31 0
-14 -4 -45 0
-25 -3 9 0
-38 3 -5 0
-3 50 11 0
3 26 36 0
-38 -43 -20 0
12 38 20 0
35 37 -28 0
-23 -27 -37 0
-4 -13 28 0
6 19 -22 0
-3 -25 1 0
-25 -22 30 0
-5 -41 31 0
-27 48 -12 0
44 -3 1 0
9 7 -1 0
-15 -43 -28 0
-23 5 -11 0
-13 -12 8 0
-12 20 30 0
48 -2 -10 0
-5 -29 -32 0
17 33 42 0
3 -9 2 0
-18 30 -41 0
5 -45 16 0
-7 -9 5 0
-12 -32 29 0
14 -2 9 0
-16 -28 -40 0
-3 5 -22 0
39 35 -45 0
-18 22 35 0
-38 -50 21 0
-9 -17 -11 0
-27 -15 41 0
-40 -22 28 0
-6 40 -12 0
-45 14 13 0
22 -2 45 0
26 40 -9 0
-23 8 45 0
-43 23 -44 0
-34 -10 -31 0
-22 33 -12 0
-45 18 -3 0
22 36 31 0
16 -7 4 0
-45 5 47 0
26 -27 -49 0
16 -44 19 0
-20 -15 17 0
