c CNF generator v0.9
p cnf 50 215
34 -48 48 0
7 24 29 0
-44 -4 -48 0
42 -7 -39 0
32 34 7 0
-10 -44 -24 0
29 -16 -50 0
47 -39 4 0
31 7 11 0
28 -46 21 0
-1 -8 -48 0
-1 30 -9 0
34 -1 -32 0
35 -5 -48 0
33 -29 40 0
-37 -9 -45 0
-10 13 11 0
47 41 32 0
6 9 -5 0
35 15 6 0
-42 -40 -27 0
-50 -21 44 0
26 1 23 0
-9 27 28 0
22 -34 27 0
17 -35 -10 0
-3 -19 -24 0
-1 23 -7 0
50 32 47 0
15 21 -50 0
-43 -47 19 0
38 -19 24 0
-36 15 -8 0
25 -5 -11 0
50 -1 -15 0
-14 -11 35 0
-37 -35 39 0
45 -29 36 0
-43 -14 -7 0
1 24 3 0
-9 18 -50 0
28 39 35 0
39 -34 -46 0
-8 -43 -23 0
18 -38 43 0
12 -16 7 0
15 -48 -4 0
14 7 -35 0
-8 34 -31 0
-8 -32 1 0
-15 4 -35 0
-21 -46 -7 0
-50 -49 -35 0
-9 -44 -44 0
-7 -42 28 0
-32 -34 21 0
47 32 -14 0
44 11 -22 0
-17 15 -38 0
20 -16 -12 0
3 39 18 0
-45 -30 -29 0
-10 -30 -32 0
23 -45 17 0
38 39 28 0
28 -10 -13 0
-42 -1 -43 0
-14 38 -16 0
2 -12 7 0
-27 -49 38 0
27 -40 19 0
-4 -39 32 0
-24 42 -47 0
50 46 9 0
44 34 8 0
-19 10 -21 0
-17 -29 25 0
-7 -10 -7 0
1 -24 1 0
-48 -44 15 0
42 -38 -43 0
32 -48 -3 0
23 -24 -13 0
-31 18 7 0
6 33 8 0
-35 -42 44 0
15 -27 35 0
14 15 19 0
-28 -17 -24 0
43 32 16 0
1 18 -36 0
-42 -16 -48 0
-34 -46 -4 0
23 3 -22 0
33 37 9 0
-49 -9 30 0
24 -4 10 0
-20 34 -49 0
32 47 22 0
-14 -45 -14 0
-3 44 -49 0
-16 -11 8 0
27 -22 -40 0
-46 -28 40 0
-8 47 6 0
-16 -13 -25 0
-36 -41 -44 0
-24 5 9 0
-37 45 4 0
30 -47 -22 0
16 6 -10 0
-47 44 5 0
-20 -29 42 0
25 44 23 0
-24 9 -27 0
7 15 34 0
-7 26 -21 0
6 19 -27 0
-6 4 6 0
41 44 26 0
-38 -47 35 0
43 42 -10 0
-1 17 18 0
-19 -2 6 0
18 -4 44 0
-18 -48 -48 0
32 -35 28 0
-22 38 25 0
-7 14 4 0
7 -37 -9 0
-50 43 4 0
-16 22 -47 0
2 1 6 0
19 44 -33 0
-35 19 -30 0
-17 8 7 0
-20 4 -16 0
-8 19 3 0
-43 3 24 0
15 9 9 0
10 18 -16 0
-39 -18 5 0
26 36 47 0
50 7 -9 0
19 25 36 0
43 -6 40 0
-35 18 -19 0
43 -13 44 0
-48 4 18 0
-16 33 -29 0
27 -2 20 0
-14 47 -40 0
-42 -14 -24 0
40 -33 22 0
17 41 -13 0
-13 6 -45 0
-13 19 49 0
-26 -48 -33 0
27 -3 41 0
-45 -18 22 0
-14 -50 -48 0
-4 -45 25 0
-39 -5 -19 0
-26 47 27 0
27 19 16 0
39 -15 37 0
-44 -49 33 0
32 -33 -7 0
36 -19 -41 0
10 -6 -42 0
-41 -8 1 0
-42 -8 47 0
5 -4 -38 0
28 39 -41 0
19 2 -30 0
43 28 -9 0
25 11 -14 0
3 -30 -38 0
-30 -37 50 0
-9 -13 43 0
19 7 -13 0
-26 18 -38 0
-8 -17 7 0
47 28 27 0
-8 29 45 0
37 -4 8 0
12 -24 -48 0
6 22 -6 0
5 11 43 0
8 27 -29 0
-27 -36 -50 0
-44 23 14 0
-40 32 44 0
-27 -23 -40 0
-19 -13 27 0
24 27 -10 0
36 -33 -3 0
50 -4 -26 0
-2 46 18 0
25 -28 -31 0
11 36 -7 0
9 -34 -20 0
-28 8 5 0
12 -48 -33 0
19 33 -26 0
12 -44 7 0
-35 18 -33 0
-32 -27 -18 0
9 -17 -12 0
-21 35 50 0
-27 32 -7 0
-35 3 -43 0
21 37 30 0
-38 -5 20 0
-49 -25 47 0
