c CNF generator v0.9
p cnf 50 215
9 43 -43 0
27 1 42 0
-12 33 -25 0
33 28 -50 0
48 -43 -48 0
22 23 -40 0
-12 35 30 0
48 -45 32 0
-33 19 33 0
-22 46 -41 0
-44 -37 30 0
-42 -7 -20 0
-10 33 21 0
12 46 -35 0
-32 -23 -7 0
31 -49 48 0
-26 -1 -19 0
38 -12 20 0
-27 13 46 0
26 19 4 0
-47 3 30 0
19 19 -35 0
29 -20 30 0
18 -34 -29 0
8 21 -43 0
49 30 43 0
-5 -44 31 0
34 -40 30 0
21 -43 -10 0
21 -50 -32 0
-18 36 -3 0
-25 27 -26 0
-10 14 1 0
-12 -3 -11 0
5 33 47 0
-37 -50 26 0
49 -13 -30 0
-29 -1 -6 0
11 45 23 0
-47 4 15 0
23 5 -50 0
-23 -40 -25 0
33 31 -12 0
-28 27 -10 0
-27 24 35 0
36 3 19 0
6 34 28 0
18 -43 39 0
6 21 33 0
-39 -11 -10 0
14 8 41 0
9 -48 -44 0
-9 -3 11 0
40 -41 -48 0
14 30 23 0
20 48 -41 0
-24 -2 -1 0
28 18 13 0
-48 30 -18 0
49 -6 22 0
33 35 -47 0
-30 39 32 0
14 -47 -39 0
-26 47 31 0
-35 38 -44 0
3 24 -9 0
18 -6 -6 0
-20 -7 30 0
-17 8 -1 0
-16 -10 44 0
28 20 34 0
-35 -9 -16 0
2 -29 38 0
18 14 9 0
-43 35 -45 0
18 39 -31 0
-28 35 3 0
41 24 -45 0
14 -8 -19 0
20 18 -13 0
-24 -17 43 0
44 21 35 0
32 -5 -8 0
11 -43 -31 0
-12 -36 -26 0
-21 -29 47 0
18 -12 15 0
-37 1 4 0
40 -41 35 0
-41 31 34 0
-16 -38 10 0
26 23 -12 0
-24 39 -5 0
30 46 23 0
21 -7 42 0
7 40 -31 0
27 -5 -19 0
26 20 -11 0
-21 -21 -14 0
-40 -41 21 0
-47 15 -43 0
-23 -18 13 0
39 4 -39 0
-50 -20 -8 0
-23 21 -4 0
45 -18 -28 0
-37 -31 19 0
14 44 37 0
19 -50 -41 0
-7 -40 26 0
36 -44 -7 0
-2 -1 4 0
50 32 12 0
-11 18 -8 0
35 12 -11 0
-2 -28 -35 0
-26 -46 -9 0
7 38 -41 0
-7 -7 40 0
33 26 -2 0
35 24 -38 0
36 -25 -7 0
-42 -8 -31 0
-11 14 5 0
-27 -47 -38 0
18 42 -12 0
27 31 -10 0
14 -30 8 0
-32 44 -50 0
15 -19 37 0
-50 32 29 0
-19 16 25 0
37 21 22 0
3 -37 -47 0
-44 -20 -18 0
-50 -42 -14 0
12 -9 20 0
-32 -26 36 0
33 -19 -23 0
-44 14 48 0
-29 -44 -42 0
-12 -50 12 0
46 32 -6 0
31 -24 21 0
-50 -38 -11 0
46 -8 -27 0
-15 15 -5 0
-44 29 -30 0
41 -22 -16 0
16 -34 -2 0
29 49 -20 0
40 -33 30 0
43 -19 28 0
-25 28 -15 0
-26 -34 -49 0
-22 19 -35 0
-27 -6 -3 0
3 -36 41 0
-2 23 -22 0
5 -43 15 0
-21 17 17 0
32 -22 -47 0
22 -33 8 0
7 12 32 0
29 32 15 0
-50 39 -20 0
34 16 33 0
-27 -43 12 0
-29 12 -43 0
27 -6 9 0
-37 13 -34 0
-25 5 -2 0
2 -29 -8 0
-28 -5 7 0
-46 -20 -44 0
37 17 14 0
35 50 -1 0
32 -17 -18 0
-1 50 48 0
10 -15 -23 0
-15 -10 46 0
4 -15 20 0
49 49 4 0
-23 -21 44 0
24 27 -21 0
38 25 49 0
35 -18 -38 0
-4 -20 -28 0
-47 50 -17 0
-3 -5 10 0
-44 39 -2 0
-18 -8 46 0
44 -36 -21 0
-38 20 5 0
-36 -13 9 0
-44 45 -17 0
-8 -37 -24 0
-48 15 -28 0
1 10 -13 0
47 -9 -28 0
-48 4 -50 0
-23 -33 -14 0
49 5 45 0
31 -15 -31 0
6 49 26 0
-1 2 1 0
-16 -32 1 0
-19 -31 11 0
-2 -26 10 0
-11 29 16 0
3 46 -10 0
46 22 -49 0
-24 2 25 0
-44 23 8 0
-7 -8 -46 0
