c CNF generator v0.9
p cnf 50 215
45 -9 20 0
5 6 -15 0
-45 -29 21 0
22 -42 44 0
30 19 -47 0
45 25 15 0
-44 47 -32 0
13 8 -24 0
-12 -19 33 0
-20 -20 11 0
-49 -12 -32 0
-46 -23 -13 0
7 31 39 0
-31 17 -15 0
-49 -39 -46 0
-26 -47 26 0
44 37 50 0
19 -10 -9 0
50 -48 -18 0
-34 4 2 0
-25 48 3 0
-20 41 41 0
35 7 38 0
3 -40 38 0
-22 7 36 0
2 -21 -22 0
13 23 -4 0
46 42 15 0
-25 -39 29 0
48 33 -27 0
-46 38 25 0
33 -36 -31 0
35 46 50 0
3 45 -18 0
-15 40 -20 0
-21 -5 47 0
25 -46 39 0
42 -3 47 0
50 27 -36 0
45 -47 -42 0
47 44 -28 0
38 5 31 0
9 37 49 0
-3 7 -36 0
15 7 50 0
-1 5 16 0
-41 40 -45 0
34 -42 8 0
17 -32 50 0
-10 -40 -8 0
-11 -10 -17 0
5 -35 -9 0
12 -14 -41 0
-36 -12 7 0
-28 -11 42 0
-28 -17 -37 0
27 5 4 0
8 24 -50 0
-27 -39 23 0
30 -50 44 0
-41 28 -38 0
26 30 43 0
20 -24 -22 0
-18 -37 25 0
-4 -20 37 0
15 -20 -16 0
28 4 21 0
-29 -40 -12 0
21 -44 7 0
3 -3 -6 0
-12 8 -49 0
37 -32 -9 0
38 10 12 0
5 49 -36 0
10 41 -38 0
-12 1 49 0
-18 -42 32 0
-11 33 47 0
-50 10 -34 0
14 -32 14 0
5 19 9 0
-8 -13 9 0
16 29 -31 0
-44 -3 -46 0
16 -46 30 0
27 -45 -44 0
32 17 48 0
-31 -39 -26 0
-11 -17 20 0
-24 -22 23 0
47 -9 3 0
-11 29 -34 0
45 -46 47 0
42 43 3 0
-26 -25 -3 0
38 -11 23 0
-37 46 18 0
28 24 2 0
49 -17 22 0
43 -16 25 0
-22 -49 -32 0
-26 49 -40 0
-4 -6 33 0
8 1 8 0
-23 47 -6 0
-3 -40 -10 0
-37 34 5 0
-12 32 13 0
46 -15 -41 0
33 -8 -4 0
42 13 -29 0
28 44 -9 0
-6 30 41 0
8 39 -32 0
26 6 -44 0
12 29 -17 0
-29 -26 37 0
43 -28 -16 0
-33 -44 42 0
29 32 18 0
27 -32 -11 0
-50 40 -15 0
-33 46 -9 0
37 -20 7 0
33 -28 3 0
34 -6 -5 0
18 47 17 0
35 -26 22 0
22 -18 25 0
-42 -23 23 0
48 16 -39 0
-29 -23 40 0
28 18 -49 0
11 45 31 0
-1 -19 14 0
-28 18 -36 0
23 -3 14 0
-29 32 -45 0
-4 -12 -35 0
15 -15 -16 0
45 33 3 0
-17 -20 -1 0
-14 -5 29 0
31 -48 -31 0
32 29 8 0
-50 35 -11 0
7 -36 -48 0
35 34 14 0
-44 -30 21 0
-4 -28 23 0
-42 -27 -44 0
48 31 -32 0
25 -12 11 0
-30 17 -29 0
12 38 15 0
-47 1 28 0
25 -19 -41 0
-36 33 39 0
31 42 -18 0
-28 12 42 0
-33 -38 -28 0
-28 31 27 0
-9 -7 22 0
-47 50 -15 0
7 -39 -30 0
-22 24 23 0
33 35 -10 0
-12 -50 -31 0
-36 -34 21 0
25 -44 14 0
25 -50 -16 0
-17 21 -41 0
-36 -7 18 0
38 35 -24 0
9 -4 -5 0
19 50 12 0
5 -32 50 0
4 1 6 0
-46 -26 -1 0
-42 -23 8 0
-32 26 -32 0
35 4 42 0
13 19 -41 0
49 14 -49 0
-2 49 6 0
-50 35 -30 0
36 -38 -45 0
-34 -30 22 0
34 8 49 0
-25 35 44 0
-4 -17 -8 0
-18 41 47 0
27 -34 30 0
7 40 -31 0
-37 38 -42 0
43 5 -29 0
-13 1 36 0
-48 18 -23 0
-50 -8 47 0
-18 1 27 0
-24 14 -46 0
-45 -28 -11 0
-24 -14 28 0
6 -9 19 0
3 14 8 0
22 31 -24 0
26 19 -9 0
36 -17 1 0
6 43 -47 0
46 -31 6 0
17 43 -28 0
12 -26 -33 0
8 -13 10 0
19 -14 -27 0
-10 34 11 0
