c CNF generator v0.9
p cnf 50 215
33 -5 -15 0
-12 -15 -44 0
-11 16 34 0
-30 4 -50 0
21 -14 19 0
29 40 -17 0
22 -43 4 0
9 3 7 0
5 27 -43 0
47 19 -40 0
-1 -31 14 0
-18 -11 -48 0
-30 27 21 0
-36 -24 39 0
18 32 -25 0
-38 49 -17 0
40 -1 -29 0
28 30 32 0
34 23 -38 0
-48 8 37 0
-15 24 -30 0
-24 -22 -23 0
-12 41 33 0
-34 -46 4 0
21 6 45 0
31 -5 1 0
-8 19 2 0
-13 -27 -15 0
24 10 9 0
32 46 -13 0
-40 10 24 0
-21 41 -10 0
-38 -1 -34 0
24 38 9 0
-4 6 -37 0
46 -43 13 0
-24 -36 25 0
-6 26 46 0
-10 47 -48 0
-3 -15 -50 0
-17 34 5 0
5 46 17 0
-35 -28 45 0
18 -17 -25 0
-7 -22 15 0
-23 -26 -23 0
-12 -40 -9 0
-7 5 18 0
3 41 46 0
48 3 -33 0
26 -29 -44 0
34 -19 35 0
12 38 6 0
13 32 43 0
-36 15 9 0
50 -10 22 0
32 27 14 0
26 -17 -24 0
-30 -7 3 0
-5 47 45 0
39 -41 43 0
30 32 -30 0
-47 -43 28 0
50 46 40 0
41 30 10 0
-14 -20 -49 0
-27 41 24 0
-4 48 -4 0
-46 48 30 0
14 49 2 0
50 31 -10 0
-47 27 -31 0
47 13 49 0
35 8 39 0
-13 -23 -21 0
21 -19 39 0
-14 19 -5 0
-8 32 -16 0
-34 8 -16 0
19 3 -47 0
-10 -14 49 0
-10 20 39 0
14 -28 -45 0
24 25 -9 0
48 36 -20 0
31 45 -46 0
19 -24 -31 0
42 -4 -29 0
-44 42 -20 0
18 41 45 0
-10 -34 43 0
-43 18 29 0
-5 10 -29 0
24 -38 -5 0
-13 -15 -32 0
-17 -28 -12 0
-14 7 24 0
40 43 -31 0
24 -11 23 0
-10 -48 -15 0
-18 4 32 0
27 -32 3 0
-7 11 -44 0
-8 21 -1 0
11 40 -24 0
-12 31 -4 0
13 40 36 0
-47 -19 4 0
5 -42 -45 0
-11 -37 32 0
-25 5 46 0
-12 -29 22 0
43 49 47 0
-49 25 -13 0
-5 -27 -7 0
45 8 -43 0
33 44 29 0
-4 48 10 0
9 9 -31 0
-45 -31 -25 0
-36 7 13 0
-44 47 40 0
-21 -42 -36 0
35 10 -16 0
-26 -7 -12 0
-10 14 -25 0
-17 -28 18 0
31 -45 36 0
-30 38 44 0
13 -33 -9 0
33 31 12 0
-22 -34 38 0
23 4 -27 0
39 49 27 0
-48 46 -5 0
-20 -20 -38 0
-30 -39 47 0
13 -14 -11 0
45 32 -1 0
-7 10 44 0
21 50 19 0
40 -13 45 0
-33 47 -27 0
-28 -25 -43 0
38 -38 32 0
6 12 -37 0
-32 -42 -32 0
37 -18 23 0
-39 -30 39 0
-41 5 -47 0
28 -16 -14 0
46 17 -20 0
14 44 -50 0
-2 -17 -45 0
5 40 30 0
-6 2 -5 0
-4 4 -6 0
-14 -50 49 0
-9 4 -50 0
-15 -25 13 0
28 -47 -2 0
-11 10 -5 0
7 -21 -3 0
45 17 41 0
47 25 -12 0
-1 37 5 0
-42 -37 -20 0
23 35 8 0
-22 -40 40 0
48 44 46 0
33 28 20 0
8 -12 13 0
-33 -1 -38 0
13 40 -47 0
4 2 -35 0
20 24 -28 0
43 11 -4 0
-29 -33 -33 0
41 -25 46 0
32 -43 -49 0
31 -7 -20 0
-4 -29 -19 0
34 17 16 0
-26 46 9 0
-14 -43 -35 0
-28 -47 10 0
15 -17 -37 0
26 -6 50 0
1 -16 -28 0
-29 49 -35 0
31 -19 -20 0
39 26 3 0
2 44 46 0
44 -29 47 0
-5 7 -23 0
-3 -16 -34 0
26 19 -9 0
21 19 19 0
-27 29 -35 0
-16 10 20 0
15 35 -20 0
3 18 15 0
-49 19 35 0
10 -39 -17 0
-48 -28 15 0
-43 9 33 0
16 -49 -48 0
-39 22 42 0
-21 28 33 0
43 -29 -17 0
27 26 -46 0
6 42 25 0
-31 -23 -30 0
9 -10 -23 0
-40 -6 33 0
