c CNF generator v0.9
p cnf 50 215
-23 22 22 0
-10 -30 33 0
-46 -47 -25 0
-45 20 29 0
-31 -8 19 0
-5 37 -8 0
-44 -49 27 0
-33 43 41 0
2 45 -47 0
24 34 -40 0
28 44 -15 0
35 -24 24 0
8 -47 -8 0
-24 -32 -46 0
-43 33 -15 0
35 33 -18 0
31 -7 6 0
-16 6 -21 0
-48 -37 13 0
-22 -39 -29 0
29 -9 -17 0
-36 28 20 0
-27 -34 -39 0
45 -49 -49 0
-43 -37 -17 0
-24 -24 12 0
43 -20 -3 0
-40 -50 -5 0
39 49 -50 0
11 40 -5 0
-4 -6 -23 0
-42 -50 -43 0
10 -2 27 0
-46 -48 -23 0
-36 18 44 0
-8 -7 -9 0
8 -15 16 0
3 43 2 0
-10 -34 -45 0
-17 13 -19 0
-49 -47 -8 0
-28 15 -39 0
-33 17 -6 0
-19 42 43 0
-25 25 42 0
3 -6 -8 0
-15 -45 37 0
-28 30 -20 0
-14 -23 -12 0
-37 -6 -5 0
7 -49 6 0
48 -15 48 0
18 40 -17 0
-13 8 -4 0
-12 41 -5 0
-10 -48 42 0
38 3 -13 0
34 -31 -35 0
-33 15 -12 0
9 -35 -38 0
-30 28 17 0
8 5 20 0
7 46 34 0
24 -3 -21 0
29 -22 -14 0
23 47 34 0
12 22 50 0
45 -38 17 0
3 -25 -13 0
-24 -25 30 0
41 26 -7 0
-24 -23 -16 0
21 -7 -9 0
44 -7 -17 0
28 -23 -4 0
-18 47 -26 0
46 34 -9 0
-33 35 43 0
44 46 -3 0
-6 36 11 0
-17 -36 -48 0
3 5 -3 0
37 15 -8 0
21 25 22 0
29 21 46 0
39 48 -28 0
-18 -33 -28 0
-29 9 35 0
6 9 -43 0
-11 -47 42 0
41 12 -18 0
8 49 45 0
-49 49 -47 0
38 32 37 0
-45 -4 12 0
49 -45 -23 0
-37 8 9 0
49 -41 36 0
3 -37 38 0
-11 -5 -37 0
-28 42 50 0
43 31 -10 0
-50 17 41 0
48 -41 49 0
39 7 -7 0
11 -24 13 0
-3 -28 -29 0
20 -31 -20 0
-33 3 -3 0
29 -44 33 0
40 -30 -22 0
-9 45 11 0
-48 14 -13 0
-1 -13 -11 0
24 -32 -17 0
19 27 15 0
32 2 20 0
-22 -28 30 0
12 -21 -4 0
32 -41 -41 0
-46 13 -27 0
48 -31 -16 0
41 -46 27 0
23 30 3 0
22 -26 8 0
-3 25 -4 0
-28 20 -14 0
-43 -8 -39 0
30 24 -39 0
9 -19 45 0
-1 -5 11 0
23 4 -30 0
-47 28 -48 0
2 35 -25 0
-35 45 32 0
-16 -18 -32 0
-3 6 10 0
35 28 -41 0
50 -14 -15 0
33 -12 32 0
-28 -48 31 0
36 9 30 0
39 -35 42 0
-4 -22 4 0
-2 -36 -49 0
-2 -35 5 0
-42 26 -17 0
-15 -46 -32 0
49 -27 5 0
-1 10 -16 0
-11 13 -13 0
44 12 -18 0
17 7 -39 0
-1 -47 40 0
37 16 42 0
-34 -14 -16 0
-45 -6 19 0
21 -26 23 0
20 3 -15 0
-22 44 -48 0
6 12 22 0
-31 29 -37 0
-38 -9 5 0
-17 36 -3 0
-4 -45 23 0
28 27 -27 0
33 -1 9 0
-14 -26 49 0
32 20 15 0
30 -32 -4 0
47 33 2 0
9 47 25 0
-15 -29 9 0
-3 21 -46 0
38 40 39 0
-16 17 44 0
31 -8 -4 0
-48 21 10 0
-16 -46 -3 0
27 -16 -25 0
50 -1 -41 0
-14 48 -8 0
33 8 30 0
-26 -45 8 0
39 9 -29 0
-24 37 -34 0
-7 -39 -33 0
-49 -50 47 0
-9 -37 49 0
8 -49 24 0
16 25 46 0
-36 28 -38 0
-7 -17 -10 0
38 -23 28 0
-47 43 -31 0
-22 1 29 0
-28 17 31 0
-27 33 34 0
30 -14 13 0
35 50 -10 0
-33 -2 -3 0
-50 20 33 0
15 -17 -31 0
-5 -14 -14 0
1 -12 27 0
-26 -28 20 0
-23 -19 -46 0
34 -30 42 0
-41 26 27 0
39 -13 29 0
14 35 -47 0
-13 49 32 0
6 -6 44 0
15 39 -2 0
-29 21 -28 0
