c CNF generator v0.9
p cnf 50 215
-14 24 3 0
39 42 12 0
13 18 48 0
45 -29 -12 0
-14 -35 23 0
-22 31 22 0
-39 -31 -28 0
-42 -13 -20 0
29 50 -45 0
-37 37 -41 0
40 -16 14 0
-39 -23 32 0
-3 47 -41 0
31 27 48 0
42 21 45 0
11 25 4 0
6 -20 30 0
-22 -14 47 0
4 50 -46 0
-17 -49 -7 0
-9 -21 19 0
9 -29 1 0
34 -22 31 0
-40 34 47 0
-50 -7 -43 0
-14 23 39 0
40 34 -15 0
17 25 32 0
-6 -38 19 0
-19 -19 -4 0
13 21 13 0
-35 -5 8 0
33 -28 5 0
-11 34 47 0
-4 44 45 0
15 -9 44 0
46 -15 -30 0
-49 26 -32 0
9 22 -27 0
-9 -29 -45 0
-9 2 35 0
-34 23 -48 0
7 -44 -34 0
-14 -23 32 0
24 -30 5 0
-9 -11 -36 0
38 33 36 0
38 44 39 0
27 8 49 0
20 40 43 0
-27 5 -27 0
42 21 -42 0
35 24 -33 0
-23 -36 41 0
29 33 44 0
18 -5 -12 0
46 -18 26 0
-2 35 -34 0
42 -40 -35 0
-26 24 -24 0
-49 34 10 0
5 15 47 0
19 -31 18 0
-16 -20 -49 0
20 -9 41 0
16 24 -11 0
-18 -33 -10 0
-34 -7 22 0
17 13 38 0
38 -40 -44 0
19 -28 -44 0
-10 -20 -21 0
-33 -37 -9 0
-17 -26 23 0
32 -16 28 0
29 8 -47 0
-50 27 47 0
-6 -30 10 0
-47 16 -3 0
-9 -46 -3 0
-40 36 -18 0
-50 -33 -8 0
45 -48 -2 0
9 8 -20 0
-27 -44 -12 0
6 -22 25 0
-9 -12 39 0
-33 -6 -23 0
-48 50 -9 0
28 -37 24 0
44 6 -5 0
-14 -31 -38 0
-25 -37 33 0
-6 14 -25 0
40 -35 -31 0
-13 6 -12 0
-33 45 -30 0
12 27 -2 0
-31 -7 -42 0
34 19 8 0
39 -35 3 0
-31 -46 -38 0
-3 -25 -25 0
-29 34 -22 0
9 -12 -13 0
-14 4 -36 0
42 -6 -5 0
47 48 -30 0
-26 -32 21 0
37 50 -22 0
-17 6 -2 0
12 17 24 0
-39 10 -26 0
-4 41 18 0
18 17 -11 0
16 -15 -27 0
-12 45 20 0
40 -18 38 0
-22 11 -38 0
25 32 40 0
-14 -27 42 0
-26 18 -11 0
-15 -15 38 0
-11 -20 -10 0
13 -18 -6 0
44 -25 42 0
-17 -25 12 0
-50 -34 31 0
-2 16 6 0
11 -29 -27 0
-40 6 -41 0
-33 46 -5 0
49 -1 9 0
-5 11 19 0
11 -27 -36 0
-36 -11 -11 0
-43 -31 -37 0
-4 -27 37 0
-17 -47 41 0
5 16 -37 0
26 -35 -7 0
42 -7 -14 0
-27 27 31 0
-44 -36 -10 0
-28 30 -2 0
34 16 -17 0
28 2 25 0
10 33 8 0
-6 -37 49 0
18 5 -16 0
-15 -27 -13 0
-18 27 -18 0
-46 -11 -5 0
-38 -28 48 0
-35 -18 34 0
37 -17 -42 0
21 -25 31 0
-15 28 -15 0
26 17 -27 0
-35 -28 39 0
-39 -49 -9 0
17 -4 35 0
-11 45 39 0
-22 -26 40 0
41 -8 -47 0
18 45 -28 0
-46 15 -13 0
-36 -15 8 0
4 48 -23 0
25 27 40 0
-45 5 -8 0
38 6 -44 0
-12 -39 -7 0
-41 -20 25 0
-21 -17 1 0
-43 -36 22 0
6 3 -15 0
-30 -21 19 0
-18 -12 23 0
-33 27 49 0
38 -4 38 0
46 -17 23 0
33 -38 -47 0
-30 13 47 0
-39 22 -32 0
-10 -5 -25 0
-2 18 -13 0
-36 -14 32 0
45 14 -1 0
5 25 -6 0
-13 29 39 0
-12 36 -39 0
34 -24 -22 0
49 -13 17 0
-20 6 42 0
-47 -47 -19 0
23 -21 -37 0
-28 41 17 0
32 5 11 0
-47 30 -3 0
-24 27 -30 0
27 10 34 0
50 7 34 0
36 9 -20 0
26 -48 6 0
49 -21 -35 0
47 -9 22 0
46 5 30 0
49 -45 13 0
13 46 -14 0
-44 5 48 0
11 2 40 0
17 -45 21 0
14 -42 27 0
34 30 -42 0
