c CNF generator v0.9
p cnf 50 215
7 32 14 0
-17 -1 50 0
-41 -14 4 0
-12 -8 -37 0
-24 11 -41 0
-13 -44 -29 0
31 -21 5 0
-15 42 -43 0
-32 -3 -49 0
37 34 4 0
40 46 31 0
-37 43 -16 0
14 -29 -31 0
45 30 20 0
-17 13 -39 0
36 -44 -21 0
-29 16 15 0
-6 14 41 0
32 12 10 0
-17 -45 -3 0
18 36 -48 0
-50 -41 -17 0
14 34 -24 0
-42 36 4 0
36 41 11 0
-9 -21 -19 0
-23 -40 -39 0
-37 32 45 0
37 -46 35 0
44 36 29 0
-5 24 -30 0
-41 -22 -19 0
-11 41 -50 0
3 45 -7 0
-38 14 -10 0
-21 36 -30 0
23 -40 -16 0
-43 -3 2 0
28 -36 7 0
1 -40 35 0
-34 -6 32 0
33 42 13 0
47 -43 -31 0
-33 -37 -11 0
22 35 -16 0
42 -20 -2 0
-41 -24 9 0
7 26 -10 0
-34 33 -30 0
5 -2 -16 0
-27 -39 -41 0
1 -44 26 0
2 34 -43 0
22 -9 -39 0
-48 -18 -33 0
15 -50 32 0
-46 11 37 0
-25 -23 23 0
35 47 -28 0
1 48 30 0
31 -18 -20 0
47 -29 -48 0
49 23 18 0
-7 -50 4 0
-36 25 50 0
7 -28 49 0
-38 -39 -21 0
46 25 31 0
-15 -42 15 0
35 -38 21 0
-25 46 -5 0
-6 -5 -32 0
-11 5 30 0
36 36 16 0
-25 -38 -8 0
-34 -17 -14 0
3 -21 -17 0
24 -29 -45 0
43 16 -39 0
34 17 28 0
-1 17 9 0
35 -48 10 0
-23 -15 -2 0
26 -43 9 0
40 -43 10 0
-30 -15 -3 0
8 -13 25 0
-6 -11 25 0
-28 -49 -15 0
37 2 -45 0
-47 -24 -32 0
-48 37 -11 0
35 -19 4 0
22 33 36 0
-24 3 -13 0
-36 -49 -16 0
37 -40 -50 0
13 10 -6 0
-26 -35 -25 0
-40 19 -20 0
-32 43 -1 0
-47 32 -35 0
32 -35 35 0
-22 -36 30 0
-43 22 15 0
-20 15 -19 0
-28 48 -16 0
-23 -44 -28 0
-42 -43 -20 0
-33 11 32 0
-23 43 13 0
9 45 32 0
11 18 1 0
-27 -19 -4 0
-28 49 -22 0
32 46 -13 0
-10 21 -29 0
-48 -21 49 0
-26 44 24 0
-18 -31 -39 0
26 -35 -9 0
-45 22 49 0
-36 -29 12 0
-18 12 -1 0
-26 -9 -49 0
39 20 40 0
-40 24 27 0
-16 -33 9 0
-40 -50 -43 0
-9 -7 -25 0
-8 33 -16 0
21 -48 -32 0
32 17 -26 0
-34 4 -8 0
25 2 -12 0
17 -25 -27 0
21 25 -13 0
-34 6 -35 0
50 22 32 0
-30 40 35 0
37 40 25 0
22 -7 11 0
-50 -24 -37 0
-46 5 45 0
47 -45 36 0
19 -21 -32 0
46 37 -26 0
7 -3 -18 0
33 12 4 0
15 -33 -7 0
-12 -6 -46 0
9 41 -32 0
14 -13 3 0
-15 27 2 0
-30 28 4 0
-25 31 -4 0
-15 -34 -28 0
-37 -2 -6 0
-5 -11 24 0
45 34 45 0
-39 -14 -22 0
5 24 10 0
-22 17 -20 0
47 -6 9 0
-26 35 47 0
-4 -24 -47 0
-14 -42 -29 0
37 -14 2 0
-39 -48 -17 0
-7 -20 48 0
50 -17 40 0
-13 -16 1 0
-40 14 43 0
-8 13 -42 0
-31 -9 5 0
11 -41 -21 0
-34 -28 26 0
-10 13 -20 0
-9 19 -23 0
-47 -49 -40 0
47 -43 -16 0
47 16 36 0
-23 -45 35 0
-25 -29 1 0
1 42 36 0
-13 45 -38 0
37 -39 -47 0
47 4 -16 0
26 -11 -39 0
-36 -17 44 0
1 2 47 0
39 32 5 0
8 22 48 0
-43 19 -21 0
27 -44 5 0
-35 45 37 0
-19 23 -22 0
-11 37 39 0
-27 35 39 0
40 -24 -1 0
-19 -6 43 0
17 -6 46 0
30 -8 36 0
-17 39 -16 0
-44 14 26 0
-29 17 -25 0
-38 -36 -24 0
16 -15 49 0
9 -11 -39 0
28 -8 46 0
-15 -14 5 0
-44 -15 11 0
-8 38 -43 0
38 -38 -5 0
7 -48 21 0
