c CNF generator v0.9
p cnf 50 215
24 -9 23 0
-10 27 -21 0
-46 -3 -43 0
30 -13 -14 0
-1 34 12 0
46 9 29 0
46 48 -43 0
37 -10 -22 0
25 -41 28 0
-32 -6 -41 0
-24 -29 -40 0
-13 -29 -27 0
19 -29 -9 0
16 31 -29 0
5 -24 -3 0
-13 -19 15 0
18 14 -5 0
30 13 -3 0
8 11 -3 0
39 50 -35 0
-49 -4 -4 0
30 -18 -34 0
-49 30 -49 0
-9 -27 -22 0
43 5 -10 0
-49 23 46 0
-14 -31 25 0
-13 30 -16 0
23 -47 50 0
37 -44 -26 0
50 20 -45 0
5 33 23 0
-18 -4 4 0
-44 -8 38 0
-11 40 -4 0
-26 -34 -13 0
-39 30 33 0
7 -48 -25 0
-5 25 7 0
44 -40 32 0
47 22 13 0
-50 -18 6 0
-5 10 37 0
-43 -28 -19 0
45 32 -3 0
25 29 -16 0
-14 -43 6 0
-21 -32 29 0
35 47 30 0
-35 8 -16 0
35 2 28 0
-16 27 -24 0
31 -8 -32 0
35 42 -3 0
14 -43 31 0
45 21 -9 0
40 20 -8 0
39 14 -21 0
38 25 40 0
35 4 50 0
11 33 34 0
36 -16 -19 0
-24 -31 39 0
-30 -35 28 0
-49 -47 -6 0
37 -37 21 0
-50 42 -18 0
22 2 -18 0
24 1 41 0
28 -25 -29 0
32 -3 50 0
32 -39 33 0
-48 -8 42 0
22 25 45 0
14 -18 43 0
-29 19 -26 0
-1 -18 13 0
13 8 -40 0
-19 -4 -30 0
4 15 -34 0
-23 -37 48 0
34 5 39 0
23 -45 31 0
-48 -45 -38 0
-47 -49 -19 0
-31 37 -27 0
50 -26 31 0
-37 -42 -48 0
-40 -2 46 0
-39 28 -14 0
-50 -23 -8 0
-43 44 -29 0
-46 6 -13 0
29 -29 -20 0
10 37 -20 0
13 21 49 0
-50 16 -28 0
33 50 -26 0
20 21 15 0
-35 29 -7 0
6 -18 33 0
47 31 13 0
6 -22 -50 0
-19 -33 -10 0
36 -4 -11 0
-31 5 24 0
28 29 50 0
-24 2 33 0
-30 -23 -26 0
31 -42 -5 0
20 26 -30 0
45 -14 38 0
18 -24 -25 0
-5 22 12 0
-9 4 -42 0
43 -44 11 0
-16 -20 -36 0
14 10 21 0
10 19 -9 0
47 -48 -16 0
-2 -34 -43 0
-29 21 17 0
15 -3 33 0
-44 -14 -9 0
34 33 -38 0
-22 35 -4 0
30 11 26 0
-46 -47 -16 0
33 3 47 0
-28 43 -6 0
-18 23 -13 0
-12 21 -42 0
1 12 8 0
-14 48 43 0
-37 34 -26 0
1 28 -7 0
-42 48 15 0
-25 10 -27 0
-13 -26 6 0
14 6 -28 0
6 18 -36 0
1 23 -41 0
-13 -45 2 0
-30 -7 -35 0
-31 48 -6 0
-12 -13 -35 0
29 -8 -45 0
-39 3 31 0
-19 -42 -29 0
-17 24 47 0
27 -37 13 0
45 -34 31 0
38 -26 -25 0
-15 -44 -37 0
-25 -27 -45 0
21 -24 6 0
-17 42 2 0
-5 -6 30 0
-22 37 -44 0
14 -39 1 0
18 -40 49 0
30 48 -35 0
27 -3 44 0
-37 -11 -14 0
13 8 34 0
4 48 -46 0
-15 -50 -44 0
-24 -25 45 0
-16 -37 -38 0
32 25 21 0
13 -40 -40 0
-11 -3 25 0
9 -37 45 0
-11 19 -31 0
-10 -11 -6 0
-41 -3 14 0
36 -27 3 0
24 49 -32 0
-40 5 25 0
-15 48 -3 0
37 14 36 0
-38 28 21 0
24 32 13 0
-9 -24 21 0
-24 -32 32 0
-45 44 28 0
24 -19 11 0
5 48 -16 0
-28 4 -35 0
44 -33 -48 0
-14 13 13 0
37 -46 -21 0
-13 -28 24 0
7 -16 20 0
46 35 -35 0
-37 -11 17 0
-40 -43 -33 0
-1 -36 28 0
-5 30 -15 0
41 -8 35 0
38 -6 -30 0
48 -21 31 0
45 -50 -7 0
-44 31 19 0
42 14 11 0
26 14 -17 0
19 -33 -44 0
42 -12 -21 0
-45 -42 42 0
13 -48 25 0
32 -15 2 0
7 43 -15 0
6 -28 29 0
-37 -34 1 0
35 38 -23 0
