c CNF generator v0.9
p cnf 50 215
-12 -14 -34 0
-16 -43 43 0
-15 21 -18 0
25 -39 -16 0
42 -19 -37 0
-35 18 35 0
16 -28 43 0
-25 6 -41 0
-28 -20 -30 0
48 -29 2 0
22 17 -37 0
19 -25 31 0
18 23 -25 0
-25 -32 -11 0
5 10 28 0
-31 14 7 0
48 1 6 0
40 -29 -36 0
-39 -37 21 0
-5 -47 37 0
11 44 -32 0
-13 -32 -28 0
12 31 26 0
-7 3 15 0
-41 -26 12 0
-10 38 -12 0
-47 -46 -39 0
22 42 50 0
47 -18 -37 0
-31 37 -6 0
38 -14 -23 0
14 46 -20 0
30 32 40 0
-14 -41 -13 0
10 37 -5 0
22 -46 42 0
-32 -8 -8 0
-20 30 21 0
-26 -9 -15 0
19 34 -21 0
41 49 -4 0
-41 21 40 0
-42 1 37 0
-33 29 -39 0
-49 -11 36 0
26 -43 -19 0
29 42 -40 0
47 33 35 0
-13 -22 -2 0
-34 -21 36 0
-50 -18 9 0
-49 -22 16 0
2 4 -48 0
-46 -22 -1 0
-37 48 -31 0
50 33 11 0
3 2 -31 0
-42 32 43 0
-12 -50 -38 0
-15 -18 8 0
6 -43 -10 0
9 3 2 0
-41 -44 18 0
-47 38 -24 0
-30 -48 -26 0
-21 -12 -28 0
-38 37 11 0
11 44 -21 0
31 -45 15 0
39 -29 -39 0
-12 16 14 0
-20 39 -44 0
-16 -6 41 0
13 -17 -29 0
-14 19 1 0
-17 -49 -16 0
18 -40 -27 0
-2 -2 -24 0
25 14 -9 0
-49 -5 -48 0
-1 22 41 0
-19 -21 2 0
21 14 -20 0
-21 -45 -49 0
-27 48 -29 0
29 -6 -36 0
47 -13 1 0
14 30 -44 0
-44 25 34 0
31 -42 43 0
36 26 -10 0
46 -39 25 0
-4 -29 7 0
-18 -47 13 0
-1 -48 -12 0
-36 -35 11 0
-36 -19 -4 0
27 22 -49 0
-41 19 -7 0
-46 11 50 0
-7 33 -50 0
-47 -50 -5 0
36 35 -29 0
37 50 -12 0
-1 49 -32 0
16 -49 45 0
40 -11 14 0
12 -24 -12 0
-47 -20 -16 0
49 -50 24 0
28 12 20 0
-17 -38 -31 0
16 3 29 0
30 -14 14 0
40 2 -16 0
1 26 30 0
6 22 31 0
39 -11 -9 0
6 15 -4 0
34 13 -26 0
-14 17 6 0
-29 21 30 0
-24 38 31 0
-25 20 -1 0
33 -18 18 0
-21 -1 31 0
-24 -46 -27 0
-21 -46 -9 0
-41 19 48 0
46 13 11 0
-5 47 -43 0
-28 29 -9 0
18 42 40 0
-6 41 19 0
-29 18 -6 0
21 -33 45 0
-10 -8 -33 0
32 -7 -50 0
-31 -3 -42 0
14 2 -16 0
-12 29 -1 0
-26 -1 1 0
41 -44 12 0
46 -42 -23 0
-4 -41 -46 0
14 30 44 0
28 46 -27 0
-24 30 15 0
36 10 -38 0
-32 -38 -24 0
-47 -24 -14 0
18 -32 -15 0
8 20 39 0
7 7 -8 0
-12 -50 -18 0
11 19 -46 0
-35 18 -21 0
-31 -48 39 0
13 27 -8 0
13 2 26 0
16 6 19 0
-21 47 32 0
2 -43 37 0
31 39 6 0
5 40 -39 0
-2 38 -37 0
-39 -48 -9 0
8 -24 -18 0
42 13 16 0
-26 39 3 0
9 -16 -46 0
4 11 -25 0
1 19 42 0
-4 -37 18 0
-47 -17 11 0
-28 -5 -2 0
21 -32 -38 0
-17 4 46 0
49 7 -17 0
-34 -1 -24 0
43 -44 13 0
46 -47 -8 0
30 -8 45 0
12 39 -22 0
36 36 -41 0
-17 37 26 0
40 -50 21 0
-29 16 50 0
-6 -21 -38 0
28 -5 -23 0
36 31 -39 0
16 21 -41 0
-18 37 -19 0
-34 29 37 0
13 -23 -46 0
29 37 -22 0
27 -9 27 0
31 -12 -18 0
6 -33 -10 0
44 5 -33 0
-43 -34 -13 0
-10 37 36 0
-27 44 33 0
12 -40 25 0
-45 20 27 0
14 -48 -39 0
32 -16 -5 0
43 36 -21 0
-9 -28 20 0
26 7 13 0
-47 -23 37 0
37 7 -39 0
-29 -12 39 0
44 -6 33 0
-21 -27 43 0
