c CNF generator v0.9
p cnf 50 215
-19 -40 -24 0
36 -47 41 0
-15 -14 23 0
-3 -32 37 0
-24 48 31 0
41 6 21 0
-4 -41 17 0
-31 25 -45 0
-47 -18 -4 0
16 -20 -28 0
44 -12 -45 0
24 44 -11 0
43 -30 36 0
17 50 -49 0
43 17 17 0
-4 -34 47 0
-43 33 -28 0
10 -45 17 0
-38 -24 -32 0
45 12 -14 0
39 -38 -27 0
-46 35 -50 0
3 -31 4 0
-18 -4 -41 0
-28 -39 -49 0
-20 -10 -8 0
6 19 -20 0
-21 -16 49 0
11 41 13 0
-45 45 -49 0
-10 4 -47 0
17 19 49 0
-19 39 15 0
-21 -21 45 0
23 -18 -48 0
39 23 -6 0
5 31 -28 0
3 21 -45 0
16 -18 -29 0
29 22 17 0
24 -22 -32 0
13 17 45 0
-17 47 12 0
-13 12 -47 0
-6 25 32 0
13 -20 22 0
23 21 29 0
43 -42 45 0
-13 23 50 0
25 27 -21 0
-30 12 23 0
25 -24 34 0
-4 23 -47 0
35 34 -20 0
-32 -33 -41 0
50 -45 -44 0
34 -40 -16 0
28 -40 -18 0
18 -35 16 0
-17 28 -11 0
29 -50 42 0
-14 -4 -12 0
20 35 30 0
-35 -43 15 0
-47 20 -6 0
7 26 44 0
-2 41 18 0
21 16 -47 0
18 -44 -32 0
-48 -10 17 0
-11 -49 -21 0
-30 1 -9 0
25 -43 -47 0
-40 13 -23 0
-25 -11 10 0
28 9 18 0
41 -50 -37 0
43 -13 11 0
-45 26 -46 0
9 -10 4 0
34 6 41 0
9 -19 -23 0
-16 -3 13 0
-23 -22 -3 0
-18 14 -47 0
-21 35 30 0
-15 35 -19 0
5 47 -18 0
19 -46 35 0
-2 -20 -34 0
33 -41 2 0
18 -42 -22 0
-2 45 48 0
-3 18 -31 0
30 41 -15 0
-24 -18 11 0
-10 -2 -36 0
-40 -38 48 0
34 48 -46 0
-20 28 -37 0
-14 -27 45 0
-6 40 19 0
-19 29 48 0
12 -45 -38 0
10 -5 19 0
11 50 -11 0
-12 36 43 0
1 41 -17 0
-26 29 12 0
21 -24 -34 0
-43 -11 -8 0
-4 -2 35 0
-24 -4 -34 0
22 7 13 0
13 -29 -13 0
-26 26 -23 0
38 49 15 0
18 6 -9 0
-24 -7 16 0
33 -16 -41 0
39 33 -44 0
40 33 8 0
47 -40 33 0
41 31 8 0
-6 39 -19 0
-42 31 43 0
-5 47 -47 0
-17 18 37 0
-44 44 49 0
22 -26 -19 0
-24 38 -10 0
-36 -3 -32 0
-17 -7 20 0
3 -27 -4 0
28 -28 37 0
-25 43 10 0
-47 -20 38 0
42 -25 31 0
-31 -31 -7 0
30 50 36 0
-46 -17 8 0
-11 9 -3 0
22 34 -16 0
41 27 -30 0
16 -35 35 0
-3 50 -15 0
-9 29 27 0
-41 28 -48 0
-10 23 -50 0
25 31 41 0
-36 -13 -42 0
-42 28 19 0
-10 19 -36 0
18 -20 40 0
-18 -40 11 0
46 9 -25 0
-15 16 -3 0
-7 -50 -38 0
-31 37 -16 0
-42 3 -33 0
-41 43 23 0
26 -12 21 0
-44 29 26 0
-7 47 42 0
-23 6 -33 0
-29 27 -22 0
44 19 -39 0
42 -31 21 0
34 -15 -37 0
-25 42 -7 0
-39 35 7 0
-5 -19 -11 0
25 24 -50 0
47 39 -35 0
-13 -27 2 0
42 50 37 0
48 -35 -14 0
-22 -38 -49 0
-18 -47 35 0
-47 -20 2 0
20 42 46 0
43 -23 24 0
25 10 43 0
-21 -5 46 0
-19 40 -9 0
29 47 -16 0
10 39 15 0
-26 -26 -13 0
-48 -44 -36 0
1 -3 -32 0
-42 19 -38 0
35 -22 3 0
-47 -7 -44 0
6 -38 39 0
42 -7 -20 0
25 23 -44 0
36 -22 -34 0
-37 9 -47 0
-36 -19 26 0
-3 31 -30 0
10 -24 -34 0
45 36 -12 0
8 -40 -41 0
-26 12 -29 0
-37 -34 -26 0
-24 20 -48 0
-9 -14 28 0
-5 -33 -23 0
-16 -11 40 0
15 -12 6 0
22 -37 -25 0
47 -14 -21 0
45 28 39 0
32 40 20 0
33 -27 -16 0
