c CNF generator v0.9
p cnf 50 215
23 -37 4 0
-18 -32 -49 0
-2 -9 -5 0
16 15 -10 0
44 -21 -29 0
-37 -30 10 0
47 -47 -13 0
47 -15 43 0
-15 -10 36 0
-15 -9 13 0
37 40 22 0
-3 12 37 0
-46 -2 44 0
-9 -13 7 0
-14 -20 -48 0
49 -13 9 0
-35 -5 -40 0
-9 -48 42 0
22 50 -17 0
27 3 6 0
-33 18 -10 0
11 -21 22 0
-20 -47 -32 0
9 31 -14 0
25 -41 24 0
50 -47 -3 0
25 18 16 0
9 -35 43 0
44 -13 22 0
49 31 20 0
-4 -27 19 0
20 3 -47 0
28 13 -24 0
-6 -43 38 0
-5 -24 -21 0
12 -46 -10 0
-33 -42 47 0
42 -38 50 0
-20 1 -44 0
-7 9 38 0
-49 1 18 0
-50 38 -10 0
-29 33 -47 0
-49 11 -22 0
49 39 -29 0
39 -25 -4 0
-36 33 -8 0
-38 -10 15 0
-29 17 42 0
15 11 23 0
-28 9 -2 0
-4 13 -46 0
24 18 4 0
50 43 -26 0
-15 -14 16 0
23 -33 -44 0
14 -13 6 0
23 -12 -45 0
-6 -21 10 0
-26 41 -14 0
-42 23 35 0
-43 16 -16 0
16 10 -27 0
-6 12 -33 0
26 34 8 0
-46 -25 -34 0
33 11 -28 0
19 -8 -3 0
-5 -37 -43 0
-50 -42 25 0
-25 12 11 0
39 -26 14 0
-29 6 -6 0
-37 22 -47 0
27 32 -18 0
-21 22 -4 0
-16 8 11 0
26 -5 -1 0
-30 45 10 0
50 -2 -15 0
-32 28 33 0
-47 16 -9 0
-19 -17 -40 0
46 -9 27 0
31 34 -3 0
-34 -7 -27 0
25 10 -43 0
-23 -7 -4 0
-22 -35 4 0
28 7 -9 0
-4 36 -3 0
41 16 47 0
-29 -3 1 0
50 42 12 0
-10 44 16 0
6 -29 1 0
-23 -23 2 0
-24 -34 17 0
24 33 1 0
21 19 -9 0
-30 30 -45 0
-31 31 -25 0
-43 -45 -32 0
46 -40 -7 0
1 -22 32 0
-36 -31 18 0
-25 -18 -33 0
-27 -25 29 0
-29 -35 -34 0
-33 -24 -12 0
47 -39 -15 0
29 41 21 0
-35 46 -45 0
-3 -39 -4 0
4 -44 14 0
-17 -18 27 0
25 -37 47 0
-13 -39 -9 0
1 -15 -6 0
7 25 -10 0
-15 24 -50 0
21 21 -3 0
22 -2 -36 0
17 1 -25 0
-3 -41 -2 0
45 4 32 0
-29 13 26 0
47 -48 20 0
38 -46 6 0
30 50 -19 0
-28 42 28 0
29 23 7 0
-16 2 -25 0
-22 -34 -14 0
13 1 -12 0
31 30 -5 0
-7 -43 -11 0
-15 26 19 0
-46 23 -6 0
-30 31 -50 0
-8 -28 -25 0
22 -8 -41 0
14 -12 12 0
-50 9 -27 0
26 -50 -6 0
-29 32 -36 0
-22 -30 3 0
8 -19 14 0
-26 -37 23 0
-8 37 21 0
-23 -46 -19 0
-48 -20 -50 0
1 -48 15 0
-1 -34 -27 0
50 -20 23 0
20 -28 -4 0
-16 -47 42 0
50 -18 50 0
-45 -25 9 0
43 21 18 0
37 -17 -7 0
28 -13 -45 0
-7 -6 -45 0
1 -38 -20 0
-26 28 8 0
19 -36 41 0
37 -2 -20 0
29 -48 27 0
26 -17 -28 0
10 7 44 0
-8 -37 -44 0
30 12 46 0
-47 -43 27 0
25 45 32 0
38 -12 -40 0
-9 -38 46 0
-10 17 22 0
2 -8 -45 0
5 5 40 0
-47 -10 22 0
-38 -24 -47 0
11 5 -48 0
12 -5 -41 0
46 8 43 0
-47 29 -13 0
-28 -24 32 0
-26 -23 -3 0
24 -1 -36 0
-18 27 37 0
47 22 40 0
-15 35 10 0
31 -44 -20 0
10 12 24 0
-37 -42 -26 0
38 42 -39 0
9 3 -3 0
-38 -27 30 0
20 -31 -32 0
-34 45 50 0
-18 4 -44 0
10 -13 25 0
38 34 16 0
-38 23 -5 0
17 -31 -40 0
14 -12 -44 0
-14 39 -26 0
-17 6 13 0
10 -42 30 0
-24 25 42 0
-6 -19 -24 0
-37 39 2 0
-32 44 15 0
45 31 27 0
36 38 14 0
-45 36 -5 0
