c CNF generator v0.9
p cnf 50 220
4 -47 -29 0
43 28 12 0
44 -38 -36 0
-7 -32 -39 0
-46 -35 -28 0
45 30 -12 0
37 -28 23 0
38 -16 30 0
31 -42 -1 0
-37 -1 49 0
42 36 47 0
47 -23 -9 0
-19 1 46 0
-17 -50 -22 0
-27 8 25 0
37 8 4 0
-2 40 31 0
-49 46 -13 0
23 33 -48 0
-33 19 -21 0
13 21 -6 0
44 -23 48 0
-14 1 -47 0
9 -36 25 0
7 13 45 0
43 -13 -42 0
42 -31 -4 0
-49 31 -5 0
10 33 17 0
29 21 28 0
46 9 -5 0
-22 -8 -44 0
40 -11 -20 0
-50 -45 28 0
6 29 1 0
-42 -45 20 0
40 12 43 0
36 43 4 0
-40 43 -5 0
4 -45 -24 0
46 31 28 0
5 -5 -13 0
-23 25 -49 0
32 -1 -43 0
-9 -8 -38 0
-12 4 -47 0
-11 -24 4 0
-21 39 -14 0
17 -23 -8 0
6 -1 -10 0
31 49 -43 0
-18 25 -10 0
33 -5 48 0
-45 2 19 0
-14 42 49 0
-18 21 -8 0
-14 -8 -33 0
37 41 -6 0
-34 -43 -38 0
-26 43 18 0
46 32 36 0
36 21 -3 0
31 6 16 0
-14 -22 -10 0
27 -34 -36 0
11 -5 40 0
29 -40 -29 0
-13 -20 7 0
-42 -25 -48 0
33 48 25 0
-43 16 50 0
-48 -3 29 0
50 8 -11 0
-49 -12 -21 0
-10 44 40 0
5 10 22 0
-29 -6 2 0
-38 34 -48 0
-50 -18 45 0
28 48 -36 0
-11 41 42 0
49 9 -24 0
-34 -48 -12 0
17 39 -21 0
-11 4 6 0
35 7 -45 0
32 45 -34 0
-14 -2 -5 0
38 -40 15 0
26 14 49 0
-50 16 -1 0
-30 4 -47 0
30 -38 -15 0
-16 -33 -13 0
17 -46 -22 0
-38 -35 40 0
-33 -22 -21 0
36 -32 -38 0
24 1 34 0
-13 -37 50 0
20 -46 -48 0
-44 23 -18 0
-8 -41 10 0
1 -23 39 0
-19 9 -36 0
27 5 35 0
-34 11 -36 0
-18 -39 -8 0
-30 19 -22 0
-44 22 -19 0
-49 42 43 0
-22 -25 -36 0
-27 4 9 0
-12 -36 -41 0
8 31 -13 0
-14 14 14 0
-34 -27 -27 0
-10 26 -30 0
-30 -24 34 0
-5 -46 6 0
43 -15 -27 0
6 -27 -44 0
-11 34 -5 0
17 -44 -27 0
10 18 42 0
4 -43 -34 0
-39 48 -3 0
-36 31 17 0
44 28 13 0
11 -13 16 0
42 -5 15 0
15 -3 -28 0
50 -23 -26 0
-4 -24 -1 0
-39 14 -9 0
29 -28 -14 0
23 -16 33 0
-27 6 18 0
-9 28 18 0
4 50 -27 0
40 7 -18 0
16 -46 43 0
-15 37 -9 0
23 -46 -49 0
2 41 9 0
28 29 29 0
-8 -38 16 0
-22 16 38 0
34 20 -50 0
20 -30 6 0
17 41 -24 0
4 -15 33 0
11 15 -49 0
-43 20 15 0
-37 33 -19 0
-18 -8 -2 0
-35 -38 -10 0
36 -6 47 0
45 2 19 0
42 -45 -44 0
46 40 40 0
33 22 -47 0
-49 -22 16 0
9 18 -38 0
25 -3 45 0
20 11 28 0
-15 35 -19 0
-28 22 8 0
-45 21 2 0
-14 -49 26 0
40 -49 -6 0
5 -47 -42 0
-8 4 -10 0
-39 -19 30 0
18 -5 -11 0
11 -45 -23 0
-13 45 28 0
16 -31 -37 0
-24 29 45 0
8 13 -26 0
9 -41 -48 0
9 33 -3 0
-23 -42 -1 0
-35 23 -23 0
-9 -48 -42 0
34 44 -28 0
-13 -8 -19 0
-15 3 -39 0
-9 -6 -35 0
31 -2 -12 0
-7 12 3 0
33 -14 -23 0
37 -48 40 0
26 -14 -29 0
26 -30 -47 0
45 -4 -23 0
-24 18 49 0
33 11 10 0
-16 -5 -35 0
-4 7 -14 0
-15 -23 12 0
-26 -19 -10 0
2 -9 14 0
21 -42 -47 0
-47 -45 5 0
50 41 24 0
-39 50 35 0
-5 22 16 0
42 35 -11 0
-7 -42 -47 0
-14 4 -18 0
-44 -36 -36 0
39 -48 -49 0
-35 25 -30 0
-42 22 -22 0
22 3 -28 0
41 -23 42 0
15 13 -42 0
-20 7 28 0
-48 -9 5 0
