c CNF generator v0.9
p cnf 50 220
-28 35 20 0
-24 -32 16 0
-17 -6 3 0
34 -29 -3 0
-31 28 -33 0
-36 29 -9 0
16 -7 43 0
-11 -42 -42 0
-29 32 -44 0
-35 35 37 0
34 -26 -27 0
21 27 12 0
-17 -12 35 0
13 50 -22 0
-15 -6 -38 0
41 24 -31 0
10 33 12 0
32 -7 13 0
-42 -27 41 0
21 -23 -9 0
36 -31 9 0
-5 -31 -31 0
-12 -50 -41 0
-41 28 13 0
38 -43 -6 0
-37 43 21 0
13 -38 25 0
34 -40 18 0
32 1 4 0
-20 13 -40 0
-5 -34 6 0
-26 -48 19 0
-48 -28 24 0
-36 42 -29 0
40 -35 13 0
-30 2 41 0
-30 -8 -50 0
48 -12 32 0
-22 23 -17 0
-14 -28 16 0
-23 -10 19 0
36 -31 47 0
-12 -11 -41 0
-36 -22 14 0
18 8 37 0
16 -41 -18 0
-42 -8 9 0
36 8 12 0
16 12 30 0
-48 48 -15 0
-42 49 29 0
-19 5 27 0
13 43 -1 0
7 40 9 0
50 8 -47 0
27 13 36 0
22 -45 -28 0
18 49 -33 0
-18 -41 1 0
29 -27 30 0
43 -10 33 0
41 26 19 0
-37 -3 -5 0
34 5 -24 0
-1 9 -49 0
-6 33 20 0
19 -39 -5 0
-7 -40 20 0
-12 4 22 0
-12 26 8 0
-15 -43 -49 0
-7 13 -21 0
20 37 47 0
38 12 -17 0
-50 30 41 0
44 -4 28 0
15 -39 37 0
-42 10 25 0
39 -17 -25 0
45 -40 -5 0
25 33 8 0
-4 42 20 0
26 45 -13 0
-11 34 -13 0
-9 22 -28 0
34 -24 -31 0
-22 39 -19 0
42 1 25 0
37 31 -49 0
9 -40 -19 0
-41 17 1 0
18 -50 -6 0
18 9 40 0
33 11 -21 0
3 20 14 0
-50 24 15 0
12 6 -15 0
23 11 9 0
33 -16 7 0
17 38 2 0
-22 -36 43 0
33 45 19 0
-24 -43 11 0
50 -31 -29 0
-27 -43 4 0
33 20 5 0
20 -36 -33 0
7 50 40 0
14 -1 39 0
9 -46 35 0
26 -26 -42 0
-47 50 -12 0
46 30 -34 0
-19 -4 -48 0
41 -5 -7 0
13 -37 29 0
-12 -5 42 0
47 11 -21 0
-10 15 30 0
46 26 -27 0
50 25 -42 0
-26 -29 15 0
34 -36 30 0
-25 38 5 0
-31 40 45 0
-42 -27 5 0
31 30 -16 0
-44 -45 40 0
-1 24 -6 0
20 47 -34 0
-20 -2 -37 0
42 2 -5 0
3 23 -48 0
-14 9 21 0
19 -15 -8 0
-33 34 -16 0
-26 -18 14 0
-6 31 -20 0
-31 7 -47 0
-16 -25 -45 0
-25 -20 -9 0
-32 -3 -6 0
48 -27 -42 0
-15 -20 -18 0
33 -2 -25 0
43 10 21 0
-49 47 -34 0
31 -12 -38 0
24 24 -4 0
-20 43 -39 0
-19 -50 32 0
46 36 18 0
41 5 44 0
-50 -44 -49 0
8 1 24 0
6 -30 -10 0
-25 -13 48 0
-20 37 11 0
-10 47 -13 0
-48 -28 31 0
-10 -25 19 0
-10 5 -18 0
-11 49 -15 0
20 -46 45 0
-13 39 10 0
-9 -44 -20 0
38 -28 -15 0
-17 20 -3 0
17 -46 14 0
39 -4 48 0
45 19 44 0
-45 6 -41 0
10 6 38 0
35 11 -5 0
-23 -6 -5 0
1 48 -34 0
-2 -46 -25 0
-25 -32 36 0
5 36 -2 0
33 36 41 0
-2 -20 -10 0
8 11 35 0
-42 27 -23 0
-42 1 -40 0
42 -32 39 0
-47 -35 -13 0
45 -36 -14 0
-18 -21 27 0
14 38 -50 0
35 -31 -22 0
-40 -40 -1 0
47 35 -42 0
13 -15 24 0
-15 -27 -49 0
-10 -48 12 0
1 -20 33 0
-39 -32 -39 0
33 -20 44 0
13 -16 27 0
-30 9 8 0
-16 42 44 0
34 -39 43 0
48 38 22 0
43 41 20 0
8 -13 -16 0
26 -49 14 0
-1 4 25 0
38 -45 -48 0
13 3 -21 0
-29 -22 41 0
8 22 -3 0
-19 47 44 0
13 26 -16 0
22 13 6 0
-44 -40 30 0
34 27 17 0
1 -46 -4 0
-35 -44 17 0
-23 15 1 0
1 -13 -48 0
