c CNF generator v0.9
p cnf 50 220
48 -43 -46 0
-8 -32 -39 0
-18 9 14 0
-41 -21 -10 0
-27 -16 -50 0
-26 -21 25 0
28 -35 -17 0
2 -26 48 0
-15 -44 -19 0
-8 30 27 0
-32 -14 41 0
32 -34 5 0
-25 39 23 0
-38 -22 33 0
39 18 -23 0
-5 -25 -3 0
-7 31 -45 0
-44 26 -7 0
29 -5 47 0
-14 4 -10 0
38 29 19 0
-46 9 -37 0
-13 -19 -30 0
23 49 -9 0
44 49 22 0
-43 -9 -13 0
24 -3 45 0
-44 -49 -44 0
14 23 -24 0
21 26 23 0
-12 -31 -43 0
48 -45 39 0
-10 40 1 0
-14 15 16 0
-19 6 13 0
12 -13 -16 0
-39 -16 -19 0
-50 42 -27 0
-42 28 -47 0
-42 -30 3 0
1 -11 -43 0
-49 25 -5 0
-16 49 -44 0
12 -47 -25 0
-14 7 45 0
-5 41 -40 0
-11 31 9 0
26 -28 6 0
41 -47 -24 0
-37 3 45 0
-39 31 -4 0
38 -50 43 0
-40 -3 37 0
46 13 10 0
-29 -5 -12 0
34 -43 8 0
-30 -15 6 0
50 -38 3 0
25 -23 -48 0
16 49 -26 0
47 45 3 0
36 11 -6 0
27 -40 -17 0
-42 -2 43 0
-28 35 -5 0
45 39 20 0
9 21 -42 0
24 34 38 0
-8 -30 27 0
3 -46 22 0
-29 47 48 0
-43 -48 -40 0
-25 7 24 0
-10 50 47 0
18 -36 -47 0
-7 -20 19 0
-24 6 -1 0
-10 -30 47 0
1 -31 35 0
-1 22 27 0
33 -32 2 0
-38 -25 -36 0
-46 12 13 0
-20 -15 -49 0
29 -19 30 0
-31 26 41 0
34 -19 -19 0
-45 12 2 0
42 -32 3 0
-15 39 21 0
46 -47 -26 0
-6 11 -23 0
44 -49 42 0
33 18 -39 0
-40 -1 12 0
32 -39 -30 0
-10 -45 -11 0
13 -27 8 0
-4 -14 20 0
7 16 -48 0
28 -18 25 0
28 -19 -28 0
3 30 38 0
32 6 -26 0
3 38 -44 0
-46 -19 -11 0
-18 3 -7 0
25 21 29 0
5 20 -15 0
-35 32 22 0
-7 -30 -46 0
18 -36 14 0
8 34 31 0
-11 -22 -50 0
-36 -47 3 0
-28 41 21 0
37 -7 25 0
-46 -23 -16 0
-49 28 12 0
-19 -25 -25 0
-46 47 47 0
42 -36 -35 0
-13 -12 31 0
37 -33 45 0
-42 12 37 0
-38 -50 3 0
-39 20 -30 0
45 9 -14 0
6 -48 21 0
-46 32 -35 0
30 -23 35 0
-33 -35 -42 0
10 -17 -40 0
17 18 -1 0
-48 -24 17 0
37 -41 43 0
-35 8 19 0
-37 30 -26 0
-19 21 -43 0
5 -43 -17 0
-13 -21 -31 0
-30 -33 -28 0
-45 34 -40 0
11 -32 24 0
-48 18 -26 0
34 20 9 0
16 42 13 0
-26 -31 -4 0
-20 -48 33 0
47 -36 31 0
-3 -32 1 0
47 35 22 0
-3 -28 -26 0
31 -45 -37 0
1 34 27 0
-49 -22 -22 0
-27 15 18 0
-35 -37 -8 0
17 2 -42 0
-40 30 -49 0
33 -42 -35 0
-28 6 -13 0
23 -26 -25 0
-8 -22 3 0
19 -31 -15 0
-37 -27 12 0
22 -38 -34 0
-19 11 5 0
-5 40 -17 0
-15 -10 3 0
17 -5 14 0
-19 -36 35 0
-20 17 29 0
5 -43 -50 0
48 -16 -34 0
33 -34 -44 0
-32 -25 24 0
-38 -36 42 0
-1 20 -46 0
48 15 33 0
48 13 -5 0
47 7 -48 0
-16 27 -48 0
47 22 47 0
-19 4 -24 0
-8 43 -14 0
48 40 -3 0
42 -32 -2 0
9 -46 39 0
30 -49 40 0
-30 18 20 0
-45 12 25 0
3 -25 36 0
-4 50 20 0
14 46 15 0
-30 47 -43 0
-16 -36 -33 0
45 50 35 0
14 4 17 0
-45 -14 46 0
40 40 28 0
-36 45 4 0
30 -32 -28 0
37 34 -17 0
8 -44 -19 0
43 -14 43 0
36 20 -8 0
7 -26 48 0
23 -8 -15 0
-13 21 -9 0
35 46 -10 0
47 -45 8 0
-7 17 -41 0
-18 -50 32 0
37 21 -35 0
-41 42 46 0
-24 -25 -26 0
3 28 9 0
-44 -34 -7 0
-46 47 33 0
