c CNF generator v0.9
p cnf 50 220
40 24 -48 0
-23 -13 -20 0
-30 28 -21 0
28 -31 -28 0
-21 3 -1 0
26 -8 -35 0
-36 39 -35 0
-34 -38 40 0
48 -32 1 0
-48 -12 -35 0
15 31 -4 0
14 -6 5 0
-28 -16 -44 0
-30 -6 7 0
15 28 43 0
-20 -49 23 0
-39 16 26 0
14 48 50 0
-46 -34 -19 0
-6 4 15 0
16 6 9 0
43 -46 -19 0
-14 -36 -3 0
-1 1 -19 0
48 29 -25 0
-40 42 -19 0
9 38 34 0
-22 -16 -1 0
-31 17 18 0
-26 27 22 0
-19 -25 -5 0
49 -2 -1 0
2 34 -24 0
20 -10 -24 0
24 -34 2 0
-31 -6 20 0
-49 -36 11 0
-42 -27 -9 0
30 -1 -6 0
-39 43 38 0
-16 -34 -44 0
26 32 50 0
26 -28 31 0
-13 -4 -36 0
21 28 -43 0
19 -25 21 0
-6 38 20 0
5 -48 -11 0
16 6 18 0
44 3 46 0
-43 -6 16 0
4 -31 -43 0
-45 -43 26 0
2 15 46 0
-9 -1 -30 0
3 46 -16 0
26 23 -3 0
42 -32 -38 0
-22 9 41 0
-47 -49 46 0
-46 -17 19 0
30 -36 44 0
-4 -49 25 0
-6 48 43 0
-34 -25 -39 0
22 -9 6 0
16 -19 33 0
29 17 28 0
10 24 39 0
17 32 -10 0
-6 -44 -8 0
1 -43 -34 0
-46 30 -37 0
42 38 10 0
-50 44 30 0
-48 48 49 0
-43 46 1 0
-3 -34 -25 0
16 -20 -49 0
-37 -31 33 0
-22 -12 13 0
16 14 -48 0
40 47 18 0
-36 13 -37 0
45 -26 -31 0
-33 12 -15 0
10 38 -18 0
-22 -33 -44 0
7 -16 43 0
21 23 -15 0
-29 27 -15 0
17 -6 46 0
20 -18 9 0
31 19 21 0
6 13 -32 0
-19 -1 34 0
-42 49 -9 0
-41 -30 -31 0
14 -24 37 0
34 -48 -16 0
-24 -35 1 0
27 -19 -19 0
-28 -26 -44 0
38 -21 -46 0
-24 24 28 0
33 -49 31 0
-36 1 -20 0
31 34 -46 0
44 -37 -18 0
-29 25 -35 0
-7 50 8 0
11 -5 35 0
46 -13 -31 0
38 -19 32 0
-16 5 -49 0
32 -29 -17 0
-6 29 32 0
7 -41 -29 0
-41 27 38 0
3 -2 29 0
27 -22 -9 0
9 47 -9 0
9 -44 21 0
6 43 -29 0
47 -4 32 0
50 -28 -15 0
32 37 -43 0
33 -33 -44 0
3 14 -24 0
17 -22 38 0
-24 -1 47 0
31 -4 10 0
-3 -17 -9 0
32 46 30 0
-42 27 -30 0
36 -27 41 0
15 -48 45 0
-15 -3 -34 0
-50 2 48 0
28 46 -38 0
-16 46 -40 0
26 32 24 0
26 -17 13 0
-25 -26 45 0
-49 -3 5 0
34 -46 13 0
23 8 -1 0
-29 18 37 0
-20 34 21 0
-31 -36 5 0
-47 -44 2 0
46 -45 48 0
4 45 -5 0
-17 -21 32 0
50 28 -10 0
-21 6 -19 0
10 27 15 0
17 -33 33 0
-44 -37 26 0
9 12 -43 0
13 15 39 0
-26 13 -15 0
-31 -42 37 0
-46 18 34 0
-5 -42 16 0
26 -47 -9 0
35 -36 -18 0
-38 33 -37 0
-3 42 -33 0
32 -4 17 0
40 -17 -12 0
-29 42 -26 0
7 14 -26 0
49 41 16 0
23 -50 -30 0
43 -18 41 0
1 -36 19 0
-39 40 -5 0
-25 34 49 0
35 -39 -22 0
22 24 -3 0
9 -45 -24 0
12 -30 50 0
6 10 -15 0
-36 19 -44 0
-41 40 48 0
9 7 -14 0
-20 27 36 0
-33 -11 -50 0
28 20 -39 0
-6 13 26 0
5 33 -36 0
30 -19 -38 0
-42 3 -23 0
33 -6 -1 0
23 25 19 0
1 25 -48 0
16 35 -37 0
13 -15 11 0
30 33 46 0
40 41 26 0
-32 28 34 0
44 12 -8 0
15 -4 -11 0
-26 -44 16 0
15 -18 -45 0
34 49 -5 0
26 -16 -33 0
6 -8 35 0
-27 -40 -24 0
-34 48 -7 0
17 -6 -33 0
30 -13 12 0
12 39 50 0
10 -27 3 0
44 21 -10 0
13 -1 -50 0
-49 45 43 0
39 47 18 0
5 -29 46 0
