c CNF generator v0.9
p cnf 50 220
8 18 24 0
3 -2 -2 0
-21 -22 5 0
38 32 -44 0
35 2 21 0
-7 49 14 0
50 -45 18 0
22 38 15 0
-5 -4 -41 0
30 -25 48 0
-24 -15 3 0
-19 -24 47 0
-21 -39 2 0
45 22 8 0
11 -26 -34 0
-33 24 25 0
17 -2 -43 0
-40 -35 38 0
-43 -37 34 0
-16 -21 21 0
-12 -19 -1 0
-30 23 -31 0
47 -28 -11 0
-15 -23 -42 0
-11 -49 28 0
-16 22 41 0
-42 17 9 0
42 -30 28 0
-5 23 45 0
11 -35 -8 0
-28 -13 -47 0
-29 -38 33 0
19 -17 -50 0
-30 31 -48 0
32 20 5 0
-13 -33 25 0
-35 -5 1 0
-27 4 8 0
31 5 -28 0
47 -47 34 0
10 -34 -46 0
-20 2 5 0
33 28 31 0
-39 11 -44 0
-3 1 -48 0
9 -31 10 0
30 -21 -4 0
25 -49 -40 0
-24 -4 7 0
28 42 18 0
-9 -38 11 0
8 48 5 0
2 -39 -22 0
-46 45 15 0
-8 -48 21 0
28 25 -48 0
-17 16 42 0
48 -45 17 0
-26 -2 -5 0
28 -26 -1 0
-23 -11 24 0
-31 -5 -16 0
-22 -9 -43 0
-37 50 -45 0
27 12 -7 0
-12 38 -13 0
-11 -9 -33 0
-28 9 40 0
20 -3 13 0
-11 -29 -24 0
19 26 -2 0
17 -21 -17 0
22 -21 -22 0
-13 -49 11 0
33 -39 13 0
-14 -50 40 0
-46 -28 -24 0
-1 29 45 0
-37 15 14 0
31 26 12 0
27 7 -26 0
18 29 18 0
-11 25 2 0
47 -22 39 0
-7 -15 47 0
11 18 17 0
-32 -1 9 0
-3 39 18 0
1 -33 10 0
16 7 -33 0
-45 17 35 0
-7 17 33 0
22 -5 14 0
-2 -7 20 0
38 5 45 0
50 -24 -29 0
48 11 5 0
5 -45 11 0
-40 30 2 0
-48 -23 -23 0
-33 -38 29 0
20 21 -14 0
24 1 -8 0
-19 38 -2 0
6 23 -13 0
-35 1 32 0
18 23 25 0
-40 40 -4 0
-47 14 31 0
-37 -28 -15 0
16 30 -34 0
-36 -17 37 0
-22 43 29 0
28 42 4 0
-21 17 1 0
-48 9 49 0
-23 25 -12 0
-33 46 17 0
47 -40 -31 0
18 -16 -49 0
17 34 -29 0
21 26 -19 0
-25 12 -29 0
6 23 14 0
-24 -20 43 0
44 36 1 0
24 -37 -11 0
-30 -26 -16 0
13 -16 -13 0
-25 45 44 0
25 -11 1 0
-29 12 -29 0
43 -36 -21 0
-14 -22 3 0
24 -24 -46 0
22 -41 -27 0
10 10 49 0
34 -46 38 0
36 -8 22 0
-3 7 -12 0
-33 10 37 0
7 -28 28 0
-15 -34 -32 0
41 37 -27 0
-19 22 4 0
28 26 44 0
41 12 5 0
11 12 18 0
-44 1 -15 0
5 29 -49 0
24 47 -11 0
-32 -12 9 0
-43 45 -7 0
-2 -49 -24 0
30 -25 -22 0
-48 31 -50 0
-41 -4 3 0
-9 17 31 0
23 1 29 0
11 -25 -12 0
-48 46 37 0
29 28 26 0
1 -11 34 0
27 44 -50 0
48 -1 23 0
31 -16 41 0
-30 -37 -34 0
-22 -30 -24 0
-16 -48 -22 0
-12 4 38 0
26 42 50 0
46 -50 16 0
-48 27 -48 0
-50 -45 6 0
31 8 -6 0
-7 24 -17 0
30 -23 -45 0
-23 11 -37 0
34 40 -6 0
2 19 13 0
-41 43 -6 0
-41 37 -41 0
30 26 41 0
-29 -26 -10 0
35 40 42 0
-30 19 48 0
3 41 -8 0
-27 -22 38 0
-38 -3 17 0
-31 2 -25 0
7 48 42 0
37 -7 -8 0
-13 -35 36 0
11 -44 -24 0
-20 29 -18 0
-24 16 4 0
17 48 -39 0
-27 -40 -13 0
-50 -32 48 0
-42 -15 15 0
14 35 -18 0
35 41 -15 0
30 -2 -35 0
47 -26 33 0
25 14 21 0
-18 6 -4 0
6 -50 26 0
-13 -14 11 0
-21 -37 -15 0
-13 -25 1 0
-14 43 -10 0
31 -32 11 0
44 46 35 0
35 -9 5 0
9 21 14 0
25 5 -45 0
17 28 49 0
11 -13 39 0
40 -12 49 0
43 23 6 0
