c CNF generator v0.9
p cnf 50 220
49 -44 -14 0
20 -22 35 0
-28 35 -9 0
-9 22 -48 0
-19 -4 -48 0
5 -3 -3 0
-26 4 47 0
-12 -22 -19 0
11 -10 15 0
29 30 -39 0
35 -15 -16 0
-21 -34 -24 0
47 -40 35 0
39 48 -31 0
6 2 -7 0
28 28 2 0
23 32 -10 0
15 22 -15 0
15 -21 30 0
-25 -5 -8 0
-34 -18 25 0
-27 -14 -11 0
-36 -19 48 0
-5 30 -12 0
-46 46 -34 0
-49 -4 -29 0
-34 -27 -39 0
32 -35 -7 0
34 24 29 0
34 13 20 0
36 32 -33 0
-42 18 7 0
43 -23 45 0
8 44 -38 0
-28 22 -1 0
43 28 7 0
1 -9 44 0
-26 -6 50 0
-21 -7 -37 0
-45 34 -14 0
43 45 30 0
-27 -49 -9 0
-14 11 -27 0
-41 42 -19 0
1 -7 31 0
-43 -37 -6 0
-31 -34 9 0
-28 4 -25 0
-37 10 4 0
10 42 -28 0
24 31 5 0
-16 -47 -35 0
4 26 -15 0
-43 -30 -9 0
25 14 19 0
30 -22 -19 0
-20 -45 3 0
-7 16 -33 0
-46 46 -18 0
-20 32 44 0
25 -18 33 0
13 18 7 0
-2 17 13 0
-36 -28 23 0
33 4 -10 0
24 -34 -40 0
22 -12 38 0
33 34 39 0
34 -35 -31 0
-28 36 -1 0
-30 -4 -26 0
-5 43 -47 0
10 40 13 0
1 48 -49 0
31 12 7 0
-14 46 -27 0
-30 36 -16 0
-7 -42 12 0
10 -42 -15 0
43 39 1 0
-32 1 -20 0
9 -16 -9 0
-10 31 -27 0
-8 50 -27 0
-15 -45 8 0
2 31 20 0
-5 -9 18 0
15 30 24 0
-42 12 -11 0
-11 35 34 0
45 43 44 0
10 -20 -43 0
39 -47 7 0
3 -27 -37 0
-4 -15 31 0
-39 40 11 0
39 5 -23 0
-30 20 25 0
35 3 34 0
-29 38 -9 0
-32 -20 -19 0
-21 -37 6 0
-34 -44 49 0
47 24 25 0
18 29 -11 0
29 31 -3 0
4 6 -8 0
-16 3 46 0
-26 -1 -44 0
41 -15 19 0
-43 -32 13 0
20 -44 23 0
-32 33 18 0
23 -22 -49 0
31 32 -28 0
-5 1 -26 0
-19 -3 2 0
17 -34 -33 0
-35 50 3 0
39 -43 46 0
-29 3 40 0
24 -12 -11 0
31 39 -38 0
26 11 -18 0
-27 -25 13 0
-32 6 23 0
42 36 1 0
-7 34 -38 0
36 -20 -37 0
28 -24 24 0
-17 -2 -24 0
-27 40 49 0
37 31 -13 0
-1 25 11 0
-15 -3 -50 0
-21 -44 49 0
37 49 17 0
7 15 -36 0
34 -17 18 0
-21 33 -23 0
-8 20 -3 0
-8 10 -5 0
1 5 -45 0
7 -37 -39 0
-27 -14 46 0
6 49 44 0
-6 34 2 0
33 36 -38 0
-28 40 -41 0
-24 48 -22 0
-29 -1 12 0
25 40 3 0
41 49 43 0
-3 6 -20 0
-33 -9 36 0
30 -5 -44 0
8 -34 -43 0
33 25 -30 0
5 -1 -3 0
1 -4 28 0
36 31 10 0
-15 -11 29 0
45 -37 -6 0
-30 6 3 0
-12 13 30 0
16 36 -1 0
46 15 -3 0
-21 44 38 0
-9 -32 39 0
-16 -12 -12 0
-21 35 -42 0
17 42 36 0
-9 -4 46 0
-24 27 -46 0
2 43 17 0
41 -47 -13 0
-13 19 13 0
-17 -41 22 0
-21 5 -50 0
-19 26 -31 0
33 2 22 0
-37 31 -9 0
5 -21 -37 0
-37 -30 -26 0
28 45 -48 0
-25 -19 38 0
44 9 -22 0
33 49 -9 0
50 -33 -32 0
4 8 25 0
8 28 37 0
13 30 21 0
-7 -12 -1 0
-1 -46 34 0
-39 -46 -14 0
-26 -32 22 0
-21 -9 -26 0
-32 19 -10 0
47 49 39 0
-38 23 -50 0
-44 -48 11 0
-31 -8 -29 0
-29 -9 -42 0
34 29 14 0
-31 -33 12 0
-37 -9 -39 0
-42 4 -41 0
7 -26 -25 0
-6 -32 39 0
-37 -16 29 0
-18 -23 -4 0
7 -25 -33 0
14 -28 -43 0
29 -24 -24 0
-5 -4 -2 0
-44 -43 49 0
7 -50 -35 0
7 1 2 0
33 20 -28 0
-30 20 -33 0
