c CNF generator v0.9
p cnf 50 220
37 5 -25 0
-42 -5 -20 0
35 22 -13 0
-1 -25 23 0
-27 -18 32 0
5 44 23 0
25 24 -32 0
25 -41 33 0
10 42 -22 0
-23 -30 28 0
-39 -37 1 0
-31 -49 -12 0
44 -11 -1 0
45 -16 24 0
-1 -36 13 0
-22 20 -5 0
-38 -33 41 0
3 43 46 0
-4 1 20 0
27 -11 34 0
-37 36 20 0
9 47 -29 0
41 34 5 0
4 -31 -39 0
-27 41 -26 0
-26 -42 41 0
-22 19 29 0
-17 -25 -24 0
-37 -26 5 0
-10 9 -38 0
15 5 14 0
-13 -44 32 0
46 3 -23 0
18 -15 -8 0
42 45 6 0
-2 33 -38 0
20 4 -6 0
16 46 -35 0
-8 -15 -28 0
-11 -8 -21 0
-42 45 -12 0
-29 6 33 0
17 47 2 0
-40 -36 37 0
17 37 21 0
27 -42 46 0
-40 30 -4 0
16 -21 -20 0
-36 -34 -46 0
-49 -26 -25 0
7 28 -11 0
-16 10 -44 0
3 -26 -15 0
11 -38 -42 0
49 15 37 0
-29 28 31 0
13 49 5 0
-6 -28 48 0
-32 7 -22 0
36 -3 -46 0
-22 -45 -39 0
35 -6 34 0
-36 4 7 0
40 28 -36 0
-50 -29 -10 0
48 18 -35 0
-9 -5 -39 0
9 43 50 0
46 14 8 0
39 -10 43 0
35 44 4 0
-45 -48 -22 0
-5 30 -40 0
27 -37 -10 0
-46 50 -33 0
-37 -43 -15 0
-12 -15 34 0
41 -50 -25 0
-44 20 13 0
-40 -33 -48 0
-15 -48 -8 0
-12 40 45 0
36 -48 28 0
-17 44 -10 0
23 -32 -34 0
12 8 46 0
7 -20 37 0
41 -13 16 0
31 -40 34 0
21 13 -46 0
17 45 47 0
-11 11 -8 0
-11 -29 32 0
-1 -8 7 0
20 28 -29 0
-20 42 50 0
16 -9 26 0
29 4 31 0
27 -2 -4 0
-22 9 -15 0
-24 -8 -26 0
-18 13 50 0
-36 -12 -7 0
27 28 9 0
-49 -19 30 0
33 -31 -1 0
6 46 16 0
48 26 36 0
-39 22 -18 0
49 1 -17 0
14 -24 -3 0
-14 -36 29 0
-25 -45 -29 0
-8 8 -45 0
24 30 49 0
-12 -13 37 0
5 37 -37 0
-8 -20 9 0
35 31 -40 0
20 34 -4 0
-25 41 9 0
-13 36 -33 0
22 -31 -35 0
42 41 -4 0
-40 -34 36 0
34 -17 -24 0
-1 15 -38 0
6 33 -25 0
10 -45 45 0
34 -22 15 0
49 -21 -40 0
-35 -30 14 0
50 -14 38 0
-34 -5 -47 0
-45 19 -27 0
39 18 -10 0
-19 36 -40 0
-31 -40 -50 0
-6 -7 -36 0
26 37 -42 0
48 45 43 0
18 18 16 0
16 -41 -34 0
-28 -40 8 0
23 -47 -31 0
-40 -38 37 0
-43 -34 -31 0
-27 -23 17 0
26 -25 20 0
28 -21 -8 0
21 -34 -2 0
-36 33 47 0
-39 -12 -3 0
38 23 35 0
32 -22 -6 0
21 -35 -34 0
-3 -28 -1 0
47 -49 -12 0
-40 -9 50 0
28 -35 33 0
-34 -25 37 0
-1 -42 49 0
34 -36 25 0
37 -27 -19 0
-3 10 -20 0
-11 28 4 0
-49 33 -28 0
31 -6 -45 0
-29 -28 39 0
14 25 13 0
18 -6 15 0
19 -16 -19 0
-2 32 13 0
-25 -18 -44 0
-36 29 -8 0
19 31 5 0
-5 12 44 0
8 6 -10 0
-17 -31 -10 0
1 44 14 0
-26 6 -25 0
-5 18 15 0
6 -49 -13 0
-2 28 -41 0
27 -37 -28 0
26 -12 38 0
44 -13 -47 0
32 7 -41 0
42 42 20 0
42 -30 -46 0
-43 11 24 0
-42 -28 2 0
24 -23 7 0
1 -40 -23 0
10 7 32 0
-44 29 -12 0
45 -2 23 0
26 21 -20 0
20 20 -45 0
13 27 17 0
37 11 -33 0
7 -28 47 0
-18 -47 -3 0
-42 -29 -50 0
19 -6 13 0
34 19 3 0
-12 -34 -11 0
-29 37 -28 0
-19 -25 -31 0
-38 -20 -23 0
-32 -36 -20 0
9 34 22 0
42 -11 15 0
-30 -43 28 0
-47 16 -24 0
14 37 -22 0
-47 8 47 0
-44 27 17 0
-19 26 -3 0
47 -13 11 0
