c CNF generator v0.9
p cnf 50 220
-31 -44 -30 0
-21 45 -42 0
8 23 22 0
18 11 -38 0
14 29 11 0
13 -44 -44 0
-26 28 14 0
43 -7 25 0
31 11 -26 0
14 31 26 0
20 -31 -28 0
39 -11 -49 0
-28 -36 42 0
-39 -18 18 0
-37 -22 8 0
41 10 -4 0
46 -31 14 0
13 47 -29 0
4 10 30 0
41 32 5 0
-32 -36 -5 0
17 29 27 0
42 -10 -31 0
21 -10 11 0
-13 46 24 0
34 8 -19 0
-37 11 5 0
-38 -33 -5 0
4 1 -40 0
39 1 12 0
30 -28 -29 0
-32 -14 -23 0
2 2 -28 0
-21 2 36 0
40 47 30 0
-39 24 49 0
-36 39 13 0
-46 43 -17 0
2 7 -43 0
7 21 -45 0
-41 2 -48 0
26 20 28 0
-25 -43 -21 0
37 5 -44 0
-20 10 -4 0
-30 27 9 0
-24 33 -4 0
-29 -38 -27 0
31 -34 13 0
-45 -23 49 0
38 34 22 0
6 26 -48 0
-13 -16 10 0
-7 34 -28 0
-31 -1 -34 0
-6 -49 49 0
20 3 32 0
44 44 -44 0
35 30 -35 0
25 -30 -19 0
42 16 9 0
20 38 19 0
1 27 9 0
-23 -43 1 0
30 -15 -38 0
46 -48 -19 0
1 -27 38 0
8 -43 19 0
-19 24 -2 0
-2 8 -2 0
42 42 -30 0
-40 -40 -18 0
-2 19 -25 0
-7 -16 9 0
3 27 -11 0
-35 -46 44 0
40 -25 39 0
28 18 -28 0
-50 -44 24 0
-3 -35 -33 0
11 43 -34 0
-18 -23 15 0
40 -38 24 0
37 -36 -45 0
10 48 4 0
-40 -2 16 0
-28 -15 21 0
14 3 13 0
-50 15 -16 0
17 11 40 0
-50 7 23 0
15 -25 5 0
-36 -20 17 0
16 24 8 0
35 -1 -17 0
41 33 45 0
39 -20 -10 0
-7 27 21 0
4 4 29 0
27 -19 2 0
-28 39 -33 0
32 -48 -35 0
48 -21 -45 0
15 -5 30 0
30 -13 -42 0
19 5 -28 0
-38 -43 -47 0
1 20 -45 0
10 -16 17 0
38 36 -24 0
13 -13 -10 0
28 45 -26 0
-40 34 18 0
30 50 -42 0
-42 -3 30 0
-11 7 48 0
-35 -29 -2 0
-16 -25 -23 0
39 36 40 0
-23 41 -43 0
15 11 -32 0
-29 49 -39 0
-34 28 47 0
-34 1 -25 0
30 -37 -26 0
45 43 10 0
24 48 -27 0
-32 12 -47 0
28 -45 43 0
1 35 -40 0
30 19 -24 0
4 30 28 0
11 16 20 0
-38 49 30 0
40 -34 -21 0
-12 -4 -28 0
25 -13 -23 0
-29 1 -49 0
-43 18 30 0
15 -32 39 0
-38 19 36 0
-42 39 45 0
9 8 -18 0
-19 -33 24 0
-33 -50 -50 0
34 -9 48 0
-18 -12 44 0
-12 13 -34 0
-2 -35 12 0
20 42 33 0
-28 49 -14 0
-17 9 16 0
36 48 -38 0
2 -7 7 0
-26 31 -5 0
15 -28 27 0
24 43 -14 0
39 -48 28 0
-42 7 -18 0
20 -33 19 0
45 -10 -46 0
9 48 50 0
7 -8 -8 0
39 -6 26 0
30 20 33 0
-5 37 -17 0
-24 -30 -8 0
-29 9 -28 0
-10 11 -24 0
50 -39 -4 0
-45 -45 22 0
14 10 30 0
34 26 -26 0
12 -29 -27 0
-4 -16 35 0
30 -10 36 0
-12 10 15 0
-34 -46 -3 0
-28 -5 24 0
-13 20 7 0
-35 12 -49 0
-20 -32 -9 0
4 -4 41 0
-16 45 -26 0
3 13 26 0
-2 -45 4 0
-12 4 35 0
2 -5 6 0
-40 12 -50 0
25 -34 -16 0
-34 -14 -10 0
12 5 -36 0
-16 10 4 0
37 15 10 0
16 -31 34 0
40 5 16 0
12 36 -19 0
1 -12 35 0
33 -29 28 0
-18 -8 -8 0
-45 20 -28 0
-41 -43 50 0
42 14 24 0
-6 12 -24 0
30 -22 -41 0
-43 -23 -36 0
-41 -7 24 0
-18 -31 44 0
39 48 -35 0
39 -37 -47 0
25 3 -31 0
4 34 -25 0
10 -36 -39 0
30 -28 -49 0
11 -45 23 0
-16 41 21 0
-46 -20 -31 0
49 27 -8 0
-18 -21 -36 0
21 -35 -15 0
