c CNF generator v0.9
p cnf 50 220
-12 -5 34 0
2 -33 -7 0
-5 27 -21 0
-12 3 -43 0
-22 -27 -30 0
-2 6 14 0
-19 -1 -43 0
7 33 2 0
-26 -49 -42 0
9 -19 -24 0
14 13 -40 0
-23 28 18 0
-39 48 -24 0
50 -11 44 0
9 12 -23 0
27 40 41 0
29 -25 32 0
8 -10 4 0
6 -42 -38 0
-2 32 -46 0
-26 -36 -44 0
-39 -25 -5 0
44 50 10 0
-47 -22 5 0
24 -28 36 0
39 14 3 0
-48 34 44 0
-29 -18 43 0
-6 -16 -19 0
6 -3 -34 0
44 -46 -25 0
-18 33 -43 0
-32 34 47 0
-2 38 -10 0
17 -11 11 0
43 -30 5 0
-2 -31 44 0
8 11 -30 0
42 18 -48 0
3 -45 40 0
-39 -25 26 0
22 16 35 0
29 -21 11 0
-18 13 -34 0
-19 5 -6 0
32 19 13 0
37 18 27 0
-34 14 19 0
4 -14 -18 0
28 46 -4 0
-6 -21 36 0
19 -38 -20 0
24 47 14 0
23 -2 7 0
-46 -49 -25 0
7 -3 34 0
6 40 -18 0
-9 3 24 0
20 32 -25 0
19 32 -37 0
-48 -8 -46 0
11 -41 14 0
-21 -46 -6 0
-46 35 -35 0
-17 -28 -22 0
-26 -28 24 0
12 31 24 0
-23 -45 -20 0
26 47 33 0
4 44 -36 0
-33 33 -47 0
19 33 -22 0
-34 41 -1 0
34 3 22 0
6 -17 33 0
15 -33 -36 0
7 26 -35 0
17 -17 18 0
8 34 -46 0
2 -47 27 0
46 -35 45 0
35 -17 11 0
11 47 47 0
26 6 49 0
-32 9 17 0
-19 44 36 0
-48 7 36 0
4 -42 39 0
17 39 15 0
17 -3 46 0
38 -4 -41 0
10 -26 31 0
-42 7 -20 0
-44 -5 7 0
17 27 -23 0
-42 48 38 0
-33 43 -39 0
14 -21 50 0
28 5 -36 0
36 38 39 0
-28 5 46 0
-14 37 17 0
8 -49 -17 0
21 -31 37 0
20 2 16 0
10 -13 -21 0
-19 50 45 0
-18 18 -11 0
-11 -10 17 0
-29 23 -24 0
34 -34 -38 0
3 -16 -46 0
28 49 -31 0
-25 12 9 0
-35 44 28 0
-14 31 -4 0
-23 44 -25 0
-13 30 -4 0
30 -47 -16 0
40 -9 -17 0
26 35 9 0
46 -20 32 0
-42 -5 39 0
2 -3 4 0
-42 31 47 0
37 -29 15 0
38 -37 -27 0
-45 2 10 0
4 -27 23 0
-36 32 23 0
-39 -36 47 0
-23 -28 24 0
14 19 -6 0
25 36 -18 0
-15 20 16 0
-26 43 45 0
-11 -31 -35 0
-2 -50 5 0
42 -25 -7 0
-41 -17 33 0
47 -3 -1 0
-20 5 38 0
-43 28 -1 0
27 -28 -35 0
7 31 24 0
-41 17 4 0
-14 46 27 0
13 -25 33 0
15 -8 40 0
-18 37 -37 0
38 -35 -29 0
-34 45 -29 0
26 12 -31 0
4 -25 28 0
30 1 35 0
31 -41 3 0
-37 3 -37 0
44 21 19 0
-12 27 -9 0
38 -30 -21 0
40 -15 25 0
-33 11 -32 0
18 -14 -32 0
2 -3 -21 0
-49 42 -27 0
24 -5 -43 0
-44 -44 -30 0
38 -12 -36 0
47 -33 -10 0
-36 9 -4 0
-50 1 21 0
-5 -32 -33 0
-16 3 33 0
3 5 50 0
-4 -19 -5 0
-34 -49 -6 0
15 7 36 0
-15 -16 -45 0
-44 -6 -20 0
-17 10 -23 0
-33 -6 -12 0
8 48 21 0
-9 41 41 0
16 42 48 0
2 -14 6 0
15 -26 -30 0
15 17 -41 0
-36 31 22 0
-23 -6 18 0
26 -43 47 0
20 -31 -30 0
44 -44 30 0
43 -11 32 0
7 -34 11 0
24 33 37 0
35 -37 30 0
19 32 27 0
35 -33 -18 0
-48 -31 48 0
13 -42 24 0
7 2 4 0
5 -48 8 0
-23 16 17 0
-34 -11 23 0
40 -40 36 0
-50 -32 3 0
39 23 25 0
-6 -23 50 0
-2 5 7 0
-25 33 18 0
-10 -11 -27 0
14 -42 39 0
20 -10 -1 0
41 26 -24 0
41 10 -45 0
4 22 -23 0
-15 -50 24 0
-36 -8 -40 0
-45 -19 45 0
41 -13 -36 0
