c CNF generator v0.9
p cnf 50 220
-29 -28 -29 0
22 20 19 0
32 -5 35 0
-49 -6 -11 0
26 45 -39 0
41 44 -33 0
-8 34 -39 0
-47 39 -17 0
-33 -48 44 0
-7 38 -11 0
31 30 28 0
-34 -49 -10 0
11 -26 -18 0
-41 18 18 0
-23 -35 6 0
20 -32 -48 0
25 34 6 0
29 -17 -49 0
12 33 -22 0
-3 -27 5 0
-9 -15 -13 0
-32 -29 17 0
-42 -12 21 0
32 -32 -32 0
36 -42 16 0
-28 49 -36 0
-42 -25 5 0
22 -16 -22 0
-27 14 33 0
12 -18 -20 0
-41 -24 -46 0
26 -34 46 0
22 13 -47 0
40 45 3 0
-42 35 36 0
37 -27 -32 0
22 -13 -10 0
26 -32 15 0
9 19 10 0
15 20 -14 0
12 -32 -32 0
-16 -35 1 0
12 -18 15 0
-26 20 -24 0
23 -12 -27 0
39 6 -33 0
34 -50 10 0
38 -30 34 0
26 5 -15 0
46 50 18 0
10 -20 42 0
-8 -24 5 0
30 4 9 0
1 5 -9 0
41 -7 -32 0
-29 46 -26 0
42 43 -33 0
-27 -14 -19 0
32 -49 28 0
6 4 24 0
23 -25 -21 0
-6 -30 28 0
34 -8 -12 0
-17 -45 13 0
-28 -32 -34 0
25 -13 14 0
5 1 4 0
1 -49 49 0
-27 -6 -41 0
-13 -28 -7 0
-50 31 37 0
10 -49 36 0
34 22 -4 0
9 19 21 0
-39 6 6 0
-39 1 -26 0
-39 -30 50 0
-48 14 -47 0
-28 6 18 0
-28 25 -18 0
44 -50 -38 0
49 48 44 0
39 -8 9 0
20 2 -2 0
-31 30 47 0
-40 -13 32 0
27 -25 17 0
-47 -12 -24 0
-31 41 47 0
-50 13 -41 0
-50 -2 -27 0
22 -50 13 0
27 -13 -7 0
23 32 22 0
-21 40 20 0
2 -31 -25 0
49 11 -30 0
-47 -39 37 0
19 -35 23 0
-39 -6 -42 0
26 -37 -34 0
40 -3 37 0
-46 11 -50 0
-9 -48 -1 0
-39 16 -46 0
1 -24 -3 0
16 32 -41 0
-33 38 -10 0
-48 -14 17 0
-20 -16 -12 0
26 -45 6 0
11 36 -8 0
22 -18 -35 0
-21 -43 29 0
27 32 28 0
-27 49 -17 0
7 35 -34 0
47 -35 20 0
-24 36 -15 0
-36 -16 40 0
-5 -6 24 0
-25 -35 -48 0
36 6 -6 0
8 12 47 0
-50 -37 -7 0
-16 14 4 0
-20 15 12 0
21 19 -15 0
-19 6 4 0
13 -34 -26 0
-28 -42 -8 0
39 -13 -36 0
-13 -28 42 0
-36 -35 -2 0
-27 7 45 0
35 -12 -35 0
-5 -48 27 0
-10 6 -15 0
-7 14 42 0
-8 -44 -38 0
-28 -10 -34 0
-20 13 26 0
-21 37 -26 0
-24 -2 15 0
-21 -10 -36 0
8 -27 -15 0
46 -20 -49 0
-39 -35 -38 0
38 -15 -16 0
27 14 -44 0
-34 44 16 0
-46 4 4 0
-11 -13 -13 0
-2 4 29 0
36 15 -5 0
2 -33 -12 0
-8 39 -25 0
49 -25 -14 0
-47 10 32 0
-43 23 47 0
-3 2 -26 0
-19 -31 47 0
-42 4 5 0
20 34 -21 0
12 41 17 0
4 -23 -46 0
45 -27 43 0
17 -7 -36 0
-49 25 30 0
-29 9 36 0
14 7 49 0
-8 -21 13 0
-30 37 -23 0
12 -27 -45 0
47 -29 43 0
3 -31 -19 0
19 32 33 0
2 -20 -26 0
17 10 -15 0
-3 41 11 0
-42 42 -43 0
23 -48 28 0
43 31 -35 0
42 -13 -29 0
-22 -48 9 0
22 -20 30 0
-41 -20 34 0
28 -9 43 0
-37 -46 -41 0
25 19 34 0
-30 31 29 0
-45 41 3 0
-37 24 -50 0
-11 -6 -24 0
38 -39 43 0
18 43 27 0
29 -7 -1 0
49 2 39 0
15 38 10 0
-15 31 7 0
-15 -4 -32 0
-28 -5 -36 0
20 -3 48 0
13 -23 -45 0
-15 -47 -26 0
-8 -46 25 0
-17 -47 35 0
42 -18 -2 0
9 -27 10 0
-35 -19 38 0
-28 -2 24 0
33 11 7 0
47 -15 50 0
-15 -29 50 0
-18 33 45 0
40 49 44 0
20 -33 -11 0
-29 42 -7 0
35 13 15 0
-4 26 6 0
