c CNF generator v0.9
p cnf 50 225
-3 -48 10 0
-33 50 32 0
-13 6 21 0
32 7 50 0
-1 26 -24 0
-33 -39 -1 0
-43 -32 21 0
-37 12 -50 0
11 32 -19 0
-11 -12 -14 0
46 47 8 0
23 21 -17 0
-37 -31 -3 0
37 36 11 0
50 12 -20 0
10 42 28 0
29 3 19 0
-34 -22 -38 0
44 -40 47 0
-24 33 -46 0
-9 4 -44 0
24 -33 25 0
37 -11 -50 0
15 -11 23 0
16 10 -47 0
-8 -9 -31 0
31 20 48 0
47 31 18 0
-11 -18 47 0
-28 -23 31 0
39 -30 -30 0
8 -23 7 0
-1 -42 -30 0
10 7 40 0
49 -4 4 0
29 -16 -32 0
38 -23 -47 0
-15 -11 31 0
22 -38 36 0
-40 38 -28 0
21 -9 19 0
-20 33 -35 0
35 49 40 0
-17 -40 48 0
-40 -24 -17 0
-26 -30 -41 0
37 -39 -13 0
-9 32 -29 0
42 20 6 0
16 25 5 0
-15 -32 27 0
32 17 14 0
-43 -29 44 0
41 15 38 0
-23 -38 7 0
-47 -15 -49 0
6 31 16 0
7 -9 -41 0
-46 -44 -9 0
6 -23 -21 0
-5 -38 -19 0
43 -25 -40 0
49 2 32 0
-24 -18 34 0
-19 -2 -33 0
14 -11 44 0
-47 32 42 0
10 -19 24 0
-20 -29 -11 0
2 8 7 0
30 23 34 0
-13 -38 39 0
-21 3 50 0
17 -4 12 0
-22 24 -8 0
-16 -1 6 0
47 -27 -4 0
8 -29 30 0
5 9 38 0
-40 -10 28 0
-28 -7 -27 0
-18 -42 -19 0
-5 -37 28 0
-2 4 4 0
37 -11 -24 0
-43 -22 35 0
-47 44 -46 0
20 40 -40 0
13 19 -30 0
36 -16 -38 0
-7 -40 3 0
-18 -42 4 0
-40 47 33 0
-27 -11 7 0
-23 -11 49 0
12 -26 -31 0
-7 -1 -21 0
-12 38 42 0
41 -34 12 0
-15 18 21 0
18 39 -25 0
22 -11 1 0
11 16 34 0
39 25 6 0
43 -36 44 0
-25 -15 -24 0
46 40 1 0
-46 -4 29 0
32 25 -24 0
-11 -23 -42 0
-30 -24 -18 0
5 36 -39 0
-49 -2 49 0
42 16 50 0
-45 5 -24 0
-12 -37 -37 0
47 -46 -11 0
34 -27 -12 0
-16 -27 46 0
19 -15 45 0
49 7 -8 0
-21 -22 -26 0
15 -33 -47 0
-45 -2 32 0
46 25 -45 0
-29 21 43 0
32 5 11 0
42 -27 -24 0
-15 19 -47 0
-8 -13 -28 0
-46 -11 41 0
50 -26 11 0
36 48 -15 0
-26 33 5 0
-44 -28 -18 0
27 -17 17 0
-6 -5 -37 0
-39 -6 -23 0
-44 34 11 0
17 31 -40 0
39 -6 43 0
3 44 27 0
8 -28 -12 0
18 29 36 0
-13 6 -5 0
8 23 46 0
45 7 13 0
50 10 49 0
-14 -13 39 0
22 -29 41 0
-14 -50 -33 0
5 2 -1 0
15 -21 -50 0
-22 9 43 0
-47 -5 15 0
-36 -39 41 0
-33 4 25 0
-21 -17 10 0
-35 -1 -15 0
-50 24 -7 0
-35 -12 -47 0
36 42 -46 0
-4 11 50 0
10 15 -37 0
40 -14 -1 0
34 -40 19 0
31 49 42 0
31 48 -1 0
10 30 29 0
-30 48 21 0
-49 25 -18 0
-29 -20 44 0
-49 -2 -12 0
21 24 50 0
33 30 -18 0
-37 37 -43 0
-30 39 -35 0
-44 27 -47 0
47 -26 46 0
1 -39 36 0
-4 -48 -22 0
32 7 12 0
1 -47 40 0
32 11 2 0
-39 17 -16 0
11 39 27 0
-41 30 -49 0
5 -16 -13 0
14 22 47 0
23 3 -12 0
22 19 -25 0
-41 3 30 0
13 -40 27 0
-46 21 -48 0
39 -40 -39 0
17 37 44 0
-34 -19 31 0
8 -28 -43 0
-2 24 -5 0
23 42 42 0
-49 13 -26 0
33 50 -13 0
45 46 24 0
35 20 35 0
20 23 -45 0
-23 37 -2 0
18 -12 41 0
-33 -8 -29 0
-11 -37 -7 0
-45 -32 -48 0
-23 19 31 0
41 -36 -22 0
50 -8 -4 0
30 -13 -32 0
-20 14 21 0
27 33 33 0
-9 3 29 0
-45 -21 -20 0
-28 -7 36 0
-42 5 24 0
3 9 -24 0
-7 11 -8 0
28 -37 -11 0
37 18 16 0
-18 -11 49 0
