c CNF generator v0.9
p cnf 50 225
-27 -31 -8 0
10 -10 3 0
-13 -12 -43 0
32 30 -33 0
12 18 -19 0
-15 42 33 0
-36 5 -33 0
-42 46 48 0
8 -4 -31 0
45 3 -23 0
-23 4 14 0
-26 44 -11 0
-35 18 30 0
-22 36 34 0
-23 -23 47 0
14 -40 27 0
-7 -3 -10 0
-33 31 18 0
47 13 -2 0
-3 -39 17 0
45 -35 -1 0
29 -35 42 0
47 -36 -13 0
33 -8 -34 0
-20 10 -42 0
16 32 16 0
39 -29 -40 0
50 -28 -32 0
22 -13 10 0
-38 23 -11 0
-47 -20 -8 0
-1 39 47 0
-30 -21 -36 0
4 -38 37 0
-8 -20 27 0
-4 30 -36 0
6 49 28 0
-1 31 -28 0
6 -36 32 0
-9 -3 17 0
12 -22 -46 0
-31 15 -7 0
-34 -9 -41 0
6 -17 -20 0
30 -29 10 0
20 22 -18 0
49 34 -11 0
18 38 -14 0
-4 17 47 0
31 -42 -35 0
20 15 -38 0
-26 -42 40 0
32 1 -40 0
-13 -16 -21 0
30 -17 -12 0
3 10 -5 0
-24 -39 -1 0
-38 6 -46 0
29 4 -27 0
35 46 7 0
16 49 -35 0
46 31 -36 0
19 -30 41 0
-10 -3 -43 0
11 14 -35 0
6 -2 -22 0
-26 16 -43 0
19 -36 14 0
-43 19 -45 0
12 24 50 0
-26 21 -6 0
-43 18 -10 0
20 40 -22 0
-14 18 44 0
-5 -4 -9 0
-44 -18 -3 0
-26 -37 24 0
49 28 44 0
2 -34 -46 0
28 -47 20 0
-46 20 -16 0
17 -19 -34 0
-9 -41 -36 0
4 -46 48 0
-27 -13 20 0
-28 48 -45 0
-12 -8 -41 0
32 -45 -24 0
-26 -28 -32 0
12 16 -45 0
-33 28 -12 0
-16 -17 15 0
-37 -46 13 0
-29 -29 45 0
41 -27 19 0
-31 -27 41 0
24 -9 -29 0
37 5 -12 0
-3 -42 46 0
11 10 1 0
35 48 13 0
10 1 -2 0
-39 -15 -13 0
-35 48 42 0
-49 15 -30 0
-38 4 -20 0
-48 45 42 0
-10 9 -47 0
-42 36 -50 0
-29 6 32 0
40 1 49 0
-10 -39 12 0
33 32 12 0
7 22 35 0
-12 -9 27 0
-44 32 24 0
32 49 34 0
-4 -28 17 0
-22 43 -26 0
13 -41 23 0
20 -40 35 0
-31 49 5 0
17 49 -19 0
-49 37 -40 0
-21 -16 -10 0
-33 -39 48 0
13 10 -34 0
38 25 -5 0
-24 40 -36 0
7 -25 25 0
11 40 -16 0
-2 9 -11 0
14 25 -1 0
5 -23 49 0
22 -19 22 0
-50 -44 -41 0
-13 -9 28 0
-2 -19 43 0
-16 20 -22 0
11 4 45 0
-20 -46 42 0
36 -48 38 0
42 10 -32 0
8 32 -22 0
46 -26 -15 0
-42 45 -46 0
-14 -27 18 0
-42 -4 -27 0
6 -31 38 0
37 -20 -24 0
8 48 -49 0
28 -50 -40 0
-36 3 -6 0
11 -19 25 0
-19 22 38 0
-47 4 26 0
-8 -43 36 0
-20 42 7 0
48 -8 40 0
-30 2 -1 0
49 -31 -13 0
50 -22 11 0
-13 3 -19 0
47 -39 -19 0
49 -38 38 0
14 -38 -22 0
37 24 -45 0
12 14 7 0
4 8 -8 0
-35 44 -40 0
-4 22 45 0
49 35 17 0
44 23 12 0
6 -49 20 0
4 8 17 0
-19 -44 44 0
-47 -12 39 0
12 -29 -39 0
41 -30 -17 0
-12 -14 9 0
-18 -7 -40 0
34 48 -38 0
34 -35 -35 0
-15 22 25 0
-28 7 -43 0
-10 -34 17 0
-49 -36 32 0
10 -6 -42 0
18 -35 -31 0
-16 14 38 0
48 49 -9 0
1 42 -37 0
9 42 44 0
-24 -35 45 0
-13 17 -35 0
-8 2 29 0
-12 12 -3 0
-8 -43 43 0
6 -47 -2 0
5 -12 28 0
41 3 28 0
-48 -34 23 0
-18 -26 -4 0
28 -41 45 0
9 -29 35 0
12 22 7 0
15 7 45 0
10 -44 32 0
28 -11 36 0
29 -13 33 0
-25 -44 12 0
28 42 7 0
-38 -3 6 0
-47 21 2 0
-4 38 -22 0
-6 43 -28 0
-29 19 3 0
14 -6 -17 0
-17 -43 -35 0
20 6 -32 0
15 12 -36 0
-44 -19 4 0
-9 26 -31 0
35 45 28 0
-48 -34 7 0
