c CNF generator v0.9
p cnf 50 225
39 -7 -39 0
27 -17 43 0
15 24 -19 0
-4 21 -46 0
-13 50 -5 0
-29 -15 1 0
12 -26 -11 0
43 18 4 0
-39 -47 -2 0
18 -43 43 0
1 49 -21 0
46 22 -40 0
14 -32 25 0
6 -32 -48 0
-16 27 34 0
-18 -36 13 0
-2 42 -9 0
22 34 43 0
13 7 5 0
26 -16 -48 0
-31 -8 19 0
-41 14 -44 0
4 -34 7 0
-12 -44 14 0
-25 -32 18 0
-31 -6 -8 0
18 30 -10 0
-43 7 -29 0
34 42 -44 0
13 6 -28 0
16 39 -25 0
-29 30 -25 0
-34 47 6 0
15 -2 -9 0
-14 -6 -24 0
-29 27 44 0
-5 -15 -23 0
10 7 -30 0
-36 -12 21 0
40 -1 43 0
-10 -19 -23 0
7 -3 8 0
19 5 -44 0
-37 -48 38 0
22 -24 -23 0
8 21 1 0
-25 20 -29 0
-27 -21 29 0
-21 -13 -50 0
-4 6 -14 0
-32 -39 -44 0
-50 9 9 0
19 -40 22 0
47 -26 17 0
4 -27 27 0
-25 -31 -46 0
11 -15 13 0
-18 -12 -2 0
-6 -15 12 0
-34 -23 49 0
35 26 10 0
36 -24 -20 0
48 17 41 0
-40 25 -37 0
-22 -5 -47 0
34 -9 14 0
-43 14 -20 0
-8 23 42 0
-29 48 -32 0
19 -22 -13 0
22 7 -34 0
42 31 -4 0
-2 -2 26 0
-47 -48 -37 0
39 2 -23 0
38 -25 -39 0
38 -35 3 0
-35 -14 29 0
45 -15 -38 0
-35 -9 -26 0
-28 10 -19 0
10 -12 3 0
11 5 -26 0
-40 25 48 0
-36 37 -10 0
34 -45 42 0
32 -23 -34 0
-25 17 14 0
-15 30 2 0
-37 -7 -38 0
-18 50 10 0
50 -38 47 0
-34 15 1 0
-5 8 50 0
14 -8 -45 0
-27 -42 45 0
-40 15 18 0
2 -24 40 0
2 -6 -23 0
-29 4 41 0
-31 29 -24 0
-35 30 -17 0
48 45 -48 0
-8 13 -4 0
11 36 -43 0
25 -42 15 0
-17 14 -40 0
23 28 -18 0
2 -32 -34 0
-15 7 -38 0
1 -20 32 0
4 -20 14 0
24 -49 -24 0
24 34 -47 0
9 -21 -35 0
20 20 29 0
15 -26 39 0
7 -1 8 0
28 3 10 0
8 35 -22 0
-10 37 -7 0
-7 10 35 0
30 33 -12 0
-3 -34 -20 0
8 1 -49 0
6 -42 32 0
26 -34 42 0
-46 -45 12 0
-20 -1 40 0
-41 19 -20 0
35 7 9 0
35 -39 32 0
-9 -35 3 0
44 7 -35 0
10 -42 -41 0
2 -13 -3 0
11 21 -19 0
35 -1 50 0
11 -33 1 0
-12 -22 11 0
-33 8 -41 0
18 46 18 0
5 21 -41 0
22 3 3 0
6 -31 10 0
-32 44 -29 0
14 20 -28 0
9 27 26 0
16 31 43 0
-42 -2 19 0
-42 -23 2 0
8 13 -4 0
-14 32 19 0
32 36 20 0
-37 29 21 0
-15 -19 -2 0
-6 33 -50 0
-34 -33 28 0
-14 -37 -46 0
-36 -8 -50 0
-22 28 -33 0
35 -50 -30 0
-21 -15 -13 0
6 -20 -37 0
41 -46 -47 0
-34 -43 5 0
40 -2 -6 0
10 49 -31 0
24 15 -14 0
13 -49 33 0
-48 -37 -19 0
-44 25 -16 0
2 -30 41 0
-5 11 14 0
-4 12 -28 0
28 34 -4 0
9 -44 -9 0
-3 -32 -41 0
31 29 33 0
2 -18 -34 0
-7 16 35 0
-1 -37 -45 0
46 26 50 0
21 -35 -12 0
-19 24 -29 0
16 -43 -28 0
-25 8 -23 0
-40 16 -27 0
-13 3 -41 0
-5 5 -1 0
-20 -22 -3 0
49 -19 11 0
36 -41 -21 0
27 6 -12 0
22 38 41 0
-28 13 -41 0
25 30 -1 0
5 11 -11 0
-6 4 -3 0
-17 27 37 0
44 16 -44 0
-23 23 48 0
46 -17 42 0
12 42 -21 0
30 -48 -36 0
-46 -11 22 0
12 21 -22 0
-36 10 17 0
20 -2 49 0
-35 -7 41 0
3 -47 24 0
-48 -13 47 0
19 43 35 0
-49 -12 -48 0
3 -38 -14 0
35 -20 20 0
-22 9 -4 0
-13 -2 -29 0
-14 22 32 0
-9 45 16 0
-31 -2 -4 0
37 -9 -35 0
-45 -33 25 0
41 -26 -47 0
-4 -16 -37 0
