c CNF generator v0.9
p cnf 50 225
14 -33 -47 0
34 37 11 0
-17 9 -29 0
-17 19 39 0
-22 -42 -29 0
-32 28 -48 0
-28 18 45 0
19 -43 -1 0
9 -45 16 0
-25 -12 -47 0
9 50 37 0
-38 29 36 0
15 46 9 0
6 -21 49 0
3 -13 -9 0
7 -12 33 0
-3 4 -10 0
23 -4 -5 0
-15 -14 28 0
-34 -2 39 0
11 -30 -43 0
33 -31 1 0
-28 35 12 0
-23 -30 -35 0
40 3 -30 0
19 -48 -48 0
6 -18 23 0
-36 23 -26 0
13 32 -20 0
-21 33 7 0
50 -15 -31 0
9 -40 12 0
2 -13 -27 0
6 24 -33 0
-22 37 29 0
17 43 -47 0
-21 17 17 0
39 -8 -27 0
29 21 40 0
48 -43 23 0
-30 -34 -2 0
43 -22 -7 0
27 43 -44 0
23 -40 -5 0
-32 47 24 0
-46 -48 -37 0
-46 17 2 0
19 -33 -35 0
21 -22 16 0
-30 50 -3 0
-46 32 12 0
21 -47 9 0
30 -5 44 0
-1 3 34 0
41 -50 -46 0
26 -26 15 0
-26 13 -35 0
-34 -29 44 0
30 -32 27 0
33 -13 1 0
-33 -42 -8 0
6 21 31 0
-5 6 15 0
25 47 39 0
-35 -4 39 0
16 34 -22 0
22 -45 30 0
30 -24 14 0
-7 3 36 0
-10 18 34 0
-36 -9 11 0
-33 7 -39 0
29 -20 -20 0
-26 -34 -22 0
23 -22 38 0
46 -34 -1 0
36 -14 -40 0
39 40 46 0
-13 36 -4 0
39 -2 -36 0
41 -37 -41 0
14 35 44 0
-39 25 12 0
-28 13 3 0
-13 46 -34 0
48 -37 9 0
16 -47 20 0
-34 22 17 0
-48 49 -29 0
29 -38 27 0
42 -42 -50 0
-10 40 -12 0
-19 39 -21 0
-17 14 36 0
-6 -19 -8 0
11 2 -8 0
32 -7 1 0
27 21 23 0
27 39 -9 0
10 18 42 0
-35 -16 -42 0
-46 7 -23 0
-29 -8 17 0
-23 -29 -15 0
-48 -38 49 0
-22 24 -32 0
25 -30 31 0
-17 50 46 0
-21 -35 -35 0
-43 11 13 0
-22 23 50 0
8 11 48 0
8 -9 25 0
-25 -29 -24 0
-31 7 18 0
24 -14 -15 0
-21 -17 38 0
12 -3 2 0
21 46 13 0
26 28 -41 0
-4 50 33 0
-2 -41 -20 0
-20 30 -10 0
16 16 -35 0
-45 16 3 0
-26 -18 -18 0
-5 50 19 0
28 -49 7 0
32 -10 32 0
-35 -7 -22 0
-20 43 -40 0
-11 2 49 0
28 41 29 0
-22 40 50 0
42 -16 -40 0
10 -37 -14 0
-15 -46 17 0
29 48 2 0
-38 13 -18 0
33 -27 17 0
-21 -37 8 0
16 -38 -4 0
19 36 -34 0
-13 -50 -31 0
-35 -8 1 0
10 -32 13 0
-24 19 -23 0
40 -26 35 0
-47 -31 7 0
-36 -37 40 0
14 -49 5 0
-16 30 33 0
-34 28 46 0
-10 13 -19 0
-49 -36 28 0
34 6 -28 0
-9 1 -42 0
15 -22 37 0
31 4 -2 0
-19 12 -12 0
-20 -43 -12 0
44 17 29 0
-42 -21 -34 0
-13 14 -37 0
-31 -40 29 0
-20 21 36 0
31 -5 -10 0
40 21 32 0
42 -15 2 0
-30 31 24 0
28 -43 -43 0
16 -1 48 0
-12 -38 -47 0
-24 -33 -21 0
-43 -3 6 0
15 -21 27 0
41 18 26 0
-46 -19 30 0
40 7 -16 0
-46 -10 18 0
36 48 9 0
-40 -32 -36 0
8 -27 48 0
-12 2 -19 0
-39 9 9 0
-22 -24 -18 0
-28 42 39 0
-13 44 2 0
36 -18 -31 0
-24 -36 25 0
48 -3 -7 0
50 -42 35 0
18 -21 -27 0
16 -5 -29 0
-21 20 -28 0
-1 36 22 0
44 1 43 0
-23 11 45 0
41 37 -37 0
15 48 -7 0
38 -44 33 0
-39 11 -12 0
7 -5 24 0
5 -28 -23 0
-5 -9 4 0
-14 -34 35 0
-44 -28 -42 0
-48 -26 -23 0
-40 44 9 0
-42 -16 -15 0
43 27 26 0
45 -6 35 0
18 36 25 0
50 2 -46 0
-5 10 -13 0
38 -13 29 0
33 -3 14 0
14 -50 35 0
-42 28 35 0
-20 14 10 0
-30 50 8 0
10 24 -18 0
49 20 -11 0
14 43 45 0
31 -18 -8 0
