c CNF generator v0.9
p cnf 50 225
3 -49 2 0
43 -7 -47 0
33 -7 -12 0
-39 37 40 0
35 19 -3 0
-16 -41 35 0
-43 44 -29 0
32 22 50 0
-13 1 -17 0
-3 -47 -50 0
-49 27 26 0
37 35 36 0
2 -10 24 0
15 -4 -45 0
-24 41 -38 0
33 -29 -19 0
-16 -22 -13 0
46 -26 41 0
28 -41 -6 0
-30 -24 46 0
-21 -10 -47 0
-44 -7 23 0
-15 -49 47 0
45 13 31 0
-27 5 41 0
-7 44 45 0
-44 -19 19 0
36 23 -2 0
-14 -40 11 0
4 13 -10 0
50 12 27 0
30 45 37 0
2 -44 28 0
-50 -40 19 0
23 -40 -7 0
-48 -10 13 0
25 15 32 0
-45 -34 -33 0
43 -24 -29 0
27 22 14 0
-15 -29 29 0
-17 34 -11 0
11 14 -8 0
36 -7 24 0
41 20 20 0
-40 -8 -32 0
2 -9 -4 0
20 -7 19 0
-10 -9 23 0
43 -5 -11 0
11 -27 -34 0
49 -19 36 0
14 9 41 0
-27 -22 45 0
48 -15 21 0
-13 42 -5 0
27 -29 27 0
-33 1 -24 0
-50 31 -38 0
-10 -25 14 0
-3 -8 34 0
-35 11 6 0
-35 43 43 0
22 -36 6 0
-31 32 -25 0
21 25 -29 0
5 -45 -20 0
-4 -29 -47 0
-4 47 1 0
39 -48 45 0
-30 8 11 0
46 35 45 0
49 45 49 0
33 27 10 0
-18 7 -9 0
-47 17 17 0
49 -35 39 0
34 13 35 0
-44 -20 -44 0
20 -32 18 0
15 18 1 0
-5 37 36 0
20 -6 -15 0
-30 13 24 0
33 -9 -45 0
-31 -34 -26 0
2 -19 -23 0
-5 -29 45 0
3 10 20 0
-36 37 -31 0
1 -28 24 0
27 -40 50 0
-43 -4 26 0
-8 -26 -25 0
-32 -24 37 0
-30 -31 34 0
50 29 18 0
-29 -9 -19 0
-29 -12 48 0
-20 -48 -13 0
-35 48 -2 0
-49 -40 -15 0
-45 -13 15 0
-42 17 45 0
13 -17 46 0
39 37 -41 0
-43 -28 -13 0
13 -14 -41 0
-22 -7 -21 0
-37 -46 -39 0
-12 25 46 0
45 4 -22 0
-16 -40 -47 0
47 8 -6 0
-26 -19 -28 0
22 -45 -27 0
-16 -47 -5 0
-22 -32 46 0
6 44 -43 0
-9 -6 -21 0
-43 37 48 0
-2 2 44 0
-13 2 -36 0
8 -24 -48 0
-6 48 -19 0
1 49 -42 0
27 -25 -32 0
-36 -13 -36 0
-35 -6 43 0
-50 14 15 0
-37 2 -39 0
-38 -7 27 0
-12 -24 49 0
33 -39 -17 0
26 -45 37 0
39 -31 2 0
-49 -30 23 0
27 15 -5 0
-14 -28 -36 0
-24 -32 39 0
-41 46 -48 0
-8 22 2 0
47 8 -2 0
-33 -19 21 0
-40 11 9 0
-43 2 19 0
41 -46 26 0
33 -39 -47 0
-23 -15 -45 0
-26 27 48 0
-42 3 45 0
-49 39 -28 0
-3 -14 -24 0
-48 -42 -21 0
-29 -28 -25 0
49 37 25 0
-29 -6 24 0
-33 -2 41 0
-9 7 12 0
-37 38 30 0
-20 -18 49 0
-14 42 23 0
42 -23 17 0
-38 -2 -49 0
13 31 -33 0
-29 -15 37 0
-41 31 12 0
-11 22 -34 0
27 -35 -5 0
34 28 -3 0
41 -23 -16 0
-8 5 -45 0
36 -44 -36 0
37 -35 -32 0
-25 4 -7 0
-5 7 -39 0
19 21 43 0
-29 46 -26 0
-14 23 3 0
20 25 -22 0
-46 -3 34 0
-49 17 16 0
24 14 -10 0
-45 38 33 0
-47 -28 -46 0
22 22 47 0
39 22 18 0
-50 -45 21 0
40 -19 -5 0
-42 17 48 0
-16 -1 -28 0
29 -32 -40 0
22 36 20 0
31 40 -28 0
25 -18 44 0
-19 -25 -6 0
-30 -11 -24 0
6 11 -32 0
24 39 38 0
-38 -22 -30 0
-26 30 38 0
-28 6 43 0
36 -27 13 0
-31 12 7 0
26 -20 -18 0
-10 19 15 0
38 -38 11 0
-35 -20 28 0
-14 25 44 0
26 39 -37 0
36 -39 -25 0
-35 30 27 0
-49 -35 -42 0
44 -34 -13 0
42 -42 22 0
5 31 38 0
38 -12 -50 0
38 -32 1 0
-23 50 -31 0
-29 37 -4 0
-50 3 -32 0
-48 -18 -12 0
-24 -4 -23 0
-32 32 -5 0
45 8 -8 0
