c CNF generator v0.9
p cnf 50 225
-24 22 22 0
26 8 -29 0
23 -23 2 0
25 29 5 0
20 43 -10 0
32 -48 -37 0
39 -31 -12 0
46 41 12 0
49 24 24 0
37 -21 7 0
-16 22 34 0
-9 5 -49 0
46 22 34 0
-14 -28 49 0
14 21 2 0
-41 -20 -45 0
16 -16 3 0
30 -37 12 0
24 -44 -19 0
-30 -41 13 0
-39 45 -32 0
-6 41 -41 0
-21 29 47 0
-41 -30 -27 0
-16 -42 45 0
18 49 37 0
-14 -24 -38 0
2 -41 43 0
-14 5 -45 0
45 6 5 0
29 -49 -1 0
-31 16 42 0
29 -42 -4 0
35 -5 31 0
34 47 -23 0
49 3 -35 0
-13 16 20 0
-1 8 45 0
29 -7 38 0
-19 -11 -41 0
-21 -4 -24 0
-31 5 -24 0
8 6 42 0
41 -22 -32 0
-19 -28 -14 0
45 31 2 0
41 -30 34 0
-34 -27 -50 0
19 28 -20 0
3 9 -50 0
-45 50 44 0
7 28 -1 0
47 -31 11 0
45 21 -2 0
33 37 49 0
-24 -28 -14 0
50 -11 -47 0
-18 -24 11 0
37 -16 -7 0
41 -16 4 0
13 -28 45 0
-7 35 6 0
-47 -36 -5 0
5 48 -27 0
-6 3 46 0
46 -15 -36 0
-41 -40 16 0
-24 13 15 0
-37 -30 34 0
43 -24 -22 0
-27 -20 8 0
30 -2 2 0
41 -37 29 0
4 22 -8 0
-30 12 -11 0
26 -42 7 0
25 38 -1 0
6 -17 49 0
46 -1 24 0
41 -8 39 0
-2 1 49 0
16 18 -26 0
29 35 22 0
-40 -37 -39 0
-18 -15 -2 0
30 46 -19 0
10 18 -39 0
8 26 50 0
-26 40 -26 0
42 -33 38 0
-6 18 37 0
-21 16 -25 0
7 -28 10 0
32 -44 -15 0
-49 -9 47 0
50 30 29 0
-9 -11 -2 0
39 -36 -38 0
-4 33 -36 0
42 45 22 0
44 -1 20 0
-50 -45 -6 0
-48 9 -38 0
-8 -5 -24 0
29 -23 17 0
18 32 -28 0
-19 -22 -49 0
44 -35 2 0
42 46 6 0
17 -32 -3 0
-27 -48 -44 0
34 16 -14 0
-21 4 20 0
-33 26 -23 0
-11 29 -13 0
39 -30 -1 0
45 11 -28 0
15 18 20 0
-21 -2 26 0
19 8 30 0
-4 43 -5 0
-2 -25 -32 0
7 32 -1 0
30 -39 6 0
-20 -43 -12 0
-11 -31 -46 0
8 42 -24 0
25 7 -32 0
-16 -50 6 0
38 8 -49 0
40 4 -25 0
37 -7 -20 0
-41 8 47 0
-4 15 33 0
44 -29 -36 0
-24 -2 42 0
-1 -16 41 0
12 -23 -32 0
49 7 -22 0
28 -9 -17 0
-21 -50 -20 0
9 7 -19 0
15 20 -36 0
15 -30 50 0
20 -29 9 0
-10 13 -7 0
10 34 21 0
18 3 -43 0
-6 -36 47 0
42 -50 16 0
44 -27 50 0
-21 -34 -30 0
46 35 -17 0
-9 21 -17 0
12 33 20 0
-19 3 -38 0
11 -43 -2 0
22 46 -32 0
12 -50 22 0
28 10 26 0
-26 -26 -37 0
25 -16 -32 0
1 -19 -1 0
-17 1 37 0
24 -25 33 0
-25 -37 10 0
30 30 -7 0
48 -34 22 0
48 -25 27 0
40 17 2 0
-7 -10 48 0
42 -14 13 0
42 21 9 0
-44 22 15 0
30 20 49 0
-37 11 -44 0
41 10 -17 0
-15 -9 -32 0
-20 42 13 0
-45 -30 -38 0
-45 46 14 0
-7 -48 -27 0
3 22 14 0
46 24 23 0
49 2 -50 0
-31 -47 -25 0
3 11 7 0
-15 -18 14 0
29 33 16 0
-15 49 -22 0
49 -30 -1 0
19 -12 45 0
-35 -1 -43 0
4 15 -17 0
-1 -1 -15 0
20 -8 34 0
2 18 5 0
-50 -17 45 0
35 3 -17 0
-34 -15 -29 0
-34 -36 15 0
20 -3 -19 0
-26 -29 -11 0
-4 -6 34 0
-20 -11 48 0
-38 17 15 0
-16 -13 -22 0
30 47 23 0
-45 36 -46 0
13 21 2 0
45 42 5 0
-43 2 48 0
3 42 -46 0
-33 -8 -29 0
34 45 -43 0
37 -31 36 0
-1 16 -9 0
-30 1 -25 0
-22 12 -26 0
13 47 -23 0
36 -41 8 0
32 -38 -16 0
-24 6 -49 0
12 33 35 0
21 -8 44 0
