c CNF generator v0.9
p cnf 50 225
34 49 -44 0
-15 17 8 0
-9 21 1 0
-26 -22 31 0
-20 -46 21 0
35 -21 32 0
46 43 -27 0
-27 40 43 0
-32 25 1 0
16 42 -47 0
20 46 -39 0
-8 -45 46 0
45 16 50 0
-33 -19 26 0
7 3 21 0
-49 -11 -12 0
15 -31 -45 0
-45 -45 -30 0
-20 -11 25 0
40 21 -50 0
-15 12 -47 0
-41 -11 17 0
-46 -45 -44 0
12 -20 -44 0
-5 -32 -6 0
-11 -32 9 0
42 -46 -48 0
-44 11 44 0
-38 -30 24 0
16 -19 40 0
31 -27 10 0
-26 21 4 0
10 -22 -24 0
6 26 42 0
37 -45 -24 0
42 42 45 0
-26 -37 50 0
19 -11 -30 0
17 -21 28 0
8 -48 -42 0
20 47 -50 0
-33 10 -2 0
-28 -37 40 0
48 -8 42 0
18 10 -6 0
-8 -7 36 0
-33 -31 31 0
41 49 -17 0
21 -47 21 0
-16 -11 -40 0
-24 -7 45 0
1 42 26 0
-43 -22 -14 0
-43 -47 26 0
-41 31 25 0
-49 26 -41 0
28 -3 33 0
26 45 29 0
-45 -35 24 0
-25 -24 1 0
-41 -39 50 0
-3 50 5 0
35 -19 -49 0
-40 -32 24 0
-4 50 34 0
42 -14 37 0
-23 -25 -15 0
3 3 46 0
39 -3 18 0
14 -27 -48 0
22 -5 24 0
-14 4 5 0
-5 -41 -24 0
46 47 -43 0
-41 45 -33 0
40 49 -21 0
13 -16 24 0
-30 -2 -34 0
29 -11 -45 0
-40 -5 17 0
38 -6 -10 0
-4 -21 -2 0
3 -31 38 0
47 21 -19 0
11 -29 -49 0
-48 9 -19 0
13 41 30 0
-6 -28 34 0
-21 -12 17 0
-37 39 -19 0
-8 -48 -22 0
-36 45 -26 0
12 -41 41 0
33 47 -41 0
-40 29 -29 0
44 -20 -34 0
-16 49 -47 0
-1 17 -14 0
-35 -15 -10 0
15 -39 1 0
-39 -16 7 0
44 -5 -20 0
-26 11 31 0
-20 34 -22 0
15 33 3 0
-4 49 32 0
-38 10 -23 0
42 38 -4 0
12 22 -7 0
42 -2 -37 0
-1 13 29 0
11 -35 -24 0
25 36 37 0
45 -5 -48 0
15 40 38 0
-32 -19 12 0
1 -50 -10 0
1 15 -16 0
50 -38 33 0
-12 -23 37 0
50 1 18 0
-11 -25 -5 0
22 -4 44 0
-39 -44 -49 0
-10 -16 12 0
-11 -28 12 0
50 -31 38 0
-38 43 9 0
39 26 -30 0
-31 -41 -43 0
-3 4 29 0
50 42 50 0
24 -50 44 0
21 30 -29 0
-27 25 38 0
-31 -23 -37 0
6 -11 24 0
21 -24 -16 0
7 2 -15 0
2 24 -47 0
16 39 -47 0
6 7 -27 0
-33 20 45 0
-2 40 -28 0
44 -16 38 0
37 -25 27 0
14 20 34 0
26 26 -37 0
41 -20 -18 0
-14 15 2 0
-21 18 -42 0
48 -36 -21 0
-7 -40 -2 0
-21 -1 -22 0
-39 35 48 0
12 13 -16 0
-49 -7 20 0
-39 -38 -15 0
-29 -7 -14 0
-36 5 45 0
29 24 -49 0
-20 46 4 0
-36 -47 -9 0
28 -49 -49 0
26 36 1 0
-36 -16 -11 0
-11 20 25 0
-28 9 44 0
8 36 21 0
33 -41 -3 0
16 29 -35 0
-40 32 30 0
28 -7 -33 0
-28 36 -33 0
-50 46 7 0
38 -13 -20 0
16 16 38 0
-31 33 -28 0
-27 -3 48 0
-19 -50 -38 0
-42 -19 -25 0
-25 35 -27 0
-10 20 -16 0
9 11 36 0
-26 2 -1 0
13 -46 -14 0
-16 -25 -47 0
43 -22 -13 0
-39 -30 25 0
37 -45 30 0
32 38 -9 0
-30 5 -7 0
-6 -23 -39 0
46 12 29 0
-6 -27 -6 0
-39 -40 28 0
-12 10 -18 0
23 -43 20 0
-10 50 41 0
49 -26 -18 0
-9 -16 -16 0
-29 -38 -45 0
2 21 -44 0
-41 16 -19 0
41 -7 -19 0
42 23 22 0
20 -45 -25 0
-49 48 1 0
46 12 -12 0
33 28 12 0
-34 50 8 0
41 29 17 0
-50 18 45 0
6 7 45 0
-11 3 1 0
-41 32 -36 0
2 -33 41 0
35 48 -7 0
45 23 -19 0
-7 30 6 0
34 -42 25 0
-39 -23 -19 0
1 -41 41 0
-27 45 -26 0
-36 44 26 0
