c CNF generator v0.9
p cnf 50 225
40 42 -48 0
5 -19 9 0
-48 42 25 0
4 40 10 0
-22 -24 -1 0
19 18 -28 0
-18 -4 31 0
49 -13 7 0
27 -45 -6 0
-29 -33 39 0
-40 -18 42 0
14 -20 -10 0
44 18 -18 0
-33 -17 24 0
33 39 -40 0
-23 8 28 0
-29 40 30 0
39 -9 -32 0
-34 20 49 0
21 -47 10 0
50 22 -29 0
32 -18 -38 0
34 -16 23 0
18 -23 -2 0
4 29 30 0
33 13 -20 0
-22 -48 -7 0
-9 -30 -47 0
-38 -39 49 0
-16 -31 20 0
-26 -16 -50 0
4 -29 -14 0
-45 4 -47 0
-20 45 27 0
-37 -14 -13 0
-21 -9 -10 0
10 -50 -17 0
-31 -42 -31 0
-9 19 18 0
12 -25 38 0
3 -47 46 0
-8 46 26 0
-29 -24 41 0
-30 9 -20 0
-30 5 -18 0
-34 -44 39 0
-13 -48 -37 0
39 -43 23 0
35 -18 -35 0
-1 41 -30 0
25 43 -5 0
-2 -15 -43 0
-30 -16 2 0
6 -16 5 0
-19 -39 40 0
43 50 10 0
-43 -11 12 0
27 10 -33 0
-29 -8 25 0
14 6 49 0
-11 35 31 0
40 -33 -19 0
27 27 12 0
16 -24 44 0
-12 -1 -18 0
29 -29 -39 0
-20 -13 30 0
17 40 -16 0
49 -41 -3 0
-4 -9 -8 0
4 -11 -2 0
35 5 41 0
-1 -4 41 0
10 25 -25 0
-48 -9 -19 0
8 -45 -27 0
41 11 32 0
-50 33 -16 0
30 -39 -32 0
-37 25 -26 0
5 -16 -17 0
-7 -1 8 0
-29 -30 -7 0
8 26 -10 0
25 -21 38 0
21 2 8 0
28 11 -31 0
50 -14 33 0
-3 -40 21 0
50 -16 31 0
-27 2 -35 0
-24 -18 46 0
-48 21 -1 0
32 -30 32 0
-36 33 21 0
28 25 -42 0
-41 -31 -15 0
-1 -27 2 0
-4 15 23 0
-49 29 6 0
16 43 25 0
-20 21 1 0
-17 12 -1 0
8 -45 11 0
13 -28 19 0
-19 -22 -50 0
-13 12 30 0
19 26 -37 0
-43 11 -35 0
-33 -34 -35 0
26 -31 -45 0
1 -34 -19 0
-45 3 10 0
20 2 31 0
26 -15 -39 0
32 -9 -49 0
15 -24 5 0
-50 38 45 0
17 49 -10 0
-11 -39 15 0
42 12 18 0
-11 -27 38 0
-48 -9 10 0
16 -12 -24 0
-12 14 50 0
48 -36 33 0
-25 -50 -46 0
24 -2 -28 0
-37 -4 14 0
-12 6 44 0
16 -3 -50 0
-3 -24 26 0
7 16 -39 0
-34 -28 46 0
25 47 -5 0
-37 -43 -37 0
37 -31 -32 0
-31 33 -44 0
-35 -4 -43 0
-11 38 40 0
19 -40 -9 0
38 -44 34 0
-27 -30 37 0
3 6 18 0
-19 -23 -45 0
-18 35 -1 0
24 -30 -47 0
-42 -12 -30 0
8 -23 -40 0
-1 12 18 0
22 -23 4 0
46 -44 50 0
10 -17 -6 0
-2 20 12 0
49 -5 -3 0
-22 -13 -14 0
47 26 -15 0
-49 -30 22 0
-3 8 17 0
47 27 -26 0
-6 -32 9 0
-40 -16 -39 0
-35 -23 -31 0
7 28 -48 0
-4 -5 -2 0
28 -40 42 0
42 39 -13 0
21 -40 -40 0
-11 -44 -46 0
-11 -25 14 0
-24 34 18 0
5 -47 -17 0
-3 -30 -2 0
14 -35 -10 0
-11 34 -16 0
18 -23 -31 0
-43 -48 40 0
35 -33 -34 0
-9 25 31 0
50 -43 -18 0
-48 -2 19 0
2 -14 32 0
11 -25 -42 0
-45 47 29 0
22 24 -30 0
13 35 31 0
46 -2 -38 0
-36 -18 -28 0
-41 2 34 0
15 24 -18 0
-40 -9 -36 0
-5 -28 -29 0
-24 -17 15 0
7 -24 13 0
41 28 -33 0
13 -1 -27 0
-30 -14 -14 0
-28 -8 -35 0
35 26 25 0
38 48 30 0
-2 15 1 0
-33 -22 -31 0
20 39 19 0
46 -26 50 0
-19 21 -30 0
-31 -41 25 0
-27 -10 25 0
-32 41 47 0
23 -5 27 0
27 11 -35 0
45 -7 -46 0
-42 -14 25 0
36 -17 -1 0
47 23 -19 0
30 38 20 0
-15 -4 -36 0
20 -42 -46 0
-22 -12 -11 0
27 -31 17 0
-20 -35 -8 0
10 -45 -13 0
26 24 -37 0
2 20 24 0
-47 19 37 0
14 10 39 0
