c CNF generator v0.9
p cnf 50 225
44 47 -17 0
-19 -12 -43 0
28 31 -6 0
3 -15 24 0
12 14 -49 0
19 8 -35 0
46 26 -16 0
27 -35 -13 0
-38 5 37 0
41 -20 36 0
24 2 -44 0
-11 -17 -2 0
8 14 44 0
7 23 37 0
8 46 13 0
-43 -9 6 0
6 -44 -7 0
-39 30 41 0
-7 3 -34 0
-17 -50 -47 0
-18 7 4 0
-41 -49 -9 0
24 11 19 0
-27 25 -46 0
-6 25 47 0
-2 -7 -27 0
-48 17 2 0
27 27 49 0
29 -23 4 0
23 38 12 0
40 3 -41 0
-33 17 30 0
38 -8 -22 0
30 -38 28 0
41 -15 -4 0
7 30 31 0
15 -18 -7 0
1 32 3 0
23 -24 7 0
4 30 -20 0
-13 12 13 0
-33 42 46 0
-29 16 35 0
24 9 47 0
21 23 18 0
-28 47 43 0
8 -25 -40 0
-41 -31 -26 0
-36 -45 36 0
30 -43 -11 0
31 37 -49 0
-15 23 -23 0
-34 42 26 0
-40 20 -37 0
1 40 -20 0
-12 39 47 0
-33 18 -2 0
26 43 -42 0
-10 -26 40 0
42 -9 -22 0
-48 15 -6 0
14 34 -2 0
-28 43 -6 0
-43 39 -26 0
-16 -9 30 0
36 -30 -38 0
16 27 3 0
-24 -3 31 0
12 41 -27 0
3 -48 37 0
-31 -12 14 0
-33 -45 42 0
19 29 16 0
50 -8 39 0
-18 10 -33 0
-20 39 21 0
1 45 41 0
44 -11 41 0
-9 -8 -8 0
-33 28 -1 0
-3 10 -4 0
-34 -45 -45 0
-20 4 -44 0
-16 -28 10 0
-46 -16 -50 0
5 40 -15 0
40 -24 -17 0
-9 -22 -24 0
-13 36 -11 0
39 -14 -26 0
-46 -41 34 0
30 -37 33 0
-23 27 -48 0
37 45 -46 0
-14 49 -48 0
-41 39 -49 0
24 9 45 0
3 -26 -16 0
2 -23 -17 0
-31 41 -48 0
-3 -28 -47 0
13 6 -32 0
-46 -11 16 0
40 -43 49 0
44 -47 -35 0
37 24 -48 0
-10 50 -32 0
-11 44 -8 0
-46 9 -35 0
-4 -1 -28 0
38 -25 -8 0
-47 -27 37 0
1 22 -38 0
-38 17 -28 0
-17 -26 42 0
11 -27 -14 0
9 -7 -14 0
-8 18 11 0
-7 -35 -20 0
-6 -21 -31 0
-36 -33 30 0
27 24 47 0
34 -34 24 0
-43 9 20 0
-28 -47 10 0
4 -23 44 0
1 -11 1 0
-29 2 -34 0
-4 24 49 0
-12 -46 -21 0
7 -16 18 0
-28 -17 24 0
49 -43 -42 0
-6 -17 12 0
-31 43 -25 0
-35 4 5 0
-25 20 -24 0
34 -30 -16 0
3 -46 -50 0
-46 -43 40 0
12 -41 -3 0
8 29 -12 0
21 40 7 0
-15 -42 37 0
-44 -36 8 0
8 18 10 0
38 37 29 0
48 -31 21 0
19 -42 -33 0
-18 44 -34 0
16 -39 -43 0
35 -45 -41 0
-46 35 8 0
3 17 33 0
48 -43 -26 0
-44 -34 1 0
-39 21 40 0
7 37 -9 0
45 1 -19 0
15 -46 -44 0
-41 -26 -44 0
25 11 -9 0
-1 -11 -17 0
39 -9 -24 0
-41 -2 6 0
-2 47 32 0
46 -12 -27 0
10 22 -43 0
-49 -36 -14 0
20 -18 50 0
-4 -18 35 0
-1 -10 -34 0
-24 37 -5 0
50 46 -46 0
6 19 -33 0
3 -34 35 0
23 5 -34 0
18 43 -7 0
-35 31 17 0
-39 -49 28 0
28 -49 22 0
-19 -22 -38 0
-36 9 38 0
27 29 18 0
-1 -37 -41 0
-12 5 -21 0
-49 42 27 0
46 -26 -31 0
-22 -3 35 0
-10 -39 3 0
-39 -35 25 0
-46 -1 -17 0
37 -22 6 0
-10 -29 -42 0
2 18 20 0
-6 -30 36 0
1 -49 -27 0
29 -34 47 0
33 9 -28 0
14 -26 -42 0
-37 36 14 0
-16 22 9 0
45 -37 -10 0
47 27 25 0
-44 1 -2 0
-50 44 17 0
34 3 -40 0
-6 26 11 0
-26 -47 45 0
-30 24 -50 0
36 27 38 0
-4 -35 39 0
-22 -26 -40 0
-33 11 -49 0
-33 50 23 0
-46 5 -48 0
47 41 45 0
-39 18 -10 0
47 50 50 0
-37 -6 22 0
40 37 -39 0
-47 20 -38 0
-37 -10 -17 0
16 23 -28 0
36 -24 -10 0
