c CNF generator v0.9
p cnf 50 225
-35 44 -39 0
-48 24 -45 0
-20 49 22 0
-27 14 -40 0
10 9 -21 0
-42 -16 -33 0
-19 -14 -6 0
13 48 -33 0
-11 -21 -43 0
38 -23 39 0
-44 31 29 0
-15 -1 -45 0
24 3 -46 0
-37 -44 18 0
13 47 -1 0
-39 -47 3 0
46 31 3 0
31 -3 24 0
16 40 24 0
-47 -10 -45 0
1 26 -43 0
-11 -4 41 0
-26 46 -35 0
15 47 22 0
-34 -11 -50 0
26 -15 -29 0
48 14 -38 0
-5 -25 -40 0
-42 17 -28 0
10 48 49 0
37 44 -10 0
-16 -12 -6 0
27 44 6 0
11 29 41 0
-35 -38 22 0
30 -5 23 0
44 -30 38 0
-47 -29 -4 0
39 40 31 0
8 -34 -23 0
-43 45 41 0
1 6 18 0
-11 -46 -2 0
-2 17 43 0
49 5 -12 0
41 10 -31 0
19 19 37 0
27 37 -50 0
-17 -37 -2 0
29 23 -27 0
-17 45 -29 0
-18 -27 -5 0
-41 -13 40 0
21 33 48 0
10 -2 11 0
-15 -13 17 0
-50 -20 5 0
20 3 -42 0
-48 35 32 0
36 28 47 0
34 -25 23 0
5 -49 -20 0
6 18 -47 0
49 18 -20 0
-24 32 -27 0
46 31 32 0
21 -15 42 0
-50 -5 40 0
-29 33 33 0
43 44 -25 0
7 -22 4 0
20 -5 -19 0
37 -2 50 0
10 -46 7 0
-35 6 -23 0
44 30 -32 0
-43 10 31 0
-30 37 -11 0
-22 -17 -27 0
6 38 46 0
-9 -48 39 0
20 -3 32 0
27 -40 23 0
-33 -41 -24 0
3 22 -13 0
27 -3 -4 0
-24 -26 -7 0
3 -9 12 0
8 -15 11 0
13 -10 -5 0
35 40 -6 0
9 -10 -12 0
11 44 36 0
15 14 -16 0
-49 44 -12 0
14 20 -9 0
-20 10 11 0
-32 -44 -20 0
16 -27 -31 0
7 -20 1 0
15 44 -24 0
-34 -9 36 0
19 16 43 0
-22 -41 -6 0
21 25 6 0
-38 -33 38 0
9 1 -26 0
43 3 -20 0
-24 -1 40 0
-26 27 -9 0
9 4 18 0
-14 -50 -46 0
-46 -40 -24 0
-26 -13 -48 0
3 21 26 0
-44 14 -40 0
-43 3 -12 0
43 1 -1 0
46 42 -33 0
-12 -10 -49 0
31 23 33 0
-50 20 45 0
23 -32 -44 0
1 35 33 0
27 8 -47 0
12 -28 35 0
30 -29 46 0
-25 5 25 0
44 32 46 0
30 21 -45 0
38 12 -37 0
-1 16 28 0
-36 49 -23 0
-14 23 7 0
47 -33 28 0
-8 -27 -33 0
36 -4 -16 0
29 16 34 0
-23 41 23 0
-33 27 -29 0
3 -22 14 0
-31 -9 -16 0
20 39 -15 0
43 -35 14 0
3 17 4 0
14 -12 -40 0
-11 4 32 0
-40 -44 -16 0
13 7 -42 0
23 -40 -10 0
44 -29 -31 0
-32 24 47 0
-46 48 42 0
-5 -48 -15 0
-31 -15 -32 0
-19 -6 46 0
47 9 11 0
4 -2 -47 0
-9 -42 12 0
-32 34 10 0
-21 -7 -38 0
-24 -27 15 0
22 -8 -20 0
-49 48 -50 0
11 37 -35 0
-27 16 -19 0
41 45 -9 0
-36 10 -7 0
24 -21 23 0
19 -33 35 0
23 -17 42 0
36 -44 -11 0
12 -9 15 0
-32 -7 -47 0
-16 -47 -5 0
-45 -23 22 0
-20 -25 -37 0
-30 39 8 0
-11 49 10 0
-11 -50 14 0
-12 11 3 0
23 40 -35 0
-28 -28 26 0
-21 -15 -10 0
-14 30 -30 0
14 -16 -28 0
-15 13 20 0
-16 49 13 0
39 5 -30 0
-37 27 -48 0
22 13 -43 0
18 -22 24 0
33 -23 -41 0
37 41 45 0
4 42 -25 0
-31 -46 29 0
-41 -34 -4 0
22 -38 -44 0
-37 -40 17 0
-24 39 41 0
19 4 -4 0
34 -24 -46 0
37 -33 38 0
-20 11 20 0
37 9 46 0
-16 2 36 0
-19 17 -6 0
39 18 43 0
17 27 -45 0
46 3 -31 0
9 39 50 0
-45 -22 -24 0
34 37 10 0
16 21 -2 0
-9 48 48 0
13 -50 -22 0
19 39 41 0
-26 -33 -15 0
27 -16 -21 0
-40 40 -31 0
11 11 -44 0
19 44 45 0
-24 -43 43 0
13 41 17 0
-50 -30 7 0
