c CNF generator v0.9
p cnf 50 225
36 4 -9 0
-43 -2 23 0
33 29 -30 0
14 -14 37 0
35 -32 26 0
-10 -38 -16 0
-41 -13 -47 0
-38 -49 5 0
-40 6 50 0
23 -40 49 0
5 -20 -36 0
-26 35 -4 0
47 2 -46 0
-24 26 -1 0
-4 43 14 0
11 20 45 0
38 -21 47 0
-32 -29 -28 0
2 -33 -41 0
17 46 16 0
-26 -31 45 0
48 2 -10 0
47 8 -8 0
-48 3 -32 0
13 -40 34 0
43 40 -13 0
34 36 7 0
-8 49 35 0
-7 -22 5 0
32 -22 33 0
26 38 45 0
-9 3 -41 0
49 -6 21 0
-13 -47 -11 0
-16 28 6 0
-20 -8 33 0
25 38 32 0
8 -11 31 0
-22 21 7 0
31 -20 40 0
-25 37 -45 0
13 -39 -7 0
-11 -46 -24 0
2 -31 -41 0
-32 -7 -45 0
41 -4 25 0
44 -26 39 0
-36 48 29 0
7 3 -10 0
-32 -7 17 0
18 -47 27 0
-33 11 35 0
-40 41 -9 0
27 -16 25 0
-28 -30 -49 0
43 6 -22 0
14 -1 35 0
17 -49 27 0
36 -17 9 0
-6 -7 -5 0
-1 32 3 0
23 -10 17 0
50 -32 19 0
40 -39 -38 0
-3 2 13 0
47 -41 -6 0
-48 3 39 0
4 -8 37 0
27 3 -18 0
-16 -46 -4 0
-5 -1 -46 0
48 -44 37 0
-24 28 -23 0
-42 -40 2 0
-10 -44 -40 0
29 -1 -29 0
-30 9 47 0
-33 35 -33 0
50 -2 19 0
-21 -7 -24 0
7 23 44 0
-37 -34 -25 0
20 -47 39 0
44 -11 10 0
-41 45 -14 0
-16 35 16 0
-28 13 -30 0
-10 -49 28 0
-26 16 -11 0
6 -11 -20 0
-28 50 -11 0
-49 37 -38 0
25 24 -26 0
-43 -9 25 0
12 -26 19 0
41 29 36 0
-9 20 -29 0
-5 -4 -32 0
40 15 27 0
-17 42 -21 0
42 -50 -22 0
-10 35 -21 0
48 5 -46 0
35 -47 -24 0
-21 13 3 0
-4 16 -31 0
-46 8 44 0
-17 20 36 0
42 -49 28 0
10 -36 -43 0
24 -27 32 0
14 -43 18 0
-24 -9 -33 0
22 33 -28 0
41 -10 23 0
-10 -7 47 0
46 -39 -45 0
-38 22 27 0
2 46 -50 0
38 16 -49 0
-35 -24 -31 0
41 -23 21 0
28 1 -10 0
-35 5 7 0
-24 4 -29 0
-35 -1 -11 0
30 -45 -1 0
-25 14 33 0
3 -40 23 0
-30 46 -37 0
21 30 10 0
50 -40 -15 0
-39 -46 -26 0
-11 -29 -20 0
42 -7 12 0
13 8 49 0
31 39 13 0
24 7 49 0
33 -40 -23 0
-19 2 38 0
36 32 25 0
23 -21 23 0
16 37 40 0
-12 -33 26 0
4 -38 26 0
4 -23 -37 0
18 -32 32 0
13 -31 -10 0
-45 -21 27 0
25 -15 10 0
22 -42 19 0
25 11 -31 0
-1 21 -37 0
16 23 31 0
14 -32 23 0
-27 35 46 0
42 -34 -28 0
15 48 15 0
-21 -6 33 0
-32 24 48 0
-21 21 20 0
26 47 50 0
48 -36 -48 0
23 27 -50 0
28 6 -6 0
-43 -22 -25 0
49 33 4 0
39 35 -18 0
-11 22 19 0
-34 -43 20 0
-26 46 -37 0
45 -8 16 0
14 30 38 0
-26 46 -47 0
-31 -29 36 0
-42 1 16 0
-23 14 17 0
11 12 38 0
6 9 -18 0
-44 -3 -32 0
29 -44 -49 0
1 -14 18 0
44 -41 17 0
45 41 -15 0
-44 -9 -31 0
-45 -45 30 0
39 -43 39 0
-17 -39 -37 0
46 -49 -15 0
1 1 -47 0
1 24 -36 0
-12 25 -45 0
10 -30 20 0
-5 40 31 0
-44 -10 -40 0
24 -11 -8 0
26 36 13 0
-40 -46 -10 0
13 -47 -50 0
8 23 -44 0
36 -10 -15 0
42 46 32 0
49 40 -25 0
41 14 6 0
39 -22 -47 0
35 38 40 0
-30 -39 50 0
-1 35 18 0
-12 25 -40 0
7 30 37 0
15 2 -49 0
11 9 21 0
15 18 -21 0
-23 29 21 0
-2 40 -42 0
13 -26 -32 0
-14 -29 -12 0
46 6 -6 0
21 -39 -39 0
-11 38 -42 0
2 -47 -18 0
13 32 -20 0
-2 -45 -4 0
-18 18 -10 0
-20 50 33 0
