c CNF generator v0.9
p cnf 50 225
-32 -12 29 0
40 -26 -17 0
18 15 49 0
-31 11 46 0
-27 49 20 0
-36 38 -31 0
-10 40 -48 0
2 -34 -38 0
19 40 -19 0
-32 32 -41 0
-26 -30 -42 0
-41 -14 13 0
6 -10 12 0
-21 -47 1 0
24 -49 -42 0
25 40 5 0
6 -17 -36 0
33 40 -12 0
-42 32 48 0
-21 -40 -9 0
-29 -42 -18 0
-37 -41 49 0
34 36 40 0
25 10 19 0
-16 1 49 0
9 -23 -49 0
-22 -26 -23 0
-6 43 45 0
-41 -35 27 0
16 -23 4 0
-36 43 -12 0
9 9 38 0
17 -42 -31 0
-16 42 -32 0
43 43 14 0
9 26 -28 0
-23 -22 43 0
49 -2 -26 0
-30 -22 8 0
-31 -40 -38 0
46 -11 29 0
-18 -42 -22 0
23 29 28 0
1 20 17 0
-3 11 47 0
31 -21 14 0
-9 -8 35 0
46 -37 13 0
3 -26 -41 0
-34 21 -5 0
-22 4 -44 0
11 37 42 0
32 29 35 0
18 -26 -48 0
-50 9 17 0
31 49 -48 0
-18 14 -23 0
13 -18 28 0
-48 -24 30 0
50 48 -7 0
-6 30 8 0
-3 -11 22 0
1 14 -44 0
-8 29 -44 0
45 31 30 0
11 24 40 0
19 -40 -6 0
-29 -14 11 0
-47 -11 30 0
-12 8 22 0
-29 1 23 0
3 38 25 0
-47 -28 -13 0
12 -13 45 0
9 -4 -42 0
16 -35 -21 0
3 38 -46 0
-37 32 14 0
-30 15 2 0
1 -21 -28 0
41 -49 -22 0
-23 -36 -5 0
-35 10 15 0
-6 27 -12 0
22 -30 -34 0
-49 -13 40 0
-43 -45 36 0
28 -21 -26 0
34 -46 -33 0
43 -45 -21 0
-33 37 -33 0
29 32 21 0
14 34 -35 0
-35 -11 10 0
-22 -36 11 0
-12 4 -43 0
-8 -33 -17 0
33 29 -10 0
-19 31 -23 0
-27 20 -48 0
-35 -20 41 0
37 -4 -30 0
6 -34 24 0
41 -45 48 0
44 34 23 0
-42 -19 -5 0
-5 -13 -24 0
-43 -20 49 0
3 -16 -10 0
10 -19 -31 0
5 -38 24 0
-42 41 -19 0
-49 20 -14 0
46 -10 27 0
-45 -19 37 0
-18 42 11 0
-29 -31 -43 0
-4 -45 -34 0
22 -30 37 0
-32 -35 17 0
-4 -34 -14 0
-38 14 17 0
-33 -14 24 0
-23 5 27 0
-19 -4 -25 0
-9 21 -32 0
-33 -47 21 0
-1 -50 46 0
11 -42 39 0
16 -37 1 0
27 -12 -35 0
45 41 -43 0
-5 -4 40 0
-36 25 -24 0
-14 -7 46 0
-31 11 44 0
14 -7 -48 0
-48 47 -23 0
45 26 26 0
-38 13 1 0
50 -13 7 0
6 10 49 0
-20 -32 -46 0
49 18 49 0
9 -3 -33 0
-32 25 49 0
-23 -1 6 0
-47 22 -33 0
8 19 20 0
1 -10 -10 0
-34 38 -13 0
-4 42 -45 0
-25 18 -8 0
-18 47 -20 0
3 33 35 0
-8 46 -23 0
26 21 32 0
-13 39 -42 0
-6 -23 14 0
-1 15 -22 0
32 -15 32 0
49 -38 -3 0
17 -27 -7 0
-38 23 33 0
8 26 -41 0
-22 -25 -18 0
30 6 -50 0
8 -36 -35 0
25 -35 -21 0
-14 23 20 0
-39 32 24 0
-15 38 -18 0
-32 10 -4 0
-19 -29 -30 0
14 43 -11 0
25 -25 9 0
23 49 21 0
43 -7 46 0
-47 -15 15 0
-30 14 24 0
30 -4 -22 0
-25 14 -15 0
-36 -31 -22 0
21 -15 -39 0
-47 -8 19 0
16 14 35 0
23 46 -23 0
22 -21 40 0
31 18 -43 0
-39 -27 27 0
1 31 35 0
-49 -50 46 0
41 -38 16 0
24 -35 -28 0
-9 -1 30 0
-30 -5 -9 0
26 -44 -15 0
29 18 16 0
-50 -4 42 0
29 27 -25 0
37 -48 -37 0
8 -50 19 0
49 45 19 0
-7 39 16 0
2 -29 50 0
-21 -7 -25 0
-11 -17 23 0
-16 38 -24 0
43 46 37 0
-15 -39 41 0
-3 49 46 0
9 30 34 0
-49 14 49 0
-47 38 -14 0
-13 -29 -17 0
36 4 -47 0
34 -19 -50 0
-28 -2 22 0
36 -21 48 0
-42 28 -27 0
16 -27 11 0
10 -36 -15 0
1 3 -50 0
7 31 20 0
-42 -33 46 0
