c CNF generator v0.9
p cnf 50 225
24 27 37 0
-31 13 13 0
26 -23 11 0
6 10 27 0
-34 38 26 0
11 -2 -25 0
5 -42 34 0
-48 23 40 0
-42 -48 39 0
-32 -3 48 0
39 4 2 0
46 17 30 0
3 -47 -35 0
31 -34 38 0
-6 27 -41 0
-18 -34 17 0
15 -31 50 0
-20 44 32 0
-1 -12 -8 0
2 -46 11 0
-32 49 -7 0
33 -40 8 0
33 -45 -16 0
-19 -32 3 0
29 27 -17 0
13 -36 -9 0
-12 -15 -19 0
10 -15 -10 0
-6 -10 -28 0
45 8 47 0
-10 -26 37 0
2 -22 44 0
-42 -37 -14 0
19 14 26 0
-17 1 -40 0
-13 9 11 0
-40 6 -36 0
-1 -21 -22 0
-8 -14 -36 0
-45 14 -2 0
20 5 12 0
-37 -28 16 0
13 -25 -49 0
-21 24 18 0
41 2 2 0
38 32 -6 0
40 31 -27 0
-18 -39 -1 0
-6 -43 -3 0
-45 41 5 0
-45 -30 -45 0
-49 -32 16 0
-21 43 46 0
-22 -4 9 0
-32 22 41 0
17 -5 20 0
29 -28 -45 0
3 -31 -43 0
-45 -1 7 0
39 33 -18 0
-23 -4 43 0
-22 34 -47 0
-9 -31 46 0
-49 -46 -31 0
-5 -35 -22 0
35 15 -37 0
-46 -33 -9 0
-8 40 -5 0
16 5 30 0
-5 12 -33 0
43 -21 -14 0
-21 10 41 0
38 -11 46 0
-34 35 17 0
-36 50 -9 0
-47 1 13 0
5 36 -12 0
-12 -6 -32 0
41 -13 -9 0
1 -38 -44 0
-24 -43 19 0
-38 8 30 0
49 25 -30 0
-15 21 14 0
1 -35 19 0
-6 47 49 0
-20 29 -43 0
43 35 -49 0
-34 -32 -31 0
12 -50 -11 0
7 -40 -31 0
-40 5 -37 0
11 31 50 0
17 -28 -23 0
-35 18 46 0
35 14 23 0
-46 11 -14 0
-29 -50 -18 0
-25 -40 24 0
5 8 13 0
1 -29 -5 0
9 44 -46 0
-49 20 -1 0
-4 33 4 0
-31 -34 1 0
-23 -30 -1 0
49 29 35 0
-38 -48 40 0
6 33 24 0
-22 8 17 0
38 47 9 0
-37 49 4 0
-41 27 10 0
37 -9 -31 0
2 24 19 0
-20 48 -35 0
44 -27 23 0
-1 38 -46 0
34 -28 -35 0
-19 14 -39 0
34 12 -9 0
8 49 16 0
1 19 34 0
-15 31 15 0
48 -12 15 0
16 -29 13 0
-47 37 46 0
-18 -25 -39 0
-44 11 -47 0
-49 -45 18 0
-2 49 -37 0
35 -24 -13 0
-25 -42 -13 0
26 -39 20 0
6 -38 -17 0
-12 21 25 0
11 -18 46 0
-11 26 50 0
-27 -41 42 0
-24 -16 25 0
30 -14 48 0
32 15 11 0
-21 -23 -15 0
-29 -10 1 0
10 31 -35 0
10 16 2 0
-43 6 -35 0
-4 10 11 0
12 9 -22 0
1 -2 11 0
23 12 49 0
-3 20 10 0
30 -48 46 0
34 -49 -43 0
-46 30 -38 0
-50 -23 8 0
-18 -39 47 0
15 -35 23 0
-35 8 -48 0
-28 39 12 0
-39 6 9 0
15 -46 -3 0
7 24 -14 0
47 47 19 0
-48 24 15 0
-20 15 25 0
48 8 -49 0
29 -50 36 0
-19 1 -16 0
42 -41 -43 0
-15 -36 -26 0
11 -11 22 0
47 -43 -45 0
44 -38 17 0
22 -43 15 0
23 43 -21 0
1 -6 40 0
36 -4 21 0
17 -43 -2 0
38 23 43 0
5 -10 23 0
33 -22 36 0
-34 49 -23 0
9 -2 14 0
-42 12 36 0
28 44 -44 0
-11 -11 14 0
-48 -34 -50 0
39 -11 -34 0
-8 40 -35 0
14 -4 34 0
37 37 1 0
14 -26 4 0
48 46 47 0
32 -28 -38 0
34 -41 -50 0
-45 22 -19 0
-1 27 -45 0
-4 -18 -18 0
-4 33 -37 0
-35 5 -25 0
-24 21 24 0
-20 42 26 0
-43 -37 -20 0
30 -34 -34 0
-21 -5 -35 0
-38 24 25 0
19 -9 43 0
30 -9 -3 0
41 -25 -36 0
-3 47 42 0
34 8 -19 0
10 -16 9 0
-13 -31 7 0
-49 3 17 0
18 -30 3 0
22 -43 -37 0
-22 -34 -46 0
24 7 49 0
28 32 -31 0
-40 22 -24 0
34 -5 -10 0
-44 24 -36 0
-23 48 26 0
-32 -49 -6 0
