c CNF generator v0.9
p cnf 50 225
-49 13 -45 0
-32 46 -6 0
-6 -13 47 0
-18 47 41 0
-2 -13 -12 0
8 -43 23 0
-28 -8 -14 0
-3 4 -37 0
22 -8 -14 0
-42 25 42 0
-50 19 -46 0
-25 38 20 0
5 -40 49 0
14 10 41 0
-22 -36 -40 0
18 29 31 0
49 31 47 0
-3 -28 -47 0
12 -34 23 0
25 -2 10 0
-9 47 14 0
-28 -46 -3 0
-8 -45 -13 0
14 48 34 0
-30 27 -43 0
-13 -27 -31 0
-23 -5 16 0
-47 41 -4 0
9 -30 -39 0
-41 -49 -16 0
44 -25 -14 0
-39 41 -11 0
-11 27 -25 0
9 -8 9 0
-49 -43 49 0
28 -1 -24 0
44 -24 -25 0
-44 12 39 0
12 -31 -10 0
-40 27 -44 0
-4 -39 -14 0
-33 7 -29 0
-44 27 -45 0
-23 1 28 0
13 -18 46 0
-42 45 2 0
32 6 41 0
34 -6 8 0
16 -41 -45 0
18 21 1 0
7 10 19 0
-26 -28 -15 0
-22 -47 -15 0
-1 -5 -20 0
-5 30 38 0
2 30 -35 0
-42 41 -41 0
-41 -12 -33 0
-14 37 -32 0
-34 46 -22 0
14 47 46 0
45 10 47 0
-17 -5 -11 0
-27 -36 4 0
-33 -32 23 0
31 19 25 0
-43 34 9 0
47 -11 29 0
13 7 -50 0
-9 42 -21 0
7 -49 -36 0
-50 8 37 0
-37 -6 -43 0
-31 39 -34 0
39 27 -9 0
-37 13 -18 0
-35 -33 13 0
-17 48 -16 0
-50 26 -3 0
-50 23 -43 0
-50 -22 -8 0
3 -41 -29 0
-49 -18 -44 0
24 -6 -40 0
10 -11 50 0
-36 3 37 0
-23 -41 12 0
-22 27 48 0
17 -3 38 0
-39 36 -15 0
9 -23 -48 0
31 -49 -22 0
-47 39 -42 0
-4 43 9 0
45 -12 -48 0
-4 -21 12 0
45 -11 -28 0
-24 42 34 0
-30 -14 33 0
-24 -36 38 0
-44 38 39 0
45 -42 -39 0
-39 2 -50 0
-10 -37 -26 0
23 27 -2 0
-29 -39 20 0
-7 38 -18 0
1 -24 -28 0
-32 -3 49 0
-15 36 -1 0
12 31 32 0
-11 26 -7 0
-39 6 -2 0
-22 -2 17 0
30 32 16 0
-33 -5 -47 0
-41 -26 1 0
4 -32 43 0
-39 45 13 0
-24 47 -29 0
-8 35 -32 0
49 45 31 0
-17 25 6 0
-18 38 30 0
4 -38 41 0
10 30 21 0
16 42 -43 0
-34 10 -35 0
-5 17 -2 0
29 21 -25 0
-17 -30 -14 0
30 -3 -40 0
-45 1 13 0
12 22 34 0
-2 -44 -6 0
-47 2 9 0
34 33 -30 0
13 -7 -29 0
-10 12 -20 0
15 -27 -18 0
11 16 33 0
28 44 36 0
37 34 -42 0
2 -40 -5 0
-19 -4 -42 0
21 26 46 0
16 29 16 0
35 -43 50 0
-9 32 -32 0
-18 -11 -14 0
-12 41 34 0
24 -6 -8 0
28 -1 24 0
13 50 13 0
-34 20 10 0
14 -4 23 0
28 50 17 0
-30 6 -47 0
-39 15 -44 0
-38 -8 47 0
-8 -10 -41 0
-8 12 31 0
1 41 -12 0
42 24 1 0
-48 -19 47 0
20 -47 -14 0
44 -20 -7 0
-24 -5 40 0
-48 40 27 0
-29 -38 12 0
31 -21 -47 0
-24 -14 5 0
40 -25 -37 0
-8 -40 -11 0
9 -6 -5 0
-4 -12 -32 0
27 -34 10 0
26 -47 43 0
-35 -41 -46 0
-48 46 -30 0
-49 12 13 0
-14 -38 -12 0
-23 49 -47 0
18 -20 37 0
-50 8 30 0
-39 13 -21 0
13 -32 30 0
3 -29 -25 0
38 18 -21 0
-48 16 -41 0
-38 -38 35 0
-2 -31 -8 0
2 -45 3 0
3 -16 17 0
15 37 43 0
-6 41 -26 0
-44 -26 29 0
2 -48 25 0
-7 -41 3 0
31 1 25 0
9 -12 26 0
39 32 36 0
14 -43 -3 0
38 37 23 0
-17 -18 4 0
-22 -47 1 0
-30 5 13 0
19 -29 -43 0
45 30 46 0
29 36 -17 0
-23 40 34 0
15 -9 -19 0
-11 17 3 0
-30 -27 -10 0
28 40 -8 0
-5 -40 -27 0
12 49 -28 0
-17 -42 -45 0
-37 -39 15 0
-26 25 22 0
7 37 -24 0
-46 2 -34 0
-7 23 -10 0
7 -16 37 0
37 -36 38 0
