c CNF generator v0.9
p cnf 50 225
-19 -37 17 0
-29 32 5 0
4 9 -14 0
11 -18 -12 0
-6 -9 -22 0
34 47 -28 0
43 44 23 0
-35 -3 46 0
23 37 -43 0
-35 38 -9 0
-40 28 -36 0
24 -27 -47 0
-26 -18 26 0
27 -42 -50 0
-46 -37 31 0
29 -2 -29 0
-12 29 -8 0
-41 27 -26 0
-40 24 -47 0
13 26 -48 0
8 -29 12 0
-14 2 -37 0
-25 -10 -6 0
43 -39 40 0
19 8 30 0
9 48 -21 0
-32 48 22 0
6 -31 13 0
12 -30 44 0
-17 -14 48 0
28 9 -49 0
-1 -22 -49 0
-14 -43 -26 0
-20 49 -8 0
-22 22 36 0
-15 10 11 0
44 1 3 0
-38 50 14 0
32 4 -2 0
39 -3 20 0
48 -25 -41 0
5 13 -17 0
-31 -43 13 0
16 29 42 0
45 34 27 0
14 15 39 0
-37 -43 -18 0
-24 11 -41 0
44 -38 35 0
39 -28 -4 0
-21 29 41 0
39 9 34 0
-8 36 14 0
26 -43 -12 0
-2 32 -48 0
-29 18 -6 0
-36 -17 -10 0
-46 9 -16 0
34 -3 -1 0
-21 49 -8 0
-42 44 -3 0
6 29 3 0
14 -12 -44 0
40 47 38 0
2 46 15 0
2 32 27 0
50 16 18 0
28 6 -15 0
25 45 -20 0
-32 10 -5 0
2 -30 24 0
-25 43 -43 0
40 -21 24 0
-15 6 27 0
-10 15 20 0
48 -38 11 0
-15 12 25 0
-47 21 -22 0
-45 6 8 0
16 -9 -36 0
-47 35 18 0
7 -11 -7 0
45 44 47 0
15 -2 -9 0
-24 -46 50 0
12 25 18 0
21 -1 -37 0
-28 17 -45 0
3 47 -1 0
-13 -24 8 0
38 -46 -46 0
17 -22 20 0
-35 39 -41 0
-14 26 21 0
28 -31 -38 0
15 5 7 0
-13 42 5 0
19 17 34 0
-36 -24 50 0
-49 38 14 0
13 -13 29 0
34 -22 -10 0
32 50 -34 0
-41 -23 24 0
49 -45 -46 0
29 -35 34 0
-41 4 -25 0
-42 -18 38 0
-49 -22 -31 0
50 -2 47 0
48 3 -6 0
33 34 20 0
9 50 50 0
-4 10 -21 0
46 11 15 0
32 1 20 0
23 23 8 0
9 1 -9 0
28 37 35 0
15 38 -47 0
7 -48 -12 0
26 -37 44 0
38 5 -11 0
-23 -26 8 0
-7 -24 -32 0
33 10 46 0
-5 -14 -14 0
-13 -46 15 0
-27 -14 -5 0
-46 12 7 0
47 50 -32 0
34 4 -42 0
-42 -29 -28 0
-49 17 -11 0
24 6 4 0
30 45 39 0
26 -17 16 0
43 18 8 0
16 -34 14 0
-36 -1 -23 0
-4 -23 -35 0
-39 36 -17 0
42 13 -2 0
11 -34 44 0
-25 34 -3 0
38 19 -35 0
30 45 33 0
-42 10 -3 0
-44 -2 -28 0
-24 -24 45 0
39 4 -21 0
-2 44 -14 0
46 -2 12 0
13 10 6 0
-6 7 39 0
31 -19 6 0
-18 13 -3 0
-30 23 9 0
1 16 -20 0
-11 6 -2 0
17 -42 10 0
-9 -45 -21 0
-4 7 -24 0
5 32 -29 0
-44 -40 -40 0
-17 -5 24 0
-32 24 -2 0
20 -12 -38 0
21 26 32 0
-49 32 -25 0
-43 -26 13 0
27 -39 23 0
-5 4 29 0
37 11 -46 0
19 49 2 0
-22 29 -12 0
41 19 -21 0
-23 -39 47 0
13 50 41 0
-13 -11 42 0
4 11 25 0
-40 3 -20 0
-24 -14 -19 0
-23 -15 26 0
5 -1 20 0
43 2 -34 0
-12 -27 2 0
4 26 -3 0
17 -34 8 0
-17 -29 -14 0
44 3 -14 0
-25 -20 -42 0
-41 -38 -6 0
-12 -19 32 0
12 -10 -3 0
9 47 11 0
-45 -34 -4 0
21 -20 -16 0
-35 -34 18 0
-1 30 46 0
-40 -10 30 0
26 9 21 0
32 46 33 0
-47 -37 30 0
-2 41 -41 0
-8 -35 -50 0
-41 -9 -44 0
18 10 48 0
13 17 -46 0
29 -38 45 0
-15 5 -2 0
49 -33 42 0
-33 8 -12 0
16 -41 25 0
33 22 34 0
-30 8 10 0
-42 -32 43 0
-12 -3 -49 0
44 45 -39 0
41 -45 8 0
30 34 15 0
-4 29 -1 0
-43 -15 -28 0
46 -30 19 0
-19 28 -11 0
