c CNF generator v0.9
p cnf 50 225
41 14 -34 0
31 36 -31 0
-12 46 31 0
29 -35 21 0
15 25 -16 0
9 22 -23 0
-26 -38 32 0
16 28 -50 0
-38 -47 -45 0
19 -42 35 0
-22 -44 14 0
44 23 2 0
43 23 28 0
29 -2 -32 0
-3 40 -50 0
-5 -3 11 0
-22 -9 -30 0
27 -5 24 0
-26 -20 -12 0
50 -39 -11 0
3 -21 36 0
-39 34 3 0
-39 10 16 0
-29 21 16 0
27 40 33 0
-1 9 -3 0
-45 7 22 0
10 -44 -36 0
-29 2 -40 0
46 37 24 0
28 8 38 0
9 3 -46 0
-45 -6 41 0
38 16 35 0
11 -28 -26 0
36 -17 19 0
3 -33 -49 0
1 24 21 0
30 27 -44 0
-48 19 -33 0
16 46 36 0
-8 -46 -15 0
21 -3 -41 0
20 23 -42 0
-6 5 32 0
39 32 26 0
-11 -48 -49 0
23 -1 -23 0
2 -44 27 0
14 -48 -6 0
19 47 5 0
40 -20 -23 0
-45 -14 -38 0
-44 14 9 0
-3 4 -32 0
49 21 -35 0
-5 10 -15 0
2 -2 33 0
9 -43 1 0
33 37 -39 0
-34 -1 -38 0
4 8 -50 0
-2 7 -10 0
48 -38 -43 0
-11 -19 -7 0
50 1 13 0
6 -45 -41 0
-4 -26 -49 0
42 8 -42 0
-11 -15 -48 0
-31 -34 -43 0
33 -30 -37 0
10 -22 29 0
-12 19 50 0
-8 -34 12 0
2 35 -24 0
-44 -46 25 0
-36 -5 -46 0
46 -27 -36 0
-22 -46 37 0
12 -32 -3 0
49 -6 -42 0
7 2 50 0
50 -38 43 0
18 43 -38 0
-36 -23 -47 0
-26 -29 -19 0
45 41 12 0
-19 -35 3 0
47 3 13 0
19 20 -28 0
35 -2 -15 0
-33 -20 25 0
41 34 1 0
-34 -40 -37 0
-26 -18 35 0
-12 -11 36 0
-25 45 -47 0
-20 -33 -13 0
9 40 31 0
-34 -46 -3 0
39 -26 -21 0
-23 33 -25 0
13 -19 4 0
24 -15 29 0
9 -34 -43 0
19 -45 37 0
-24 -43 8 0
39 -24 38 0
37 39 24 0
3 -8 -48 0
-25 17 -13 0
-6 -16 -47 0
-8 -36 -48 0
-3 23 20 0
18 1 -27 0
38 -6 -7 0
13 -9 50 0
39 -15 17 0
17 33 -47 0
-11 37 16 0
12 -37 34 0
31 28 -2 0
-34 -12 34 0
22 -5 -41 0
-31 47 1 0
-6 42 7 0
37 50 -49 0
-35 -22 -15 0
34 5 -20 0
25 12 22 0
28 -37 -8 0
-36 -19 39 0
3 -2 -4 0
-35 30 -14 0
-35 -20 46 0
-46 32 -6 0
-14 -11 12 0
-12 13 9 0
-20 -25 49 0
-16 4 49 0
-26 24 45 0
-4 17 2 0
2 -43 50 0
-32 -24 -7 0
-4 -42 -44 0
-36 20 -35 0
-45 11 -39 0
6 -31 -29 0
15 -42 -32 0
49 -48 46 0
49 5 7 0
21 -2 26 0
-12 7 50 0
47 -20 1 0
10 29 -27 0
50 43 -5 0
-4 -28 8 0
34 -1 41 0
-37 -33 31 0
-17 -10 36 0
16 -13 5 0
13 -42 -12 0
15 1 -17 0
37 3 -32 0
-29 39 -23 0
40 13 27 0
5 17 3 0
-26 -32 8 0
39 -10 48 0
-3 -26 38 0
-3 -30 -9 0
30 10 32 0
39 -17 -6 0
-25 -36 -16 0
-19 10 40 0
-46 -47 -31 0
14 50 33 0
27 46 -5 0
-29 -8 -11 0
-33 -24 -4 0
-42 27 -45 0
-45 -15 29 0
-10 50 -40 0
-44 18 41 0
-25 -34 29 0
-33 -2 -45 0
-40 44 -34 0
3 3 25 0
-34 -27 33 0
-50 -47 41 0
16 -25 5 0
33 4 -17 0
-18 -44 8 0
-21 3 -47 0
2 -25 -40 0
-31 9 22 0
16 46 32 0
-11 -43 -28 0
2 -7 -6 0
20 41 -41 0
27 15 44 0
40 28 12 0
47 -10 26 0
25 -6 31 0
-48 -6 -47 0
-5 -35 16 0
9 41 46 0
-31 11 -27 0
-18 29 1 0
-27 -10 1 0
-10 45 14 0
13 36 22 0
-47 -10 -18 0
27 -6 -36 0
-36 -10 -50 0
14 -3 -25 0
-41 -15 47 0
-16 4 48 0
-38 14 33 0
-41 5 31 0
-31 24 -12 0
-11 -10 23 0
-26 -21 -2 0
14 -27 48 0
