c CNF generator v0.9
p cnf 50 225
40 46 -26 0
29 17 -29 0
27 37 -39 0
-20 17 -21 0
-46 -15 5 0
22 -20 19 0
-11 -44 -4 0
-49 18 -13 0
9 17 19 0
10 43 -14 0
50 -27 44 0
-7 -45 30 0
9 -47 34 0
-44 2 16 0
4 30 30 0
-37 -42 -21 0
45 -29 38 0
-20 -2 -3 0
27 10 34 0
36 17 -37 0
39 27 43 0
-43 -37 7 0
-5 45 -39 0
27 18 -10 0
-6 -43 -18 0
-24 32 -40 0
26 17 31 0
3 -46 10 0
37 -13 -13 0
5 -3 -7 0
2 -2 -4 0
-38 -22 21 0
35 42 -28 0
13 -17 21 0
-24 35 46 0
9 -41 19 0
31 19 31 0
27 12 10 0
1 34 14 0
-17 -44 29 0
-6 16 37 0
-21 44 44 0
48 14 -8 0
-29 -25 -10 0
25 41 -7 0
38 -12 -22 0
-26 -2 2 0
-26 7 11 0
44 46 18 0
-27 -9 -4 0
-42 -22 -35 0
-43 -36 34 0
41 21 -30 0
-47 34 8 0
-32 4 -41 0
17 14 1 0
-42 -32 19 0
21 20 -10 0
-50 -35 -14 0
-15 47 40 0
3 1 -37 0
50 -44 -7 0
-25 -50 37 0
43 -41 -23 0
-35 -33 -21 0
-5 34 27 0
24 -36 15 0
34 44 -13 0
-41 38 18 0
22 -37 -49 0
42 48 26 0
46 50 -15 0
48 -30 -46 0
-17 -41 24 0
-43 46 -18 0
41 10 39 0
-14 34 -5 0
-49 -29 30 0
43 17 22 0
33 10 -36 0
-48 -24 29 0
-35 -22 -41 0
11 -29 -7 0
10 43 7 0
-27 -20 -25 0
-47 21 26 0
37 29 49 0
-44 -32 -38 0
28 22 30 0
6 15 43 0
-18 -15 -4 0
37 -38 25 0
15 -10 34 0
12 -9 -3 0
32 -4 -39 0
-32 -7 33 0
29 30 -15 0
-43 47 -15 0
11 24 43 0
39 18 47 0
-39 47 -30 0
-19 -14 9 0
-8 44 11 0
19 47 45 0
-19 -30 28 0
11 -42 -40 0
50 -37 4 0
39 -20 3 0
-48 43 33 0
19 50 47 0
39 -8 -28 0
-46 -5 3 0
-20 -39 33 0
-28 -19 13 0
42 -31 -43 0
-23 19 12 0
-4 -34 38 0
47 29 9 0
-12 -2 -23 0
43 -10 -1 0
37 -20 49 0
30 -36 -43 0
47 29 -39 0
25 -49 -1 0
-37 4 46 0
-27 45 -12 0
37 13 43 0
15 -17 -32 0
-1 -23 -20 0
-39 44 9 0
18 43 36 0
16 -25 -14 0
11 -17 -12 0
19 29 42 0
-9 -12 9 0
44 -28 35 0
47 -4 5 0
25 9 -12 0
-39 32 -1 0
-49 -19 25 0
10 23 -47 0
-13 -17 15 0
-43 18 15 0
-29 -9 -39 0
2 42 -31 0
47 14 -33 0
-45 -4 15 0
-33 15 22 0
14 -1 34 0
24 18 -27 0
-47 15 43 0
-42 21 -37 0
36 30 -47 0
29 43 49 0
19 27 -13 0
-13 9 28 0
14 14 41 0
2 32 19 0
-19 12 -3 0
44 35 -36 0
50 -44 16 0
-8 40 28 0
-31 13 -16 0
-19 9 20 0
-43 -17 34 0
10 -8 -44 0
35 6 20 0
9 -7 -34 0
10 -40 -25 0
-13 -38 -35 0
14 -26 -40 0
50 30 -14 0
-38 9 -19 0
-5 -11 18 0
19 48 29 0
-30 -47 42 0
23 -5 36 0
37 3 40 0
47 -44 39 0
24 18 45 0
-49 -19 -35 0
-32 -3 -1 0
-40 -4 44 0
-35 -43 34 0
-15 30 14 0
-3 -23 22 0
13 -6 21 0
-6 12 -43 0
40 37 27 0
-7 26 -37 0
-18 -42 -11 0
15 -24 -26 0
47 -13 47 0
-15 26 18 0
-34 42 9 0
-27 -6 12 0
-34 39 -16 0
-30 -4 34 0
-5 24 -5 0
-34 -14 -10 0
17 6 -39 0
13 -44 47 0
34 35 -17 0
26 -49 24 0
16 -11 36 0
7 -29 29 0
-29 -22 -28 0
-39 -3 -7 0
31 42 17 0
-35 -34 -10 0
-36 -14 -12 0
-29 -24 19 0
-32 -3 -45 0
15 48 -21 0
-46 35 32 0
-20 33 40 0
-47 -14 36 0
-28 43 -40 0
-35 36 -17 0
-22 -44 18 0
41 -45 -19 0
-9 7 18 0
7 23 45 0
40 -7 8 0
-21 -20 -9 0
