c CNF generator v0.9
p cnf 50 225
50 33 50 0
41 -37 -35 0
43 -35 38 0
-29 -50 20 0
-12 28 -10 0
-23 -29 -40 0
-32 -8 -23 0
-36 33 45 0
-11 23 -25 0
-33 12 7 0
41 -9 -49 0
-3 4 48 0
22 32 -3 0
-2 37 -43 0
13 -38 30 0
-4 12 -16 0
-37 25 -2 0
-43 -13 -45 0
-3 35 41 0
43 -30 39 0
-29 -42 18 0
-44 28 23 0
8 4 -48 0
-27 -38 -42 0
-40 -27 46 0
13 -38 9 0
46 -43 2 0
5 -26 44 0
-13 21 -28 0
36 -26 -35 0
34 20 34 0
-21 -24 12 0
30 39 -40 0
14 -41 2 0
-36 18 -27 0
33 47 -32 0
29 28 -5 0
42 -4 50 0
9 50 6 0
-3 44 44 0
26 -35 -9 0
-40 14 48 0
11 36 33 0
44 -13 32 0
-36 49 -49 0
30 27 -25 0
21 31 3 0
-17 -13 -46 0
20 -27 5 0
-46 10 -32 0
43 17 1 0
35 -20 36 0
17 1 -17 0
50 50 -32 0
-25 -8 -49 0
-38 -40 -36 0
-34 33 24 0
41 -38 -29 0
-22 9 -28 0
-6 -38 46 0
-7 9 12 0
17 -37 46 0
-16 48 -39 0
43 6 34 0
-2 -3 2 0
7 -24 -13 0
41 43 24 0
-2 -18 -20 0
30 -15 29 0
-7 -50 25 0
-20 -41 35 0
3 -15 16 0
30 19 46 0
-32 -20 -24 0
5 -14 -7 0
37 -11 -31 0
28 21 -40 0
-18 -18 -38 0
-26 19 -41 0
-10 -48 -2 0
-39 -17 5 0
-6 1 7 0
-18 49 27 0
12 -19 13 0
-48 47 28 0
34 26 29 0
27 -28 -5 0
42 -9 -7 0
-46 -23 -17 0
42 30 -5 0
-17 -50 -31 0
48 40 -30 0
-42 -39 -33 0
32 28 -1 0
49 9 40 0
-24 -37 25 0
28 31 34 0
-18 -13 2 0
4 6 -46 0
33 -45 37 0
1 20 -33 0
44 -14 20 0
29 -36 50 0
-37 -32 -19 0
-25 23 38 0
32 -11 -18 0
29 3 -47 0
19 4 -36 0
4 5 33 0
-13 -14 -37 0
-42 -34 30 0
-50 -30 -4 0
1 45 -14 0
48 -35 -44 0
4 29 -4 0
50 40 22 0
-35 -38 -30 0
-8 41 50 0
25 36 -20 0
-44 -31 25 0
14 -29 40 0
-7 32 1 0
-48 38 -33 0
-11 -21 35 0
6 -10 -43 0
18 -26 18 0
36 -25 -41 0
-37 16 36 0
19 -15 -8 0
-14 -16 49 0
36 17 -1 0
-11 46 35 0
-5 -24 -31 0
17 -22 -27 0
-13 42 -11 0
-17 -41 -4 0
-41 21 6 0
-4 -50 47 0
-22 -47 13 0
20 44 19 0
-18 20 -10 0
-7 -17 46 0
-33 42 33 0
-19 -27 49 0
-24 -25 -2 0
-15 -48 -47 0
-47 -49 5 0
19 -35 40 0
-34 47 27 0
22 47 -7 0
31 12 26 0
-2 28 13 0
38 20 -31 0
38 -46 46 0
-7 28 -9 0
-31 -40 15 0
25 40 -29 0
-12 18 5 0
-16 -20 47 0
16 -15 -4 0
18 -12 -5 0
-13 -5 42 0
-20 -48 37 0
11 8 -24 0
-10 7 -33 0
-50 18 32 0
46 -11 -3 0
29 -11 5 0
-4 -31 -15 0
-14 40 41 0
-17 14 4 0
-12 -37 -10 0
43 -48 -2 0
40 -8 -37 0
-35 10 -50 0
24 -15 25 0
6 -30 26 0
-10 -22 20 0
13 -20 42 0
-9 -14 -39 0
-27 31 44 0
34 -11 14 0
3 1 36 0
-6 -30 -21 0
-7 44 -26 0
5 12 6 0
45 -9 -3 0
27 30 -41 0
26 21 11 0
15 -7 -14 0
1 -1 32 0
5 -16 35 0
-11 16 -1 0
-23 -14 26 0
5 -4 6 0
-24 43 6 0
29 41 -38 0
-7 -9 9 0
-34 6 -9 0
25 -6 18 0
-25 2 28 0
-46 13 33 0
-11 43 14 0
-30 -35 17 0
49 -27 3 0
1 -49 42 0
8 -46 41 0
-49 -24 -30 0
25 12 36 0
-34 -23 -24 0
-48 30 3 0
41 33 23 0
47 -49 -25 0
-44 21 15 0
-21 27 -14 0
-14 18 -33 0
33 -19 34 0
-31 -45 43 0
-31 7 3 0
-13 -11 2 0
39 -20 43 0
49 50 1 0
23 6 20 0
-16 -42 -13 0
34 -21 42 0
