c CNF generator v0.9
p cnf 50 225
40 1 7 0
12 40 -4 0
-49 -41 -15 0
42 -3 7 0
-14 1 -27 0
39 -44 -8 0
34 -17 44 0
45 -33 28 0
27 39 22 0
34 29 20 0
-13 -36 -19 0
22 14 36 0
-40 -28 21 0
3 -18 -34 0
-32 49 -49 0
-8 22 -15 0
-24 12 39 0
-24 9 -30 0
-37 12 -21 0
42 33 -43 0
41 -43 10 0
19 48 -30 0
-23 -47 27 0
-36 17 36 0
-48 -16 -19 0
18 -32 18 0
-26 2 -23 0
-7 -29 -28 0
-12 -47 -50 0
25 13 29 0
27 -27 -29 0
12 -14 4 0
-13 -9 -23 0
4 -5 33 0
37 -25 -43 0
-20 -22 2 0
20 11 35 0
-5 7 -7 0
-1 -19 13 0
19 24 22 0
12 -32 48 0
42 -12 43 0
14 21 -44 0
-1 -25 2 0
32 46 -11 0
30 9 -44 0
27 15 7 0
23 -35 -14 0
37 -4 43 0
-29 -41 19 0
35 47 -21 0
-10 26 -30 0
-8 25 -2 0
12 -24 7 0
-5 -40 -18 0
-13 35 31 0
-22 -38 -21 0
-50 2 -7 0
-17 33 -31 0
25 -23 -31 0
25 11 -33 0
-38 -49 33 0
-16 21 49 0
30 17 21 0
-3 27 27 0
48 -12 26 0
45 -48 -4 0
15 30 -33 0
32 -50 -31 0
32 -45 -18 0
-15 -49 -7 0
-45 -17 41 0
40 10 34 0
50 -13 42 0
-37 42 37 0
37 47 -30 0
-12 -25 -38 0
19 -7 16 0
32 -32 45 0
-48 -35 45 0
6 3 -23 0
-25 35 17 0
19 -8 12 0
44 -24 -21 0
11 33 47 0
-29 20 47 0
30 8 26 0
12 -12 39 0
-6 -32 5 0
49 -46 11 0
-12 45 1 0
22 -44 5 0
11 -37 -41 0
-32 -11 30 0
-31 49 -47 0
-27 3 -29 0
45 11 19 0
-40 -19 -39 0
-17 16 10 0
-7 -25 50 0
12 2 -48 0
-16 8 10 0
-36 -33 4 0
16 -21 13 0
-27 -44 -24 0
-4 -23 -5 0
30 -8 20 0
-4 -24 3 0
35 -37 -21 0
-36 -28 -34 0
-41 -32 -10 0
19 31 8 0
-2 -27 -35 0
-6 35 8 0
3 25 -10 0
12 9 33 0
32 -23 3 0
-10 3 -8 0
19 -17 -32 0
26 -37 -36 0
6 19 -31 0
-23 -33 -16 0
39 40 -50 0
-7 -40 -50 0
-44 -25 -10 0
-9 27 24 0
-22 19 36 0
7 -27 18 0
-31 -19 15 0
12 20 22 0
49 -3 -25 0
-22 -23 -33 0
3 -3 -34 0
-12 10 5 0
-39 47 15 0
-50 48 9 0
-46 22 11 0
-25 -25 -4 0
-42 -22 41 0
2 -14 32 0
25 -24 35 0
21 -2 -36 0
20 -33 27 0
49 -9 -44 0
-35 29 48 0
-40 17 26 0
12 41 -17 0
5 -15 -39 0
35 32 26 0
-20 -33 -23 0
20 17 2 0
46 14 42 0
17 45 34 0
-7 -12 -48 0
8 18 12 0
-13 38 23 0
48 3 -2 0
9 -35 -23 0
15 41 -24 0
-21 23 -4 0
43 -34 -24 0
38 -15 24 0
26 -4 -45 0
45 -49 -31 0
-12 -4 9 0
34 28 -15 0
4 34 -10 0
43 9 -42 0
-38 20 33 0
19 16 29 0
27 35 41 0
-27 12 6 0
-46 -26 25 0
36 3 -13 0
-29 43 -18 0
17 9 25 0
-36 27 32 0
17 -13 -42 0
14 -36 -8 0
1 21 9 0
46 -16 -31 0
5 38 -42 0
-5 -21 -28 0
34 23 49 0
-2 -12 48 0
-39 21 45 0
34 -45 -12 0
-35 21 -34 0
-41 -19 30 0
-23 -31 42 0
28 45 -38 0
-33 35 -38 0
1 -2 -40 0
-20 34 -37 0
14 10 21 0
-32 35 30 0
32 -21 -6 0
8 21 -14 0
38 8 25 0
-1 -43 -37 0
-32 43 -4 0
16 24 -12 0
-21 29 32 0
-39 12 48 0
2 23 -41 0
-14 -46 16 0
16 2 -16 0
29 17 45 0
14 -8 13 0
9 29 -44 0
29 -44 -3 0
-4 -9 42 0
45 -39 -43 0
12 -15 7 0
43 19 -26 0
-50 -38 27 0
-12 -33 37 0
3 45 -6 0
-23 26 19 0
5 17 -25 0
7 44 -2 0
-1 -16 13 0
-35 7 -39 0
22 15 -35 0
-15 -35 -7 0
