c CNF generator v0.9
p cnf 50 225
-29 6 17 0
-30 9 47 0
-39 -33 42 0
25 28 40 0
-11 48 -13 0
27 4 13 0
34 -24 20 0
21 1 -13 0
-47 35 12 0
-37 -29 -46 0
-35 -34 -8 0
17 24 -4 0
27 -27 -50 0
11 22 -32 0
48 6 -34 0
-13 -7 29 0
14 -26 44 0
-24 45 30 0
17 -5 -42 0
-28 -12 -17 0
-2 -37 33 0
-16 -14 -4 0
24 -49 31 0
-50 33 2 0
16 23 48 0
44 -30 18 0
28 30 39 0
19 -11 -36 0
42 -29 30 0
14 50 22 0
38 -38 -42 0
-20 -50 -22 0
-3 49 -4 0
4 27 16 0
37 50 6 0
3 3 30 0
47 -50 50 0
-12 -17 40 0
27 -39 -23 0
-10 -30 41 0
-31 -1 22 0
46 22 -5 0
45 -20 -8 0
16 22 21 0
-2 3 29 0
17 34 -11 0
13 -45 30 0
-33 43 16 0
19 -25 43 0
25 8 27 0
4 -2 6 0
-42 20 -4 0
-35 -10 35 0
-24 15 13 0
-8 -4 -10 0
20 31 1 0
23 39 42 0
49 -43 -5 0
-10 -46 23 0
10 -31 -9 0
-34 -27 42 0
-19 18 -25 0
6 -14 31 0
-38 20 49 0
-14 7 -50 0
18 -49 -39 0
41 -16 -45 0
41 10 -8 0
14 27 -21 0
20 -29 2 0
20 -15 -13 0
-50 -6 45 0
-13 14 -40 0
8 -50 -42 0
-27 -15 -5 0
13 -18 35 0
-11 -8 5 0
-28 8 27 0
8 42 27 0
-39 18 -48 0
-21 -29 -30 0
-33 -27 -46 0
10 -12 37 0
2 23 39 0
38 -46 -27 0
41 -22 29 0
9 -41 -38 0
-30 3 12 0
9 -6 33 0
-24 42 38 0
27 -50 43 0
-31 33 -5 0
-47 10 -6 0
44 39 -9 0
-31 -3 -16 0
-17 -44 11 0
-15 7 13 0
-40 -9 -34 0
-39 21 -40 0
-7 9 -48 0
24 -17 31 0
15 -36 32 0
-5 19 9 0
-10 49 -23 0
39 9 -20 0
4 7 -20 0
-45 -44 47 0
-8 -36 41 0
-50 -30 18 0
-6 -21 38 0
-4 14 -17 0
-5 14 43 0
-47 9 -20 0
-24 17 48 0
-3 35 -9 0
46 19 -46 0
-31 7 37 0
-41 -49 -50 0
29 -38 11 0
-18 -2 17 0
24 33 27 0
-13 11 -44 0
16 30 -35 0
34 -33 -40 0
23 28 -34 0
-5 -15 38 0
50 27 -26 0
7 -13 25 0
-46 -35 34 0
21 1 -6 0
-13 -49 35 0
43 -14 -42 0
-47 -46 -40 0
32 12 -29 0
30 -3 -25 0
-22 37 13 0
-28 26 19 0
4 -41 39 0
41 12 38 0
25 -47 36 0
32 47 -14 0
10 11 48 0
9 15 -41 0
-1 -28 30 0
-19 -17 49 0
-50 18 -23 0
-3 21 30 0
-36 2 -19 0
-46 12 30 0
-30 50 -48 0
-46 11 27 0
36 -37 5 0
-48 36 22 0
-44 29 -7 0
-8 14 34 0
16 -8 39 0
-5 -41 -29 0
-44 -9 -22 0
-3 26 7 0
-34 33 15 0
-32 41 -12 0
-49 -7 9 0
-44 16 -30 0
31 -34 31 0
13 43 -36 0
-26 41 16 0
-42 -50 31 0
16 -4 -12 0
39 43 -23 0
2 50 24 0
7 -5 -39 0
33 31 28 0
9 36 19 0
-20 -20 42 0
19 -23 -27 0
-41 20 -13 0
-49 29 7 0
49 28 5 0
43 21 48 0
-23 40 49 0
36 1 -25 0
2 -13 13 0
13 13 41 0
30 13 40 0
-18 29 -47 0
37 -10 -25 0
40 -3 -40 0
-11 -1 -48 0
-13 -10 -50 0
-9 25 -26 0
-4 -21 31 0
-16 20 5 0
22 47 -50 0
-36 43 -11 0
10 35 50 0
-20 -16 -27 0
48 6 -37 0
34 14 35 0
37 48 -4 0
45 32 -38 0
-8 -16 -46 0
-16 11 -20 0
-20 38 -28 0
10 -8 36 0
-9 -11 -44 0
-37 38 2 0
-26 -39 19 0
-1 17 -48 0
-7 -25 33 0
-29 -1 40 0
-24 47 20 0
25 -42 13 0
-17 -24 -13 0
9 3 26 0
-22 -14 21 0
-42 42 48 0
10 -13 -2 0
-6 -16 2 0
-16 43 27 0
11 19 -7 0
35 -19 -37 0
-50 -29 30 0
46 -42 -19 0
36 14 -19 0
16 37 6 0
