c CNF generator v0.9
p cnf 50 225
-14 38 -5 0
45 -15 -36 0
28 28 26 0
-8 32 13 0
-28 18 47 0
12 -40 36 0
19 24 -3 0
-18 11 -24 0
-9 -27 -1 0
-22 -39 15 0
14 -39 9 0
1 -27 6 0
10 20 -10 0
2 -17 35 0
6 17 6 0
6 26 18 0
1 -25 25 0
14 7 14 0
-21 5 42 0
36 -48 -41 0
-37 -18 -7 0
-29 -9 -1 0
34 35 42 0
-7 -47 33 0
-33 35 21 0
-35 -27 -37 0
-11 4 -32 0
44 23 4 0
-41 -49 15 0
-27 -3 10 0
-16 10 -45 0
8 48 -46 0
8 -22 -6 0
-30 23 9 0
-11 -39 8 0
-49 30 36 0
29 -25 -32 0
-24 29 -14 0
-28 46 29 0
-39 -31 46 0
30 -5 -13 0
-50 2 -6 0
-46 -41 -33 0
4 -29 39 0
-9 23 -42 0
-40 3 -16 0
35 -29 38 0
1 4 30 0
-27 2 8 0
6 -27 -3 0
21 16 36 0
-37 -23 -28 0
23 -3 -23 0
-9 7 -23 0
-42 -50 33 0
45 47 -32 0
-20 -37 6 0
39 12 21 0
32 -23 -23 0
23 35 -50 0
-26 -31 -10 0
-11 -41 6 0
-16 -23 4 0
-2 15 12 0
-30 -31 -43 0
-5 15 49 0
2 40 31 0
-41 24 42 0
-45 -19 -17 0
39 5 -33 0
-49 -17 8 0
37 4 32 0
9 21 -25 0
27 -49 -30 0
-49 4 15 0
15 10 3 0
33 -41 -47 0
8 24 -26 0
27 1 47 0
-41 41 -20 0
5 41 -44 0
-31 -19 39 0
35 -17 -40 0
40 22 36 0
25 -24 -17 0
29 -3 -9 0
-46 -46 40 0
-3 -46 -44 0
-9 45 -29 0
40 11 -14 0
-2 24 1 0
29 50 -4 0
12 -40 38 0
20 -45 -13 0
-9 -20 -16 0
18 37 -11 0
-9 29 13 0
-22 17 20 0
-9 28 37 0
-19 38 -2 0
23 -4 16 0
-21 43 -41 0
-42 -19 -35 0
-40 15 -46 0
-10 -10 -31 0
-6 -24 49 0
-43 35 -10 0
-10 3 -18 0
-26 -8 -41 0
27 -26 -6 0
-4 35 13 0
-21 -33 36 0
42 32 7 0
-2 -1 -31 0
-5 -11 -35 0
-40 -42 -11 0
-22 18 19 0
-19 42 16 0
-2 -26 -22 0
11 18 27 0
-13 35 6 0
47 18 39 0
-13 -7 2 0
26 18 37 0
-1 46 5 0
33 41 -35 0
-38 -39 38 0
-18 28 7 0
42 3 30 0
-38 -32 -2 0
-20 36 46 0
-1 -29 -4 0
-32 -34 -23 0
-14 45 -45 0
-27 -20 50 0
-17 -24 -42 0
18 17 -1 0
-12 -48 -35 0
-4 19 15 0
49 36 -32 0
2 -1 40 0
26 24 21 0
22 -8 31 0
35 21 9 0
21 38 -19 0
35 -28 -4 0
24 -36 -20 0
43 49 31 0
-12 -38 19 0
-27 16 -50 0
10 -27 1 0
18 36 -23 0
-6 -5 -15 0
26 49 -22 0
41 -17 -49 0
-34 32 39 0
-43 31 1 0
50 -27 -44 0
-20 32 -10 0
-1 45 24 0
-39 23 -2 0
47 34 35 0
10 -20 -17 0
40 -29 -38 0
-29 6 6 0
42 -9 1 0
-25 16 5 0
40 -9 -10 0
21 14 -41 0
17 41 31 0
-41 20 -19 0
-20 11 -14 0
-24 -14 -38 0
31 48 -39 0
32 -50 -25 0
-11 22 44 0
7 -23 32 0
-26 10 -49 0
2 -22 25 0
9 25 -44 0
41 -8 1 0
-43 -45 11 0
25 -27 48 0
20 30 -47 0
-31 37 24 0
4 -31 -24 0
-33 -22 35 0
-30 -6 -4 0
-36 -25 -39 0
43 -45 -5 0
-29 33 -8 0
-38 -9 14 0
39 -28 42 0
-31 -6 -49 0
-27 -4 -13 0
27 12 -27 0
-47 50 -31 0
-14 -21 1 0
-38 -14 -10 0
-28 8 -47 0
-43 -37 27 0
-19 -32 17 0
8 -13 2 0
-14 30 22 0
21 -25 -39 0
18 -3 32 0
-28 -9 -49 0
38 -35 -50 0
-14 -27 39 0
34 27 8 0
45 -26 1 0
30 32 -46 0
-20 -17 40 0
-34 -9 -43 0
-25 36 26 0
3 20 -25 0
29 -50 -20 0
34 14 9 0
-27 38 42 0
-26 -23 30 0
32 20 -36 0
-26 23 -48 0
-1 44 26 0
15 -33 -23 0
-29 3 12 0
