c CNF generator v0.9
p cnf 50 225
37 -20 7 0
-24 15 -26 0
-10 -22 41 0
37 -48 -44 0
29 10 6 0
47 -39 -10 0
-36 -34 11 0
-12 -10 40 0
31 -25 10 0
39 -40 45 0
49 29 45 0
23 -42 -28 0
-49 -39 -5 0
-47 36 -39 0
-25 9 29 0
22 -25 -22 0
-38 10 44 0
-41 -34 -28 0
-36 39 -26 0
-21 -50 -2 0
-10 -45 30 0
3 24 -21 0
1 -20 -27 0
-31 -26 -33 0
33 44 -49 0
-39 45 14 0
29 19 11 0
-5 -31 -12 0
-4 -4 -28 0
47 11 12 0
44 -46 -9 0
36 36 19 0
-10 30 -17 0
-30 -47 23 0
46 48 -31 0
20 43 -38 0
-1 -10 26 0
-41 26 -39 0
-18 5 42 0
19 50 24 0
-38 -41 -5 0
11 29 20 0
20 30 29 0
6 -24 3 0
40 25 -33 0
47 -24 7 0
-28 -34 15 0
16 10 42 0
7 -19 41 0
35 -22 8 0
-11 4 -25 0
-28 -11 -40 0
-18 -48 49 0
-48 -40 -30 0
24 -49 -44 0
33 -13 -2 0
-34 -48 24 0
8 -8 -32 0
33 -37 -31 0
33 -18 32 0
-30 36 2 0
10 -36 46 0
31 -23 -35 0
-39 47 -21 0
-29 30 -17 0
28 27 23 0
6 41 -9 0
23 40 10 0
-41 34 46 0
-21 28 7 0
26 -32 -38 0
-24 20 -12 0
-41 22 26 0
-10 -44 19 0
24 -41 -10 0
2 38 30 0
9 10 -12 0
-50 32 50 0
19 -16 -46 0
-9 -35 43 0
-48 -37 11 0
7 -16 8 0
19 25 -37 0
-35 31 25 0
11 13 -32 0
48 -13 -40 0
-17 -33 -33 0
34 19 -29 0
-7 -7 -36 0
-9 29 -11 0
36 43 -40 0
31 39 -35 0
-7 -23 -24 0
35 -26 -46 0
-31 -7 46 0
12 -31 -7 0
50 -44 38 0
50 49 35 0
24 33 34 0
-47 -27 -17 0
30 -30 -2 0
17 -34 -20 0
22 5 23 0
-44 -8 -26 0
-7 -30 -37 0
-44 41 33 0
17 30 -26 0
-29 -26 19 0
15 -14 -6 0
-38 -14 46 0
17 16 -8 0
-13 -37 -27 0
-6 -16 -2 0
-7 -2 -46 0
22 -26 36 0
-13 -9 -4 0
45 16 3 0
-49 -39 -36 0
26 30 4 0
34 -22 14 0
-13 -2 14 0
-41 24 -12 0
-45 -31 -34 0
45 50 -18 0
-13 21 45 0
-21 44 43 0
27 -28 2 0
-13 -29 44 0
4 36 -22 0
-25 27 9 0
-16 -26 -31 0
-48 -15 23 0
41 -31 -30 0
23 -30 -42 0
20 14 -6 0
6 -48 -14 0
14 -49 -38 0
-40 -25 48 0
-25 -50 -41 0
19 38 -17 0
-26 -33 -31 0
10 -48 32 0
-24 20 -38 0
-50 28 -40 0
31 -5 -28 0
-32 27 -34 0
-17 9 29 0
25 -38 24 0
-44 -45 -40 0
11 14 -4 0
-24 2 13 0
22 -41 18 0
-10 50 -41 0
-23 -43 41 0
-34 -24 -47 0
6 37 5 0
-48 35 -40 0
14 20 -35 0
11 -40 -12 0
2 22 3 0
-47 -17 1 0
8 -36 -47 0
49 -12 10 0
4 -44 21 0
-13 -20 -44 0
9 -32 31 0
-47 6 -17 0
-6 4 39 0
-1 -9 23 0
48 -32 2 0
35 -21 -42 0
-22 -6 -38 0
-42 -45 25 0
30 40 10 0
-9 24 -38 0
-44 22 -50 0
6 -14 -10 0
-43 47 42 0
-3 21 30 0
-23 -48 -40 0
-23 -9 7 0
-25 -14 -26 0
-13 30 -40 0
4 -50 -15 0
-2 -32 19 0
9 -9 30 0
15 43 50 0
-45 4 44 0
-50 -34 25 0
50 -13 24 0
27 -27 -37 0
43 23 5 0
35 31 8 0
40 -4 -26 0
21 -45 -39 0
15 48 23 0
34 27 -33 0
-24 -10 -39 0
15 -21 48 0
-13 -22 -24 0
-9 -26 -16 0
14 -44 -25 0
1 45 49 0
-21 40 16 0
36 -26 -13 0
-42 -50 38 0
-10 41 43 0
-19 -8 -11 0
-6 -9 32 0
-24 -34 -39 0
20 41 49 0
31 39 -6 0
-26 -5 5 0
-19 38 -29 0
-7 8 -39 0
-16 -16 35 0
-31 30 13 0
49 -22 -11 0
38 -41 -15 0
21 15 45 0
-8 -11 26 0
37 -17 28 0
39 -5 31 0
-43 49 28 0
-7 -6 41 0
