c CNF generator v0.9
p cnf 50 225
42 -6 39 0
-41 4 -24 0
30 -4 -50 0
48 -43 -30 0
-6 37 -45 0
16 -6 44 0
-13 -47 36 0
-25 37 -12 0
38 34 -41 0
-31 38 -12 0
-20 -24 -41 0
-4 -27 -50 0
9 21 -41 0
-4 18 24 0
18 -32 -22 0
-45 -45 -21 0
-22 -23 41 0
7 -34 -46 0
-6 -15 37 0
3 -39 18 0
-26 33 -38 0
37 -9 16 0
-4 16 -44 0
30 -34 -13 0
-8 -32 34 0
-37 -48 -18 0
34 48 -12 0
24 5 23 0
33 10 -18 0
47 13 15 0
31 -44 -28 0
-37 -39 -18 0
38 -24 -5 0
-30 33 -29 0
2 39 -2 0
19 47 20 0
38 50 41 0
-6 -42 7 0
35 -21 7 0
-14 37 16 0
-45 -38 -41 0
-29 -34 12 0
33 -18 -8 0
-48 21 46 0
-8 12 -11 0
46 3 -16 0
19 33 1 0
5 -7 -45 0
36 -12 9 0
-37 -26 8 0
-30 -11 -29 0
-50 -41 3 0
-19 8 -6 0
-25 43 46 0
-28 -16 43 0
41 -9 37 0
-40 -16 -46 0
40 -49 -9 0
33 -40 36 0
-5 -10 -35 0
14 15 5 0
-1 33 -22 0
-22 -36 -42 0
-24 -37 -5 0
-5 -26 -43 0
-16 -24 35 0
-8 -9 -12 0
23 -34 -5 0
10 12 -37 0
-18 -13 -11 0
-18 -20 7 0
-13 24 40 0
11 -22 -24 0
-39 7 -21 0
-42 26 21 0
29 -27 15 0
-8 -46 12 0
-18 -22 -42 0
38 -1 -4 0
-49 6 -44 0
-27 -30 46 0
-22 -32 42 0
-22 46 -32 0
-16 39 29 0
-2 -4 -11 0
-20 -8 -9 0
-21 13 9 0
-30 -35 -10 0
-2 7 8 0
-26 21 -24 0
-49 -33 34 0
-48 48 41 0
-39 -42 45 0
26 15 50 0
-13 -38 -32 0
48 32 -32 0
-11 -42 25 0
6 -43 -43 0
-46 10 -9 0
8 -16 32 0
-18 -50 -12 0
25 -19 30 0
37 -11 -10 0
-45 29 -32 0
36 26 -20 0
22 25 -6 0
-47 -8 -22 0
-31 -2 -29 0
-34 31 12 0
24 -43 30 0
-31 -16 -37 0
-7 -4 -7 0
-12 48 24 0
12 -14 46 0
-28 16 43 0
-11 4 -38 0
-1 -18 -9 0
-26 36 -34 0
34 -50 29 0
13 -18 4 0
-3 -49 47 0
26 -20 10 0
8 10 17 0
-12 44 -9 0
35 3 21 0
4 -23 33 0
12 -16 44 0
31 -6 46 0
31 -11 10 0
5 36 -39 0
46 29 -31 0
21 -6 -34 0
-42 40 3 0
12 -42 14 0
28 -40 -17 0
46 42 -26 0
-8 -18 8 0
-32 -1 44 0
49 -25 20 0
-14 40 44 0
-15 -49 -3 0
45 5 -37 0
-44 50 -19 0
36 -11 16 0
49 32 -14 0
-35 50 -49 0
-37 19 -12 0
15 4 40 0
-28 -48 -10 0
-41 -43 -1 0
36 -49 -35 0
-6 -34 -18 0
41 26 33 0
-34 -5 48 0
-1 23 -19 0
-2 29 25 0
47 11 14 0
-29 1 -48 0
-27 25 11 0
-47 47 -28 0
-48 21 -40 0
-10 42 -34 0
23 -46 29 0
12 16 35 0
22 -10 14 0
26 -20 3 0
-36 -30 -12 0
50 11 -42 0
-26 27 31 0
-9 43 -24 0
-20 -30 11 0
42 32 18 0
44 15 -33 0
45 48 20 0
-5 19 -46 0
16 -23 24 0
-47 47 31 0
-12 -27 20 0
33 11 49 0
16 46 -28 0
-15 34 -27 0
-15 38 8 0
-37 10 -1 0
-14 -37 34 0
24 -17 6 0
-40 -50 -20 0
45 -29 24 0
38 24 -11 0
8 -28 -46 0
-6 10 25 0
-8 16 21 0
-1 -47 38 0
6 -4 47 0
37 37 -46 0
-21 35 -35 0
-37 -38 -39 0
10 -30 -32 0
8 -10 -43 0
-3 45 15 0
12 -32 -25 0
-31 2 32 0
11 -23 -28 0
-10 -47 47 0
-20 -18 41 0
-3 25 -43 0
48 32 -7 0
27 -42 42 0
-37 45 -24 0
22 -18 -50 0
-15 25 -44 0
12 12 -48 0
46 16 50 0
-25 24 -14 0
-21 -15 6 0
-12 -39 13 0
10 -20 21 0
-19 46 9 0
-39 -19 -39 0
31 33 27 0
11 -24 -21 0
24 -36 26 0
44 46 30 0
4 -11 22 0
40 -15 -30 0
-40 8 10 0
